0.0
0.0
0.0
0.0
0.0
0.0
0.0
0.0
0.0
0.0
0.0
0.0
0.0
0.0
0.0
0.0
0.0
0.0
0.0
0.0
0.0
0.0
0.0
0.0
0.0
0.0
0.0
0.0
0.0
0.0
0.0
0.0
0.0
0.0
0.0
0.0
0.0
0.0
0.0
0.0
0.0
0.0
0.0
0.0
0.0
0.0
0.0
0.0
0.0
0.0
0.0
0.0
0.0
0.0
0.0
0.0
0.0
0.0
0.0
0.0
0.0
0.0
0.0
0.0
0.0
0.0
0.0
0.0
0.0
0.0
0.0
0.0
0.0
0.0
0.0
0.0
0.0
0.0
0.0
0.0
0.0
0.0
0.0
0.0
0.0
0.0
0.0
0.0
0.0
0.0
0.0
0.0
0.0
0.0
0.0
0.0
0.0
0.0
0.0
0.0
0.0
0.0
0.0
0.0
0.0
0.0
0.0
0.0
0.0
0.0
0.0
0.0
0.0
0.0
0.0
0.0
0.0
0.0
0.0
0.0
0.0
0.0
0.0
0.0
0.0
0.0
0.0
0.0
0.0
0.0
0.0
0.0
0.0
0.0
0.0
0.0
0.0
0.0
0.0
0.0
0.0
0.0
0.0
0.0
0.0
0.0
0.0
0.0
0.0
0.0
0.0
0.0
0.0
0.0
0.0
0.0
0.0
0.0
0.0
0.0
0.0
0.0
0.0
0.0
0.0
0.0
0.0
0.0
0.0
0.0
0.0
0.0
0.0
0.0
0.0
0.0
0.0
0.0
0.0
0.0
0.0
0.0
0.0
0.0
0.0
0.0
0.0
0.0
0.0
0.0
0.0
0.0
0.0
0.0
0.0
0.0
0.0
0.0
-0.0006939294832724456
-0.00307647965652442
-0.0034699610574146066
0.001743598336961552
0.005080059190399081
0.002119386737112915
-0.001164518826521782
-0.0060626420350895684
-0.01594090936987623
-0.022102371216957416
-0.02339081803604004
-0.020204460924131733
-0.008392873887969374
-0.013791716610053954
-0.018291543469705948
0.020797339834581256
0.0508665408270771
0.04560581694043238
0.0704759789717774
0.13306849026755663
0.16328768002366062
0.12261601765342356
0.05734941862954601
0.024622625309641266
0.03292843694225184
0.026467792223908992
-0.004158201357433056
0.011454450495020141
0.006053658703360054
-0.041385895005512374
-0.031566892957294757
0.047175232331805594
0.0905374065642684
-0.006473573202787575
-0.1249245854205831
-0.09272108521181938
0.0030856878898434525
0.018466484991811027
-0.019847260481500845
-0.04078236122408746
-0.00996947488833394
0.061991299852451165
0.06241738958977122
-0.027339180821286863
-0.04355297365810021
0.004264368592849288
-0.004518391833552821
-0.0150284029266054
-0.012234615391372161
-0.07717938967176563
-0.13266616019112074
-0.07222317263093375
0.010777564720882052
-0.0015635036845753625
-0.052376792299798615
-0.09821144717793756
-0.11848208430997231
-0.026533319553947304
0.06207194679636204
0.017161372538755718
-0.031037354161142186
-0.013294286215299777
0.003659723184142087
-0.011829749810829002
-0.039708910207767734
-0.01985365570526959
0.05192648027444937
0.06421139940421698
0.008726876664253862
-0.012031144408755372
-0.020458405723697677
-0.047132539593120255
-0.05722089155296856
-0.05817253088170632
-0.07361432131147173
-0.09909067084286002
-0.10582609396937415
-0.09114703548995251
-0.07313886377349038
-0.058207137591288316
-0.04436359514964444
-0.01169328468827513
0.012462156937709856
0.023197142979375418
0.008627486715196198
-0.038241585705171055
0.013796481795769588
0.14607831267081478
0.17574304653836811
0.07337170301447121
-0.016942945917031105
0.002054789356393971
0.0429777588048689
0.05217557096010528
0.07282969683069566
0.10282594029920654
0.11703074417435483
0.08374035047215962
0.027612242137838118
-0.021621342405498192
-0.08772909682347527
-0.14789645678392993
-0.15721599321644603
-0.13289925064193553
-0.11870464229193667
-0.0681845718547601
0.019043005130623236
0.022262337304301216
-0.03006007923196402
-0.045910932054774034
-0.06946879355343266
-0.08457292267861782
-0.07091480203322703
-0.06340985323445425
-0.028327787377636637
-0.004138661153118006
-0.09231284636919501
-0.20086978460355254
-0.17220402303031002
-0.047829144205913665
0.08983882102457919
0.16824007290171372
0.10052926542447538
0.06104584924523193
0.195000490530562
0.30740612289373864
0.3764105490562868
0.492383323531444
0.5610626648745709
0.5234215551711003
0.3304222485582945
0.18068504259675933
0.21368314075063455
0.04444663687811434
-0.3226922400911758
-0.49494616160496996
-0.34922752063687096
0.021415962254790477
0.20167840279988308
-0.031227849984797218
-0.17159233370441868
0.17324516892085506
0.6499197131040026
0.6449371258191507
0.3207013054093222
0.627523131627922
1.097617058632928
0.4889329157979787
-0.7702044626664155
-1.4634398092846206
-0.627739339133345
0.8502512755683012
0.5979390082737008
-0.9032953153877762
-1.2564870316803962
-0.6106434471160329
-0.2882432024341187
-0.005986573147367336
0.9818794982811202
2.227508263291276
2.1888236144470863
0.453331752086227
-1.045363052291414
-1.0522039283888556
-0.5788179478202247
-0.7039539831688963
-1.008387466603347
-0.7328671491703924
-0.367239722788758
-0.09319752054261876
0.5323804989615093
0.8018248424492915
0.5962268794932563
1.340648326329329
2.347765271497023
1.2041008400877269
-0.8510532116312999
-0.60941700533979
1.1986061826388923
1.5880025690449453
0.37197355261857545
-0.2619774777830841
0.37711263970845277
0.6395765041028358
-0.2505577461513422
-0.7153153683087341
0.1705717886299185
1.0605112902279803
0.43489773839719614
-0.8110594165041878
0.07477242735452094
2.376310667709414
2.1134520987469765
-0.7747401300011214
-2.6763243439255273
-1.6789499551176705
0.5220183085141308
0.838524062128184
-0.5132509013946827
-1.202444350986867
-0.7890664523152404
0.16043619875272874
0.5453826570900482
0.3546996887606557
1.1132641853187764
1.484126793053445
-0.06069618852010983
-1.474810630549717
-1.1100271030927864
0.4524047643837621
1.599716183765449
1.4804249756503065
0.4486104029482627
-0.45369935263346584
0.26299547507985555
1.684899369712233
1.8496104855523985
1.2566410103608066
0.2398683839072966
-1.0824018195211291
-1.3840808394721167
-1.0779584336933068
-0.47465813685165337
0.5672583048479716
1.001311097387192
1.246257697942375
0.9535195358296633
-0.775543536035272
-2.130250024852744
-2.2202670366272406
-2.7012157052272903
-3.6715263822890343
-3.412582130628129
-1.3032805101210285
1.1102075297034126
1.7620067860820878
1.457549658874644
1.5267616507351716
1.0716597589005366
0.029049854872038594
-0.18002055476722845
0.18871510420703785
-0.39898890692589184
-1.112762942391985
-0.9193148250350451
-0.7372699274308787
0.008252552738704289
1.7779668075556283
2.0873465915616953
0.5101269566012077
-0.31099948915880304
-0.08651738801201958
-0.44962450177251334
-1.08370296515858
-0.7603696983814516
-0.3776197153404861
-1.0091083948541768
-1.3866375276260854
-0.49269131185418824
1.0537595746962487
3.009985456746917
3.8613957093439883
1.426424260763416
-2.2774502947087782
-3.0417356911633457
-0.3032748007913
1.0934579023510742
-1.834886537554338
-4.0742215771978225
-1.4711167840831032
1.6827680353970353
1.0043714351688582
-0.3626564382520474
0.8739100128353605
2.055843847388662
0.9623334273577981
-0.9881060049836465
-2.3882473565708002
-1.942712971795223
-0.2284039875002628
-0.1304440229579541
-0.4737376175718222
1.0109289257006702
1.955497708612721
0.6529468741264153
-1.050007123405749
-1.1765305616939148
-0.6482072921970771
-1.3024348184673566
-1.8344403362347164
-1.5330419929027277
-2.2666996291268995
-3.1499338324037023
-2.2995605283119063
-0.3059066656786591
1.1649381107577677
0.49021403657637297
-0.9341397321717917
-0.6130687712871712
0.9282641302396017
1.1611079412310064
-0.5299745943680891
-0.6555086434522774
1.0088779779780168
0.3834341014639211
-1.0514593883237264
-0.57877906108786
-0.543278763033511
-0.9877548045566096
0.6073661898498797
2.810802882086361
2.2865803782120384
-0.32688237548631793
-1.7722884813944573
-1.3946455501803028
-0.7210859519209851
0.2677015130388245
1.3134508103719003
1.0285452979513696
1.2058103917842606
2.1447819730165607
0.6972563288491151
-1.0928295263891743
0.35550295246784813
1.9765673230176855
0.9281078379427824
-0.20213179326384328
0.49689850306749633
1.1530866146411787
-0.03480293240351177
-1.6996239787317153
-2.5902618955475667
-2.694833189611508
-0.9529596867427412
0.8182279803317085
-0.34077021042212907
-2.5404482562516746
-3.389381985106367
-2.1198367262089484
1.5879256999294444
4.112003422994027
1.886695263361776
-1.4693910190382309
-1.0033173541928657
1.8057681080547971
2.690374248849173
1.2651990903137915
0.5989970592220635
0.5421436761654828
-1.3749688511539997
-2.507702109260986
-0.32914678773236217
2.2451122295659456
3.781406699767869
4.737585119832593
3.312457390953741
-1.0879491517003064
-4.122746028716977
-2.784766309503442
-0.4904495797005077
0.2967154336762923
1.0500248228446707
2.0110156108468558
1.8576906769966464
0.6850477217393691
0.19441706895597477
0.46655841274601073
0.20489929759964198
-0.05546943828866224
0.03981623221100827
-0.20046143111691217
-1.0716140470075788
-2.506936579535846
-3.380014033955171
-2.8259463511208134
-0.5099015232985478
2.6202893941073158
3.1312195794917903
0.26930705122921034
-2.5104212297461737
-3.2353565480378172
-2.124847262981546
0.5095586919513622
2.5643120026539132
2.030050879626902
-0.02008505647517156
-1.7449471589648295
-1.2323159226937208
0.853908384343405
1.3071926829638807
0.9851267101452005
0.48106134903279885
-1.124689017128472
-1.3678538068227446
0.07539903576610252
1.317439117054498
1.6645558936825169
1.097953898807572
0.876975631783509
1.5253467923878588
1.3778864397645194
-0.9893634870983111
-3.170531102559496
-1.8167091567731695
0.4530507829106545
0.07894745891283328
-0.5786840864315037
0.7017566012069159
2.4284505815490993
2.9215262826185047
1.9740170176202128
0.5408689143907299
-0.26723025344612594
-0.22350142700888043
-0.4411164089926056
-1.3325280238037054
-1.3941785800637387
-0.3503373724953416
-0.291039867556933
-1.5783161366628482
-1.4192411454685017
0.2023692292686754
0.3694947155853786
-0.18687977651503201
-0.04562515986663035
-0.1461137041615695
-0.2378711225270574
0.21741798324773062
0.3229864089074026
-0.6201925537349239
-2.056050249820168
-2.962995833936634
-1.8904012357012512
1.6481448617133085
3.7949720660581203
1.4565082098657256
-1.3418287028481812
-0.776945227106723
1.120013448549678
1.8637145869781282
1.6508477547942335
1.2353452996811558
0.23260341494025316
-1.162834140960173
-1.5519621619623971
-0.8843422925175112
-0.5220668781856687
-0.949832682804283
-1.3216933778816913
-1.0012728017093666
-0.29831624126935496
0.6442565261688382
2.088859347577012
2.9630081675030127
1.7587301413519683
-0.6728427091002483
-1.6686067897873822
-1.1912136612534163
-1.5485606694001837
-1.3763475434830363
0.2887398474371312
0.4018425458637016
-0.3044664310638845
0.6034905870702081
1.4094839846934888
1.259583576974231
1.3164194917838818
1.051861975182073
-0.18802859621358514
-1.0798876315806414
-0.7404069135970145
-0.48158031028502457
-0.5449624555085877
0.3530463586846415
0.4170354903629695
-1.8289454210991147
-2.0607853007856383
1.2248709738896948
2.9863743777117433
1.9530384008066275
0.2715341555219556
-1.340022545516502
-1.0614875339049927
0.8985166123754231
1.0978471935658332
-0.6954944067190967
-0.9845103479995374
0.8980076245573307
0.7121618343120475
-1.7408386715917286
-1.225884226205542
1.4240918901921034
1.1287993870469517
-1.2424335995593352
-1.8317436710305204
-0.23988579916096864
1.4927665765985232
1.62000276756728
0.06476958771669233
-1.4530949001025002
-1.1104308400858802
0.21663687128683548
0.20628815750213303
-0.47000256587930433
-0.24526961368933614
0.39792207059602025
1.0083428241693009
0.8770732487507178
-0.2858054068289613
-0.3577542244699977
1.0577819082197286
1.3383949465278815
-0.01566228289786431
-0.8000335835899276
-0.39956613107360517
-0.8659356204791832
-2.0843959547081843
-1.2067050912864896
0.7981047351045334
0.6708458970307468
-0.6116997041805173
-0.7166143369641429
0.1609517489548038
1.0641878494534975
0.8851989968748372
-0.5637194579175737
-0.9193321703695487
0.640537856219635
1.172890083001359
-0.12324512689767123
-0.8394094073793766
-0.07605062794410483
1.0811540826171462
1.0972338298582334
-0.32054602576844304
-1.0667437750479605
0.010902606962818216
0.6346968664227666
-0.44415506610159017
-1.3414853718972564
-0.5497235799908862
0.9512659963915601
0.8710733321750903
-0.6975767895685492
-1.2375215760133118
-0.08980220325877875
0.9557210892134289
0.8895632671662426
0.2765824679246886
-0.14373999265821874
0.08637273284286656
0.41461880706748216
0.09917880587055636
-0.24066441680835216
0.22324002283157857
0.8857093349219909
0.38156536368938293
-0.9936284175173637
-1.396452371283613
-0.043003665068986854
1.3254692326676982
0.5843802859860648
-1.1082108545561378
-1.2231613471698966
-0.016927342856689565
0.53806581917313
0.12975272466235188
0.17680205503061014
0.8601428187077572
0.6361493811597002
-0.7531082224896699
-1.4992504185312767
-0.5902363155193792
0.937412111734201
1.7028883740437668
1.0852436097729576
-0.12405098908186796
-0.49363253677976227
-0.15786808542741715
0.17839825921541097
0.39866526879515274
0.28999705588644065
-0.1255639637832875
-0.7259513904404766
-1.166237762645991
-0.6695934503452542
0.489744488443587
0.9611782631630823
0.41961316480443234
-0.2155394568286667
-0.4162500403584015
-0.15234589675263255
0.4602269564868872
0.701195652920185
0.2440473100362175
-0.43061589400170186
-0.6776906232642207
-0.005564202831379594
0.5249387018495308
0.05077622951006955
-0.05694624680601401
0.30738657434575756
-0.1922003939662733
-0.7365358213773777
-0.2464056706087373
0.466088810176141
0.6076966406047317
0.071236624683224
-0.7743423367546698
-0.9655386140237119
-0.23226128103657662
0.3283196877321887
0.2695871337478407
0.35776927989378843
0.3937470072006915
-0.29162544152949577
-0.8320326837599661
-0.40071004924790765
0.3390146055026572
0.8238801238856395
0.871611768828103
0.17663202260735356
-0.6211127066328807
-0.5313137295661008
-0.12818039980642948
-0.18879770365955562
-0.15281127331831407
0.07502000457578334
-0.04410862348775985
-0.14356725226883071
0.030720014344284396
0.00033919380645286434
-0.004371387393262514
0.4610099652784676
0.5151340556339004
-0.1673667477059782
-0.2941287267271828
0.1358174261271171
0.16501237907221747
-0.07963786357175534
-0.34695595739873447
-0.5022114039965156
-0.054439955050641725
0.7381513371693449
0.6359444905090736
-0.32430711262219475
-0.6627821394462906
-0.13151338366543233
0.17728145177845983
-0.049325494718342196
-0.16792296150633773
-0.01292324461517646
0.046164074997000246
-0.0428237621839414
-0.12034956829547357
-0.016953078572523393
0.228526990562805
0.20429714663719356
-0.07223197417931276
-0.08511182154428552
0.2444096556797367
0.35001709594823177
-0.039807516688263156
-0.3608395765268892
-0.1363855836136012
0.39070610992690064
0.3514533201722287
-0.3432105382934711
-0.49890564239931984
-0.007012189461618079
0.1698472965481575
-0.1487937057631445
-0.354970520754171
-0.14995601109144224
0.09656809635493671
0.3715803909050952
0.47794210561716466
-0.034713907973835584
-0.4621210610596131
-0.12405206042596145
0.2794740297311171
0.10053202803674811
-0.002660555331603892
0.30300952454604296
0.20884734181963935
-0.34255250419431965
-0.5411340286922466
-0.06641676941623044
0.5959315923796655
0.5086119628070241
-0.26859896796026633
-0.6618232329057865
-0.4012610997048763
0.05424681579937665
0.28676013781145077
0.20588206502854442
0.08956942973335977
0.013483809231410057
-0.17264456754604798
-0.31275938324977004
-0.03468966903647654
0.4103569846913182
0.4408657220427532
0.035698941087360075
-0.40881862843971667
-0.35961904619750457
0.14603825500994871
0.31276428862867367
-0.0005688069904899729
-0.1340817387090717
-0.02794228785064576
-0.010227430651104485
-0.022958296405885578
-0.057210085485528236
-0.13606203646429949
-0.04503372990599734
0.11724539815594237
0.004201326505015854
-0.15052759274136365
-0.0795912592586385
-0.030694700682469503
0.1555856303855105
0.42464711616674716
0.0913162416457014
-0.3920119393062369
-0.1780709073095051
0.27093741322127163
0.2578787788533219
0.0672140089305708
0.19451601638550559
0.08649954442331889
-0.3892343921824844
-0.39212501305864167
-0.0660027233311193
0.22882001534682378
0.32611768798958035
-0.13594561071051453
-0.5062080586121182
-0.2028389115230196
0.18445499444772015
0.20015463740197723
0.11079656638033693
0.1311539027688971
0.059395779278022386
-0.14471057979316973
-0.21817038327846272
0.02866375392831667
0.32464839960286374
0.1608001925563189
-0.23015069166918242
-0.1837532880910495
0.11319202506746034
0.16639944227014047
0.06897895766871741
-0.021007247949755614
-0.024733599218855457
0.07935775422238772
0.03872952203455901
-0.1692994513573151
-0.16264344068143258
0.01179247351364733
-0.002429872546031258
-0.09129604704067468
-0.05929784581693384
0.006146349067524121
-0.003896455243167847
-0.06433375637943145
-0.009799952052341951
0.1601226856317103
0.1704202563131343
-0.058177743249335466
-0.15790607449243932
0.06583953460695843
0.21566497876515306
0.06248673654715005
-0.06863299492420054
-0.04579083498496184
-0.12855632350176982
-0.2539171228595888
-0.15445268378926721
0.049469464726469334
0.14186545523634078
0.07099213091651549
-0.08664341330037158
-0.09910567720300864
0.05868811001195108
0.06316404387215009
-0.09504282885813631
0.0199285905065971
0.24307431264788687
0.0651366656143206
-0.18111500171645223
-0.0838428644941428
0.08428688617803304
0.05734058027102508
-0.02731484208240626
0.038527110811289594
0.17975620018016258
0.12468808505349785
-0.1284185879235391
-0.24135841240446723
-0.08939529106366371
0.12427490687036642
0.13537339755028577
-0.09936779218833952
-0.2241912615940044
-0.08083628185350711
0.03657432374946784
0.037230669941969774
0.06967411776130392
0.09856567840341364
0.02570522250291716
-0.06323123214518851
-0.05253428001271375
0.07483081481756955
0.19746275448917414
0.10766115212774333
-0.06465373849242073
-0.037695635491047194
0.03255043221268962
-0.03125952654503549
-0.036957524383773435
0.04684784291631352
0.05445925514883276
-0.030129024046403836
-0.13292494532275625
-0.08629751200784459
0.09304847888901283
0.11998862124532048
-0.00473605804597832
-0.03870841626119485
0.019993520986797096
-0.01691350157094345
-0.10818403210544289
-0.051112309725824125
0.08307158696732625
0.09308224968377815
-0.016262338859569576
-0.09595912937580768
-0.05042467288600562
0.05181717745740021
0.08981942018877917
0.07235281911375933
0.028026249152931546
-0.05478083126398141
-0.11997150847102703
-0.11391621197992502
-0.05031237275862412
0.012917210323800887
0.045618421452300065
0.029151653201995906
-0.05454171590228385
-0.10537537401275703
-0.0520875313989282
0.03456055467074655
0.09647508834283937
0.09772086646089372
0.01979417934885689
-0.0534569877598658
-0.050809094658594
-0.026390591913647732
0.016752811321576196
0.05831393062242
-0.01854404160931586
-0.0925557508650814
-0.025628635377872175
0.010116137800023378
-0.032269916194010054
-0.005458745772391332
0.03871041032286157
0.012484624758262189
-0.029710111209190676
-0.04563338738701697
-0.00121055031736296
0.06225913836257396
0.03817953334442166
-0.0361629565832101
-0.04151570790134389
0.008273678190215544
0.015326002463415297
0.00151260722860512
0.015223964759515637
0.03211272118238759
0.04605711928058375
0.021530039617399778
-0.016749732055039157
0.014261267281090492
0.05358679040296023
0.031709267761373006
-0.021902478592823
-0.058899374325859094
-0.027085002540871053
0.043058937771853656
0.04893275115081618
-0.004676762312136644
-0.018069661262274633
0.014997052124666661
0.014790060692680513
-0.013746342587256927
0.001996425619311284
0.04050711532090992
0.03653131663422371
0.008878868914350916
-0.01409156684556679
-0.02552496325364512
-0.009005965260267493
0.015660591648340674
0.01617294789442223
0.005624297790275562
-0.005259614902763703
-0.02075806393993846
-0.01708783097772752
0.006281870548859844
0.017692520189728222
0.012209365908324716
0.0047152895138247875
-0.004842563692189265
-0.012566506967219431
-0.010910876218486186
-0.0032901137686408614
0.011426470894261263
0.013034176534832655
-0.011256867654431927
-0.025664896108082827
-0.010936036689967274
0.02101166160994286
0.04290493888407349
0.019564179221319616
-0.021330110355732117
-0.02295689864297384
-0.001650669451773671
-0.004763637475911022
-0.016146961048060914
-0.005173022606462821
0.0015194446901242355
-0.011889371799481921
-0.028052351088123886
-0.03260623977002786
-0.0013505506147780087
0.03391248667449168
0.011131523372894588
-0.025473781472324663
-0.01942200695483694
0.0016335399464861497
0.010582992878775618
0.010391556751516273
0.013828413904613437
0.015278270939489936
0.0005865842540843779
-0.014919882891977106
-0.016288521433424564
0.002766018396078866
0.020392965900489002
0.006452580797579153
-0.012399410681217724
-0.022247998882338263
-0.025541259409306433
-0.005230998521537529
0.014746884913713947
0.012816622296075535
0.004781141003008287
-0.0023325256068619446
-0.005070542038458945
-0.0020338470026434324
0.003342038813686221
0.00906279606660449
0.012021402524836085
0.009810001374495027
-0.0032274549976548383
-0.013427909764320529
-0.002708078927225112
0.013109734636623491
0.01803222183754299
0.009643766780236577
-0.007438977871755938
-0.0151469878839919
-0.010781209568548718
-0.0007210380963579462
0.01229053010019906
0.0125750302289673
0.0036485635821505748
0.0016660660050468994
-0.0023411361621662255
-0.01213242058331642
-0.00753049015841023
0.015587608461367707
0.027819476665051725
0.017340773921006136
0.004230429614518784
-0.0032739968312024068
0.0002644839094625012
0.01782919332761125
0.022920779564655446
0.00887261243640915
9.832385492894447e-05
-0.0013768951047548952
-0.0033796597638123885
-0.0028607200826481632
0.0017195220122158822
0.005405064409471222
0.004579909072607337
5.802893957944366e-05
-0.008764453952974222
-0.006233057422443001
0.005818410056549941
-0.00809288993934151
-0.02715398414995255
-0.01535189092833195
-0.002466675362525971
-0.007861454425088206
-0.011616124544260715
-0.002487963046365458
0.010105753502135396
0.009168619320331056
-0.005286405150940881
-0.012090644607003636
-0.00041887916343156303
0.006753319125097326
-0.0024809472229207646
-0.0041012350920487505
0.0036126407827931084
0.0009605214111638152
-0.008428126577368833
-0.012877778759410149
-0.005096481261723018
0.012528631948934799
0.013859631284113882
-0.006425681417268545
-0.018259509999259568
-0.00971300047942039
0.0029412680480073346
0.005517387439562772
0.0017266470632770498
0.0017366648316910725
0.004771130471154895
0.0013816109647831962
-0.009662670652263027
-0.01447410413543656
-0.00810335654015749
-0.004219192953811315
-0.0004340653677519825
0.010241615843369516
0.010028048341113153
-0.00558820804343679
-0.014045863781351805
-0.005518564906991097
0.005582184364960236
0.005052665652152205
-0.0009157101900594267
0.0003739240368581462
0.01006253111455497
0.016577445890093696
0.007423805316700413
-0.0037843543148145774
0.0018836089815573408
0.01541119726607195
0.02109226589170713
0.013909165788938997
0.002311460769700291
-0.00033106673577494236
0.003333103502177418
0.002966044793160816
-0.0006005697387627788
0.002002438883497871
0.006833565286368623
0.0012466873080783439
-0.006922862943775306
-0.005856364170515788
-0.0012684211372210735
0.00037695239506193787
-0.0006648929682370186
-0.0004955183520823359
0.002482485915650288
0.0013489162169069736
-0.002638022241680093
-0.0035622589617297327
-0.0025341649508906078
0.001598565229170061
0.005666398582809625
0.004557044933586451
0.0018020644797125777
0.0030591652316789633
0.004915893866819527
-3.0745289572930296e-05
-0.005564056401868914
-0.006261641318066509
-0.005977732991950441
-0.0015346935850336155
0.005495037411999925
0.0061446405387733175
-8.014821422021312e-05
-0.006656046052233973
-0.006240599385058176
0.0013874807796337082
0.006528940575832375
0.0019741134111652715
-0.0062967515344206325
-0.007453357091983397
-0.003924058055669047
-0.004448667650240316
-0.005438877986228862
-0.001782889979900535
0.0017962922699438864
0.0017241380976588169
-0.0007522020497814459
-0.005325335679312867
-0.011261479754194642
-0.014720109349214248
-0.011330795782136811
-0.003930591666435996
-0.0010649138324194778
-0.0034382762044641198
-0.0036367385528099094
-8.493167655271999e-05
0.0011377921063551073
0.00025902127016919074
0.0009833386614834586
-0.001286779828871966
-0.006434561764165934
-0.006217624993317933
-0.0024394061420459356
-0.0024415167601784943
-0.003859380197748185
-1.7040327428743257e-05
0.004939392802799113
0.002335404821705217
-0.0020873223201069192
0.000916633863045975
0.006020228091381502
0.004646252190766788
0.0005524536708842141
0.0021883872877662865
0.007772801451487919
0.010150236976338572
0.009083645910899569
0.00886289255739344
0.00963859662879412
0.0071736253168011134
0.001598214636190927
-0.0011229585579843456
0.0008789357016446729
0.00255356673131298
0.0008275479918948706
-0.001425026675587122
-0.002350462175833661
-0.0012497286404826394
0.0032875393933534565
0.007961727735342022
0.008725216067474966
0.005453572676716905
0.00014431397130890145
-0.002665284999182029
-0.0008329408430528887
0.0019082521170878143
0.0021617785379754485
0.0016841947594298107
0.003819958222027707
0.00743751640635509
0.0071106235459184874
0.002115236646192141
-0.00035005996350196897
0.0021551586428725823
0.002519880406257422
-0.002261170918816613
-0.004623630422552864
-0.0009411722720272762
0.0008850666238203984
-0.0017451727266088457
-0.0007601055233946753
0.0046971654360394854
0.006143812425163556
0.0015593413469865008
-0.002190057522903431
-0.0021045918511327505
-0.002832416858032854
-0.005270541449602338
-0.005110253591493166
-0.0037083241597190945
-0.005618854564599377
-0.0074097315543246115
-0.0051699225866336795
-0.0036115381675385846
-0.0048082535996530375
-0.0052932267528001675
-0.004502480046661555
-0.004817918006223626
-0.006236637886324902
-0.005460743547171518
-0.0026176928160548223
-0.0012981655384481632
-0.0020929604999336913
-0.002857649875922668
-0.0023337290597789705
-0.001469348373929374
-0.0006850865610789382
0.00034317462145534543
-0.00041782163222231494
-0.0035242551124881755
-0.0059975211346560975
-0.0051443541086680245
-0.0008382717386946764
0.0030187435142731128
0.002356327351327927
-0.0013867047681092818
-0.003540341858910414
-0.003600067686173755
-0.003905436366705508
-0.003424487196302523
-0.001700420301151962
-0.00024142499076391932
0.0006826495628512452
0.0002448444519271703
-0.0011818494192973664
-0.0001923300391795356
0.003121176059582554
0.003694797923112423
0.0015899921780002935
0.0018617485133389823
0.003050308650868399
0.0006215184048621036
-0.0026266002788348924
-0.0018110861932911365
0.0015805220711140877
0.002586665060729191
0.0012970010388235892
0.0025696285555024574
0.005320902263267502
0.004451611519873394
0.002638368860748164
0.003959799910104833
0.0048195245749308585
0.003735747849202062
0.0038145251280316357
0.004670598597169326
0.004844493428255776
0.004536098214830192
0.004106193278097352
0.0037486001768910282
0.0030152576977110785
0.002090374267320661
0.00203107374295948
0.002739780698199948
0.0032933415103088195
0.0033443759361744367
0.002739241247662033
0.0016167622619818363
0.0010404833055664836
0.0018359287825118371
0.0034290133227212853
0.004558713454414866
0.003806912273415959
0.0007072461573121511
-0.0025831455590936067
-0.003210289939772581
-0.001665033022503877
-0.00034177123647514615
0.00032086111160313513
0.0001260514495853883
-0.001135132654508101
-0.0020204979774241516
-0.0015472186716046395
-0.00045809134748749786
-0.00033157268403670795
-0.002231850688003606
-0.0051802161247404
-0.006234302423240157
-0.004612968301055826
-0.0032430429771190903
-0.003479719160193991
-0.003327391138017369
-0.002032493925003726
-0.0016481463373813898
-0.003121751937659826
-0.004476621238146042
-0.004070598091471557
-0.0034655941625890254
-0.004293610162889044
-0.00446500921582615
-0.002809432433080416
-0.0021333615970415484
-0.002770446631147873
-0.002369620627097965
-0.0017355902374109958
-0.002085632292321629
-0.002446487783543623
-0.0020878035154804093
-0.0011057861898007854
-0.000340473936004837
-0.0001709372367279076
-3.624457761032193e-05
0.00025418760005173346
0.0007116938144675587
0.0010094775668403957
0.000586196524927066
1.823395816106209e-05
-0.00017150189634155058
-0.0004993452132927463
-0.0008722136843966732
-0.0007572892565625936
-0.0001375890766663196
0.0007642206856951876
0.00151673252311099
0.0020789505656122666
0.0026311952466447925
0.002614834630401403
0.0017335719516775004
0.0004838231073773895
-0.00032475454786786567
-1.5331702018292828e-05
0.0008149058247197832
0.0011126087766866518
0.001103435932802455
0.0011979115670994883
0.0011962079172712697
0.0018543112074870484
0.003406579407683165
0.0038632112176669206
0.002852635353952735
0.002400860075313626
0.0027124703501597257
0.002433867694958167
0.0017536730680406773
0.0017044046425434504
0.002283575460927447
0.0024102638062080944
0.0012232281010172447
5.803544182616648e-05
0.0003110981772753282
0.0009192467875457303
0.0011760299404626135
0.0015462312388286265
0.0018589916537022372
0.0018452372586165982
0.001452901168373046
0.0008473132641905398
0.0009210266147457302
0.0018291126024634966
0.0023088102784388394
0.0015039753981669294
4.544976026032467e-05
-0.0004398728931683006
0.0003911354842162495
0.0008085796750697156
-9.614526827551699e-05
-0.0014512570694589673
-0.0020330417806480264
-0.0015828890364746415
-0.0012572050361654378
-0.001863873327540887
-0.00310232716465024
-0.004016321733645986
-0.0034282022992861306
-0.0015103292194197648
4.707329429153376e-05
-0.00018638830982856472
-0.0021398800441695103
-0.0040091563382144806
-0.0038647856850476297
-0.002417445851964976
-0.0015832467263832857
-0.001279279241404426
-0.0011545172834338422
-0.0017623603314125577
-0.0026136398168123687
-0.0027056623731405325
-0.0022133909931119963
-0.002067004584847481
-0.0023640471251569206
-0.002266528214065774
-0.001788506204603588
-0.0014818758352566248
-0.0009862795593555164
-0.000491846033171317
-0.0009718603983304049
-0.0019794052499867883
-0.0019974295212473268
-0.0007048520412594895
0.0007238888023034587
0.0013079796566752618
0.0008639703516740618
-0.00014228734529103844
-0.0006959858675644123
-0.0003358100300457443
0.0006078096585902353
0.0017172215274347206
0.0024356520145258596
0.002066681172334932
0.0009125371719588861
0.0005869013216009567
0.0012278881051019028
0.0012592219681344698
0.0010040093967529345
0.0016828101159576253
0.0023620085505179104
0.002070210942438095
0.0019257734193573756
0.0028247686691112747
0.0036836170031816565
0.00313076538834529
0.0018242118936039823
0.0015635958618516442
0.002385492922551943
0.0027416870292718367
0.001844482623563101
0.0005718697535843607
0.00022240893558113806
0.0008103318957054136
0.001601964601467232
0.002122329803675373
0.0019726130288513334
0.0010041206157671064
-8.559760334367165e-05
-6.520479199908537e-05
0.0008540217944789721
0.0013130656738238131
0.0009918753548970663
8.456528231397253e-05
-0.0009521313628035304
-0.0012190254372257594
-0.0005827921968077944
0.00024553758282279403
0.0005342644533858389
0.0001334192742166694
-0.0004246922814169045
-0.0004487674518810821
-0.00011134853031159221
-0.0002809871598713695
-0.0010213355882925743
-0.0017269285167393024
-0.0017007663595212455
-0.0008110707191452829
9.85746554181188e-05
0.0005638773733631494
0.0004966844579749
-0.0003186692458225929
-0.001527834608238656
-0.0021474239322983027
-0.0015112923170176227
-0.0005695125961595045
-0.0005481323010614429
-0.000949695868122147
-0.0010542089763925376
-0.0011008916000047133
-0.0012222828436706393
-0.0008821852188582826
-0.00021159900637536522
-0.0006258985245753411
-0.0022963568405740846
-0.0031576332996748513
-0.0020634682543216815
-0.00043505242924226197
0.0001337445221342875
-0.00042848695691834193
-0.0011534269586869804
-0.001262803938765717
-0.0009738188497482791
-0.0004200804235226516
0.00030450192009582287
0.00037786751601934926
-0.00031292081304527646
-0.0010185514591845336
-0.0013182377672829966
-0.001285226104651668
-0.0013963622513158717
-0.0018164457253735423
-0.0020391704383238094
-0.0014155369955217555
0.00010462482573029425
0.0014018478436596
0.0011310419844115082
-0.0005648055343384882
-0.0017243907650110937
-0.001146657677226404
-7.587317661914873e-05
0.0004916982852119084
0.0009882464873298222
0.0015740930994577133
0.0017092990963288712
0.0012214428921490522
0.000996594946647192
0.0013608948313775836
0.0014868084903882752
0.001091566029180916
0.0005713493975954536
0.0004050145223520041
0.0010181140532230298
0.002219042821110395
0.002906340440182243
0.002317635794023133
0.0013604416271271404
0.0011497581975196875
0.0016172861171047743
0.00205221830838039
0.0017740119097352438
0.001018744735250651
0.00039879910947272735
0.00016524250780070287
0.0006545884019646389
0.0016738674338273372
0.0020880996724061164
0.0012076988939249134
4.723188157555822e-05
-4.448183965845721e-05
0.0005730919090331243
0.0009447111869264292
0.0011406130337168873
0.001205492850135245
0.0006469152559099665
-0.00018671002382694701
-0.00022652697122887283
0.0005050322386535178
0.0009779154302451652
0.0006524609840748395
-0.00026014187053332097
-0.0010482910684350196
-0.0010055738348065633
-0.00026350846974568937
0.0003677018615938759
0.00023638708569589766
-0.00044792138336668605
-0.0004270155518923714
0.0006701456455320848
0.0010381111163808125
-0.00014032450294655663
-0.0013692838560662082
-0.0017903993926081715
-0.0017533822337084523
-0.0014915519472462422
-0.0008038437041677409
7.741037123414583e-05
-0.00010518806420003503
-0.0014827244005614568
-0.0023401025578864572
-0.0018640388009082296
-0.0009628431374873818
-0.0004348719059194613
-0.0002761357549396629
-0.0003662893120281762
-0.00047461867701292554
-0.0003028766628181928
-3.411477662486188e-05
-0.00011323076903988415
-0.0008305022389880493
-0.0018450013993143101
-0.002167357579152249
-0.0014763249669234233
-0.0004763983098869113
9.316996393147776e-06
-0.0004374382589958201
-0.001215032227027448
-0.001010802360504577
0.00020905943306687332
0.0009578971994285914
0.0006936470538947484
0.00030564039753759554
3.0965855536998436e-05
-0.0005813273936376615
-0.0009782391524066577
-0.0002808161494587589
0.00070740662589215
0.0006916892502281118
6.0091239297995445e-06
-0.0006208922077823907
-0.0010645620981808782
-0.0010940641883501602
-0.0006026051191816177
4.140557868963224e-05
0.00031540567415066795
2.795701388810367e-05
-0.0002988805914418257
-0.0001227720568520935
0.00011246122643329259
-0.0001485428452569328
-0.0006979422075152203
-0.0011913888831536984
-0.0012817055515025062
-0.0008677690646128142
-0.0002554699926339719
0.00042438105284467453
0.0007690083279242137
0.0005417722979855393
0.00043059695144349874
0.0006681687340588565
0.0008891382924058637
0.0009533801533052966
0.0006879789327112287
0.00031127043352700574
0.0005720618016287929
0.0014439519342277288
0.00200190830779919
0.00198757006666855
0.001747804425378522
0.0012956546324381889
0.0009420176385382341
0.0011386492375950038
0.0015285228070615504
0.0017768757895623636
0.002058964471910887
0.0022787601036103997
0.002302471540893156
0.002199790438889757
0.001812339424907482
0.0010823034560491496
0.00040733182905769785
7.743231681013943e-06
-0.0002698383195443733
-0.00030156166686660067
8.575900517550361e-05
0.0005292112377045348
0.0006277195198737158
0.0004552336308344014
0.00013648999276542027
-0.0001642019022185734
-8.013831831974079e-05
0.00021249902961431415
0.00016895656134176436
-0.0003358602623271204
-0.0010792072526085317
-0.0014641954338644476
-0.0011731638433270398
-0.0008083758091292619
-0.0005587453211494406
-0.0001775262530960076
-0.0003180210934945957
-0.0012820090198737899
-0.002146074773657281
-0.0022009798750968128
-0.0014931183217631724
-0.0006914106808674969
-0.00046995283214102974
-0.00039798010097116115
2.99767296698286e-05
0.00036623637030338586
0.0002478792438035172
-0.00021407633210710235
-0.0004797400796939899
-6.142618224406517e-05
0.00030669972458488874
-0.00010985027222202952
-0.0003751063825168919
0.00023095445935911825
0.0007318988016515606
0.0003731976744059534
-0.000435402747947268
-0.0014082318787853724
-0.0023003115198340033
-0.0021518639212143227
-0.0008917399439527707
-0.0001848845489812066
-0.0009661043719451749
-0.0019139814171666347
-0.0012286662081719163
0.0010677757912104034
0.0028650577704814454
0.0022458073241179237
9.71427614974984e-05
-0.00123808492880793
-0.0013788280211847429
-0.0014177807149636232
-0.0015134638579948588
-0.0011333562693086531
-0.00029422687080234893
0.00019365057432484427
-0.0006675455371734432
-0.002519241873976225
-0.0035204864861975416
-0.002887941777964226
-0.0021187152697246924
-0.002821810855341538
-0.0045640500093785865
-0.005495790636408544
-0.004542962733045039
-0.002440437825025607
-0.0006350222501335621
0.00021859782337569494
0.00042122133232785214
0.00028174104543506745
-0.0002503679595910434
-0.0010766133002538467
-0.0014589659989581484
5.815051835245805e-05
0.004106057252389689
0.008911793227356794
0.012101899615448193
0.013783275994290304
0.015309702232973649
0.015588933429700233
0.012932590816245221
0.00922599643705679
0.007232310401515896
0.006281696160308069
0.0047524941322878295
0.003470285908497517
0.003883399025794279
0.005471157292197146
0.005732614691682743
0.0018539392332182492
-0.006475489944589276
-0.015867162237784168
-0.022664809110208167
-0.026090241434024067
-0.026107123084453614
-0.022478833704481102
-0.017150211570047667
-0.01261211179000754
-0.008934435469899714
-0.005133537427868352
-0.0015130395265785732
-0.00044916065046766984
-0.003486134418148497
-0.005713888211428965
0.002119627327955606
0.02140998190326608
0.03921561519817713
0.0398749683172369
0.023128622862780966
0.006167886449988707
0.004180383373936329
0.012188243478095002
0.014274174652236887
0.00606642508972878
-0.004739623613486212
-0.014215368107937408
-0.023361099590038285
-0.028567797913712032
-0.02582647353482486
-0.01974838523709189
-0.016890708137463704
-0.014736530466175853
-0.005400669598257635
0.01104303971277762
0.025913413829463036
0.03057142905539493
0.017669933525053527
-0.00911358040196614
-0.02810560191683764
-0.023874775570857452
-0.005319048110363156
0.011725241064296536
0.021818821454196193
0.02615640906664038
0.025102668241188324
0.0159985338798791
-0.005568394163880219
-0.03638160528663545
-0.056789456063895
-0.044172704250449
-0.0012107691746389773
0.037546098183356635
0.043467963934912326
0.033455937169423876
0.03743717250601179
0.042098228775116736
0.020356162748363306
-0.010112245829668687
-0.013446104865771448
0.008693793145783633
0.027378414506358174
0.025022063225640115
0.005601610565874382
-0.016004821354679274
-0.027755512249795
-0.029736120424145675
-0.03381027135142854
-0.0466580863544803
-0.05789435529161253
-0.0606644164029402
-0.06261003503594051
-0.061248608518201506
-0.044463595603707884
-0.016428136421003187
0.008066343132028253
0.022576801010726996
0.03120997660896803
0.03905965726685351
0.044793388359391346
0.0431479022294614
0.02869482088709404
0.0062998378437411975
-0.006384503643936487
-0.0011537711168741333
0.012820411182168995
0.02366757547292852
0.02398971688416223
0.015417918011748293
0.004697637319989878
-0.009853690591223768
-0.029616872911558165
-0.042135724753590065
-0.03384241964565086
-0.004133907807620137
0.03670155260827517
0.0674585303631847
0.06711923847629206
0.04800938083609488
0.040944711011253625
0.04102747609265702
0.025780825497753998
0.005786376764437176
0.0023104310621197555
0.01100003494744195
0.016096962936357255
