0.0
0.0
0.0
0.0
0.0
0.0
0.0
0.0
0.0
0.0
0.0
0.0
0.0
0.0
0.0
0.0
0.0
0.0
0.0
0.0
0.0
0.0
0.0
0.0
0.0
0.0
0.0
0.0
0.0
0.0
0.0
0.0
0.0
0.0
0.0
0.0
0.0
0.0
0.0
0.0
0.0
0.0
0.0
0.0
0.0
0.0
0.0
0.0
0.0
0.0
0.0
0.0
0.0
0.0
0.0
0.0
0.0
0.0
0.0
0.0
0.0
0.0
0.0
0.0
0.0
0.0
0.0
0.0
0.0
0.0
0.0
0.0
0.0
0.0
0.0
0.0
0.0
0.0
0.0
0.0
0.0
0.0
0.0
0.0
0.0
0.0
0.0
0.0
0.0
0.0
0.0
0.0
0.0
0.0
0.0
0.0
0.0
0.0
0.0
0.0
0.0
0.0
0.0
0.0
0.0
0.0
0.0
0.0
0.0
0.0
0.0
0.0
0.0
0.0
0.0
0.0
0.0
0.0
0.0
0.0
0.0
0.0
0.0
0.0
0.0
0.0
0.0
0.0
0.0
0.0
0.0
0.0
0.0
0.0
0.0
0.0
0.0
0.0
0.0
0.0
0.0
0.0
0.0
0.0
0.0
0.0
0.0
0.0
0.0
0.0
0.0
0.0
0.0
0.0
0.0
0.0
0.0
0.0
0.0
0.0
0.0
0.0
0.0
0.0
0.0
0.0
0.0
0.0
0.0
0.0
0.0
0.0
0.0
0.0
0.0
0.0
0.0
0.0
0.0
0.0
0.0
0.0
0.0
0.0
0.0
0.0
0.0
0.0
3.6124828511445604e-06
-5.729831169134782e-06
-4.7327576926676973e-05
-5.316495597913856e-05
-3.959923075786313e-05
-3.096973014650663e-05
-2.0060143906038542e-05
-2.971853093297989e-05
-9.375566242484287e-05
-0.00021787334902321538
-0.0005061606283326127
-0.0007744251730208091
-0.0008544357025727534
-0.0008708953657990851
-0.0011127118264790327
-0.0016225581568313748
-0.001972619178672956
-0.002176002558874233
-0.002405325918813488
-0.00217237552374592
-0.0019477061688436626
-0.0017994824936642154
-0.0015254743968234452
-0.0013890338175793213
-0.0014205702467238834
-0.0011680747784241522
-0.0007866131968202227
-0.00021812026530361952
0.0007047562729429153
0.0015576670439029342
0.0014026464595268014
0.0005634895259615635
-6.201916395563533e-05
-0.0005329654614663094
-0.0010274932820976974
-0.0009676353477959066
-0.0014193921033165992
-0.0025030780926519614
-0.0028753597334210124
-0.0030580770210078276
-0.0032264175315521106
-0.002982057434900462
-0.002509778877042018
-0.001897538467863917
-0.0012049060037344992
-0.0008404359785368867
-0.0005422489119572916
-0.0003268287327734202
0.000531136789624228
0.002275785865077973
0.003126283505561693
0.002909721830237481
0.002825640231264393
0.002484302009355475
0.0020763022241366736
0.0023707220869455797
0.002640561145198772
0.00278481861169522
0.0030519905721194123
0.002985056183433117
0.003258207090306736
0.0041426898347093725
0.00469674652507839
0.0037728086138712927
0.0026479479896112036
0.0030021499135282595
0.0038923934416256528
0.0036778171490803166
0.0027246901356279695
0.0025948474085002696
0.0039045948288319024
0.005324659052855103
0.00519360494992126
0.004728558294854908
0.005470621689112898
0.006902366985538395
0.006646663885157061
0.005719462903046882
0.005295550632903075
0.005569086520934905
0.006434040549769607
0.005987787893752954
0.005457306113394355
0.006720908640309361
0.009408252520770698
0.01190923561696386
0.012516646054474596
0.012331037048721691
0.011476087002873206
0.008683271330591996
0.006827365904467845
0.006567871784996542
0.004891463253545418
0.003126866430857625
0.003087768310136254
0.002927780033025813
0.0018393362329620225
0.00030545414348322506
-0.0012197585361658951
-0.0026415325755548974
-0.004159501241556471
-0.004507408556793587
-0.003926088903631822
-0.0033864615721648206
-0.002303955666711879
-0.0013496036621281362
-0.0015002142322364464
-0.0012082089133389749
-0.00010573268803636586
-0.0002934571325512488
-0.0027221060975885377
-0.0049355498520140565
-0.004667411444731948
-0.0020554023710317925
0.005627699873120859
0.0221628862912092
0.038795899816411406
0.03943002855027602
0.02039155504198777
-0.0029068474840215947
-0.014192997204837125
-0.017182634690226226
-0.017736936723383178
-0.00724382743534286
0.010315876443255864
0.017060714032389887
0.008921307128381694
-0.004543231431133969
-0.01622035555148436
-0.020792104111603798
-0.0027272195657350715
0.028120334292732328
0.036474652996604795
0.021223378439102485
0.015169573427930207
0.017934957346285023
0.005007434671777581
0.0012977348011644766
0.018596177062038154
0.03428839500171511
0.05537605629217421
0.06902078623662584
0.05522651527390334
0.029541186503251934
0.0003133501047496804
-0.022261413781310576
-0.029726539897466202
-0.03079823465675164
-0.02923758971181501
-0.01067401220127698
0.025461125519510307
0.05715224359686718
0.07189273852056113
0.059631984718621474
0.043918159727925433
0.062148329326444776
0.08141194458055453
0.07079361789277919
0.051059155230306456
0.03455164035668727
0.01703964166450498
0.0019636845120140967
-0.000422385175485518
0.00016465196271469578
-0.005443016494776569
0.00845256669401295
0.05218799203339179
0.09364823357198401
0.11517796224152765
0.1159708977964299
0.0995914305112924
0.08865708730251606
0.08706413487077815
0.078878900017798
0.0788477451674743
0.08037841382888124
0.05625467800894703
0.027760617082313123
0.017981794354131917
0.007870509502652992
-0.01479145354464188
-0.03247897068129058
-0.01938960524130062
0.02920440140885482
0.06769171269820663
0.06639555718123022
0.057480323119069
0.06283467555970781
0.07234707810865139
0.08168367255288125
0.07531775845209887
0.04210307126653503
0.005276535746574704
0.0006788926868018004
0.03816239392737055
0.05705875379202896
0.006021674507020148
-0.044786382862923316
-0.0437217418603392
-0.030020437274734513
-0.01348763794403419
-0.003964606343180229
-0.019675011092670527
-0.036482216924525496
-0.033716054202504814
-0.023910856155454237
-0.033752893368354124
-0.06923987720264482
-0.08404162073553059
-0.03583106217521611
0.028981340589723677
0.039855722014502284
0.0017711709587313414
-0.04002533368098038
-0.056113401855981036
-0.039028243738036504
-0.008031760267167894
-0.0017051299549999688
-0.01174337797817435
-0.0035336755256675204
0.02679616190089246
0.0548615369941558
0.048359557495398615
0.019652388701354665
0.0013108268253514497
0.012399383586223531
0.04255036285870493
0.05921385595751837
0.053243354098895114
0.041039345083564216
0.04557018069445969
0.06942632400570184
0.0926029103495165
0.09798379627748546
0.08931799348338858
0.09339637831922543
0.11968173622593067
0.15459010014527153
0.15884638707920068
0.11121428026235242
0.07614279540172497
0.07517247392838226
0.07522874679016708
0.08920176026395825
0.10983280040315561
0.1216128333648252
0.14307176822717288
0.16882324064866058
0.18448852713770403
0.18839320800321238
0.17681644990711864
0.16762785897976407
0.18216523472181956
0.19713845151704104
0.17638350528670418
0.14303575222309647
0.11404121588151003
0.08356282908414708
0.07335217889141236
0.0733937075027495
0.06465106045014868
0.05901537732308108
0.07449080463343426
0.09901234162608526
0.0991681827611028
0.08784434960548947
0.08093849877468132
0.07774962687074634
0.08370615563084285
0.0757330943537749
0.04362742024999019
0.010909906337923459
-0.008148670314594009
-0.011936471320484233
-0.011698300362921903
-0.029114533677698538
-0.07167832425491753
-0.10519043688066597
-0.09268517761664889
-0.041675458361349685
0.0015762318598822667
0.012817187401238033
0.010338641060704618
0.006733515897959363
0.0003305448889741946
-0.01331647365938196
-0.02774027713150494
-0.026191426308651598
-0.00581357665070392
0.011869057216239313
0.0031673492988614008
-0.04548761122078696
-0.11280360634662775
-0.14849049261408884
-0.15204203929628599
-0.1445975982200285
-0.13175268261867715
-0.13874751046278794
-0.14717188848950466
-0.12006328385068363
-0.09162076415818873
-0.08121978107222923
-0.07742213953921541
-0.07224935573790174
-0.05671221050143242
-0.040626504620712205
-0.04974128718528639
-0.09617472895230834
-0.14917447743425144
-0.16665231139549308
-0.13809695108095238
-0.08692962199259537
-0.0536419924981569
-0.05502305309535922
-0.06457653416626036
-0.07971751760303607
-0.1226046836491474
-0.15782910298895556
-0.1456502362661637
-0.12356243114586954
-0.12427053909665113
-0.13022270360016838
-0.1397548958032798
-0.16301144818696087
-0.17851296922754806
-0.15255350526242295
-0.098227008381402
-0.05292705718080319
-0.029910116238218078
-0.03187362575266683
-0.05818408488439841
-0.0908186820439282
-0.09765053986082385
-0.07032491382586264
-0.029839368748115772
0.005346189423515422
0.02717424415798843
0.03288216750153127
0.025652764546145936
0.018233030041190607
0.016705068043491724
0.0174717870966759
0.029188177508808023
0.056308489278374625
0.08685588510971064
0.1037653950588952
0.0860966670942732
0.05004813746778511
0.03784238500559664
0.05710067657569362
0.07781727948908508
0.08256380133101565
0.08079308479666907
0.07290691933108966
0.07009570278212841
0.07178884054290738
0.06599238136568587
0.07405263436962835
0.09079719403356716
0.08296509604450278
0.07935153941059438
0.10448294546231329
0.10588031966143917
0.0702638518103236
0.045529654845954684
0.0483210018390195
0.06414921273918217
0.07309286265809263
0.06733599118898263
0.07546326570810896
0.10686704156330848
0.13032710752025786
0.12171232145498123
0.0761825718067046
0.02311156563328129
-0.0017369864160843855
-0.007832004901193802
-0.025804375309116223
-0.04931191438351178
-0.054000607279425836
-0.04531423406093748
-0.045624247874107716
-0.05307074432257852
-0.04362011216185173
-0.02711959990445485
-0.029051210957888974
-0.03526748720036549
-0.03635518865154713
-0.04831852245992645
-0.06538244685886804
-0.06540170752963073
-0.0588845406191617
-0.0651955212225665
-0.0623236769581369
-0.044879554427133275
-0.05298306487234108
-0.0829781118312768
-0.08913913341771888
-0.07772795235621735
-0.07304762723450603
-0.05750982770750418
-0.02668878628161366
-0.019628593892057122
-0.058300189973580184
-0.09446513228910024
-0.08835709595446986
-0.08000370315549588
-0.08300192082370811
-0.06065817826482693
-0.030087360332865697
-0.02658808335781624
-0.03192562197977846
-0.02106845865806494
-0.017989376661565578
-0.03863055500455853
-0.029365926605442932
0.012977885676494947
0.027209875723122307
0.01768293943215272
0.01453134733757598
0.01410779997032209
0.008517142121836872
0.005225801542660421
0.013590431763463653
0.0203783669468486
0.023353154924685572
0.03767841846742833
0.05128957434624412
0.05719587014072834
0.04446679456354445
0.01969983606342284
0.03250778979513823
0.06688767055832134
0.07181882317984498
0.05346992758264259
0.0359902236105225
0.019565871145636914
0.004652357341287763
-0.002991839382394783
-0.008835888347657597
-0.00027475887438471085
0.020105972523448822
0.026177793516620536
0.01955806826335224
0.011194307096584838
0.017992675558624462
0.03210722046130666
0.03052702694202302
0.029569344597625783
0.04500724193557891
0.0621079946096465
0.049034724724756215
0.01286540640282697
0.0011224877614778091
0.008584320281469679
-9.745256981438165e-05
-0.015286445812675374
-0.02952675824480179
-0.052413881479631254
-0.05796126959700536
-0.039708783201554375
-0.04557890383103405
-0.07974294179762718
-0.08385826415291281
-0.053145493921069153
-0.04460157153251325
-0.06297297749288285
-0.08112536385959204
-0.09501768994833724
-0.10281194330442127
-0.10237422113792011
-0.09937874985691365
-0.10666488912721549
-0.11477529356018579
-0.10308865989083084
-0.0720987069247621
-0.049607212936602994
-0.05731076223021571
-0.08088219474589337
-0.08975677923559383
-0.07128206807350894
-0.0530118852094913
-0.0676528110657831
-0.10932677212610456
-0.13261475004256215
-0.11951510295122462
-0.10126315573511599
-0.11095376577535787
-0.1367940397472455
-0.13618392865957757
-0.10756209936328102
-0.08270979670541258
-0.093051456098695
-0.11948112054628333
-0.11188229653123406
-0.07489119954388998
-0.04243469332137677
-0.04175176148975073
-0.06333563406149384
-0.06862538655154875
-0.057380053083670654
-0.041757852069784406
-0.03548000995301027
-0.05065881971985393
-0.06365774738115106
-0.04811224171353709
-0.009693253713463206
0.009229082164380694
-0.010844021907080876
-0.036154026696612544
-0.042313771230388424
-0.04209729937430559
-0.05016489252907364
-0.05665491126465333
-0.05377416363139387
-0.04297829108783595
-0.027146839003633037
-0.010164755629801042
0.013560563758929469
0.0308636928801457
0.03698557078867525
0.050116573687560624
0.05818447704383596
0.04371060682908981
0.026958059771455
0.03206279374078607
0.03952474186406646
0.033229313345689904
0.028248222760392905
0.027724108051435437
0.029284151143334873
0.03611847477617429
0.050070672140311474
0.07040693045038694
0.08406554179159845
0.07667383743320849
0.06182441879913103
0.05752779875316112
0.049608295603446435
0.03587214063678342
0.0358300328978272
0.041632433384537926
0.03326557356441802
0.016010960613319664
0.01662304106655346
0.042434928912008806
0.06222027220349428
0.061471903000681644
0.06127873571407748
0.06905486032244129
0.07878960756595943
0.08486799869692388
0.07680004883228395
0.06633730321428796
0.060640218409874776
0.051153111443524704
0.047274892380071695
0.04252868978197149
0.037144961741897235
0.05058108027188229
0.06410128721469638
0.05739232103766914
0.056161274225822705
0.07253329907630933
0.07506710213656677
0.05840286510221833
0.04495032039511512
0.03291906185189189
0.018857044596713234
0.009770109343077425
0.011345197305559789
0.020461917688585147
0.026682541639870234
0.0311895409806099
0.032269605697380126
0.026946757404997353
0.026311200772442377
0.03580113143139349
0.042807786648919315
0.041237950417645025
0.03818830946588644
0.026776066645582686
0.016510445551278764
0.021578484416513555
0.022734456358266708
0.014239906769341585
0.005998073195822525
0.006668483414147023
0.012852442509364785
0.004904518843798766
-0.009290855440295879
-0.0074681141674975225
0.003909778290721505
0.0037200128402806896
-0.006134764019329502
-0.0033258936885039872
0.011063806420372024
0.013088032341842212
-0.001429341609222953
-0.01689627040968485
-0.021751508140914762
-0.010736571901454692
0.0029236261913246986
0.0016018289251035702
0.002745895045184087
0.01633077497255514
0.016927604987639146
0.004241849682836164
-0.003043574677925393
-0.006791387518076077
-0.007004148713618616
-0.0014201400125076903
0.0042016572998071116
0.006792250010986289
0.0023488509305498117
-0.0030144001254623063
-0.002747683588894506
-0.005892893060982146
-0.014935265696802546
-0.019351314832326882
-0.008995088648816929
0.0042868014614468935
0.0066562854608328715
0.004142488923563021
0.00246697162988456
0.002141238473234566
0.004219185635781003
0.007690677851274469
0.010867758724701816
0.018182667976352786
0.024466548215113352
0.020681535617295396
0.013659915660212189
0.018352030728401206
0.029127613083635807
0.02563453231186418
0.0146740128100314
0.008659451593784001
0.003670120819948905
-0.0007396992343189336
-0.002266372812802724
0.0021969825633427653
0.009033646506760864
0.008037495487135239
-0.0018389062936393
-0.014042583520032108
-0.015786710411535027
-0.014031221482776931
-0.020081234432077787
-0.00941252358026131
0.015000070123272398
0.0193724975791462
0.00790668041400578
0.003833557170507543
0.00948986613781614
0.009890137443141548
0.0032477053440823534
0.004434406828512789
0.011456961625686775
0.015037763577161098
0.014430646960431066
0.0024007517201871135
-0.015643370530477665
-0.02293940821173152
-0.012376233618055335
0.007214485511386465
0.012580335250664846
-0.003200892569589033
-0.0213192945031641
-0.028439409838511218
-0.027334396611448868
-0.020044003671184914
-0.011415672979912878
-0.013105330810006652
-0.020327072922541087
-0.015304161875686138
-0.007192268740812712
-0.013081297660535387
-0.019846512661923766
-0.012702808987277948
-0.001092864008214245
0.001068931297853463
-0.003620797031937269
-0.003447200588842091
0.002506166819290552
0.0031577258144789375
-0.0022159778318902768
-0.005793252329201407
-0.006912896341382557
-0.005533893634192269
-0.0025785285939509996
-0.001944577027066395
-0.0056607801526963805
-0.012344168782679946
-0.013211301146385315
-0.009114301967015504
-0.01262365447479971
-0.018951635098230488
-0.017783626879667787
-0.0106972243768925
-0.007867391129364833
-0.0165398257602117
-0.023758664717641913
-0.01854650847368804
-0.008856482131074976
-0.004117036588319746
-0.0007981741213482145
0.007432801093702926
0.010884380526679564
0.0038315837706076905
-0.005272344578210565
-0.0094247587571779
-0.007574295328159503
-0.004583998494845771
-0.00411504120613082
-0.002991274737012053
0.003010962235161062
0.006824204532192718
-0.00024503655704635947
-0.012326470698525722
-0.017183557848283966
-0.014718674642778753
-0.01160404974369494
-0.007086899039807726
-0.003896475349833451
-0.008037548533187859
-0.015791915791722264
-0.019962359840021777
-0.017809361701829358
-0.009970904433471348
-0.0009220506246708324
0.003589258632616729
0.0018485322268403444
-0.000819692968172333
-0.0016587465001303891
-0.0034682918385429153
-0.004273021190570962
-0.0017194454454693817
0.0008563591784170345
0.0023390557784767254
0.004842258735182775
0.00434443791817552
-0.0035660390239014962
-0.013624480005802905
-0.01732611607803168
-0.014935573562884085
-0.012861752874105513
-0.009683278165842793
-0.002792500033459463
2.093759839053765e-05
0.0006126970455102809
0.005430814844234316
0.0015581135120386613
-0.008683932974042984
-0.003986485751649105
0.007571763394596139
0.006870016766971667
0.00012084896823832448
-0.0005505720615719367
0.0034369880965300225
0.006377634601228537
0.009128951227384736
0.010909018912610608
0.006468773807299811
0.002617843324377615
0.005518342725162565
0.003652094578251545
-0.006236480084424938
-0.008283771191024856
0.0001273439461054387
0.004791383985014902
0.002321777718348123
-0.0027577590819344447
-0.004091756452275154
0.0009268504342008421
0.005030002742103705
0.004048143169003001
0.0009231724274085149
0.0009227213615645872
0.003174639019619332
0.003425564583168916
0.0030749561991721542
0.0060746626198381936
0.010128009162367183
0.010398611640080107
0.009328495602026046
0.004766044142269748
-0.004273012491238429
-0.008508135023088328
-0.006717396246300551
-0.005217587692139247
-0.0043012914008590435
0.0005011784277201888
0.0058679982361227725
0.0017233880765608145
-0.0054821754054087575
-0.005200805504779133
-0.0059683854084371666
-0.008205096364940602
-0.00413976216985107
-0.00190867040308354
-0.005090236490463297
-0.005397499572728913
-0.0016553379447755488
0.0017691406657227976
0.0001645483789762324
-0.002354416697468906
0.0004760692995226956
-0.0006921306759709612
-0.004763824883073226
-0.0034669318048912543
-0.004970726294957637
-0.00861231268127367
-0.004490953398383212
-9.7779320144116e-05
-0.002692660095437714
-0.003101395467481646
-0.0005960006865904242
-0.0008257454525274746
-0.003037173235050078
-0.006160754134147609
-0.0074948714714745245
-0.005477183292815284
-0.0006692911281448555
0.005884038682053524
0.008894690031905161
0.008127814873154515
0.008993361937462266
0.008712372178691443
0.005845533478745095
0.005247812609638426
0.005769715524209948
0.0060813440840303745
0.007774898476755568
0.00779851908227223
0.004639220052846825
0.002401539793580513
0.004773638236216261
0.006424529565812386
0.0036205777850755708
0.002988272939420634
0.004661013199872358
0.003993047421341812
0.002426694461241307
0.0027746175366572326
0.004693974831307828
0.006659527742987106
0.008233004969568712
0.00904012596815038
0.007751297805184984
0.0050630441636031025
0.004069589878430068
0.005238188225456153
0.005547024501693618
0.004092559410198013
0.0024590929425224225
0.0025264696382687286
0.006740593288792688
0.009060514078991349
0.004971597400094329
0.002101535290450835
0.0019045172466324845
-0.0003161480896531955
-0.0031417814922389507
-0.002180885795266527
0.0007323812322620029
0.0011811799863530145
0.0010060055692187393
0.0019741905906401507
0.0018069525138810244
0.0015254107067211005
0.002749388843487947
0.0027117262528355587
0.0015210692467978297
0.0028329869826372333
0.004989452635760785
0.0017914766654378326
-0.0032284308029877154
-0.003370835345438501
-0.0009150999733333696
0.0011093428539556563
0.0017847318585691946
0.000269298526174003
-0.002546351647176152
-0.003932188866187351
-0.003905432550621339
-0.003336171220012544
-0.0021108189421208704
-0.0008128673167695905
0.00036596086576364315
0.00042598962028061126
-0.0007429451387018093
-0.001829296504009551
-0.0019184613036358643
-0.0006270945051759247
0.0008911454285830264
0.00043859831536143874
0.0005836226341231342
0.0034640974822698497
0.0042287798066327174
0.0016863217147062655
0.00015002998826365774
0.00199788619672265
0.004173841890046105
0.0037728416037609578
0.0027578571720148592
0.0021796300845145495
0.0015016888500724401
0.00047160030420766863
-0.00027788122450044406
9.844235028623733e-05
0.00017014063382999472
0.00064040907065483
0.003513294040572019
0.005091471241711227
0.004503736616701254
0.0038690573296825885
0.002249124180135265
0.0027266383680787055
0.005843258054737153
0.006997579771326914
0.006643043326703684
0.006510695198276914
0.004958467944008884
0.0023923378519225937
0.001945925243719699
0.00457173244523627
0.007090922705982873
0.006296419097345671
0.0039007675948965095
0.002906829275473594
0.003466249072153816
0.003898816499259937
0.003741401666125354
0.0034966613489686845
0.004170920827532737
0.005585301243578627
0.00467042957504246
0.0025676900357510645
0.0022331135074664128
0.002956861806216328
0.0033265668874321004
0.0030237455360477513
0.003357805825493018
0.003989396767349762
0.0034106726683536975
0.002368642926459404
0.001611237250214274
0.0017974436886761293
0.002775291490018706
0.0024207871406050946
0.0009300421783185222
0.0005698564153369407
0.0009718652581797596
0.0006023324486512475
-0.0006700700977249166
-0.001332000070945908
-0.0007517964641258043
-0.0008595777359632503
-0.0006813169686400179
0.000933805168537685
0.0012316893624081042
-0.0006900539535220879
-0.002093983932435193
-0.0014755570900616267
-0.00015608763803082797
0.00043369392398608016
-0.00015969097264089007
-0.0006433059567990276
-0.0008600068306245881
-0.0018127968937430563
-0.0022274512240793225
-0.0017158893551951803
-0.0011129135563864303
-0.0008666111743483129
-0.001707509977196354
-0.002244086733515501
-0.001437523382618778
-0.0014673309024722764
-0.0023057583603935854
-0.0018975261767890295
-0.0011133534287857837
-0.0010044904696634405
-0.0004826441817478787
2.6400889271199794e-05
-0.0005245893969800248
-0.0009065615241507124
-0.00014849594365500918
0.0008552111314835208
0.0010617251982029154
0.001056857990185659
0.0014709924384962237
0.0016875409056924294
0.0014214804194787112
0.0012365339996742923
0.0013890028335073214
0.0015489977316064543
0.0017180282614815499
0.0019136365546249883
0.0020545463802679876
0.0020810624895113293
0.002017405031636645
0.0016872963379535413
0.001670131663818889
0.00262528768591837
0.0031500424029482963
0.0030741139756342802
0.0032843153712738154
0.002853411334143884
0.0021333019888073066
0.0024796158635435324
0.0032765893375732965
0.003271238643234107
0.0027907491002101426
0.002885631315742792
0.0030489419633806325
0.002404627706863632
0.0020461782465084812
0.002575755712192754
0.0025704227540263116
0.0018143002872298617
0.0016432997058054499
0.0020554823839009314
0.001992331685506395
0.0014379816069573234
0.0008261673415484816
0.0006227755269756896
0.0009453534910189133
0.0009319780577392054
0.00043342132566067277
0.0004490453213535417
0.0006171882192596303
-9.196460318413367e-05
-0.0007693694149209522
-0.0004257071541232266
1.0493485746546962e-05
-0.00040928880166676867
-0.0007946844408099834
-0.0005385014939347056
-0.0006137630541913776
-0.001310131280550077
-0.0017137029237909974
-0.001571475109592642
-0.0015556236435236845
-0.0016011551272625134
-0.0016004449986061979
-0.001888967933416491
-0.0020702014246016163
-0.00208621740443365
-0.002142355995560179
-0.0021206420579180916
-0.0018610205252651273
-0.0016867381722890985
-0.001932073694719563
-0.0020513169016976645
-0.0020349606661562293
-0.001953455075234981
-0.0015995009743703654
-0.0014457993451269147
-0.0016448897941193593
-0.0015838048238718838
-0.0011659571304656782
-0.0010325419935551152
-0.0012956514306887207
-0.0012125893076506578
-0.000712547879936932
-0.0006595495280120962
-0.0009557204118025315
-0.0007362511529425173
-0.00020122303566106402
-6.186677452892757e-05
-0.00022374510715906276
-6.204460412008392e-05
0.0003393596765100813
0.0004983779419108265
0.000628545608088685
0.0007536613046869615
0.0009212468232619605
0.001158356892277985
0.0011028617471625457
0.001078538302581056
0.0013770235043241018
0.001644538161254487
0.0016483849770091543
0.001676346630992433
0.0019106348510873024
0.0018678755603350073
0.001590031117808575
0.0016643118997769675
0.0019308530132616196
0.0020121033403183984
0.002040462573933261
0.002028176238739377
0.001757210946227914
0.0015611848549491579
0.001687912912090216
0.0017866042239517174
0.0016892009687212804
0.0016535298993757826
0.0016176845043521283
0.0013738327652818448
0.0012334402412662124
0.0011748194811580068
0.0010934069521122346
0.0010987175729743346
0.0010120563141815906
0.0007859476653927746
0.0007078916211646201
0.0007507162826353665
0.0005155928031150602
0.00017893979430568487
3.9523998965090886e-05
-6.955883831801969e-05
-0.00029981446206774775
-0.0005717046776520116
-0.0006457787000060877
-0.0006405800403444831
-0.0008124506751926781
-0.0010723644234936621
-0.0012330974293376087
-0.0012570616096205423
-0.0013508081678560054
-0.0014807798099363712
-0.0015692079919610417
-0.001686829401803405
-0.0017510230192300824
-0.0018531409150226892
-0.001978118007429769
-0.001958319871686301
-0.001866591136252763
-0.0018313777432820374
-0.0018493145910322974
-0.0018762536591816334
-0.0019075113189625781
-0.001959797923280458
-0.00194522668437562
-0.0018424751937224622
-0.0017976739824842234
-0.0017577048958304757
-0.001661242266526955
-0.0016393292728161713
-0.0016159029643654913
-0.00145032899658314
-0.001257503493193385
-0.0011728376530265973
-0.0010849872233325154
-0.0009089409811953807
-0.0007735793409887629
-0.0006194417499117905
-0.0004485832746332507
-0.0003230722998498674
-0.00013145173697329374
6.89663658571492e-05
0.00017487077390191723
0.0002777672475796475
0.00045293607849177973
0.0005566336924594591
0.0005813617967940214
0.0006735618149165208
0.000792862573060928
0.0009072930759145472
0.001044383808224041
0.0011936140173393842
0.001321114440321663
0.001397366185876304
0.0014604596626524972
0.0015303233685524283
0.0016049853907000658
0.0016655077824595035
0.0017055388786610007
0.001725724323970925
0.0017097593966900507
0.001695979744155363
0.0016866478077245822
0.0016705286617319198
0.0016437406787585085
0.0015913904305648093
0.0015403913383099368
0.0014864271319156614
0.0013929346059047372
0.0013028670965477913
0.0012493728494044753
0.001165919151019451
0.0010468845163967653
0.000921824332194783
0.0007953737705219511
0.0006819559497150502
0.0005581538372003474
0.0004247241190669895
0.000310103334855307
0.00020896994191752047
8.619795193164191e-05
-4.4073617981295195e-05
-0.00013673018527275314
-0.00024595833824028935
-0.0003698301338681207
-0.00046278652990294175
-0.0005784297382354872
-0.0007134559823747097
-0.0008379301843785706
-0.0009748522310501786
-0.0011222777655047927
-0.0012437849016953804
-0.0013430165906741297
-0.0014315150190006719
-0.0014941406198166703
-0.0015522652395564723
-0.0016111597721701221
-0.0016423740877783608
-0.0016469310520454688
-0.0016497269413916996
-0.0016485071518178977
-0.0016210545453145748
-0.0015898961158675878
-0.001578139522954625
-0.00156662774388872
-0.0015509509163329277
-0.0015352998203615879
-0.0015160424311519642
-0.001475598410051778
-0.0014085765914579862
-0.0013212383153259222
-0.001221221928261804
-0.0011213160286954146
-0.0010122807446715431
-0.0008874812055480978
-0.0007549611021814035
-0.0006136480042004482
-0.0004689902818202872
-0.00034427198277782234
-0.00023952819940565315
-0.00014262464818304966
-5.690086103898393e-05
3.719723642025771e-05
0.0001577160708960292
0.0002920575364721111
0.0004333146559865144
0.0005727213819130791
0.0006997771395323519
0.0008269979989347915
0.0009673408802338759
0.0010975824048386424
0.0012048328013276608
0.0012981022880041773
0.0013693727626657706
0.0014237371132069317
0.0014754757948663372
0.0015165236591708022
0.0015465328937006879
0.0015813650380003203
0.00162236494472076
0.0016563126573872486
0.0016804052648228419
0.001695319472967522
0.00169875347711833
0.0016929359220734328
0.0016816076380003794
0.0016635243679219563
0.0016267575292841813
0.0015682403534588633
0.001497210833800094
0.0014180149960621243
0.0013311844279792929
0.0012359642930666783
0.0011282332231157398
0.0010105729091464267
0.0008976736185618802
0.0007938764906223825
0.0006874281722749902
0.0005765073822556467
0.00046896867527177524
0.00036986653160235236
0.00027656407085201824
0.0001758980822747909
5.679721086406681e-05
-7.070674370103063e-05
-0.00020069038399287727
-0.0003407843759124193
-0.00048387176199449585
-0.0006187093115535168
-0.0007403056462364073
-0.0008448959448837986
-0.0009342864404401225
-0.0010136442947473975
-0.0010822957609722165
-0.001136926902758958
-0.0011790041700485302
-0.0012127698329053962
-0.0012473234814415932
-0.001286591187025254
-0.0013191725861485383
-0.0013447383439973372
-0.00137137482354198
-0.001389185330129181
-0.0013882931848550723
-0.0013685413507990426
-0.0013314856332625634
-0.0012822961649647843
-0.0012276173612474405
-0.0011658844456415712
-0.0010863876924342424
-0.000990928260893065
-0.0008914818963515989
-0.0007933506029109455
-0.0006985175530977947
-0.000606024086002846
-0.0005153682998139912
-0.0004310714378327843
-0.00035029351548144865
-0.00026133382013829846
-0.00015850032098415075
-5.065144446269256e-05
5.347827284022443e-05
0.00016203470480176407
0.00028539491479114546
0.00041746519762557015
0.0005474941998560804
0.0006753497946044067
0.0007990300081848777
0.0009114542759492059
0.0010129849402495744
0.001105994605156905
0.0011871128590483406
0.0012531703569698416
0.0013042162008467012
0.0013448928447739236
0.0013848035679749737
0.0014261435726425368
0.0014578490827431732
0.0014802244934009805
0.001510133323666464
0.0015509582269654283
0.0015875181997063415
0.0016056692150860114
0.0016055759463836747
0.001597281898687686
0.0015842355472328125
0.0015595617954204516
0.0015137922464241772
0.0014456230313992522
0.0013648349977148796
0.001279156446199555
0.001189806519840376
0.001098569150580702
0.001012665643962406
0.00093712091998247
0.000866927305314052
0.0007931773676225891
0.0007099627226850825
0.0006205861407274797
0.0005341820397624482
0.0004487405065020043
0.0003513287127117327
0.00023831642368891612
0.0001194234340638154
5.7662148901322095e-06
-9.788356348504123e-05
-0.0001969046516854747
-0.00030016543567445254
-0.0004071085285544773
-0.0005097855932752517
-0.000601610801688677
-0.0006762990437038224
-0.000736897714699811
-0.0007957723240742468
-0.0008543851239527606
-0.0009081714200007305
-0.0009578357620590152
-0.0010056510259442467
-0.0010486686413076678
-0.001083458434905283
-0.001112567676198103
-0.001138025786924761
-0.0011636205482728043
-0.001187630488237382
-0.0011937316938473914
-0.0011698140934836686
-0.001125853051126961
-0.0010791119786141832
-0.0010272087883413045
-0.0009581332702195605
-0.0008784553137497817
-0.0008043390219616284
-0.0007365157403010971
-0.0006656038066697691
-0.0005887995636846691
-0.000508284024436217
-0.0004279968987228588
-0.00034977801776656553
-0.0002643465620713815
-0.00016520929298124927
-5.997184313821765e-05
4.4366030246665044e-05
0.00014723684601571793
0.000252496826568324
0.000362402006136783
0.00047038404140493006
0.0005657262666492412
0.0006448285288161219
0.000717549502857571
0.000793333803847027
0.0008706947456641824
0.0009458478803537704
0.0010184674316925909
0.001085764209057917
0.0011447907212389394
0.0011996044544970805
0.001247894265899303
0.0012845527305877977
0.0013199154846576494
0.001361957639473177
0.001400942033582721
0.0014224535749595842
0.0014198923098318846
0.001398749637121401
0.001372746086144869
0.0013539004634099678
0.0013365809732471588
0.0013031885812415766
0.0012529195999823298
0.0011977618498581798
0.0011398350705252062
0.0010739222874259807
0.0009997475077960383
0.0009260522716016374
0.000863515118851898
0.0008082195750505372
0.000746319458659114
0.0006727064907371592
0.0005868007718190829
0.0004944248782602288
0.00040376249685977587
0.0003104468161727955
0.0002132921070919475
0.00011763322939271507
2.5351384918803765e-05
-6.35869053911782e-05
-0.000154570666229933
-0.00024720784177144296
-0.00032618175356024555
-0.00038226309211239555
-0.00042442080338114997
-0.0004648180970579423
-0.0005138578348102727
-0.0005793319766945818
-0.0006536416624608685
-0.0007182410858624095
-0.0007667164088071775
-0.0008069411162138271
-0.000840965566068042
-0.0008682408279243504
-0.0008917647623564921
-0.0009085170678741433
-0.0009169307282679505
-0.0009158954987726943
-0.0008992611575395225
-0.0008692287969381979
-0.0008350709698609838
-0.0008012379691348825
-0.0007687749603542396
-0.000733918644416187
-0.0006892155874824213
-0.0006360951398850024
-0.0005797535576578027
-0.0005203762769139271
-0.00045949546348670326
-0.00040094437399056424
-0.00034911414182020806
-0.00030128093915241937
-0.0002445784555312679
-0.000173750574834383
-9.419663136394582e-05
-1.0929768107092807e-05
6.999778628984022e-05
0.00013952811039142558
0.000200568326862062
0.00026906618967273454
0.0003471901970087862
0.0004262614103369582
0.0005063890632604953
0.000584217430490437
0.0006489596111649364
0.000700691267691989
0.0007488194095119231
0.000800125201128731
0.0008561108193960159
0.000916783871903414
0.0009790872667465112
0.001031655744960503
0.0010658551010831682
0.0010848732688169091
0.0010966884112835358
0.0011057826047600906
0.0011110143189037329
0.0011106500873214466
0.001103788062140522
0.0010855236575742742
0.0010513684487782782
0.0010076587078870504
0.0009676722051014551
0.0009376993334500277
0.0009158298096073334
0.000895807059257041
0.0008640031651530549
0.0008100323706136157
0.0007429582915107986
0.0006770830596559045
0.000613767242587065
0.0005520907528695578
0.0004929169665143971
0.00043195162377594466
0.00036577886287804677
0.00029495037329111334
0.00022062112523875622
0.0001454320796529136
7.334403923939732e-05
5.342911490918887e-06
-6.116645950473403e-05
-0.00012944818001971566
-0.00019999065793636673
-0.00026943880555705015
-0.0003343343374066319
-0.00039285717538750534
-0.00044891962632611504
-0.0005058987930643826
-0.0005564684355404258
-0.000598523213146012
-0.0006403738324511256
-0.0006860947396531067
-0.0007335018992368751
-0.0007755334763906199
-0.000800464766955815
-0.0008018019229450344
-0.0007923614997410384
-0.0007902600782367214
-0.0007945639678331254
-0.0007975070205355341
-0.0007973606970908722
-0.0007877632755712347
-0.000761847102101661
-0.0007246897506594721
-0.0006856869705068772
-0.0006470260359242406
-0.0006074283117473952
-0.0005664307163574974
-0.0005192556210045281
-0.00045921041252958486
-0.00038651157846813334
-0.0003118081409369713
-0.00024780245267650553
-0.00019480306196875292
-0.0001442088831954457
-9.119642559365929e-05
-3.464183131216451e-05
2.5922555554920464e-05
8.629019163502473e-05
0.00014236565588503407
0.0001987354250643417
0.00025658354748026897
0.00030927248711602143
0.0003590619922375371
0.00041791396032662455
0.0004889698248224915
0.0005583533692900669
0.0006130390252966588
0.0006549994878494225
0.0006895700600410939
0.0007178211434294689
0.0007419797718223672
0.0007640029448297816
0.0007828952615182975
0.0007986371574039685
0.0008110270124155388
0.0008159726935468379
0.0008108759933556505
0.0007983808227007736
0.0007837071830291936
0.0007725232333208684
0.0007640660958325838
0.0007509025998147112
0.0007302287005341709
0.0007061381708416022
0.0006791299499288855
0.0006447005049318917
0.0006044249113804964
0.0005623340113607749
0.0005179427536933258
0.0004706871446722752
0.00041637607927775205
0.00035071430716656726
0.0002806316376391291
0.0002194821632122383
0.00017433051134129843
0.00013765060092766108
9.902991701282026e-05
5.667135430552776e-05
6.72393805553294e-06
-5.3002314899587754e-05
-0.00011362961986776192
-0.0001703762002955022
-0.00022724994245609416
-0.000284705909410293
-0.0003393738326655306
-0.0003901134540647785
-0.00044075824613015957
-0.0004927539983069567
-0.0005387054114566062
-0.0005732033352945339
-0.0006008478504941761
-0.0006267979001158069
-0.0006496784570300815
-0.0006653557206796073
-0.0006739358646732406
-0.0006782189993290385
-0.0006776840888577558
-0.0006703512010720415
-0.0006553732682403108
-0.0006350232951600979
-0.0006134906481261191
-0.0005943525391685812
-0.000577743885751957
-0.0005561549095087953
-0.0005237125984095104
-0.0004828671005603488
-0.00043315911604909835
-0.00037437808846481796
-0.0003162966969461074
-0.0002659202236087046
-0.00021836685784146478
-0.0001668114465787692
-0.00010950961306128395
-4.9062923844110084e-05
9.501694579606268e-06
6.31830696056959e-05
0.00011017864998913587
0.00014887769427158722
0.00018351213197926724
0.00022323009353136586
0.00027282461789661816
0.000328143767346319
0.0003825870523906937
0.00043368628088280754
0.0004814311951303455
0.0005261164345892482
0.0005665018662232274
0.0006015739447857964
0.0006334904055312159
0.0006609640435794041
0.0006771243163493636
0.0006788378163662883
0.0006712780172605395
0.0006640069226051883
0.0006630325817904796
0.0006649778948696066
0.0006665588314893678
0.000669261270945415
0.0006664167414835154
0.000650225114626899
0.0006225253487373059
0.000588695149585904
0.000553932427410303
0.0005204581866653446
0.00048779577302822614
0.0004554361555847512
0.00042305315932597174
0.0003890590020134705
0.0003520109789802142
0.0003118942147613898
0.00026960866112735
0.0002295095584526422
0.00019459398288179227
0.00016024001291271985
0.00012048011330308523
7.24043767935108e-05
1.9468905387198272e-05
-2.6427226240246534e-05
-5.748374479244431e-05
-7.827548340040089e-05
-9.969344584556618e-05
-0.00013154577741065864
-0.00017601119304794962
-0.00022642049805550086
-0.0002745153390934703
-0.00031369682237365813
-0.0003386788537730345
-0.0003518738106887962
-0.000366383880054632
-0.00039520181784962556
-0.00044081062695171117
-0.0004912552145398815
-0.0005270511923030535
-0.000540972463201173
-0.0005388889263906882
-0.000524887925658561
-0.0005012952973415441
-0.00047241250780857803
-0.0004416646803261334
-0.0004119842509484633
-0.0003857871739599484
-0.0003603197231174477
-0.0003330826802167576
-0.00031324221218827973
-0.00032299829081399426
-0.0003752235355367366
-0.0004484730766165368
-0.0005074925530265167
-0.0005355991267858199
-0.0005325616160246591
-0.0005037381442163587
-0.0004541310705688939
-0.00038551101659451613
-0.0003016656457356956
-0.00020911436630208298
-0.0001095774174292624
3.905151959896652e-06
0.00013187774104026967
0.00025008969940121375
0.00032189548065875097
0.00032915695994707863
0.0002853299496392783
0.00021354872043084834
0.00012200567479916165
2.1474344131745495e-05
-4.956976071322855e-05
-5.216875310605462e-05
1.1068340749919896e-05
9.974651041143408e-05
0.00017491141437270345
0.00023771368654434323
0.0003178894973358373
0.0004241929670880122
0.0005290119752226775
0.0006027405495867031
0.0006524462264610505
0.0007050505617718613
0.00076162036521937
0.0007952621429087607
0.0007908672515366534
0.0007667412024911764
0.0007596008397953599
0.000798932836280797
0.0008798100896699394
0.0009619059526705078
0.0010206076013888987
0.0010832387703376906
0.0011830289691710705
0.001307067831720201
0.0014199737537468283
0.001500533953362102
0.0015284696475271584
0.0014737653291420074
0.0013201047295879952
0.0010873930260706603
0.0008334110045448925
0.0006257280776616836
0.0004911420907541327
0.000390164959369939
0.00026919172890915645
0.00012750285958365977
-1.5309563446900853e-05
-0.00017005994314401636
-0.00034188012457378545
-0.0004997055988460729
-0.0006073717505710429
-0.000652989603789763
-0.0006582058972802427
-0.0006733760911586601
-0.0007442173530248801
-0.0008813087291531983
-0.0010572598723945022
-0.0012284438153311315
-0.0013735384158285193
-0.0014860121183584909
-0.0015318298199176214
-0.0014906976056356003
-0.0014219214009746157
-0.0014035883270701174
-0.0014200477712445648
-0.0013734410356354668
-0.0012090288794425056
-0.0009751963720890605
-0.0007763344092202401
-0.0006770215184438582
-0.0006322889980926472
-0.000574828002482273
-0.0005391320834002386
-0.0006258083831287681
-0.0008671453391544471
-0.0011795468581731422
-0.0014674454993955054
-0.0017244162004909896
-0.0020128022242999134
-0.002359279456359347
-0.002674513915836589
-0.002825307413235011
-0.0027704955946663765
-0.0025717224960580347
-0.0023396264148910564
-0.00216461351331369
-0.0020179146568733027
-0.00180588899487397
-0.0015040888419655086
-0.0011190609256339905
-0.0006282118034360201
-3.905480720294352e-05
0.00052986247391415
0.0009139903553573648
0.0011652890546945884
0.0015580851260966614
0.0022154750466491413
0.0029494047259591466
0.0034660445828613136
