0.0
0.0
0.0
0.0
0.0
0.0
0.0
0.0
0.0
0.0
0.0
0.0
0.0
0.0
0.0
0.0
0.0
0.0
0.0
0.0
0.0
0.0
0.0
0.0
0.0
0.0
0.0
0.0
0.0
0.0
0.0
0.0
0.0
0.0
0.0
0.0
0.0
0.0
0.0
0.0
0.0
0.0
0.0
0.0
0.0
0.0
0.0
0.0
0.0
0.0
0.0
0.0
0.0
0.0
0.0
0.0
0.0
0.0
0.0
0.0
0.0
0.0
0.0
0.0
0.0
0.0
0.0
0.0
0.0
0.0
0.0
0.0
0.0
0.0
0.0
0.0
0.0
0.0
0.0
0.0
0.0
0.0
0.0
0.0
0.0
0.0
0.0
0.0
0.0
0.0
0.0
0.0
0.0
0.0
0.0
0.0
0.0
0.0
0.0
0.0
0.0
0.0
0.0
0.0
0.0
0.0
0.0
0.0
0.0
0.0
0.0
0.0
0.0
0.0
0.0
0.0
0.0
0.0
0.0
0.0
0.0
0.0
0.0
0.0
0.0
0.0
0.0
0.0
0.0
0.0
0.0
0.0
0.0
0.0
0.0
0.0
0.0
0.0
0.0
0.0
0.0
0.0
0.0
0.0
0.0
0.0
0.0
0.0
0.0
0.0
0.0
0.0
0.0
0.0
0.0
0.0
0.0
0.0
0.0
0.0
0.0
0.0
0.0
0.0
0.0
0.0
0.0
0.0
0.0
0.0
0.0
0.0
0.0
0.0
0.0
0.0
0.0
0.0
0.0
0.0
0.0
0.0
0.0
0.0
0.0
0.0
0.0
0.0
0.0
0.0
0.0
0.0
0.0
0.0
0.0
0.0
0.0
0.0
0.0
0.0
0.0
0.0
0.0
0.0
0.0
0.0
0.0
0.0
0.0
0.0
0.0
0.0
0.0
0.0
0.0
0.0
0.0
0.0
0.0
0.0
0.0
0.0
0.0
0.0
0.0
0.0
0.0
0.0
0.0
0.0
0.0
0.0
0.0
0.0
0.0
0.0
0.0
0.0
0.0
0.0
0.0
0.0
0.0
0.0
0.0
0.0
0.0
0.0
0.0
0.0
0.0
0.0
0.0
0.0
0.0
0.0
0.0
0.0
0.0
0.0
0.0
0.0
0.0
0.0
0.0
0.0
0.0
0.0
0.0
0.0
0.0
-2.666677307918549e-07
-5.603709655180024e-07
-2.7982214149563875e-07
-2.9703720499417293e-07
-1.8125103722875174e-07
-5.191149450535157e-08
-3.7607790355645775e-07
-4.607783505241601e-06
-8.524585885990719e-06
-3.140234828364495e-06
3.1284775133435107e-06
2.3424700094844867e-06
-1.2548676159047582e-07
-2.261627373827023e-06
-3.4927263192338377e-06
-5.287536468082808e-06
-8.731557399960828e-06
-1.637869740525078e-05
-3.4717028664714916e-05
-7.250823481044262e-05
-0.00012071734500714266
-0.00016369869210005336
-0.00017966990008160222
-0.00020404715798737734
-0.00027632402252782975
-0.00036255241595535987
-0.000471444100391783
-0.0005128031072571421
-0.0005600698702691128
-0.0007421449108225049
-0.0007733218391239378
-0.0006754136650942917
-0.0006958651715475271
-0.0006845110735970914
-0.0005707182439738732
-0.00042693566251173886
-0.0002862279178259033
-0.00027260008592190524
-0.0005049416572572935
-0.0009092952550308095
-0.0011609556075130542
-0.0013004953927514154
-0.00175410472963142
-0.0021252148848786368
-0.0019559102157788275
-0.0018976526102055366
-0.0021126502289768355
-0.00221502505036314
-0.0018245350538159482
-0.0010575415781392467
-0.00035158278045176216
-0.0003352412691158997
-0.001127324322410891
-0.0009169523041873274
-0.00034029930715870387
-0.002498591449085127
-0.004677259086564022
-0.00315118591732438
-0.00025111099989127245
0.002055014281775113
0.0022797806508297463
-0.0013226926882252538
-0.003785280772069237
-0.0022397531137729352
-0.0015692296947084437
-0.0010804680107593327
-3.943813162217232e-05
-0.0019706453654393303
-0.005539955458803441
-0.008520034223603867
-0.009152316534164354
-0.0071962584391072285
-0.007109587022973294
-0.008180768126416004
-0.006509126665706266
-0.001743113975062727
0.0025436298831585107
0.0026935215404790785
-0.0007329981593175483
-0.005256238648364578
-0.007225625491052745
-0.005488429411779223
-0.002697961710691429
-0.002482851473379909
-0.0036368294580096825
-0.002091354476920724
-0.0008497854953374912
-0.0023409630896434
-0.002998297397289338
-0.0016073220729075058
6.950135267058175e-05
-0.0002281625671984194
0.0010686137660664613
0.006400267150231313
0.007944887951652201
0.005543919906765769
0.0034377315033831722
0.0009082480754638627
0.005329328385174579
0.01104282208226894
0.009264979306707218
0.006009122861957357
0.00013925383701954646
-0.00697840027053508
-0.0077853724053260406
-0.002137472842547521
0.0013475991905586248
-0.0017474158947649262
-0.00278126447197601
-0.0005540187011233074
0.0009283646107179946
0.0007761816730080268
-0.0010918754762627599
0.00020111300602346525
0.0025454476416367283
0.002032465378555779
0.002458992905131886
0.0004904680460496269
-0.0017883719557400554
-0.0003715728968407279
-0.0005569920330469959
-0.0018747736870822925
-0.002068932688309315
-0.0027205152156285794
-0.004446406636135516
-0.005087254533472133
-0.003124975092286298
-0.0009583973103485135
0.0012148518534536358
0.0059563509669362195
0.009350312869272024
0.006677664063623371
0.003074793166186034
0.006082043572134423
0.012760522167809278
0.015408707389395142
0.015646013852876426
0.016688184513188337
0.016657611302016016
0.008169303229709927
-0.002541983274708016
0.0007389309201238092
0.008816759167368557
0.011782222752838748
0.013905407136270405
0.013508213744563336
0.010166600919151725
0.0040131746794179165
-0.004461514817553512
-0.007940919993701653
-0.006808640542049255
-0.00383957574136219
-0.0005781928479034287
0.0007045865026125945
0.0007160829332446406
-0.0018274813650177896
0.0005517993539903851
0.005664370222740762
0.005160009563989731
0.008916143102565994
0.012985628901080803
0.010139096648890946
0.01050920614703015
0.00962830053460144
0.002930144151307471
0.002655576193507985
0.010195656772650599
0.011113589917673031
0.004141862774145117
0.0029674047026880964
0.006592583893659861
0.005968338245946003
0.004426252025648989
0.004823636435143594
0.006280165418818681
0.009260434396086124
0.00935474341702447
0.008542936350617458
0.012568415244471418
0.014934828151375609
0.012266520715592033
0.013249480502751144
0.016694149604826063
0.01467381357961538
0.01172248749301149
0.012235350342739136
0.01608275595736885
0.019861143362746324
0.017520426564211163
0.012746131972507827
0.011411873181238815
0.012465955128949817
0.012683791464947218
0.010643040466538007
0.010628737975163574
0.012771755273993499
0.011281692913929992
0.009318379181916484
0.006526219044011603
-0.00039042419417187796
-0.0001817772249761922
0.006604986998969427
0.00697571802208675
0.0010259847366016243
-0.005427139260107777
-0.004983355529485982
0.0006416466369706829
0.0018598028376873204
0.0025254847486059114
0.00577750698828397
0.0030635444092988145
-0.0030493814640015224
-0.007983680598322699
-0.014525714571473804
-0.019613951220739462
-0.01886438478598255
-0.0179586054731503
-0.023357102203532865
-0.024768048714996597
-0.018602999497423296
-0.017410872903340376
-0.017634547851676566
-0.01159287950591184
-0.0038136610978771225
0.0008774026223928734
0.0009590393731525434
-0.007022318396318293
-0.02126236267058503
-0.026970894626816587
-0.022500478580372043
-0.023816907668376557
-0.031182947142516685
-0.046037114712351786
-0.06158617326639169
-0.06101921202554313
-0.05483766362516016
-0.05042375416720219
-0.044947353557803264
-0.04040530184438997
-0.03359250830061616
-0.026655296345855995
-0.02623368623103583
-0.03283487519187527
-0.03863244142038105
-0.03909509931351633
-0.037529138323756275
-0.03452084806542359
-0.03585274281709755
-0.0416101776537509
-0.042758820104566206
-0.04416926348541346
-0.047221941667384755
-0.04901161948237928
-0.04687627163127586
-0.03963793627760863
-0.03319481855629529
-0.02938238338044523
-0.029946594304361068
-0.030495639347630044
-0.02679508048365658
-0.025244853904657114
-0.0269600520488642
-0.030051841112529232
-0.03257031015911017
-0.032757650972672726
-0.03430902065942529
-0.03689151798915459
-0.040844548923573566
-0.04507121182262823
-0.04251949032646298
-0.03558721449173754
-0.030736432630687302
-0.031155102267019688
-0.028141720112839157
-0.02013345519253357
-0.020436041048077995
-0.024940885956381116
-0.025095741116710844
-0.016040802986717465
-0.005219352924942827
-0.007216132964252384
-0.018446107421339952
-0.03159389775701019
-0.03472320197104487
-0.023488973521714522
-0.019472507698946914
-0.02137795928218148
-0.013643760096676722
-0.010278572410568405
-0.018160053847460746
-0.02348762047287519
-0.02487666952675762
-0.02648248634899251
-0.020223201453559776
-0.012927223222148697
-0.018754493802031296
-0.025467929750917575
-0.023606174910762882
-0.022540377433688013
-0.02183138726232739
-0.014744366372739409
-0.004623072374049369
-0.0018186571591843378
-0.005257727765899255
-0.009377005726470603
-0.012016093855879848
-0.011691671432304275
-0.014905747675273024
-0.01583417554347788
-0.012587424967411828
-0.013396187706186863
-0.008317759026843
0.0011547926808827265
0.0028421665174871496
0.00518575812038346
0.0066227246304293745
0.0029383140669509964
0.005945793720450107
0.014776925894518804
0.01818121283515159
0.008109783765573695
-0.00245394543047
-0.008976807172972875
-0.016433779999823893
-0.014559824680270273
0.0021804082573545036
0.02203641556369387
0.031176856793417532
0.03427554174972602
0.03874414830509933
0.04605075822395446
0.05051763880891352
0.04903078525990706
0.03906913690123141
0.029715566322945718
0.037663028910455885
0.05151068495323819
0.060610857231631864
0.06656744396914885
0.06975264318508737
0.06546189482932374
0.05371289235969717
0.04981428560577311
0.05849672017176242
0.07340624816733304
0.07886468092706277
0.0652535286597767
0.04830569010761838
0.03563390784176245
0.039774061912365336
0.0699709119372561
0.10103186209320408
0.11767961843207402
0.11576954402406561
0.09279194904484267
0.06584413193553146
0.0636672294814103
0.08874808835302855
0.09995282331445338
0.08607330084977162
0.07289954552663183
0.06692727991691585
0.061512177034633145
0.05983023717051467
0.07418161269098536
0.10277309994601751
0.12574491951566605
0.12288993795664195
0.09743567476753205
0.08171333522321397
0.08832566632777655
0.08760672669495052
0.07056469954577008
0.05075712567719289
0.03348008428383126
0.029055224682649122
0.03274135751062881
0.03624145551850507
0.044063291057893306
0.04668112745461495
0.04166559535248826
0.038205918531034805
0.03389564250227378
0.025147713729937706
0.013204770686208659
0.004857874330644099
-0.0008181769080642089
-0.01078005036139998
-0.017318524158916267
-0.012571446458229356
-0.009209388830644495
-0.016375085563756907
-0.02421099827285204
-0.02405025656397782
-0.027759322673364326
-0.0439509095195479
-0.04457878225044612
-0.03815372041422978
-0.046078755945375166
-0.05320137397069083
-0.0534599124502676
-0.04006503198086653
-0.030376881714380223
-0.04586469775724174
-0.06569294959750083
-0.07439298181298518
-0.08696990397752431
-0.09677362405966589
-0.08993896981592764
-0.08301876735814509
-0.0875186631794502
-0.0903115103450541
-0.07794426849437047
-0.07042501916534726
-0.08061188976104221
-0.08178475171816887
-0.06497591277359724
-0.05332834076461106
-0.05639138378811693
-0.06362810544618132
-0.06759542893483979
-0.07324646270148256
-0.07750005745636304
-0.07152864090001491
-0.06375390120502807
-0.061149006966723
-0.05410215563294141
-0.04200522808135847
-0.043984738086697714
-0.06104641702584318
-0.06563823739872886
-0.054024490663701664
-0.050012329452941054
-0.04418273271767648
-0.025603642773659237
-0.015503454033645392
-0.018244544929052788
-0.01395817919484714
0.0009369563069173027
0.010241332247844239
0.00973802645253066
0.007136981599471532
0.011984502661762405
0.015843548899730265
0.00881760569405589
0.007765847807861248
0.017504584493051843
0.026676413531629545
0.024158521626034792
0.014255184431180009
0.022463256941812674
0.04048188834099677
0.048615475395099174
0.05370757627628158
0.05849085507629434
0.059917727038099965
0.06449129592414109
0.06644758878445198
0.0537922750558908
0.04772256127917176
0.05560057601943981
0.05882265951281453
0.05204438363594668
0.0507154477011108
0.0596049614458679
0.05647066273929373
0.0493311117076095
0.058663831805638125
0.07516087069839915
0.0783949933301806
0.06925121066555939
0.06111612878345581
0.05005962936742737
0.04716735839969792
0.05548498793998006
0.0560515947240129
0.05273728196901637
0.04935959005718912
0.03583102324939714
0.023327281685848467
0.02827179175327289
0.03646926047265069
0.03938779861872567
0.04301892075637699
0.04904686193232426
0.05233781206210201
0.044870094311964905
0.035574669081757986
0.029100207322119914
0.02533988886505279
0.023955499839641493
0.012934380796944594
-0.0023838073181599298
-0.011767084791624338
-0.012827410221776511
-0.00883151487666473
-0.016063091736289385
-0.02344606441856218
-0.01963142807795928
-0.025555515817003036
-0.03542179328674141
-0.027251759890794126
-0.014412887415109255
-0.01560588724464318
-0.02515057179463963
-0.0350668014935139
-0.041091701914943976
-0.04074605841679037
-0.034587152552592
-0.026666357753735274
-0.026828347159480577
-0.03378376699662741
-0.03357482430838075
-0.03029623982684526
-0.03434152788304384
-0.03717790936710388
-0.03382914992658688
-0.03784653053464172
-0.054027437287558336
-0.06004190184763566
-0.05370226759004427
-0.05517801921493718
-0.05269531319843048
-0.037341877738096246
-0.0298881511878349
-0.02726595021988089
-0.013379605351533473
-0.004196335368848111
-0.014172717753982374
-0.02158318289681176
-0.01498212810241034
-0.011295761670806839
-0.01615309126935616
-0.017332282158568267
-0.00936367573826321
-0.011755326129347612
-0.02573658257536519
-0.029144881466742097
-0.02368332409929483
-0.010248763591220147
0.006197555932378627
0.00602608478249806
-0.00014000095078112754
0.001456570098376693
0.001237303186723546
0.005105252840544525
0.014168311748971927
0.010703229069872616
0.006140228613614365
0.012805808064274133
0.016664790303466907
0.012164173344582693
0.005566066710491479
0.0045222765490314275
0.008536793983077865
0.006980524272534953
-0.008440759464869699
-0.01883654846800976
-0.008147638194761971
0.002120165495184831
0.004228096249734066
0.00762175022469805
0.004544448898473294
-0.003653918271403492
-0.007625670945386457
-0.008480291880540029
-0.0018353872097622917
0.0038497033838113966
-0.0016421941639949784
-0.005880530561614172
-0.005361292687369541
-0.007934343388134467
-0.011283019209881364
-0.009894608222219853
-0.003215451457621902
0.0020600499008684484
-0.003958114894982939
-0.011380148119758727
-0.01004909880130797
-0.009264446747878992
-0.009716716272142826
-0.01098189313683466
-0.01688106634069388
-0.019475231386682626
-0.014102924968494562
-0.008681570415414964
-0.010415004796033843
-0.0166447753934796
-0.027188002961976022
-0.03631166473674001
-0.032983284568032956
-0.026435189610962462
-0.022367607183627253
-0.01716183270235778
-0.018182431125888066
-0.0222391308325235
-0.01609820414977311
-0.002244469430361641
0.008714036169689783
0.01126825117894179
0.009166312158183103
0.00640047275802502
-0.004637157857907572
-0.01870227434715767
-0.02622367273202723
-0.03322329884367615
-0.03021497006036719
-0.013340386600325235
-0.007173329032263741
-0.009723978881074078
-0.004098735224568642
0.0009822445814533078
0.007247231037238222
0.014510682088042121
0.009311991704715854
0.007461966198795032
0.01714913202989218
0.017073464007200348
0.0057122514930995115
-0.002511133980763755
0.0021362028281590945
0.013019421727092473
0.014360049243648924
0.009824774001669322
0.006979136131517487
0.010286063897227202
0.009776562428486004
-0.007827224054569187
-0.022206690996814816
-0.019095283179673964
-0.008075961008962457
0.00382050999987527
0.005362211633402952
-0.00014452752002955388
0.009591240888395094
0.021393420945075563
0.017010380052952245
0.014624722863133344
0.014732093320494527
0.010134139601977553
0.015072698663742598
0.014652579761648538
-0.0021116946292220502
-0.015469027906915511
-0.016469045772312323
-0.011431205598286372
-0.017911501225411682
-0.02388786976762061
-0.016229833723897347
-0.011661407368677313
-0.013850540775388567
-0.02083691439550421
-0.03288073333962417
-0.039512175188049906
-0.02245181124676939
0.005183688719098534
0.010262049396594248
0.0010819566481916525
0.00014361415262647827
0.004361441875393657
0.0019059817049922614
-0.006229758532656381
-0.011695944864183462
-0.013770816829528737
-0.017824618621803255
-0.027580436284376845
-0.03263262719207652
-0.023631237268127006
-0.012376827961755389
-0.014581766060908883
-0.02700621568402486
-0.0340739556899442
-0.027734995922436462
-0.012836941157171732
-0.0018156224646564993
0.0005519116130890499
-0.0024024635521387224
-0.006569956171146037
-0.010602466409726043
-0.013530932118280544
-0.01136018351515836
-0.003400317463048561
0.002508844193575113
-0.000880996420938193
-0.005150365829168658
-0.0036537103144657287
-0.002480611083096965
-0.005241014924463776
-0.006904075998379245
-0.0005533263427835071
0.00036032377517973183
-0.013051825208214188
-0.01838881445810537
-0.010921879989501507
-0.006330033131439112
-0.004361230634017277
0.0002741217600436759
0.007318164045948901
0.012886831665943524
0.014256215629541864
0.010745281406675782
0.006609863173982556
0.008563767147333408
0.012575200011402136
0.013944311735154712
0.011685977461697134
0.008874354306231286
0.012209830626121302
0.015144345571831936
0.009703759507700636
0.008205627521843645
0.018037527585091688
0.024385563737129773
0.0212196242057534
0.018342342582351012
0.020509501625840757
0.023634563048772997
0.02615579870331633
0.03047053647502535
0.029403917734997988
0.024470502228362914
0.02958763478359687
0.03917611004221696
0.04086436027290226
0.03880518486326122
0.03867069437000093
0.037966436815772504
0.03481687608966638
0.03164043966973985
0.03361514570572843
0.03897513105773314
0.04060922947244506
0.03903071616832556
0.0377557567123875
0.03656316178732263
0.0331079110725732
0.028133435212540855
0.02881959287503153
0.03478412688068588
0.03520808772526865
0.03238427560443437
0.0323031456338083
0.03191639307160849
0.03497852598947435
0.039185199384435654
0.036450456270685015
0.03146855739181963
0.028761362227307682
0.028299094263467706
0.029930117598882023
0.028095827995502413
0.02191584623318773
0.016584860285529593
0.012494757767555558
0.009741749099703606
0.009189678410604571
0.009397159555641415
0.00784960047073064
0.00799726917387003
0.013048981476840625
0.013324773864765308
0.006950376694894667
0.004452146153636479
0.006519220236618673
0.007460253644503563
0.006539758362154899
0.006046261051318948
0.006210443294405985
0.0034098029556611934
-0.0024502026362095094
-0.007965246844793513
-0.01111856477177168
-0.009433809322927086
-0.005274642102333245
-0.002809364647542921
-0.003586118784231421
-0.007028525796269461
-0.010489264696444307
-0.013406183991067272
-0.015832502294122815
-0.017137464538385654
-0.02017110465703624
-0.022882113519995983
-0.018856529237929243
-0.013444101026191852
-0.01056673662924487
-0.008508958742391423
-0.009783294731959739
-0.012349564259188374
-0.012422302339515764
-0.011706776624033022
-0.011052630374719673
-0.01099087095154451
-0.015225804619910811
-0.020232102895233528
-0.01994292019820154
-0.018313616807383394
-0.020450268720583607
-0.025208981109582057
-0.027330457387592294
-0.02332860807146802
-0.018366403533357178
-0.01984418011456257
-0.02274461756115468
-0.02114501901546669
-0.01932633040888865
-0.017956989407936625
-0.018260273071387983
-0.019241131623350307
-0.013764185160111
-0.004313108395984124
-0.001557584752750739
-0.008161298827589203
-0.01387306735601791
-0.012062111146642107
-0.009569517516853124
-0.011605212243986572
-0.01233979056313263
-0.009611672209395067
-0.011060577221035152
-0.014163017569073018
-0.011373894252797083
-0.011044850023498979
-0.012971271936962327
-0.010429245713001712
-0.01018722192339091
-0.011164915328768328
-0.00847177794592638
-0.0044785646615973194
-0.0020188103563432936
-0.002047649880483581
-0.0017867237442319316
0.00015892838053805473
0.0022394930183686325
0.004368348451125
0.005843698322273283
0.004567701938598507
0.0038713502814697208
0.005593779886248008
0.004368869148619283
0.0014349395265623509
0.001078251211110261
-0.0008863542755628577
-0.005130472823172208
-0.0061792690860737725
-0.005079132691545425
-0.0024467398334761304
0.0026911627686849126
0.004548748450225158
0.0006371610194249835
-0.001624294839533406
0.0021505609472366786
0.006106715024545425
0.005741702808161378
0.0041837682841431864
0.004834880609528191
0.0040247952432984355
-0.00047275688710988236
-0.003056853034997444
-0.0011211828160672755
0.002962171057907719
0.00398472248211833
0.00041038397658824533
-0.0017343373358188728
9.782383390462216e-05
0.0017336866736740177
-0.0012785276244853512
-0.007537341481294439
-0.010478510405055048
-0.006896712389912107
-0.003905196107119931
-0.004781651599741688
-0.0020457544280950072
0.002634076696657804
0.002569988193796479
-0.0010290248449444097
-0.0030453821656983224
-0.0005522720327638683
0.0029881433312996695
0.004835988041546493
0.003393683399760646
-0.002497620546316985
-0.006648641171099099
-0.004836464582044996
-0.0017428134721818138
-0.0019354881579344433
-0.004604816250190811
-0.0064653440957912495
-0.004983038734062944
0.00014381385984331215
0.0042056533404185616
0.002767613958223125
-0.0012692581826823078
-0.0035251808353021987
-0.001565769283424967
0.001801109605617589
-0.00019693482124417004
-0.003829682561508134
-0.002710382991708605
0.00036919809512276437
0.003940624040672513
0.006171326604314295
0.004053957074475991
0.0012598056065080932
0.00024165399822581818
-0.0010828448843048155
-0.0025499449243371088
-0.005078448738074005
-0.009107992547197907
-0.009309556482007816
-0.003729359818572007
0.001785711914119752
0.0008947960582436208
-0.005201723363400921
-0.008393169383250503
-0.005011943755748901
-0.0006493147930408952
0.000420353229125835
-0.0006026789755521858
-0.001988685951592736
-0.002557593281623214
-0.0014967822251512341
-0.0005011798741820081
-0.0030212072247587747
-0.006579658062168709
-0.007569054303626133
-0.006865695850046405
-0.005111784642403856
-0.003465034440312417
-0.002861213972032525
-0.002966658645996264
-0.004294268149427861
-0.005926148319269626
-0.005168837270366529
-0.002634439857782314
-0.001663481314442962
-0.0024877123360108914
-0.0025283262255225755
0.0001456797500315029
0.0029153195240827334
0.0019207688357635606
-0.00011101319262845202
0.00047421758904766723
0.0021151312835420003
0.0037934164428781994
0.005206022336787442
0.0026511443361619596
-0.0009027459784732646
0.0007796220763511433
0.0040429016663024835
0.003258991926566256
0.0007623512425295209
0.0011561341022387952
0.0023725410125345478
0.0027235724580451253
0.0041590524197005745
0.00656838496443908
0.008059442654179188
0.006513571795408087
0.003959147140154209
0.004226933604449581
0.005790755723893084
0.0062271932082805966
0.007494165062679186
0.009221716037882513
0.008161681773440708
0.006309260622488355
0.006439634594745686
0.005846163113600086
0.0017845642772554135
-0.0009365223278307057
0.001566383325264891
0.0037847461549053068
0.0037039742814270597
0.0037716454871563323
0.0033233043870976443
0.0019311967004902258
0.0008981825258225421
0.0008966425019441342
0.001882900741267787
0.004191540516325738
0.006110158107441285
0.005286301343230724
0.0025915383408739562
0.0010829208615063014
-0.000139921084399137
-0.0019756370349167927
-0.0016907764654636632
-0.0007401971586573749
-0.0003128529384970903
0.0004170436910005527
4.024072332776449e-05
-0.0016730118750151468
-0.003468195299043939
-0.0037729447942949656
-0.0035440219619202115
-0.004097167370353322
-0.003063783530479045
-0.0011777018431393213
-0.0017763256896807804
-0.0034956059911685536
-0.004574537760021862
-0.004675141418932501
-0.0017252919032525293
0.001828239314930349
0.0016574908548115568
-0.0004454853625415961
-0.002052038339142238
-0.002179613682074469
-0.0005574765559976251
-0.00019015576730060403
-0.002858446394782144
-0.0051054549630544606
-0.0037751900876962655
-0.000509564611758397
-0.00013999650539385847
-0.00418775657075588
-0.0067274043990465235
-0.0034937759846031453
0.0012577182421994878
0.0018968398140787122
0.0002668242676805993
0.0005208349006175135
0.0021331809223861004
0.0038565684200330256
0.0045786784204799496
0.0030206499456808056
0.0007007683428859086
0.0008308335553165816
0.003323111877957599
0.004842553837371379
0.0034956714316357125
0.0008873363534622669
-0.00028398171050721094
0.000765264023136405
0.0029654498669451517
0.004873511224359184
0.005671727838726518
0.004823832929656095
0.0024498591661975943
8.502259696975171e-06
0.0004888619020650496
0.003666865884631671
0.004746806333181911
0.004544918713662611
0.006000911100613921
0.005842880492943114
0.0044476617447900685
0.0051197996706277595
0.005704533675231518
0.004775966433461241
0.004175538607074259
0.0042984216223314105
0.004641647086438699
0.0051748834788169235
0.0041349776844297635
0.001217203837488946
-0.0002978989046999838
0.00017609372118642126
0.0005262860153355829
-0.00013501179406023487
-0.000606318271204427
0.0001297441896243513
0.0011796362178270016
0.0019855743661007096
0.0020045582301487404
0.0012157732757951314
0.0008206224707808848
0.0011019290927496786
0.0014480855170332038
0.0008790181245160265
-0.0006748007538919282
-0.001226966578380333
-0.0008599920044479791
-0.0012245080178137887
-0.0014577430523640788
-0.0018831736898059434
-0.0034623466497856648
-0.003720780644419936
-0.0024212274762197695
-0.0024556864340788617
-0.0035479116542128557
-0.003461713645189867
-0.001979687343225693
-0.000862489540818596
-0.0016344236820160253
-0.0036056483378231487
-0.004674183629350355
-0.003903938777568327
-0.0019957292074877313
-0.000471102514895166
0.000175077181209134
0.0010008769882089423
0.0016575500149311007
0.0005612912399529667
-0.001958284395825346
-0.0033906716570855
-0.0024420223063702138
-0.0003107893651711577
0.001464391854109484
0.0007286519417105425
-0.001748352319877974
-0.0019237595238032496
-0.00045471786683260953
-7.482021467964212e-05
-1.0066838208540835e-05
0.00024318499397687167
0.00026690815381617334
0.0009925198945496113
0.002352587770271268
0.0029497985180283255
0.002800720361145931
0.0026186879717235863
0.002694818631080264
0.0029181358808149194
0.0028242674908888136
0.00254384725229971
0.002216413041362973
0.0016428878863618877
0.0012045046192173442
0.0013847795899921903
0.002025506773740625
0.0025468861457816354
0.0024634390401005062
0.002073892043196891
0.0020750461594749177
0.0013808430346543747
0.00012903002903851652
0.0009319798507843297
0.002533013518170909
0.0027983302030641496
0.002860453990122971
0.0026810481235939134
0.0021058835186985323
0.002372109171150845
0.0027285836664208384
0.002208796237278655
0.00133636963574139
0.0004792476105691252
0.0008840908913565565
0.0018920444984583931
0.0009645433983379534
-0.00014899095168008678
-0.00015868417602634113
-0.0009014966153339221
-0.0004289812213018181
0.001663812517683043
0.001505782650995953
-0.0008233326110872887
-0.001839142850923044
-0.0007589257076184109
-0.0002110830122681764
-0.0004621427114775593
0.0003448545786942621
0.001124507257959116
-0.00030144810569609375
-0.0019564209967948133
-0.0007399988696643303
0.0006266925225544129
-0.00030674711145087306
-0.0013744752510158125
-0.0014739937121794726
-0.0017303320465567003
-0.002502534796360245
-0.0025362971087785915
-0.0022346808939807316
-0.002823547702873819
-0.0026183766620467806
-0.0013683881126364769
-0.0018110507448058568
-0.00313509754243105
-0.0027668194383996484
-0.0014846174825607445
-0.00029965737670876574
-0.00015875452019049573
-0.0014001188937072897
-0.0014009645440556974
-0.0002450350088863809
1.4949744512854435e-05
-9.462480356932169e-05
-0.000842332291172899
-0.002436190054968505
-0.0027410318430135527
-0.0014382919162958944
-0.0003794111154154189
-0.00037111485591429986
-0.0012313077567592452
-0.0013620686102075237
-0.0003105554556991882
-8.088208631778662e-05
0.0001946488937232217
0.0013386525862368708
0.0011989556787274963
0.00022318839050113534
-0.00024788296957465184
0.0002828613267804333
0.0017877639476881122
0.002321737314651727
0.0017557876256027167
0.001936757450941404
0.002440017954703104
0.002311729312657418
0.0021276695401244916
0.0015724253313317048
0.0009214806416127192
0.0009292221146789458
0.0011993194758718605
0.0014231071678829687
0.001224028889476919
0.0008963649754749867
0.0006439483620645722
0.0005174986193153548
0.0006560378527921166
0.0007553140792804726
0.0011515464001320636
0.0020151256353421296
0.002051152664786973
0.0010018005713006274
0.0007038403811947528
0.0016613277054705387
0.0024787845436563573
0.0019252187181022589
0.0007879048507414815
0.0003569617608743352
3.1267953693946245e-06
-0.0008134607815656258
-0.001623499907862944
-0.001494985914284263
-0.00023076524974738433
0.0001504033906434043
-0.0010290741487457295
-0.001998600974617847
-0.002045023060196564
-0.0014196731769190506
-0.0007890599347142339
-0.0009691828125368665
-0.0015827553119436804
-0.0016801258890683536
-0.0011216369377559628
-0.0006855685789510428
-0.0005852691006817782
-0.000358201065616237
-0.00029109169828643746
-0.0008462578377893924
-0.0014052774815456663
-0.0011542530495455162
-0.0007147040344596894
-0.0010680129762745392
-0.001730864794017828
-0.0021141920878752995
-0.002424570183671503
-0.0023009309080708916
-0.0015865815180899601
-0.0009563705511443469
-0.0012423230288755346
-0.002177302236858934
-0.0021767734980216234
-0.001413841539007994
-0.0009943298995830992
-0.00024086759731018048
0.0005845851302360443
0.0004185563103260293
2.9163088901620896e-05
-0.00011616777821507969
-5.3418333458528696e-05
0.00044714703804389926
0.0008429154580762313
0.000589011601236389
-0.00015490321317606438
-0.00020393864186529732
0.00027499197520628957
-0.0002570766080926548
-0.0008273591413652702
-4.5676124803673155e-05
0.0005527137582880691
-0.0001478027640895544
-0.00038325832024959587
0.00010127688101628649
-1.1659580069973e-05
-0.00012895954701869276
0.0006692565888391525
0.0014944277409040475
0.0014920489786810374
0.0013659798821180438
0.0016159488525923594
0.00188963568824117
0.0016385632835811974
0.0012228358304034097
0.001357904620726963
0.0016142136209112796
0.0012962789190884179
0.0008976250993230036
0.000932923462076573
0.0007304679797122905
0.00019355294172198841
6.809793942082518e-05
0.0003235880362748123
0.00035824864905392023
0.00036432245011858746
0.0005082546617769956
3.642463241090711e-05
-0.0005384151972426794
3.310467739639594e-05
0.000996524674005525
0.001102484866929525
0.000615922320100407
0.00039459465971818694
0.0005151334681489932
0.0005477514896642734
0.0005737978850359895
0.00046857329796517935
8.310067577679904e-05
-9.0649810059025e-05
-9.002074974029769e-05
-0.00039183891596916595
-0.0008662590749047733
-0.0009943936531215344
-0.001171681735174158
-0.00199455456561505
-0.002162148099819127
-0.0012048057601716784
-0.0008891795369918139
-0.0013254978748774486
-0.0016241475294354285
-0.0017016534932425516
-0.0014291943688669395
-0.0006502259854087573
0.00010544700815436772
-0.0003190619351144893
-0.0011934305000723515
-0.0008560485164679178
-0.00029237869964121257
-0.0008818649577205602
-0.0013546811944865052
-0.0007267449696907227
-0.0002716410597538828
-0.0006678986342439503
-0.001010627107766178
-0.0011414060065944246
-0.0014746341572116411
-0.0013227354745430895
-0.0007645990858467917
-0.0007263027057397605
-0.0006509596727087705
-0.00035417061451014015
-0.0005700861427430158
-0.0009523282805925738
-0.0006698117644151873
0.00018023122582292014
0.0008760118763385987
0.0010982671219857572
0.0007221279763534459
0.00028362038844165357
0.0007353207870296878
0.0014579843120100992
0.0013443036047697738
0.0008612025825079241
0.0007179709033748662
0.0009161998264864929
0.001133203597528846
0.0008368416554394303
0.0001616478298419312
-6.50471877949051e-05
0.00025104219711562795
0.0005139439932143523
0.0007268663279042849
0.0009458840689183496
0.0009237925914645977
0.000748991684165264
0.0006411170600264435
0.0007414700251118
0.001009994656998337
0.0014226003735522132
0.0016945268517110598
0.0012951134954501155
0.0006394635181114426
0.0006179745542640242
0.0010917962418885048
0.0010426419349259042
0.000404159153800516
0.00027850275805399205
0.0006686096763964216
0.0008027925918815313
0.0003917956816602597
-0.00041547678495310964
-0.0008283820773195989
-0.0004845812089500765
5.047013879215548e-05
0.00011153857151780497
-0.0002597692408980318
-0.0005395648826124448
-0.0005967829611861616
-0.0005542538906753827
-0.0005202803204171108
-0.00033388462924491643
0.00016152159852882424
0.00035761221442202017
-2.2327288575094977e-05
-0.0003569717402778804
-0.000472345772361005
-0.0004342412472995847
-0.0003472208004641163
-0.000597747073424031
-0.0008575354788420765
-0.0006938783706195166
-0.0005726918427395766
-0.0009398405483820614
-0.00151865351107973
-0.0016336041437917277
-0.0011698228352724454
-0.0006407928776093464
-0.0003495480373229126
-0.0005810083189687397
-0.0011069977867372146
-0.0010270184061012889
-0.0005832542651751351
-0.00042233060667287687
-0.00039070921897747205
-0.00032452636703808553
-0.00012182393144202899
-1.0890509178380058e-05
-0.00024876948144984573
-0.0004309095567983659
-0.0002267277282784896
-1.4292541472720295e-05
-0.00011242469176364204
-0.00016261290400412852
1.162017660919452e-05
0.00010902033536301691
1.5781649229582624e-05
-0.00027204710144501047
-0.0005523611936662158
-0.000316114293351149
0.00035272038023438515
0.0006547079869543025
0.0004186628736550886
0.00019152198452160142
0.00026481442947637557
0.0006221903566739002
0.000904799843433245
0.0009449874565335265
0.0010002232583605985
0.0011786260568143673
0.0013918944015564123
0.0012047628245812005
0.0006839754941331315
0.0005817612604656589
0.0008836897075568285
0.001004535910245003
0.0009103565505858839
0.0008885523489787061
0.0008187054459380647
0.0006239516627608364
0.0005243554042008092
0.00041091936112439367
0.00045096615393444133
0.0009625747986713442
0.0012265666126849563
0.0007891831288021815
0.0003530963252409416
0.00038378797389507463
0.0006474580859519227
0.0007335518977635521
0.0006029529542077995
0.00046756437369053144
0.000433181193185859
0.0005103827186762772
0.0003763268523098075
-1.3338059935289006e-05
-0.00015549416234154353
-2.2129176148594823e-05
-1.9474228669956546e-05
-0.00013783339288825008
-0.00028645011228944467
-0.0004897735097392838
-0.000629748845423174
-0.0007203266383179311
-0.0007883834283614993
-0.0007953066784027635
-0.0006293408901005342
-0.00039653931564599383
-0.0005132075548674095
-0.0008266185797517278
-0.0008267379457136067
-0.0005246126633039347
-0.0003134767388741198
-0.0003944388974776728
-0.0004658320870786698
-0.0004251394153265788
-0.00039188302218675004
-0.0003746181729022487
-0.0005936631450337509
-0.000855733246494068
-0.0006961465671915679
-0.00039637628079275703
-0.0004811994260318791
-0.0007050385084337505
-0.0007657407389737896
-0.0007697882784005124
-0.0006879923644595432
-0.0005278366253910489
-0.00037512726329293623
-0.00018279226231718418
0.00010065971200857882
0.00020142493059671532
-2.545602689997585e-05
-7.529040797534253e-05
0.00020323964698592935
0.0003407262774886395
0.00025620307540506743
0.00022405733243734672
0.00032179382978859863
0.0004160023997997512
0.0004709476430237282
0.00047214468468675637
0.00036441077410595535
0.00045061636700923554
0.000800062471223402
0.0009366429303218045
0.0008539906837079467
0.0008755790934603136
0.0009462118087764897
0.0009119958412295776
0.0007961966727461005
0.0006907578394118384
0.0005495103019705897
0.00042508685523489926
0.0003168727392483187
2.2508488304630528e-05
-0.00012929914182936386
0.00016935486583598294
0.0004939858887656431
0.0005104682748781677
0.0004398659838989793
0.0004999584945359247
0.0005706382223233258
0.0005438222824461986
0.0004271607024852194
0.00023221669170857504
0.00016423581779935267
0.00039743391235499357
0.0006384790633281785
0.0005679234578654522
0.00041272008721166654
0.0004126883266396531
0.0005367691423299295
0.0006844178818847113
0.0007435146196081019
0.0007681547449445424
0.0007720987236740091
0.0007447889023960592
0.0005915735225327656
0.00023670330202298065
-9.340694583628792e-05
-0.0002823647351902344
-0.00040520886536724477
-0.00044076038423721865
-0.00041039640453193567
-0.0005201722328100631
-0.0008278908457230239
-0.0010427030552244041
-0.001032513722928214
-0.0009947462788573959
-0.0009127383529908094
-0.0007321529525505414
-0.0007136115993444924
-0.0009304913414563547
-0.0011071357833094281
-0.0012317164343581591
-0.0013593602976870796
-0.0012854390536716478
-0.0010691969899083013
-0.0009836539086116392
-0.0010135019015502253
-0.001018294182223839
-0.000981349980663328
-0.0007843349217832927
-0.00043950709784827213
-0.00020515402380790477
-9.648940826435272e-05
0.00010001497374639293
0.0003415027261594242
0.0004043316844981025
0.0003103845387911716
0.00027583089020159123
0.0004156272846415111
0.000643924719616491
0.0008116138344647213
0.0007924260148642281
0.0006311676050165168
0.0005309959435441649
0.0005009444730258423
0.0004152744288358318
0.0003390404153611863
0.00045582137502306455
0.0007141218052879626
0.0008828670724487029
0.0009167786613623344
0.0008009535361050778
0.0006506730043045877
0.0007425980730233604
0.000950386978299418
0.00106867671249147
0.0012037137036929565
0.0013753761750358
0.001443573239979459
0.0014080126991586038
0.0013429510626896816
0.001293546343449507
0.0013625741845136655
0.001581488317507807
0.001791081656097085
0.001779693854279034
0.001594907213011662
0.001486887397176943
0.0014810305814462145
0.0014594823507681034
0.0013636362096012085
0.0011268638896615411
0.000742538142792272
0.00028812956337973715
-0.00012478302033493434
-0.0004939932182871379
-0.0007910287412918673
-0.0009191741253951258
-0.0010070232842236306
-0.0011642827989550735
-0.001344590413965894
-0.0015977872725736766
-0.0019137034528450263
-0.0021446809448813033
-0.0022821840502482817
-0.0023940735871022614
-0.002481989432919979
-0.002521433402839916
-0.0025396562158731474
-0.0025631468229970157
-0.0025831549428017553
-0.002656355530734339
-0.0027584519422441736
-0.002730487764175476
-0.002552944095745904
-0.002452298269817384
-0.0025615990717496426
-0.0027060365849249698
-0.0027187224509396305
-0.0026166877519730077
-0.0024404583737781937
-0.002278185785845872
-0.002195873917225049
-0.0021159944175736774
-0.0020037760470154957
-0.0019377373830304651
-0.0018309138438405304
-0.0014969533598574798
-0.0009915756063685346
-0.0004677795463124563
-9.031291070157398e-06
0.0003480887668922727
0.0006681012827775859
0.0010672405616987104
0.0015366664174275384
0.0019961424459385645
0.0024290635403485666
0.0028333082389518
0.0031928891891290527
0.0034886699754973264
0.0037067314341865847
0.0038793773375812367
0.004072683570135159
0.004329688100274799
0.004599319399259415
0.004764658690828029
0.004794935170123526
0.004758015522090246
0.004730555823944587
0.004699076854350705
0.004626128672959899
0.00450407750963017
0.004306235662452597
0.004054266081696461
0.003771587848579917
0.003440858652136587
0.003111749696236115
0.002850845271670678
0.002662481408861211
0.0025267962853532324
0.00237185164998345
0.002135413876858505
0.001830570885743659
0.001476542200575016
0.0011043229806348795
0.0007694325129422129
0.0004673534628616146
0.00017807926878808005
-7.803417724723241e-05
-0.0003415917784297263
-0.0006940993272412863
-0.00113309657714886
-0.001560124561007833
-0.0018748656841293078
-0.002095306490057412
-0.0023483676660804773
-0.0026979399936666155
-0.0030756120871189524
-0.0033853170182593186
-0.0036002460884047866
-0.003730530676575918
-0.0038238941306255087
-0.003928484520347931
-0.004022612039658973
-0.004135761408473597
-0.004289474126930718
-0.004396404551442019
-0.004394413066743127
-0.0042805598741935715
-0.004083544733139171
-0.0038757429933133484
-0.0036925990765405785
-0.0035037748158642024
-0.003288270733463747
-0.003061233788826192
-0.0028404323365545316
-0.0026391748781020435
-0.002449451218219659
-0.0022306992290674695
-0.0019900891670780047
-0.0017770486555966326
-0.0016153189258604694
