0.0
0.0
0.0
0.0
0.0
0.0
0.0
0.0
0.0
0.0
0.0
0.0
0.0
0.0
0.0
0.0
0.0
0.0
0.0
0.0
0.0
0.0
0.0
0.0
0.0
0.0
0.0
0.0
0.0
0.0
0.0
0.0
0.0
0.0
0.0
0.0
0.0
0.0
0.0
0.0
0.0
0.0
0.0
0.0
0.0
0.0
0.0
0.0
0.0
0.0
0.0
0.0
0.0
0.0
0.0
0.0
0.0
0.0
0.0
0.0
0.0
0.0
0.0
0.0
0.0
0.0
0.0
0.0
0.0
0.0
0.0
0.0
0.0
0.0
0.0
0.0
0.0
0.0
0.0
0.0
0.0
0.0
0.0
0.0
0.0
0.0
0.0
0.0
0.0
0.0
0.0
0.0
0.0
0.0
0.0
0.0
0.0
0.0
0.0
0.0
0.0
0.0
0.0
0.0
0.0
0.0
0.0
0.0
0.0
0.0
0.0
0.0
0.0
0.0
0.0
0.0
0.0
0.0
0.0
0.0
0.0
0.0
0.0
0.0
0.0
0.0
0.0
0.0
0.0
0.0
0.0
0.0
0.0
0.0
0.0
0.0
0.0
0.0
0.0
0.0
0.0
0.0
0.0
0.0
0.0
0.0
0.0
0.0
0.0
0.0
0.0
0.0
0.0
0.0
0.0
0.0
0.0
0.0
0.0
0.0
0.0
0.0
0.0
0.0
0.0
0.0
0.0
0.0
0.0
0.0
0.0
0.0
0.0
0.0
0.0
0.0
0.0
0.0
0.0
0.0
0.0
0.0
0.0
0.0
0.0
0.0
0.0
0.0
-1.118755194088501e-05
3.2770867145972865e-05
9.012576275466567e-05
7.194507059178474e-05
3.4029963339753565e-05
8.568974731072202e-05
0.00017657787751821277
0.0005280584160445908
0.0012280486894825145
0.0013534949130440481
0.0016475534379552987
0.0027128245318445814
0.0033334441855319497
0.0043842022028412805
0.004284763186342523
0.0036400132133159817
0.0035892974114041126
0.003302640680645556
0.0031978714898782223
0.0030087795500795696
0.003471775837166453
0.004134639083824128
0.004255222811421906
0.003499736660492848
0.002939290976238336
0.0034288414468397676
0.003900818645203867
0.003391118104358361
0.0024443260708316497
0.0033342378375248913
0.005910714463856745
0.005338364490380317
0.004128028583945783
0.005672337189732667
0.006997127422675253
0.005563076127230646
0.0042908683507528154
0.004288132302158644
0.0042221437817226955
0.003994807872378695
0.0020223172675142174
0.0004063987496092879
0.0005256624012387498
0.001945207605455899
0.0030818021013540894
0.0018776671981235078
-0.00016246843606937321
-0.000944713799155835
-0.0012733418188062159
-0.001572191213725737
-0.0016718513932384254
-0.0018167836228072233
-0.002236394243774775
-0.003423944439459911
-0.0039011025575749645
-0.0037195807598792213
-0.0042142626943967075
-0.005351110007539709
-0.007454208722990194
-0.009073569475130558
-0.008406048969989328
-0.005873726366187584
-0.00547665241970669
-0.007436687839035091
-0.009572427229331838
-0.009647998584579938
-0.006245623699543326
-0.004118009691504482
-0.004802764996438218
-0.005219323494698648
-0.005372759401804731
-0.006458366711368104
-0.00745971473895487
-0.007290401464983879
-0.0063555670823105094
-0.0071960796305460565
-0.008813864054695782
-0.008298009012328121
-0.0073058587521787595
-0.007423190100590693
-0.007957037083308643
-0.009088854407143049
-0.011635222231555609
-0.012154088809359424
-0.01032964695674001
-0.010133850005568152
-0.01151035124485069
-0.012633186544047874
-0.013238289233616151
-0.012455719175148275
-0.00955323927420935
-0.00722641749121049
-0.007194896328904579
-0.008594656325762548
-0.011491455721300652
-0.013258317323076418
-0.011611538444207694
-0.011058087181557714
-0.01340000665290343
-0.014975862052437117
-0.015451438473045814
-0.014216707617904055
-0.011518024348192242
-0.009495495144069985
-0.009657366005405824
-0.011720653399120285
-0.01235516929073526
-0.010003766231244902
-0.0041147548144001775
0.01476337634713779
0.04346304291022377
0.05431003487609165
0.042630135659516406
0.03060091946656709
0.0293600556508176
0.04700307613442209
0.06849101176987948
0.06717712389214485
0.06450521620298222
0.06960301882837187
0.071259983164208
0.07156300072800872
0.06249473256062924
0.0580748896742548
0.06826093583699758
0.06370986543215275
0.03009966371025483
0.0011412898080834677
0.009054159653957502
0.028317634022268393
0.014811607081604235
-0.002623437197146436
0.010319223471345845
0.0075437896795012786
-0.015247284414879842
-0.025917055471808982
-0.01999362016380996
0.008834414082296066
0.030290441999434023
-0.0014680886738456733
-0.046783307275273675
-0.028328554968287664
0.01876805060154522
0.02088886689329791
0.01243287234051562
0.04640905782132452
0.08195419327616264
0.07299690063301105
0.04713169058311517
0.06227184008664452
0.10238245629271082
0.11188484617405278
0.10535686749867282
0.09349885497343152
0.09128408066593922
0.13577379844266105
0.1807111570492844
0.16182771078906236
0.12135362083325428
0.12537993628172356
0.1489016222645355
0.14219213544203232
0.13800314611201614
0.17686266958665744
0.1985225242101304
0.15814069453124227
0.12497630396656473
0.13659327414699046
0.16216016148796492
0.20944521711390626
0.2380571325675927
0.1848746935361136
0.1373959259006152
0.17141480495457437
0.21478043920930492
0.21397194364644612
0.18689232067787034
0.1706489374893287
0.16284114478560124
0.14529442074336504
0.13685967810284702
0.14012614804454518
0.15793533422172115
0.18456594603103935
0.18193368496098422
0.15571403995968747
0.13921797291128563
0.1308874916713841
0.11256938461970394
0.09364460319907356
0.10199060808150652
0.11384217561573917
0.07532789070495156
0.04103715366150421
0.06389158131852281
0.09582198248209967
0.1006213773238394
0.06873142875792435
0.043398613399136476
0.04461149904804676
0.054161680735290096
0.04298015562668706
0.008070224046453791
0.01033898679446412
0.05075574232659057
0.08320316623327831
0.08272152272804541
0.07268105508390434
0.07974467751456378
0.0907603960656681
0.07698792681818795
0.08232070331082236
0.13869554371793075
0.13990598116776398
0.08848625799409622
0.07147654078222503
0.0693532899512342
0.04918672596512155
0.02029241793947362
0.006674657851525185
0.005964533983808338
0.017945985699089003
0.02868162509802555
0.01566218210805463
0.005667508364951209
0.011279342069851912
0.0074288919926567875
-0.017244051888934037
-0.035573073824659296
-0.03150296503717659
-0.034560479416178375
-0.06681689563350118
-0.07171575590406878
-0.025226223828810675
-0.017676133212223943
-0.06799749349983619
-0.12301718085299494
-0.15919353066560205
-0.15174338799340473
-0.14948161156448214
-0.1885975457574624
-0.20521706858894428
-0.1921907986799554
-0.1797389986353311
-0.15940674941678748
-0.13998684815569726
-0.13236522752909055
-0.12778476486680101
-0.12912846500155173
-0.12494913458545119
-0.10795988679679773
-0.09262656601140505
-0.08772903816003579
-0.07812600661537863
-0.06444095741263742
-0.047811480598712
-0.020181341599353208
-0.02810951436318623
-0.043938479450713344
-0.007886368007134808
0.01972206987194073
-0.007214382149015855
-0.05628130058665021
-0.08695306080835775
-0.08552708706141737
-0.053275773290579184
-0.02307320730389184
-0.020612922412873755
-0.022281246299134843
-0.01485763968790553
0.008979642198401193
0.029767075991679447
0.03809169337919573
0.05853836420925187
0.05960239236204375
-0.0008179337233525595
-0.05647511675474398
-0.03154286956413205
0.006762711611228615
-0.021176181347007404
-0.06181999354767662
-0.050927860332785777
-0.053755056773249744
-0.1108703248349788
-0.1404913391199132
-0.13562327079835043
-0.13334652468416588
-0.12045448783515231
-0.109264180838338
-0.11753103923933074
-0.11214818328597191
-0.06865833029086807
-0.026281058093519428
0.0018852204399335561
0.025487825093413092
0.025732435109666628
0.003247622882394413
-0.0010669635073777956
0.016158915490984624
0.008618461342848051
-0.003482090031539595
-0.00205594144150066
-0.01866553015092645
-0.03906412297131257
-0.04952117722668726
-0.03851961279252937
-0.002421614938500535
0.016601384376361265
0.014044963005569087
0.018787581486754808
0.02687700407543816
0.03265774453568985
0.045828682526544116
0.06536114166059555
0.10159265952146648
0.11982697208810575
0.07923603836065474
0.025805005159231408
0.010643827902904891
0.04641637332543397
0.08327972757667657
0.07455874018897093
0.05938768145840742
0.033916878900578984
-0.025841581766381086
-0.06105845822665999
-0.051273776124414965
-0.03646781353154006
-0.027223237470554683
-0.040816736646162054
-0.09093918415635574
-0.1260395581655322
-0.10769635391842479
-0.0691321809189042
-0.05797966986257065
-0.042311705519354155
0.006929747606909363
0.022769942050039932
-0.022069065637263807
-0.06533958810532854
-0.049135225884761775
-0.013011803707108329
-0.01125379114298586
-0.015923207460470816
-0.01084861663607826
-0.0417633226600225
-0.10046364595325592
-0.10919337088065965
-0.07784311855930334
-0.06412692016560276
-0.06281142651333273
-0.0641222161730617
-0.09221507841246859
-0.1309306621984556
-0.11769655756540903
-0.06292229447597283
-0.031876418030694555
-0.03997802718609281
-0.052245551892558494
-0.058624722451925494
-0.06881601412333356
-0.047707734915775485
-0.011639057151369942
-0.006468769890319697
-0.011106440894223905
-0.006610161116366083
0.004072373945054715
0.018840848381956238
0.0043178427373603105
-0.031472793759847406
-0.027791530425986522
0.0015952642217855176
0.024080955682787886
0.036958519475980424
0.029358939805968057
0.006573479571840064
0.0032124331199732507
0.03332892511348565
0.06274018340412132
0.0634235037721341
0.05521179778565002
0.056658393040270365
0.036033118664830485
0.0012989347026268105
0.003558061425423625
0.054271584266531336
0.09292710752452478
0.056003794814076455
0.01958861497744058
0.027444164224373076
0.010310720732338408
-0.006418962028881795
0.004579106126867772
0.00020440725243067468
0.0015574264870794698
0.009253297386878072
-0.01544363844989806
-0.02873285566658177
-0.018937658957986565
-0.008140110559587266
0.017904409944657477
0.03298339935622455
0.038514896032846566
0.04443327784274326
0.03409401139867231
0.02989952624935839
0.03411010488268348
0.039975834594737386
0.05600208496038119
0.06539884928608884
0.0710321248490243
0.07355588209889843
0.03709923384300559
-0.0015066114782671487
0.0043243320889922695
0.03931075058837249
0.08502514494869604
0.08803310609673788
0.05726246087421939
0.04638482666892074
0.0408914363234423
0.026185833136419458
0.01658964860722576
0.031672086892704135
0.0584051361311247
0.04531637220034538
-0.01064776602058763
-0.0390926732553628
-0.029531633833031163
-0.021590890817592658
-0.004302398294741616
0.008122555468462458
-0.008095161016361888
-0.023860448078526733
-0.02635352041689286
-0.028593391292052465
-0.02979559226082328
-0.029120494039610225
-0.03883317175208543
-0.046835361168642696
-0.04487895654520262
-0.04677365782755815
-0.03659610038191449
-0.010664145437980206
0.014348762527457681
0.03300407678416918
0.026686153623675074
0.009157038552418
0.023819318886756275
0.029898764004919795
-0.00035153237393697133
-0.01920715591086382
-0.022752691654201875
-0.010769875110720566
0.005351018831816224
0.007211175484100467
0.020682964011506932
0.021540197288846017
0.002443234581798107
0.02198157407080013
0.05486545071331858
0.05871642562893621
0.04495320483805755
0.006515628920712426
-0.02769028407183955
-0.02932534787373454
-0.024851427182902144
-0.009512102210854684
0.018305130801149552
0.023448453303611748
0.006235374020606464
-0.007077816197402252
0.00944234773875397
0.04029907681489373
0.04894031279945603
0.04051987982532517
0.01422091485275019
-0.0060664103843189425
-0.007255979400870606
-0.029068665855521612
-0.04635215408526017
-0.03403532657989494
-0.018618013276232737
-0.003508221299511288
-0.004119258005806715
-0.01981372175636038
-0.022928167898023256
-0.01579363310852857
0.0004407879146699335
0.020454780323003477
0.02558029607539673
0.00574506705020923
-0.020962846611649877
-0.025140885801197686
-0.02505065989785306
-0.028712628134387144
-0.014806614320838303
0.002357835358730996
0.005190323126008175
-0.009106319456165912
-0.03111183886950993
-0.022152376428897853
-0.0034750850353039756
-0.012629800663700922
-0.0048258392281366825
0.01293074760186761
-0.008787636531617928
-0.04359080535609021
-0.06274146420899623
-0.0673546079179129
-0.05744099808519627
-0.04973370414013453
-0.04033669094132193
-0.023306175651750152
-0.020164666228002743
-0.03215655489280266
-0.03204902580670353
-0.003929203687255467
0.02008544142943159
0.012478145684046076
-0.014317299847061492
-0.037849746491766846
-0.04168995946072732
-0.03325438289218217
-0.020580180007658377
-0.010267574099052316
-0.020510326079507635
-0.02769882476906128
0.0009945356886782715
0.029380176586158196
0.03120062174134167
0.025239820443333557
0.017282983552633926
0.01119252594765346
0.01703176876868859
0.03456754675074422
0.03382199204508806
-0.0017736224286677357
-0.03050874796180358
-0.018806753751406165
0.0025551069848608688
0.004265914144719147
0.014943494319363211
0.03818516080601611
0.040054998349494865
0.03100785587510613
0.0333677779784986
0.029503445994856735
0.021539908953238974
0.02498075326441828
0.02486888693541781
0.021896296144990005
0.009358380462721822
-0.017401494673333455
-0.022541207220592226
-0.004084953800108297
0.009230631747543011
0.01750353519992899
0.0070497396139185065
-0.015216050326837292
0.0008457628463423106
0.03480816997502275
0.03626443635899862
0.018243072311429284
0.006182669159965894
0.0020435160984961557
-0.003965021703885926
-0.00821462670268467
-0.011711737595329223
-0.017199140435849074
-0.002687085192584458
0.01571951036794183
0.012911169994621382
0.0026315509109926727
0.0010198452759385148
0.002383349170638624
-0.005859431975005265
-0.01878409197409264
-0.03332937544246555
-0.0493926827138537
-0.05216738821069116
-0.040307143561003525
-0.0412720815579245
-0.04312395222073335
-0.022611047367781804
-0.009548299698871601
-0.009857913213212874
-0.0023118532246521784
0.0031145874133894375
-0.005656973786782513
-0.009373293828522013
-0.0041005095138149945
-0.00834553096973963
-0.014890220930436395
-0.017246915465921258
-0.022746737254859463
-0.02476984873015433
-0.014982854221696512
-0.008593131364709272
-0.007654515035360584
-0.0077965942977014655
-0.013666468140534096
-0.01471863440913615
-0.0030121638128484474
0.00896977651611978
0.0006254384775635709
-0.010688768163400171
-0.0045180790961225
0.0018525021779390275
-0.0035981006272433913
-0.0064040678732432
-0.0021376071402108942
0.00544035186508503
0.02099984386485089
0.022897122403422607
0.009251888837230791
0.014055360304239314
0.03314692301431223
0.032787250092137336
0.015942805335494806
0.006209829445620029
0.001839353174067008
0.00011430105232987016
0.003991884781405482
0.0037191899930031896
0.0026547168358804613
0.016909604710839958
0.024059353325403206
0.01260200302516349
0.014072012844250328
0.028344314440902258
0.031050461423043532
0.019584005109224038
0.011265684224271969
0.011428023663176004
0.007289962631360975
0.0018123364827049443
0.006413293175257977
0.010218556841554115
0.011899588982928392
0.013224110087887915
0.0016799388537025353
-0.002312422429780611
0.012351614526910436
0.018599896952805308
0.008682803235729428
-0.002388336432919487
-0.0035265834710983394
0.0016782797334455246
0.004369483087146083
0.003861324342006872
-0.002451207914245275
-0.010914764965294291
-0.008477911172668476
-0.0022092800543725257
-0.005652870488711741
-0.005323301900403059
0.00835540442412018
0.0153745472993012
0.009097423546350115
0.0007784022736759222
-0.006639023761083827
-0.0062072061126135294
0.00606304036946582
0.011486823910337621
0.0012673385759911567
-0.007129668989406917
-0.01021502355949397
-0.013172907261617094
-0.0066661930594840565
0.00677137527666244
0.009916124525668233
0.005541147097888176
0.002166310919391516
-0.0045838149762827095
-0.010164615905545512
-0.005397753171198436
-0.0002129808626738237
-0.0008533855228126935
0.0007674809167012288
-0.000606129465868061
-0.004432648522055784
-0.003528959712487823
-0.00023906681861563233
0.002220115864123946
-0.000978238815957158
-0.00649591016372627
-0.004745056228888236
0.0010495135971961783
0.002688027478508662
0.0024076455618631133
0.0017073213770925752
0.0008559724967291127
0.00027882306809010797
-0.0016337545527998194
-0.0015841966572287317
0.004482742741442374
0.005728058388683525
-0.0038096194790715626
-0.00531293977077884
0.0020419283738395545
0.003931886640449595
0.000535353898059967
0.0013353076907539636
0.008039865266300824
0.009789870777814614
0.004246435229453375
-0.0018212040763018553
-0.002750911018520188
0.0041366217582225065
0.00976441381332063
0.00510299809010995
0.0015289925409677954
0.0067114463681095275
0.009227428698424642
0.0030917030968090086
0.00252561001103693
0.009061816134915565
0.006492710698342496
-0.001725980082686908
-0.00475920956170854
-0.0018075848853397398
0.007310611749745378
0.012741933023810773
0.005686041133836639
-0.0015747771784334784
-0.0022598356718324295
0.0004508722859225164
0.0042837220015076345
-0.0002875757820402098
-0.007543648357762531
-0.001919449544890579
0.007990958698877764
0.010332029041709158
0.007998278727364371
0.004821262210423379
0.0024813855595136034
0.003461940550759942
0.0052420485305156046
0.004002493103600129
0.003915692222877752
0.00753418734738662
0.006364186744926394
-0.0007500980383467736
-0.004951573019980008
-0.002631194013246583
0.005874022953176937
0.009928406508537952
0.0021083269236940225
-0.004621146363409191
-0.00213406339980359
-0.001970407324329306
-0.008417100385635371
-0.010085970884911958
-0.0029950330367518735
0.00204829241665628
-0.0015067212227654163
-0.00494324304979431
-0.004790980487887164
-0.0009527027160692949
0.003129113911840765
-0.00043122378869387226
-0.0016619266069806593
0.0037965363588148924
0.005572880230987692
0.004486736168798113
0.003695345088930871
0.0031954247441506084
0.006428397221497198
0.005766314335842659
-0.0018591218898410104
-0.005979980829050434
-0.006247390699089666
-0.0040590626699539886
-0.0010463012983761705
-0.0027743945205597215
-0.0038061860068071963
0.0008144168818136852
0.006179835660680471
0.006905145304283503
0.0008761996538390114
-0.003476839907495101
-0.0008708650374434576
0.000995172505070088
0.0013117079535726055
0.0035927773614680618
0.005133887715633776
0.005334235903898874
0.0011351918772992764
-0.0034429923859473324
0.0009851956926089883
0.007533250332200542
0.008930448724477123
0.006969471865030357
0.0030763369882634358
-0.00021220532834714305
-0.0009188369196326732
-0.0007303896284069053
0.00013368536033781428
0.0018507243569866512
0.004434285864920308
0.0030549554323705424
-0.002947482536106799
-0.003207327043840763
0.0014187078099935058
0.002433612116545533
0.0009947849589060898
0.0005408415131111489
0.001721759883607852
0.00582926054764885
0.008499485148420983
0.004786870537490898
-0.001029879885930361
-0.0028593699548776935
-0.0019550461282495882
-0.00395649657241964
-0.006063088904069867
-0.004375927144350893
-0.0028107007378113586
-0.0029340056739995467
-0.0035980904782674135
-0.004108323603506474
-0.0031066078180786156
-0.00039014509841824534
0.0006848653107949585
-0.002318876114680716
-0.005919529812556288
-0.006712693835873183
-0.006093627572604797
-0.004690826503384472
-0.002112185262845723
-0.0014269056390769999
-0.0016616302040730908
-0.0007219821172903865
-0.0032523981637623497
-0.005843634620840221
-0.0009736953887187591
0.004428805915183239
0.0017711298042753561
-0.002130175496148221
-0.0017359305810001992
-0.0015288089303265005
-0.0006913648918460972
-0.00032163021735903783
-0.0019069840663922034
-0.0015223001103504068
-0.0009202177669499808
-0.0011672696107355206
-0.0027518132976760337
-0.002518346337691731
0.0020412584785710268
0.0038252205134941784
0.002665693986854949
0.002093507893425561
0.0031864319553779287
0.0051895380049021035
0.0048225265868974045
0.0018449129404268638
-0.0022760802733835395
-0.0024616665416334104
0.0017352137168158018
0.0020363185647501473
0.0003751931307084433
0.0019340627576473327
0.003232601868136218
0.002221863112777795
0.00020687808195764322
4.002515335014432e-05
0.002459063810111585
0.0042519676658845495
0.0035375310096947207
0.0005112535100879951
-0.002539194813799493
-0.0015112623680855735
0.0007765439374681582
0.000673490424421534
0.0007589376133264759
0.0011947061650778952
0.00024058494931534718
-0.0001998878659986286
0.0005763087947630379
9.721593623984956e-05
0.00042346859102998996
0.003037943900066972
0.002113126817467098
-0.0014393281708459443
-0.0010194583413001114
0.00010003247590016226
-0.000933832671103316
-0.0015760133045270755
-0.0020362064546830747
-0.002702065886580447
-0.0025439243990014893
-0.0009300302072748672
-3.956782535662605e-05
-0.0013297730482094094
-0.000986578089166658
0.0003814815190303678
0.000250517027825237
-0.00028969847845480726
-0.0012293850077569502
-0.0009785074752966761
-0.0006527245216512474
-0.0014221139460672662
-0.002891110049569025
-0.0045317872656152666
-0.0020732206914527798
0.0006810086039340363
-0.0008869587787708547
-0.0016449555714668862
-0.0009198236872538417
-0.0012227693328835374
-0.0018758509371678703
-0.0018592245684113066
-0.0011223217092584821
-0.0006366095044526867
-0.0006574987143553202
-0.001459422493753994
-0.0026302176089464365
-0.0021476711020573832
-6.880574068317716e-05
0.0005546505124805698
-0.0004599176786409787
-0.0007634454499822366
-0.0006823092677715462
0.00015288002564144308
0.001648550576359368
0.001399594150366363
0.0001614615303885382
0.00027494129535384805
0.0007501373224627172
-0.00036170209982389084
-0.0006322281165136246
0.0008448171730205638
0.0005259342887646891
-0.00045467462624893787
-0.0001522992765262367
3.306110125076782e-05
0.000593527066925741
0.0014017134717889735
0.0014862584503782985
0.0013065991277645401
0.0010831380646079533
0.0010993708755016771
0.001165565441938437
0.0011147993234432124
0.0008225236702818087
0.0003317913884826609
0.0005526879410680426
0.0004756091120501667
-3.7585994866708593e-05
6.859722889888287e-05
0.0004497299878954366
0.001350615892666187
0.001471445886947211
0.0004790495828059905
0.0001453325309000178
3.155848729042581e-05
-7.52544616005852e-05
0.00041975930622083977
0.0007805996469702015
0.00027212137223997637
-0.0003823972228630926
-0.0003056919351417921
-0.0001419356869122335
-0.00027340227095326607
-3.6617959883299025e-06
0.0003941866416112199
7.296154563190479e-05
-0.0007856791469455668
-0.0011676249059796944
-0.0007653019562288306
-2.9545867724080207e-05
-1.5795225715742572e-05
-0.001049207493984978
-0.0016416677324961422
-0.001240947240096143
-0.001061436690898456
-0.001312391694882174
-0.0009968758225662368
-0.0007634787631779139
-0.001212966680953489
-0.0014265057855630703
-0.0013703149744335001
-0.0012679808766919267
-0.0008938298934760607
-0.0009454438934853365
-0.0014194704997600482
-0.0014743236700987493
-0.0013633748125840195
-0.001403541790084888
-0.0012976688782615508
-0.0012378993759735858
-0.0014175184831584143
-0.0011975151409024738
-0.0009287504404964746
-0.0010914442102399346
-0.0008698679577819226
-0.0004307497761600154
-0.0002391874508322962
-0.00012884210555118213
-0.0004069602690268871
-0.000697488883978058
-0.0005955169441640218
-0.0004193005864989442
-0.000245023506624394
5.465111379656864e-05
0.00017934911740522417
-0.00023048124145255466
-0.0003338683017802439
9.856661117117196e-05
0.0003448540557096851
0.0005064136565164284
0.0005453918169688547
0.0005326578631976084
0.0007101070634208912
0.0007258634489213205
0.0007924479257818168
0.0011629386597527343
0.0015214397414336433
0.0013903806735670779
0.0009863248501428012
0.0010794434739421139
0.0013127717355392802
0.0013032236232120376
0.0013962170149585294
0.0015269533754140175
0.0014608439759786899
0.0012551110989738028
0.0012828483769971627
0.0014510836681336193
0.001462809385179725
0.0015590807938541983
0.0015007619316377305
0.0013165822407403085
0.0012625103259676902
0.0010836339504695686
0.0010853624869203468
0.0012613207909143104
0.0011587886439405493
0.0009658755003994749
0.0010135027273182418
0.0010947116819604382
0.0009199986338527279
0.000901406573357537
0.0008787009134694243
0.0005435725163504565
0.0003852227677862439
0.00022084642708218997
-4.940277073773383e-05
-0.00013454492069188336
-0.00018054284749057718
-0.00020786110061092047
-0.00023936983087289289
-0.0004126479667027451
-0.0006720526884051113
-0.0007444418206092905
-0.0007033477019577352
-0.0008473795839420426
-0.0009521494716245972
-0.0010227103662062134
-0.001197035062346276
-0.0012297279810101547
-0.0012294320933279109
-0.0012894583330141053
-0.0013177117198563226
-0.0014324735723006785
-0.0015599089859279552
-0.0015248570562908972
-0.001423948824312391
-0.001466776224282603
-0.001499995004761018
-0.001336632661249926
-0.00126376847752221
-0.0012993823076599875
-0.0013060467462220377
-0.0013229883573173682
-0.0012564912239984396
-0.0011844958463437525
-0.0010825039285894487
-0.0009679124516732951
-0.0009811625020730525
-0.0009656591559682426
-0.0008789533077648906
-0.0006880019139212795
-0.00048024991428043465
-0.00041988195468027227
-0.00029743231066791667
-6.980659792840137e-05
0.0001173123217740004
0.000192778039327768
0.00020803383157785287
0.0002303186712597869
0.00025160449906930845
0.00036176980947409627
0.0004839500786122966
0.0005918028067211074
0.000741823499639509
0.0007929162721212251
0.0008552904054566305
0.0010321778661117977
0.001128603966149771
0.0011819183599846364
0.0012972156546989392
0.0013561101922773715
0.001351999416614055
0.0013810687337250454
0.0014128068746905116
0.001443453946783635
0.0015558170282395575
0.0016414006098278318
0.0016111740747694757
0.0016102965576455172
0.001575255554117998
0.0014494574436501862
0.0013945595272445747
0.001327747900913205
0.001228158936209409
0.001185018607305429
0.0011118624389006909
0.0010303002105692773
0.000963996453159604
0.0008555516889487759
0.0007389384340738622
0.0006707999518417929
0.0006300935516134943
0.0005979361143921878
0.0005966540785925819
0.000536204115185715
0.0003481566131503293
0.00016282863867981095
9.838618548048387e-05
4.4725534618282556e-05
-0.00012439278838542815
-0.0002545082336222038
-0.00026056215775017267
-0.00029932138962855437
-0.00045607104390589623
-0.0006663460829595915
-0.0007998822813834584
-0.0008100401601889145
-0.0007813330438041687
-0.0007853076018790868
-0.0008044455957537024
-0.0008106589378533718
-0.0008468189963147815
-0.0009139511056507871
-0.0009481806615489573
-0.0009758511171504069
-0.0010197361133284235
-0.0010785935827622142
-0.0011657592424969515
-0.0011872418763911063
-0.0011288683555139688
-0.0010948828735652743
-0.001072753818816443
-0.0010307184823299459
-0.0010199183563523817
-0.0010554765135784361
-0.0010844760435969102
-0.0010692813673801563
-0.0010161443692226371
-0.0009572693375356626
-0.0009125025740152581
-0.0008413115583108977
-0.0007221124406181145
-0.0006147388005510335
-0.0005439011962597109
-0.00046041318961599094
-0.00031591750233515376
-0.00016126241806574857
-5.698166820738296e-05
4.9286109659130025e-05
0.0001568561221999422
0.00023750597760479266
0.0002912815525409397
0.0002895330461092957
0.0003102672304665327
0.0004232168501309512
0.0005724952102589669
0.0006941658395403423
0.000745485683059552
0.0007796897428312404
0.000869154469650876
0.0009522320158832587
0.0009683385173235105
0.0009828832418816659
0.0010769580059032126
0.0012068771301246518
0.0012815644627842669
0.0012911153708352627
0.001266417323388029
0.0012183782124470304
0.0011705956907001255
0.0011672389576029005
0.001199694777040641
0.0012100771758015141
0.0011756521836538765
0.0011127781707154626
0.0010485979493399383
0.0010221298481607596
0.0010122789318782893
0.0009807838828648978
0.0009461435410289729
0.0008878734112802215
0.0007770378072343292
0.0006598256401617864
0.0005916604353167009
0.0005648302040973088
0.0005470195000643462
0.0005037668418727698
0.00040288668182145366
0.0003017354646757443
0.00022465048957190354
9.992778849063397e-05
-4.442519248083431e-05
-0.00015658794385839774
-0.0002578420168208216
-0.0003513315731519623
-0.0004486862782263219
-0.0005555275026536795
-0.0006345114141674682
-0.0006919728854591745
-0.0007573217527984095
-0.0008160360103062987
-0.0008499812012586158
-0.0008656342243675494
-0.0008915775317038771
-0.00092672015704451
-0.0009466940792673562
-0.0009553357948776375
-0.0009352229094242321
-0.0008939976653233837
-0.0009008466042666497
-0.0009406354859226147
-0.0009270742570130363
-0.0008721284221701459
-0.0008418340030445086
-0.000838841268797912
-0.0008468829815015867
-0.0008507291070066775
-0.0008141372760776416
-0.0007299577777699777
-0.0006451009630285748
-0.0005825289125735945
-0.0005146473346224677
-0.00042611558108784757
-0.0003189476297108363
-0.00022184851253051068
-0.00016566673565438942
-0.00013812170909915494
-0.00012284347369665642
-0.0001063771165101138
-7.809893159898263e-05
-2.889564068098929e-05
5.79986942131128e-05
0.00015940554264707907
0.00022478966169804226
0.00024326092416742466
0.0002560909223046864
0.00029797305960979034
0.000358897913421037
0.0004183531952776824
0.00046700897515530295
0.0005127603200125909
0.0005673941538451056
0.000623483241510516
0.0006675170508834025
0.0006973108333690558
0.000730014892827671
0.0007779490551919815
0.0008188177088683835
0.0008421035474941705
0.0008613138318107677
0.0008728089610140502
0.0008741435148492289
0.0008664108266872333
0.0008515561743606201
0.0008427782228358269
0.0008396828927897578
0.0008208027646889639
0.0007740799475145359
0.0007258227667465419
0.0007054407362794876
0.0006914381359602137
0.0006442283767421591
0.0005730622715202515
0.0005103568186988407
0.00046837032718080975
0.00045855070124489685
0.000468910772151987
0.0004556922829140318
0.0003955975213842566
0.0003072037184408077
0.0002279636829974177
0.0001504865137684899
4.031096848460209e-05
-8.443373435864868e-05
-0.0001809866603282566
-0.00023860309415488917
-0.00028675943769016247
-0.0003603703592297943
-0.00044412623606353274
-0.0004987830214002129
-0.0005266911935467968
-0.0005644437200872043
-0.0006291031780120512
-0.0006895425520490022
-0.0007220578544411136
-0.0007477891425735876
-0.0007808346465448628
-0.0008101423549316812
-0.0008245891325101177
-0.000819863291978128
-0.0008015011748011649
-0.0007844847136236604
-0.0007788431622564838
-0.0007818990502071163
-0.0007838432700276631
-0.0007802226663441972
-0.0007845788989262858
-0.0007828942226979599
-0.0007450610705800683
-0.0006956887565139028
-0.0006505692173755111
-0.0006058774218688598
-0.0005763650505080088
-0.0005590765673999762
-0.0005398615391166352
-0.0005099148281294395
-0.00046926702593306553
-0.00041813384899810603
-0.00035410187825947654
-0.00028932549326054114
-0.00022501502473931833
-0.00014532957566030464
-7.097412813929083e-05
-2.2436372900357193e-05
3.289770075103164e-05
0.00010466162616624316
0.0001682003831923748
0.00022927052524235138
0.00029784753656947305
0.0003649618405885302
0.0004214208970457821
0.0004661324702458496
0.0005141937855297298
0.0005780580135879342
0.0006434648418825151
0.0006843351179320135
0.0006962036129423196
0.000705633321075978
0.0007334503499340785
0.0007548943951938506
0.0007448551446282383
0.0007242899690952633
0.0007156528040375651
0.0007077368397540375
0.0006780760379378833
0.0006400923758089486
0.0006196497390237164
0.0006037206021208525
0.0005753570435722421
0.0005399949679957544
0.0005049057733872599
0.0004632485015790391
0.0004169263144136615
0.00038360578735455853
0.0003499647149252015
0.00029734241125753874
0.000246916698732192
0.00021562898334125441
0.00018482546645977492
0.00013448522951750713
7.171308694541659e-05
1.7427263244373773e-05
-2.1435619222272142e-05
-5.7250523788817125e-05
-9.524806730929803e-05
-0.000134065408144914
-0.00018706043158250927
-0.0002582298845043626
-0.00032345057244686056
-0.0003576943270087029
-0.0003659741944502348
-0.0003776751501044741
-0.00040474459553610807
-0.00043339247748746314
-0.0004662826953142346
-0.0005098622841739404
-0.0005436111435388095
-0.0005580062209930282
-0.0005609693326397018
-0.0005550713257426623
-0.0005430070256763267
-0.0005283277098687782
-0.0005190223945524836
-0.0005198323213757843
-0.0005277376265410539
-0.0005393605972389685
-0.0005450800077796598
-0.0005410649055886805
-0.0005321924892061057
-0.0005160922327781077
-0.0004901990891428492
-0.0004595064430946255
-0.00043530925927366524
-0.0004293978112292121
-0.00043595190154207793
-0.00043079738011743836
-0.00040520439781760925
-0.0003810600890515246
-0.00036556574271021634
-0.0003357454366025623
-0.0002950484692431637
-0.0002600460822241148
-0.00020906727949636432
-0.00014030794314564253
-8.783105073794692e-05
-4.93164803315254e-05
-1.2245257918747702e-05
1.586635933799369e-05
4.5294565681296175e-05
8.754287912843965e-05
0.00013479360680943508
0.0001775062441801914
0.00021013789885151915
0.00024000752676352726
0.0002782528945591192
0.00030904930082568504
0.00031759865128087324
0.00032430399848536163
0.00034813257409525833
0.0003732997473511331
0.00038062237825474735
0.0003835081989748059
0.0003945319532455303
0.00040144023149290127
0.0003990734391906046
0.0004003208820915903
0.00040919633599200653
0.00041351711394166737
0.00040879928498681735
0.00039783417525418547
0.00038189274253514984
0.00036614172543655675
0.0003556245508382298
0.0003506656056956235
0.000349662856857699
0.0003451986783842787
0.0003240079394847788
0.00028972244566801087
0.0002575329768340355
0.00022563450338438664
0.0001889551185180763
0.00015186208191486538
0.00010968019793982385
6.344641012075187e-05
2.5008646941591883e-05
-1.0385451908734288e-05
-5.542207439850274e-05
-0.00010957253009056435
-0.00016118243317092296
-0.00020569431830833368
-0.00024837057935273704
-0.0002839894397947561
-0.0003102440338432509
-0.00034342747265188415
-0.0003810874844539516
-0.0004089727900208452
-0.00043405201340639696
-0.00046124626285684334
-0.00048328466236299497
-0.0004911365298835426
-0.0004874350095354404
-0.0004913441279619234
-0.0005031196331965806
-0.0005047463934487091
-0.000492391840079572
-0.00047159095360408147
-0.00045327196108225706
-0.0004462676320505392
-0.00044439657378208224
-0.00044184611320976505
-0.00043041896155004966
-0.0003974712998420209
-0.0003524407509342963
-0.00031221481724592984
-0.00028039406836672656
-0.00025230511845932365
-0.0002208094701662587
-0.00018459371087806587
-0.00014515387435168946
-0.00010434218497147706
-6.372777964725003e-05
-2.2684495202665435e-05
1.5931601594667424e-05
4.93189061935926e-05
8.221557044293552e-05
0.00011164591884773914
0.0001315405021641304
0.00014758944640793495
0.00015990419545517341
0.00016954633137988736
0.00018619800601280624
0.0002138065063282594
0.00025086914788360724
0.0002845439013058054
0.00029840957912355014
0.000295031932861417
0.00028607321588557165
0.00027819756867349116
0.00027496108726042013
0.00027333064720898135
0.0002742138076887924
0.0002841395434879401
0.00029105243798081837
0.00028467645626123423
0.0002776697973159618
0.0002667691073376883
0.00024028349847529852
0.0002150400265452561
0.00020757811886602595
0.00020981919884472276
0.00020809125291174183
0.0002031948746366765
0.00019973209025307936
0.0001926378488941328
0.0001775206717243538
0.00015703945000380328
0.00014036552184142257
0.00012487456135232774
9.9754873716601e-05
7.520723396139404e-05
6.63650869201855e-05
6.338890254410888e-05
4.4703644574415234e-05
1.1448521410086515e-05
-1.562867369237191e-05
-3.299980798598014e-05
-5.963619369351229e-05
-0.0001003331226954215
-0.0001387420989067498
-0.00017148456289411054
-0.000204714210360802
-0.00023482923540846465
-0.00026498199925112576
-0.0002936215256138176
-0.0003004479935059776
-0.00028418157811048184
-0.00026272473402773317
-0.0002496306452858134
-0.00025227764465622106
-0.0002594037053406684
-0.00025152388551329195
-0.00022658320849960385
-0.00019962442305722377
-0.00018632401785055822
-0.00018375296946743954
-0.00017590526322504836
-0.0001635378594049314
-0.00016075286439397874
-0.00017624729027094778
-0.00020850245394887014
-0.00023752888698020058
-0.00024656101029761374
-0.00023723401929279705
-0.00021630830109647733
-0.0001986899260147967
-0.0001888218329511142
-0.00017626708926716308
-0.00016143853236206805
-0.00015315511328508843
-0.0001521348483781402
-0.0001429027748276099
-0.00011567989685890873
-8.548118991191866e-05
-5.9519760369497174e-05
-2.384663688362619e-05
2.3861959737466428e-05
6.881045495232448e-05
9.919928067120485e-05
0.00011791125936537022
0.00013270928806534814
0.0001456533736987462
0.00016311168128727734
0.0001928285201426257
0.00022855850661611689
0.0002561995264637119
0.000267702349409055
0.000267871673620791
0.0002752457163405346
0.0002946515194819689
0.00031248768900746595
0.0003216601534779637
0.00032025058960788525
0.00031396827037032875
0.00031247527490841037
0.00031621864690978014
0.00032365274817836584
0.0003297186416080539
0.00032934522269883755
0.0003284852846731662
0.00032879576553234135
0.00032129656057210425
0.0002973213308136233
0.00025606555860019055
0.00021303116588877283
0.00019013349060574488
0.0001935092588815033
0.0002064994299758905
0.000206078909757692
0.00018388233106585248
0.00014581337142327162
0.00010613815918917139
7.371248199914372e-05
4.024532606238446e-05
-8.692256906465482e-07
-3.718155144686957e-05
-5.541398667228248e-05
-6.818410300965626e-05
-9.42684749529813e-05
-0.00012711046476280227
-0.0001559237724491585
-0.0001839958138763162
-0.00021609067791396747
-0.0002501508927590326
-0.00027478655995083245
-0.0002833957637278313
-0.00027837443889682623
-0.00026277444505504486
-0.0002498905966470248
-0.0002545818970418637
-0.00027016393711288547
-0.00027397471790628733
-0.0002572232339214761
-0.0002377811567993116
-0.00023312575986956803
-0.00023984440430378673
-0.0002465141265757079
-0.0002467651489943073
-0.00023621573848955254
-0.00022153470490441274
-0.00021335404672170514
-0.00020254455395930112
-0.00017965306119840506
-0.00015077144958563628
-0.00012322245589346242
-9.575368719779828e-05
-6.533007773189822e-05
-3.5462959939507224e-05
-5.65552797163423e-06
2.9170095863392725e-05
7.272376123017933e-05
0.00012273066865820168
0.00016451350229586338
0.00018160353788306165
0.00017623516195629252
0.00016680159550992076
0.00016406031998509888
0.00016782030086355323
0.0001709020995105803
0.00016797241072600698
0.00016305076781547662
0.00015676350001117288
0.00014585357774908695
0.00012986473311663442
0.00010886246013465552
8.835256100333592e-05
8.242257879851701e-05
9.935160224075335e-05
0.0001347248175208222
0.0001794328181414728
0.00022373470902784076
0.0002542377515286885
0.00026099701468816345
0.00025186593679404174
0.0002466115410469664
0.0002581159755940678
0.00027827425722375625
0.0002926977047143967
0.00029961496269436446
0.000302451898415309
0.00031116353833512614
0.00033378099050915673
0.00035418806334075155
0.0003413739547789908
0.00028823535034920935
0.0002222226846826568
0.0001719320627226811
0.00014801259655455247
0.0001455359010149844
0.00015521534571459505
0.00017798543952088737
0.00021739400500526783
0.0002529795988745488
0.000245027812422382
0.00017786567000217058
6.395892214383563e-05
-8.246368509746749e-05
-0.0002459852574869909
-0.00039763180267058545
-0.0005221301946390984
-0.0006420273795079156
-0.00076189452588866
-0.0008365438661898921
-0.0008257164058219411
-0.000748306052626655
-0.0006825991525406486
-0.0007062653387150813
-0.0008260343904012323
-0.0009791419640904938
-0.001085515787412149
-0.0010857822137576784
-0.0009701312469661914
-0.0007778675773545196
-0.0005690633141622933
-0.0003779535688333763
-0.00016357897835959733
0.00013917585302876062
0.0005083436675565418
0.0008430015628583771
0.0010821414051608756
0.0012680089501975343
0.001478766287747257
0.001702176182454768
0.00182669116453128
0.00176845010643877
0.001525184004904595
0.0011420746111543607
0.0006746057561991169
0.0001591571261085902
-0.0003599529972315403
-0.000823181191535491
-0.0011668189648910612
-0.0013161196489775704
-0.0012672411972413733
-0.0010992238494683523
-0.0008570692658181374
-0.0006005200492926395
-0.0005018206440491349
-0.0006515599381284673
-0.0008734363560258864
-0.0009193596979132225
-0.0006661321814566895
-0.00016490445340136333
0.00032218614809074336
0.000639343398950635
0.0009772872953463612
0.0014881104756021139
0.0020934778993511286
0.0027598832571551577
0.0033577005307902506
0.0034380521366124176
0.002869371686649153
0.002183059359036942
0.0017831167673840198
0.0014947017198605325
0.0010120646896366057
0.0003544197329212822
-0.00016115998387458659
-0.00033153423100814694
-0.00015924196546533383
0.00020299334183829855
0.0002947013104058389
-0.00022441267950865662
-0.0010784258953000247
-0.0016614561652812986
-0.001774141121938003
-0.0018081560923524974
-0.0019238268727521754
-0.001883817011999225
-0.0019489526241224908
-0.0025969523660937313
-0.0035475729390228266
-0.0041077587110263285
-0.0038674354341619466
-0.0029653579111743695
-0.0019079228485892664
-0.0010405359361484567
-0.0005136457875259993
-0.0002634109906804188
-7.1581376659155645e-06
0.0003425438457837358
0.0006692363575862872
0.0009148369868613877
0.0012426720223537382
0.001858262647024752
0.0026214491926577427
0.0035005262016314423
0.004614130164035535
0.005423160073955947
0.005356631660974958
0.00456961491278348
0.0033088705601597808
0.0017653141780729913
0.00038862469381808053
-0.0003799696772497264
-0.0005151894126202956
-0.00037387081886428193
-0.0001935776500336681
-5.6007061011555137e-05
-0.00020755270475007094
-0.0008671554381090855
-0.0020267614165504805
-0.0032929592004577006
-0.003941587471017559
-0.0037986479605480613
-0.0034694154039316134
-0.0034000925675041005
-0.0035100714533190507
-0.0037326812231870026
