0.0
0.0
0.0
0.0
0.0
0.0
0.0
0.0
0.0
0.0
0.0
0.0
0.0
0.0
0.0
0.0
0.0
0.0
0.0
0.0
0.0
0.0
0.0
0.0
0.0
0.0
0.0
0.0
0.0
0.0
0.0
0.0
0.0
0.0
0.0
0.0
0.0
0.0
0.0
0.0
0.0
0.0
0.0
0.0
0.0
0.0
0.0
0.0
0.0
0.0
0.0
0.0
0.0
0.0
0.0
0.0
0.0
0.0
0.0
0.0
0.0
0.0
0.0
0.0
0.0
0.0
0.0
0.0
0.0
0.0
0.0
0.0
0.0
0.0
0.0
0.0
0.0
0.0
0.0
0.0
0.0
0.0
0.0
0.0
0.0
0.0
0.0
0.0
0.0
0.0
0.0
0.0
0.0
0.0
0.0
0.0
0.0
0.0
0.0
0.0
0.0
0.0
0.0
0.0
0.0
0.0
0.0
0.0
0.0
0.0
0.0
0.0
0.0
0.0
0.0
0.0
0.0
0.0
0.0
0.0
0.0
0.0
0.0
0.0
0.0
0.0
0.0
0.0
0.0
0.0
0.0
0.0
0.0
0.0
0.0
0.0
0.0
0.0
0.0
0.0
0.0
0.0
0.0
0.0
0.0
0.0
0.0
0.0
0.0
0.0
0.0
0.0
0.0
5.014546611393709e-07
2.0422942702823623e-06
4.430314181381053e-06
5.890863352702165e-06
7.372731383783528e-06
9.07269613384163e-06
6.661486307381659e-06
-1.0149144893326297e-05
-3.5561381456230454e-05
-2.903794535967497e-05
1.1760909533457394e-05
2.954786645852398e-05
2.347923968036939e-05
2.053666464849372e-05
1.902558287305111e-05
1.8247376181161464e-05
1.7565312572551205e-05
1.7391150073095488e-05
2.5319043392195496e-05
4.867552562121062e-05
6.661374389502648e-05
4.162446838360048e-05
5.7573354502277405e-06
4.782904366833928e-06
1.6635274128970265e-05
2.5203420894826034e-05
3.464794847862517e-05
4.525235624893608e-05
5.613803388268647e-05
4.770521401832878e-05
-3.997611389936264e-07
-4.856262975301048e-05
-1.1511631574894234e-05
8.558731671817609e-05
0.00013400054322050875
0.00011583623407131621
7.355742203687722e-05
4.8567614847117424e-05
8.929306209752607e-05
0.00018965781448420288
0.00030737921128020095
0.00043005194463276695
0.0005836174490728632
0.0007333484302064667
0.0007929019363327389
0.0007543523944925202
0.0007277770551510607
0.000800863196073248
0.0010227251531214174
0.001311918547165528
0.0014979981795768531
0.001559969366465825
0.001621344100941322
0.0017878692154639545
0.002025936108049312
0.002261809247810741
0.002517930521578903
0.0029543989578150864
0.0035437943551809123
0.003922463547954003
0.003948188285802507
0.0038961220136729466
0.0040672805943894495
0.004500043523061601
0.00498656367874389
0.00529718844238465
0.005539706569971247
0.006038719063465343
0.0065825767425452125
0.006647675501433917
0.006103108282017459
0.0058260119625486
0.006271983474203345
0.006646333561624156
0.0068693774430778525
0.0068885586358854835
0.006689858344903423
0.0065046760622051655
0.006313048523075589
0.0060409747779655324
0.006087876310302341
0.005929854580761315
0.004563017297097796
0.003987007062763681
0.006592284716730121
0.00970736436126648
0.010770297296611255
0.011717634281035625
0.012289271453311799
0.011924934694661625
0.012768905136790257
0.015510235402386585
0.017991106193254034
0.01814450356852905
0.017191490076995605
0.017910459977184684
0.020276877165149344
0.022601407496175993
0.023454445712890456
0.02282513589328684
0.023329562546123457
0.025871209889268016
0.02881296190425779
0.030076841871633238
0.027892905445328398
0.021684615385978004
0.01603686748711345
0.0196991285427381
0.02978388374435102
0.03431989042652786
0.028507277062056066
0.017125425648780463
0.014494752165140859
0.025163449403939497
0.035288869097271025
0.03538596134678632
0.027341443933515678
0.019906837073463482
0.018624538885991845
0.02725351115020139
0.044218970328258056
0.04950969606067508
0.03750075819440461
0.024942968800872718
0.027714035002503967
0.039397608174182974
0.03756498806530662
0.023388873549165405
0.012162590934387643
0.008201485739410048
0.0046334064575059165
-0.007882477799455542
-0.01849897672535152
-0.020425321203278973
-0.015762710201667
-0.00563709725719945
-0.0024433953197509736
0.002866113203828487
0.0048851267882173074
0.0001957043687168308
0.0057719187260324096
0.02183555486712031
0.041932608670572316
0.0428362710451869
0.0304018562711421
0.0373012976912537
0.055658664422520474
0.059487225627426414
0.05008424815124572
0.040838151341311864
0.03586465288865595
0.03355372382397738
0.04129199739180964
0.06573897784010128
0.08341553498661118
0.08917765615808616
0.08489531357477687
0.05004202770752917
-0.002693966004830258
-0.04404357959922475
-0.06245084831981822
-0.071426941991371
-0.08729613061797162
-0.10526967001858417
-0.12492934282359071
-0.18022157662201657
-0.2586205990234968
-0.2839978199929584
-0.23954169628788224
-0.19826425932798689
-0.21261950426665097
-0.23441744417685623
-0.18018553380084334
-0.069547213381775
-0.039740724771351765
-0.09549746871413903
-0.1383751393126141
-0.15545573560759599
-0.13825138667616438
-0.10031902883201145
-0.07490281837410226
-0.09507772974702824
-0.15489196156217852
-0.17255097314892245
-0.18316074138116667
-0.22920518511261123
-0.23498580502390187
-0.22954965728710114
-0.2525400198773033
-0.2714385084550513
-0.27581928007691425
-0.23912522657681393
-0.20349740784079573
-0.23516927513566976
-0.31525464837180656
-0.38867882369564255
-0.4268565589314163
-0.3814261639907747
-0.2371726109041395
-0.14269351823671503
-0.16717019045575154
-0.22671763516890395
-0.26068474566235594
-0.2433043227235878
-0.22115519127089495
-0.23727265001099573
-0.26457046140271284
-0.2889712311917455
-0.256480141128006
-0.14157309389541745
-0.06989822096518175
-0.09969105129319807
-0.1309849022076078
-0.09232285235515256
-0.019036155223096474
0.015594207837478346
-0.01308730880955623
-0.08614959619031085
-0.16384749145276245
-0.17709260725146697
-0.10226534288309118
-0.025073706476029346
-0.008051178614581062
-0.021508463873126167
-0.041515743166152995
-0.0678358181112677
-0.08825493055478992
-0.076207285162389
-0.02570942742435585
0.03092113378843653
0.06878284341070429
0.07145801365492022
0.04288889990242993
0.006349060439479241
-0.03782184147803777
-0.054257694686144074
-0.0233611282839663
0.000875126002645777
-0.01635640846471068
-0.041388058591534375
-0.008528686559164224
0.05284656691945141
0.07495109604945799
0.0998344800353105
0.12738333777375307
0.10504932263565085
0.06043808059753393
-0.001184200187899058
-0.06909174788205377
-0.07654769981193874
-0.017631189397078372
0.03885496720226845
0.043470513076006675
0.009118616005210094
-0.01444975680716364
-0.006150835437051152
0.00896886440363723
0.01015714435703636
-0.0007198908962050309
0.00831884040654121
0.04974652435887097
0.10129484751670524
0.1402514615488464
0.17563404956742726
0.2345318964066015
0.2914264177040045
0.31691818115219494
0.35027471724734266
0.3904083654103583
0.36280389001404206
0.2977544219154673
0.2508472398002291
0.19378452756756678
0.1789638986782165
0.24494866642352664
0.2735982534063393
0.20456041677154507
0.1257938630831959
0.11462247956183737
0.17332384828581793
0.2660901657765598
0.3150544112761881
0.28105743285219276
0.23619669597440435
0.22724316901058936
0.20874086217548163
0.18154749063156003
0.21972101693853452
0.2939938135300408
0.33658070937269985
0.3659013574080796
0.3828844656214304
0.3783876188015731
0.37800097726185145
0.3860122002173294
0.3570236804134643
0.2647549274445153
0.1884745852656274
0.20651827377707746
0.2579589639911312
0.27552875428896545
0.293558939251506
0.3718589752753639
0.46779027623470487
0.44574421105328726
0.3181329467387692
0.2512984887041497
0.26534304512177104
0.25966745324835866
0.23520856177252383
0.21067716188385432
0.18042022873174596
0.1531097416725746
0.12503806275009197
0.10816672675040151
0.12121178797343131
0.1195148203620968
0.0727186698912441
0.051365404153192205
0.04244967987264041
-0.0029496096159414295
-0.028267582647005615
-0.01482810050862852
0.003151163522999336
0.02957551961414553
0.08224115678450272
0.14596994718211975
0.1730809319360483
0.13744516162159157
0.08798010231253463
0.09433413295682383
0.14262296615384512
0.17381827567319916
0.1807038619915166
0.1761482909239427
0.16228535439851902
0.1258131619766908
0.062097429255075165
-0.0014023345010845097
-0.06835945713878853
-0.12318972150202576
-0.09825595456049416
-0.01069465132501023
0.06324139617838777
0.07662192531854743
0.01372351963324435
-0.05932734157971747
-0.09710074155317087
-0.1318643605550636
-0.1626336234883265
-0.18196842533982838
-0.20275649816330762
-0.19852056987928202
-0.15687683988302606
-0.10261980918064167
-0.05894847525177998
-0.04133526738565931
-0.02980713498030396
-0.0037720078783449163
0.030807474448871077
0.055308968204101375
0.04659416094323596
0.03446165532734118
0.0337128881941987
-0.005497190283494528
-0.07421187426399273
-0.10272249641499713
-0.13398794937035657
-0.20885658858491815
-0.2306415940621541
-0.1776771890205473
-0.12849753973017
-0.1173284879596706
-0.11696966248870191
-0.1049847872072674
-0.07125912531438515
-0.024647394899466765
-0.014727313773597326
-0.028637083829043126
-0.03443075474561202
-0.05758465355758272
-0.05366038785069036
0.008543104545481812
0.08721515936594793
0.1473794936957131
0.1521410099646787
0.13358253759941063
0.1507684347056989
0.15391874612531273
0.052349494854454774
-0.09972412291015817
-0.16326014075852452
-0.09706252540278332
0.03637376050074783
0.1160660317237012
0.07892336971423902
0.02381591707442792
0.022209813400493234
0.04398193386411586
0.06455137093438287
0.0568673537088042
0.014256290891765461
-0.04167489326901401
-0.08500758373453095
-0.1007610044101151
-0.09608878741495155
-0.10569487520248548
-0.1365968082075182
-0.1710765449059042
-0.20247537865868492
-0.187963972195322
-0.1256226687055482
-0.08887017514017492
-0.09325612030509993
-0.07285995946967475
-0.015483358268324001
0.04235971720267642
0.10223444483179599
0.13973490285617374
0.09640618356438994
0.004787548864323864
-0.03783619924895905
-0.023248026360592738
-0.00039100253508156575
-0.020330278785339898
-0.07484079621269357
-0.08117476663099848
-0.036999566092020014
0.009652127519965263
0.05664019255552437
0.1169463435256612
0.17003533655706338
0.17890529914706682
0.16336903544680736
0.15646275388370315
0.14474400260764905
0.1436796268548631
0.2103278607828559
0.33013712722682387
0.4231141283395116
0.43983086424351586
0.41544105869030484
0.3586565466344327
0.23147857473162242
0.1317241114035042
0.13876891390612803
0.19354600374948847
0.19320522261835074
0.10636354349907416
0.08233966855929904
0.15067844242631726
0.18710978268936632
0.21962793051935536
0.2390120497693318
0.18052891763048431
0.13424352422327382
0.13732232936474756
0.13654126468621292
0.0890091763018341
-0.0028207711652798117
-0.03020961455423955
0.07253271727705185
0.2378394534313232
0.29124551703193785
0.14571109531104015
-0.027734709574341102
-0.10280648178867012
-0.11553424620233613
-0.09447613357813299
-0.1048609395279019
-0.14475704991000887
-0.14616712590474837
-0.14559082156840866
-0.18865758443037756
-0.20335451746628505
-0.13221978908724896
-0.10074143219128193
-0.21514937072277265
-0.3359330296708533
-0.33370931608584725
-0.2599191732863019
-0.15270000525280047
-0.038565416078579794
0.012958060744456726
-0.06667923642190673
-0.18808071454080375
-0.1703582116443797
-0.09705163837488409
-0.12338204457712089
-0.16996365616760292
-0.13421395847329784
-0.017374472985332123
0.1328067110289588
0.21553366304594587
0.21390440487403906
0.16685789737745468
0.0593273119258613
-0.030258711058750422
-0.004325451573017778
0.08019124250520576
0.1415043531417449
0.15340635429861435
0.12561780424473834
0.10025099685156905
0.059884459146416484
0.01388727528288379
0.02079421774600074
0.02982797823918209
-0.0024266459452841117
-0.014750085822492532
0.02270957782644702
0.061748437614388106
0.05747583064486982
0.039567858244474716
0.0654772424644673
0.10153831421447224
0.04762704195811862
-0.062341019932884545
-0.08744923596915942
-0.018733366345274477
0.05018345035029142
0.07762813539929679
0.06739254149452886
0.02086761700527199
-0.02749564761495222
-0.03020795802415229
0.0027920218075105467
0.030638888362440147
0.02334351262616409
-0.023880180784425623
-0.06385420249430328
-0.10842131985288367
-0.19206661757873908
-0.22279628377277913
-0.13199341740613058
-0.00421182268759199
0.0580627963609567
0.04444231596475677
-0.02759660871661692
-0.09676306059418839
-0.12284402171156643
-0.14210368941099857
-0.16596864017970783
-0.16670989247371418
-0.1157266533587461
-0.05076255011580552
-0.04345048002499882
-0.09135562128073756
-0.12372056568154981
-0.09758806036104062
-0.050703081665524334
-0.04177626743366137
-0.07979576282902995
-0.14611402650816954
-0.18713507014312977
-0.17133265951021864
-0.1498570062897694
-0.1270035081100447
-0.07726431914901905
-0.021259476091890057
0.029751337023592117
0.056729955866960655
0.07691460878546853
0.10366632681070634
0.08184420922446471
0.011056037653288074
-0.06852837402137929
-0.10527309660299224
-0.049184598693585366
0.03869335874412634
0.06617163281501158
0.05552870440633401
0.057234303595954356
0.03475514799799581
-0.02344237581529588
-0.06636838636555391
-0.08759260171392802
-0.07264621826354717
-0.023486402617618824
-0.02092038369935421
-0.05156579684221883
-0.0388991102410415
-0.04453844997783564
-0.13630140429960466
-0.20708091540834123
-0.16765352834148728
-0.11170901225488417
-0.09318370283350677
-0.08619215867070741
-0.09088798543093225
-0.08250474228572749
-0.04997361510276469
-0.05877869437315869
-0.156993373399877
-0.25447862968152235
-0.25401713592267033
-0.17411910940128325
-0.0934380503470732
-0.06109079725832138
-0.08281465281993232
-0.14090313635597976
-0.1758907743381421
-0.16842776198029438
-0.14170619174927931
-0.09513679637578636
-0.0656961506190505
-0.10842937023342818
-0.19127923026788582
-0.23102677531770047
-0.18050165676618884
-0.09229337550415895
-0.0716336168760689
-0.10691929723508188
-0.15334765870721961
-0.21532398540054112
-0.23250423888189467
-0.16685885235642287
-0.053580917257320844
0.03505176097417937
0.030824589040341587
-0.03560155676333547
-0.08823069680419957
-0.05625257353555839
0.028691848184521824
0.056224483915698203
0.045230462120896105
0.05492567429444899
0.09290756876322975
0.17793982210969259
0.2529031788184388
0.23003289394868656
0.14844672241229556
0.0799417771436613
0.04130106678209772
0.035959894799987575
0.07073837791600604
0.13135583556311017
0.13129824748249735
0.06715110632443866
0.0471627278162403
0.06355884303649308
0.08529257557217272
0.12319850007858625
0.11576023969224178
0.05821384875474923
0.03555166200369898
0.04042587326902671
0.019662770517269456
-0.029818120605037954
-0.09486895683031442
-0.15814832260490683
-0.16818531291256797
-0.12350606196528202
-0.11540887750978221
-0.16830587938426575
-0.23457878886667793
-0.25900493579709477
-0.24074391115012467
-0.22345539823475763
-0.18972945933584934
-0.11442610081990408
-0.03269251458572149
0.02832080898263643
0.05881021234030008
0.046626612869962065
0.014104740220989904
0.012295442078040553
0.06931453956756925
0.14656406446524414
0.19452237657690644
0.19578992313162633
0.18310357519464954
0.18152329413374535
0.1386545307202535
0.06378390317625966
0.05119558276770644
0.12559927884057545
0.20473215401863692
0.20738853092726867
0.13529257205148432
0.049935238741974496
0.009466200274816285
-0.01192787934198068
-0.05272055663696781
-0.08869650608277414
-0.11583913668934719
-0.1511852951569535
-0.16529814084299443
-0.15273344451907248
-0.12631381269978048
-0.0652149429685535
-0.001001510646994793
0.010130738244282322
-0.04869819867998839
-0.13301165032583542
-0.190202615636477
-0.17709232260646912
-0.09423302855629022
-0.03999397137668412
-0.09025888619528324
-0.18669328893960016
-0.20591248489822242
-0.15776373522191653
-0.10940126654288762
-0.057918643969312796
-0.02436598546532386
-0.022955831886503023
-0.01766362064547794
-0.020133973790195565
-0.05734738317859167
-0.070433134227359
-0.032573462015598
-0.005140577867496388
-0.031105065912683673
-0.08313988855289627
-0.08849189271279687
-0.044921539751981286
-0.016449260725318927
-0.004400160582998725
0.0333572480247447
0.07555890548468523
0.06912331071860695
0.01840247768759022
-0.033837735276192604
-0.07426794462224717
-0.1228960289466911
-0.17382969940718135
-0.20746675817076063
-0.2132519841621895
-0.1688693439045899
-0.11180062859243388
-0.10043357370501782
-0.10600330046794582
-0.08192159295024119
-0.020480406417370676
0.04133483717952802
0.047355888042245234
0.0031132315709254395
-0.048613502650519745
-0.09219128294374707
-0.10384338017168566
-0.061748901417239724
-0.0025716732547535546
0.018012447240789715
-0.01095180431026238
-0.06143559540273125
-0.09915131443503714
-0.0897013826195966
-0.029153832163781923
0.04800011191276043
0.09096776538897612
0.05223626124586052
-0.03805235141781226
-0.10870316142459827
-0.11933191850419494
-0.053092256829217165
0.03887090565541297
0.08601756311060749
0.07939479217604728
0.05478335133042794
0.05853339134733618
0.08447310731147771
0.09496462292816842
0.0986965579124258
0.11063213270512243
0.10367519781161075
0.044316538486219345
-0.04614727993847966
-0.09564255894101828
-0.07475334303930671
-0.031214741313506423
-0.007202084336536519
-0.005143850896790453
-0.002664761859412753
0.01876262450815752
0.035194763342526955
0.03430087596476511
0.038640030010714754
0.05418691247184853
0.05930211702421824
0.050253149155186944
0.027964458165770954
-0.0013435323905445756
-0.0022365744598337343
0.025934832931165754
0.04797188427820976
0.042188957026951676
0.031030001867552906
0.05372697641522256
0.08281557326138318
0.06293442990371385
0.011678782195726224
-0.007299992287888635
0.019813813246590144
0.04436069020316506
0.030410641373584218
-0.0035958355119544367
-0.022155816748922724
-0.02280813645745045
-0.016482427587402298
0.002406674282072074
0.030183853345133165
0.057954196183009614
0.07122404496071635
0.04651872379610441
-0.004176414327568062
-0.03737305928118519
-0.03830751827607872
-0.03050639790750867
-0.02231025982525248
-0.018147708276347478
-0.03437425753094409
-0.0611785404546151
-0.05444762014680606
0.008859222404938652
0.0722344269163216
0.08273608345289248
0.0641503001747411
0.060150745596801336
0.07035628215421669
0.060215621046588334
0.025446044088370583
-0.0016635804285422455
0.004721522467557161
0.02356021354987463
0.009686008046596608
-0.03418070761000842
-0.049192488753073235
-0.012389372730521686
0.020191189640200686
0.012599291808988283
-0.011251190688906232
-0.021849700093013538
-0.018100939365562587
-0.02028198792772526
-0.035558087200935305
-0.0506068303333297
-0.05509745270354194
-0.04747527114885405
-0.027619979365865018
-0.012706384224675482
-0.020027296078277006
-0.027847322343444354
-0.018155220660954877
-0.005430685207330035
0.00195298349598546
0.0071001990521726635
0.012197381247121832
0.01435145328683725
0.013105004096654705
0.002820001591838129
-0.020133058100958612
-0.03117406538086354
-0.026321730105275946
-0.029631363886167446
-0.04254973677716704
-0.06320022236099734
-0.0853160100601091
-0.08144859400239397
-0.0459698083302573
-0.007956432751956545
0.007639007380236699
0.006049665717884803
-0.0028852905226705874
-0.009918671637028873
-0.0024341654935863505
-0.004122177002368497
-0.030657096440158633
-0.03904175455050626
-0.020572887354172044
-0.015671539008042145
-0.029110347906643148
-0.044478669784077954
-0.03971169172205542
-0.01854134592092352
-0.016205416869526236
-0.030812054874400155
-0.03920328758732527
-0.03209356516745603
-0.026489059535465567
-0.042387983049465304
-0.05484834937191435
-0.043931057192097056
-0.02138793816561593
0.0010452022468091153
0.005784216190973166
-0.003144429598291163
-0.006636297208951422
-0.006288455181319191
-0.004750637716884726
-0.0005308890819493288
0.008957940397331034
0.021647612765293606
0.02106035593004855
0.004269224851122085
-0.013348788645408739
-0.02331815066372461
-0.021432325417107465
-0.018368089706710236
-0.029672211798084925
-0.04682214919459108
-0.0514040542768677
-0.046260559622183985
-0.03866987784329842
-0.020285784722585944
0.004146042341669305
0.016101799357125836
0.010482128588963958
0.0037737085129257468
0.002104498913772421
0.00046958794580632225
-0.005142900019752046
-0.01974861119837843
-0.02688596312719329
-0.017098543791163982
-0.006584715959369576
-0.011858914514805231
-0.020532671978310327
-0.00882271830059252
0.006664500562990455
0.001409338042173539
-0.019205226581718676
-0.033412155426662794
-0.025975593410368838
-0.01027411107925791
-0.011391436142384068
-0.026907095537407933
-0.033986833801818196
-0.025529391782422473
-0.014776075129269909
-0.005409315717212901
0.005147338566258758
0.005275860931672882
-0.0007524373341768866
0.002075245429236393
0.009893431184951952
0.01719780641354396
0.023074487475256235
0.020681528705205066
0.007353559978967758
-0.00861100242027827
-0.019137530949061263
-0.023090090525135325
-0.019700213292914426
-0.010068017715417668
-0.007691666946666103
-0.01856046339976342
-0.021327351788886652
-0.0055003236384137035
0.011162493796017591
0.01800962128956366
0.018622471616031422
0.015271314651333454
0.01008371570138408
0.007355158085504781
0.005765851825514679
0.006898939142412237
0.012735698729997089
0.015344748678086016
0.016019210453430143
0.022365685038282564
0.0286663173693572
0.027136806810685178
0.021342455253842752
0.021695627166578975
0.02502147371596488
0.01889607672845168
0.005641593649758908
-0.004591801613584628
-0.005273640925352193
0.0008974598524814409
0.0033115255761663434
-0.002564003390324249
-0.008178322937767747
-8.630001030743443e-05
0.015585520551449076
0.022280835959081393
0.02527757338596653
0.025358965770433582
0.02049380104277387
0.021553574546602856
0.024525135632919404
0.0231895044785424
0.021217697605869456
0.014013346684809613
-0.001734944657760503
-0.012530950317887169
-0.008631139911733686
-0.001135959346359826
0.00045259589039306665
0.002048735279439588
0.0018613467424370828
-0.0018587756301475403
0.000655906612913097
0.0060507423818147565
0.007153668446358308
0.008402559595899728
0.006985098399459213
0.0011238169686945516
-0.0021253315574161495
-0.002335847512052202
0.0001625022414567906
0.003048605167601331
0.004898246779624501
0.008193932139866038
0.010422036735040548
0.012250028629599917
0.011689463369300575
0.005350636533963771
-0.0014445115758119837
-0.004616864724165135
-0.005636899114034928
-0.007856341306729025
-0.01138936822944768
-0.013171356320761636
-0.015204601394112628
-0.017560451687551243
-0.014598034043325783
-0.009525603272002326
-0.00644348450533653
-0.0038587423097479717
-0.0009677321136500787
-0.000588695412936653
-0.00154770726158154
-0.00011625776893153605
-0.0020780398459723593
-0.005437888396134452
-0.003976014678624443
-0.005992618559750395
-0.011619844076109193
-0.012478136741738451
-0.012722276057069761
-0.014707318782988475
-0.01264049877959813
-0.0068744851449380725
-0.004850858483872273
-0.00509846342752211
-0.004726031080422025
-0.00724666287385859
-0.0058624795600540625
0.0002983527504831543
-0.0014906271619083106
-0.0054611394426314006
-0.003284779634728129
-0.0030569437202317786
-0.004536043749249292
-0.0036955174258749466
-0.0018105026632423853
0.0015929270478437815
0.005680684448298584
0.007055316406193106
0.005888589678153699
0.006308721583272266
0.006156977383284483
0.00047852559312451396
-0.003720923424782946
-0.0007137677007296251
0.004171634962184198
0.004696133454260996
0.0017438257362635738
-6.064281343000179e-05
-0.0007910050007084296
-0.0005579721619885718
0.0025143169190902843
0.007123401080275815
0.01090028831671776
0.012225119774847668
0.009537452786671174
0.006147280605047072
0.0059818211841151355
0.007248647976678713
0.005903498167622631
0.002893865220265751
0.002119673819518644
0.003394845777401303
0.0038311061101143247
0.002863450127817301
0.0025735152852537574
0.0034797800562667396
0.003553877889637671
0.003104720733428309
0.0025747901768021883
0.0015200666929649747
0.002008463366701693
0.0013475560079070613
-0.002320914960602299
-0.003460641487361491
-0.0014741575265123693
-0.0014558088244112717
-0.0024093256246647374
-0.0010054665465216062
0.0007763791737475304
0.00032340138597485127
-0.0009329095342125493
0.00029795766719601817
0.003809480315465898
0.005446260928297493
0.0032174798733529786
0.0005122913597674001
2.5321973497434825e-05
-0.0005731312713928193
-0.002893308046433906
-0.003235934351382616
-0.00031608730856633627
0.0018690873454780966
0.0001640381254282458
-0.0023588921804619783
-0.0022260358624031132
-0.0018604862107001428
-0.0015430590148511724
-5.296153732644365e-05
0.0005782811961635484
-0.00024412274138506515
-0.0010859607033554134
-0.002129936470886182
-0.002611757855647357
-0.00090309742015833
0.001286573943773564
0.0013520499803362398
0.0009803929704895896
0.001769244565529892
0.0029427036544388864
0.004061463007817854
0.0040942372653464685
0.003387257549841866
0.0032829145822723177
0.0033163585589640766
0.003154958610132911
0.0035640649013968188
0.004851593836866484
0.00597466262477233
0.005585508703408213
0.005049633478460851
0.005805318500683016
0.006972414515049101
0.007798439434128528
0.008182386142927395
0.008533834127361502
0.00898677836026209
0.008722309210082983
0.00786920633198459
0.007901665503373302
0.008652355909660578
0.007933089005988868
0.005650270630253534
0.004433185942217004
0.004862801570645556
0.005371488826164621
0.0054656989924988545
0.005515994199737596
0.006012180523967607
0.006404923116584917
0.005401927538822036
0.004269184463750626
0.004519946050552594
0.004771620432310428
0.004698790639123879
0.005055512914152623
0.004962279365580075
0.004135999637132322
0.0035925848300438425
0.003575735592955134
0.003870143296319807
0.0047092239691803334
0.005163226489010402
0.0041279073345642904
0.00305344774734109
0.0027053947428319213
0.0022091392207821054
0.0015367817840166856
0.0005362456917486317
-0.0005831139180107375
-0.0012537137866953678
-0.001636309637615657
-0.001969736270038448
-0.0020496885763984394
-0.0015555168510811943
-0.001577934279116078
-0.002898651203470223
-0.0038546695860498755
-0.003820062279328203
-0.0036091426495513425
-0.0033232901544158508
-0.0032143936288844973
-0.0033539420447702833
-0.0035120115828492925
-0.003541785884653963
-0.0034234837842683384
-0.0031123370021434007
-0.0025080591864952116
-0.0021545049240469503
-0.0022522831738981497
-0.0022538324663459743
-0.0022576405277128135
-0.002239259735842303
-0.001992348148075516
-0.002104009824303281
-0.002154387862010505
-0.0014406063559747502
-0.0007962509353083907
-0.0004901988730118506
0.00025372648896500083
0.0011124785240614545
0.0013198077198928013
0.0013202405303498928
0.0014954737683046137
0.0013532025991142918
0.0010389075828914171
0.0010681529416852415
0.0013148643334965722
0.0014936093816513792
0.00150860934404986
0.0014037410040009682
0.001400075987906154
0.0015690844893499428
0.001774176227087081
0.0021111802443183354
0.0025522254349115278
0.002762113753604869
0.0025965613310454123
0.002417252745373412
0.002633362068575599
0.0031060400959574295
0.0035880348719515777
0.0037218604206330818
0.003170981439519377
0.00257715036051312
0.0027874572568522956
0.003546316842561924
0.004115007383354449
0.00431924114564882
0.004216844039327863
0.003755533714469963
0.0031309062045858814
0.00264300551571048
0.002468253950632216
0.0024892058419034354
0.0023277303860415794
0.0021188905927855355
0.0021430065967642216
0.0019860370150328824
0.0014288029702878115
0.000779580232138412
-8.133670841669733e-07
-0.0007780746212962182
-0.0009457336696147494
-0.0005562933644285812
-0.0003602551573938292
-0.0008334339321985635
-0.0016201248738777717
-0.002270671094316357
-0.002940399528476266
-0.0037007388922004345
-0.004304091717349256
-0.0046518697166104545
-0.00478208800149737
-0.004587721860555484
-0.004030731717748075
-0.0035012973939211336
-0.0034377196681738354
-0.0037127100486713045
-0.003908422800865487
-0.003921531973881984
-0.003790216614842992
-0.0035423441540827537
-0.0034670391275032682
-0.003677261303623237
-0.0038591324902214944
-0.003977945883822399
-0.0041386906821747225
-0.00415133796867046
-0.004011652819343044
-0.004050574168089146
-0.004273107045767531
-0.004264526290373049
-0.003957681463561979
-0.0035947767646620017
-0.003243492792268328
-0.0030964707219413154
-0.003258154093483895
-0.0033966049896679753
-0.003280050111420001
-0.0029482600650365194
-0.0025857449482957827
-0.0023758162869996482
-0.0022633254384446556
-0.002062931116497901
-0.0016766450422767878
-0.0012673655563412824
-0.0009658048347138773
-0.0006706309464928856
-0.00032519128342635477
9.669540402060497e-05
0.0005941713270186395
0.0011215109874988818
0.0015725546241413507
0.0018369099133620738
0.00202236174235715
0.0024245979824348628
0.003105071815058819
0.003715607678547729
0.004159895090920475
0.004731294413205764
0.005338228173718987
0.005625431978059082
0.0056132912058394335
0.005454683576770015
0.00517873646055392
0.0049237013565883465
0.004857015301681419
0.004921114235699533
0.005007163045282697
0.005087223189794303
0.00496666953001743
0.004523051883668328
0.004081258143705693
0.003871947538035774
0.0036472515777353355
0.003374214717760814
0.0033407549102200985
0.0034646175244817177
0.003456827290909888
0.0033133006996098604
0.003117136394612512
0.0027598729545680357
0.0022991296518398803
0.001988157368589243
0.0016769874936754048
0.0011481068541975288
0.000702559915604631
0.0005523769471230604
0.00041679123911519175
6.323679786750495e-05
-0.00036726831905865685
-0.000694143429368666
-0.0009355735167968051
-0.0011250798784803845
-0.00128949538129209
-0.0014809840568869258
-0.001730224368363452
-0.001994939490950659
-0.0021291287709873947
-0.0021426869195407304
-0.0022231478409893536
-0.002382443176499894
-0.0024995092407863514
-0.0025808926302597237
-0.0026697485768771806
-0.0028148047124178927
-0.003085174401660729
-0.003342599047745078
-0.003450871613326867
-0.003555100311865091
-0.0037342768633929356
-0.003841795273667166
-0.0038126944127751436
-0.0036906612148943775
-0.003412207757744037
-0.0029896408814649167
-0.00269272876171419
-0.002676737441716708
-0.0027496329265195994
-0.0026997628456452163
-0.0024898646881563275
-0.0021676182277487826
-0.0018670735242744213
-0.0017175010372158048
-0.0016445666517910886
-0.0014920548905020823
-0.0013132416275794506
-0.0012422955378709026
-0.0012384487868697391
-0.0011612599668359088
-0.0010097720034606722
-0.0008494560108076771
-0.0006431505795307471
-0.0004338794994012714
-0.00023525977486828892
0.00014503495890671496
0.0006537485506888569
0.0009440014074816608
0.0009888236157457955
0.0010986168946373084
0.001396181993036446
0.0017109965333236162
0.0018867709558612578
0.0019378564125145776
0.0019931296014362803
0.002138958366412931
0.0023426755706389777
0.0025601411816030765
0.0027331842710289667
0.0027737481412707984
0.002718560866651461
0.0026726580441825214
0.0026443623146948365
0.0025801359562093494
0.0024153149241604743
0.002193220928878967
0.0020949458165126556
0.0021802341890472796
0.002252669716892871
0.002158462514690352
0.002031090988524773
0.002006685171130878
0.001957372798243359
0.001730539761992109
0.0013857628825160676
0.0010347185617059754
0.0007080307557371695
0.0004337021380609976
0.00020853867393768916
-1.2070733341450677e-05
-0.00018660744961949274
-0.00032995353389959567
-0.0005659893748576541
-0.0008523554150217763
-0.001098362947619732
-0.001377797501272401
-0.0017036600031717455
-0.0019148148353356198
-0.001949002081924249
-0.0019700404079526757
-0.0020799263207365603
-0.0021786831786992232
-0.002248478659378176
-0.002394198319775913
-0.0026001177333874145
-0.00281191308217598
-0.0030618215593210193
-0.0032978888870336246
-0.0033605159456491563
-0.003304650992270662
-0.0033527873769122773
-0.0034605615616148584
-0.0034466893373444017
-0.00332975413537475
-0.003182203305031899
-0.003034376602403814
-0.0029614135559367554
-0.0029716025325025905
-0.0029281758879247054
-0.0027189369656109913
-0.002383232568808365
-0.002019416669517999
-0.0016853599829348912
-0.0013687986552981906
-0.0010790112564749428
-0.0008807656349534693
-0.000736371879869184
-0.0005497032111217839
-0.0003280580385284455
-0.00014042870442176818
-2.467106467574812e-05
2.8712614212263257e-05
0.00010059232707370708
0.00028267991773191014
0.0005727498329346817
0.0009003361990518212
0.0011860126804576305
0.001379141887928827
0.00152087359575485
0.0016868447600542238
0.0018669389716345112
0.002006250847288778
0.0021154691955606536
0.002221492864967164
0.002330505805948609
0.002491677394602628
0.0026646589438392085
0.0027374290874694535
0.0027020395060767238
0.0026060888681386273
0.002490846192378724
0.0023804365572510267
0.002289532775049122
0.0022353639123057407
0.00219705871774841
0.0021356753404899397
0.002061466967033718
0.002018327086848295
0.001975887210819377
0.0018661025268084394
0.0017465517757319006
0.001679644577203842
0.001612560902147871
0.0015196458848694006
0.0013848982390607118
0.0011600597439808415
0.0009175430423838381
0.0007784928045361009
0.0007068767947802468
0.0005828244992292777
0.000402438421817875
0.00022143447796230497
2.962224559064051e-05
-0.00019255220412311803
-0.0004365095406429691
-0.0006615466287676273
-0.0008395914729996964
-0.0009924080042258048
-0.0011314580260830963
-0.001231719973724896
-0.0013036691204685426
-0.0013747806414057572
-0.0014384258352379959
-0.0015175873967310934
-0.0016354326936593299
-0.001766615071341079
-0.001896601280184983
-0.00201357265389135
-0.0021071277829681633
-0.002189820630239802
-0.002271053000943298
-0.0023473189654884615
-0.0024050123285710213
-0.00245815157338183
-0.002506701929000379
-0.002528512114708334
-0.002510872520544855
-0.002415482869057231
-0.0022270038410434497
-0.0019901595357618264
-0.0017686401297434065
-0.0016061750399120746
-0.0014984007138701427
-0.0013802965765596922
-0.0012154574159452562
-0.0010520290351978302
-0.000903312992597751
-0.0007399384979327908
-0.0005894075754479278
-0.00046268385455685646
-0.00034701922098206414
-0.00028083372355742434
-0.0002464107249015261
-0.00017964935395076904
-5.515048216647512e-05
0.0001526328168328237
0.00039465116205306616
0.0005534926557624221
0.0006379667974064641
0.0007769748804952116
0.0009877860944236918
0.0011722281010183376
0.0013186155998149368
0.0014542155234448496
0.0015878639666002431
0.0017369034486221188
0.0018716753099289982
0.001980245779932541
0.0020965498273229116
0.0021944076831283527
0.0022363592919912197
0.0022588535636034954
0.0022743286841471135
0.0022536238447522887
0.0022247387379213477
0.002230202876249574
0.0022485211543885352
0.002244742983925038
0.0022265230408753823
0.0022034563176771887
0.002164354559540461
0.002134925755148703
0.002110317920830112
0.0020461863264740433
0.0019686714628794413
0.0018951710684935485
0.0017931797930989474
0.001645970085358869
0.0014474931321661123
0.0011983704827097947
0.000931456490993577
0.0007091712000018356
0.00057345640052
0.00047673096956521926
0.00030725627305947195
3.175593936105051e-05
-0.00028025388290309346
-0.000563642510696569
-0.0007684663135099938
-0.0008683110747742486
-0.0009226608471933369
-0.000999628106186701
-0.0010879148899591209
-0.0011683307375427892
-0.0012635267728291018
-0.001406657289189701
-0.0015807854280100746
-0.0017112429030997987
-0.0017648590406268993
-0.0017794421940733449
-0.001800581135716705
-0.0018258067848448117
-0.0018390055737690298
-0.0018354440010081787
-0.0018093227981732904
-0.0017972776030092048
-0.0018187795159660246
-0.0018337018779806052
-0.0018144295796133055
-0.0017550597936387459
-0.0016674184605131757
-0.0015994776799501747
-0.0015527236087527498
-0.001451988406791211
-0.0012924147889846643
-0.0011482139363505383
-0.0010483566916415054
-0.0009817109777580139
-0.0009373376762102443
-0.0009033939713632854
-0.0008392620142474805
-0.0007208633407141899
-0.000596210036917213
-0.0004909391232320055
-0.00039286416223017253
-0.0002984501353139851
-0.00019352278879707096
-7.553512874118116e-05
4.4639030231064285e-05
0.00017388007098462072
0.00032843167457434865
0.0005036112061624566
0.0006751207199994768
0.0008386555078123317
0.000996425314626988
0.0011243644060135419
0.0012109821984047746
0.0012951737288408637
0.001412860786174942
0.0015277380503503977
0.001584106400377989
0.001593380424527047
0.0015912898443680118
0.0015836491161032363
0.001569806117576788
0.0015467699352274475
0.0015177653547503434
0.00149036305868475
0.0014573801777379315
0.0014053812232742186
0.0013315682115932243
0.001265732030451148
0.001240439565023997
0.0012373817577213343
0.0012104711180776714
0.0011595126688272608
0.0011162842934119741
0.0010808278744822103
0.0010442563913691735
0.0009893447515380716
0.0008787325514776106
0.0007335788278662676
0.0006275114676991838
0.0005664673217522358
0.0004978907026665872
0.00040012820949889753
0.0002825581856507071
0.00017807613904537338
0.00011202131295313802
6.564251927260813e-05
8.797623376807802e-06
-7.893711317349348e-05
-0.0001794460345121169
-0.00024689013272528117
-0.0002830754981145853
-0.0003198788549939933
-0.0003607253615955304
-0.00039646054179656655
-0.00045368401980802934
-0.0005584643681836208
-0.0006780621773099733
-0.0007786063018367817
-0.0008575736185637136
-0.000920659319682893
-0.000981756615274784
-0.0010471335996137241
-0.0011055056631739091
-0.001152267455714015
-0.0011963203003380698
-0.001229587294120204
-0.0012297488505266022
-0.0012036420756448617
-0.0011820940283387587
-0.00116409652782354
-0.0011276674017240372
-0.0010720957915434305
-0.0010131504970184533
-0.0009662049746371833
-0.0009294784448962266
-0.000893823669139198
-0.0008431774753329595
-0.0007590018504748196
-0.0006697813461535307
-0.0006195306319658444
-0.0006003394141928128
-0.0005771635113266788
-0.0005179462837463312
-0.0004065334551134211
-0.00027351725265803976
-0.00015593582825051638
-3.670790855227482e-05
0.00011004392932993018
0.0002629874791911448
0.00037751465594556156
0.00044172652709135264
0.0004858853190959403
0.0005460692529115392
0.0006309065032549235
0.0007150754606369675
0.0007859410914045706
0.0008578331579432153
0.000925593436607088
0.0009510677338109453
0.0009109045427826616
0.0008486263251934946
0.0008278672742383882
0.0008535578262324488
0.0008872633814304844
0.000903809834324456
0.0009076528939912542
0.0009012084723711839
0.0008819552312053072
0.000864952654194189
0.0008592783397302518
0.000853338761521597
0.0008387043080651117
0.0008189761011893704
0.0007968273504121767
0.0007726794607736998
0.0007384224348392555
0.0006801615482514672
0.0006040514147555374
0.0005260515724452276
0.00044775040316415886
0.0003567842288073177
0.00024247208901497557
0.0001141381062897767
1.212908027554805e-06
-8.203643239010076e-05
-0.00014875724492676971
-0.0002027814564277884
-0.0002437226145081451
-0.00028115556784429416
-0.0003097564807222574
-0.00032955765214650175
-0.00035833043876854403
-0.0003969147796238489
-0.0004382679328916109
-0.00048329317853153047
-0.0005238927591313012
-0.0005638841987984529
-0.0006262352759387763
-0.0007077205213520994
-0.0007810810324964097
-0.0008277267848426971
-0.0008577545229248662
-0.0009011500762668115
-0.0009582886636857054
-0.000986337281258195
-0.0009596334132851098
-0.0009008168501258945
-0.0008331337659933429
-0.0007575212918569729
-0.0006683021460806687
-0.000565521562393548
-0.0004688093368695079
-0.00040091408678370635
-0.0003543616042449265
-0.00031296510229402016
-0.0002790548508569313
-0.0002497937111461054
-0.0002171829595300656
-0.0001787958154402988
-0.00013124552611115746
-8.399989869822282e-05
-5.554578705791263e-05
-6.008489819232765e-05
-0.00010015577709089346
-0.000149024177450945
-0.00017066990562907182
-0.00015306798401436479
-0.0001145667380261206
-8.227616446534691e-05
-5.452356846107871e-05
-1.4183052023771353e-05
3.6749591046004385e-05
8.122301862864899e-05
0.00010999497491084624
0.00012339003810383483
0.0001248813344385478
0.00012327898048222167
0.00012568735641023393
0.00013348587591807204
0.00014255709068223432
0.00014059472000283206
0.0001255185409812131
0.00011229561509340578
0.00010961684335231149
0.00010608559827970865
7.914134104760596e-05
2.6711721144912888e-05
-1.879538972403484e-05
-2.0763568310743142e-05
2.1597059640550226e-05
7.38014160882579e-05
0.00010180455189087912
9.778162641881733e-05
8.069054101976794e-05
6.33841055719861e-05
3.5579428995538345e-05
-6.204480234531619e-06
-4.422532229978028e-05
-6.759889676043365e-05
-9.065717150877022e-05
-0.00012876001700625177
-0.00017765838214958238
-0.00021011742998957897
-0.0001928389649001045
-0.00013296780321006349
-7.025259274126566e-05
-3.374727525960445e-05
-2.845910777162909e-05
-3.069978440891137e-05
-1.6590803481014746e-05
7.041573845561664e-06
2.4839386753632006e-05
4.367125625041964e-05
8.74269212347555e-05
0.00014799605360335923
0.0001741797629048075
0.00013682434952422945
5.3092760491950723e-05
-3.7373097084046175e-05
-0.00010100461425221756
-0.0001350696359554447
-0.00015459046275866683
-0.00017565261518150428
-0.0002084175468749855
-0.00023923108713649676
-0.0002300197853302513
-0.0001624263543788932
-7.395589477808385e-05
-2.783285679463872e-05
-5.008167827300405e-05
-0.00010904515587769568
