0.0
0.0
0.0
0.0
0.0
0.0
0.0
0.0
0.0
0.0
0.0
0.0
0.0
0.0
0.0
0.0
0.0
0.0
0.0
0.0
0.0
0.0
0.0
0.0
0.0
0.0
0.0
0.0
0.0
0.0
0.0
0.0
0.0
0.0
0.0
0.0
0.0
0.0
0.0
0.0
0.0
0.0
0.0
0.0
0.0
0.0
0.0
0.0
0.0
0.0
0.0
0.0
0.0
0.0
0.0
0.0
0.0
0.0
0.0
0.0
0.0
0.0
0.0
0.0
0.0
0.0
0.0
0.0
0.0
0.0
0.0
0.0
0.0
0.0
0.0
0.0
0.0
0.0
0.0
0.0
0.0
0.0
0.0
0.0
0.0
0.0
0.0
0.0
0.0
0.0
0.0
0.0
0.0
0.0
0.0
0.0
0.0
0.0
0.0
0.0
0.0
0.0
0.0
0.0
0.0
0.0
0.0
0.0
0.0
0.0
0.0
0.0
0.0
0.0
0.0
0.0
0.0
0.0
0.0
0.0
0.0
0.0
0.0
0.0
0.0
0.0
0.0
0.0
0.0
0.0
0.0
0.0
0.0
0.0
0.0
0.0
0.0
0.0
0.0
0.0
0.0
0.0
0.0
0.0
0.0
0.0
0.0
0.0
0.0
0.0
0.0
0.0
0.0
0.0
0.0
0.0
0.0
0.0
0.0
0.0
0.0
0.0
0.0
0.0
0.0
0.0
0.0
0.0
0.0
0.0
0.0
0.0
0.0
0.0
0.0
0.0
0.0
0.0
0.0
0.0
0.0
0.0
0.0
0.0
0.0
0.0
0.0
0.0
0.0
0.0
0.0
0.0
0.0
0.0
0.0
0.0
0.0
0.0
0.0
0.0
0.0
0.0
0.0
0.0
0.0
0.0
0.0
0.0
0.0
0.0
0.0
0.0
0.0
0.0
0.0
0.0
0.0
0.0
0.0
0.0
0.0
0.0
0.0
0.0
0.0
0.0
0.0
0.0
0.0
0.0
0.0
0.0
0.0
0.0
0.0
0.0
0.0
0.0
0.0
0.0
0.0
0.0
0.0
0.0
0.0
0.0
0.0
0.0
0.0
0.0
0.0
0.0
0.0
0.0
0.0
0.0
0.0
0.0
0.0
0.0
0.0
0.0
0.0
0.0
0.0
0.0
0.0
0.0
0.0
0.0
0.0
0.0
0.0
0.0
0.0
0.0
0.0
0.0
0.0
0.0
0.0
0.0
0.0
0.0
0.0
-4.970355292315736e-07
-1.2737720191335263e-06
-6.22639279093337e-07
-6.221991642678374e-07
-9.197371578451062e-07
-4.194882283448568e-06
-8.467139745768738e-06
-1.3413170674867719e-05
-5.0389846222418996e-05
-8.337207329451298e-05
-3.938513655499305e-05
3.7864233935124316e-06
-0.00011974030406153672
-0.0005008894295948004
-0.0008292674077603714
-0.0007190037561353519
-0.0005551729927445126
-0.0007069875468862269
-0.0006906929525928634
-0.00026069704414451145
-4.2020701797711274e-05
-0.0003708317072642984
-0.0008248594719245331
-0.0008302876677269177
-0.00043740881694834044
-0.00035950997964650854
-0.0006710879778252767
-0.0008489395014496146
-0.0008396793330103377
-0.0009204153461302519
-0.0011088816488089965
-0.0013525086494364192
-0.0015447523801344711
-0.0015075801029660074
-0.001391075573475501
-0.0013698411940284425
-0.001463091708158063
-0.0018331380908819714
-0.002331403543946416
-0.0027353985957720523
-0.0028759683729796194
-0.0021527495365558616
-0.0015440318639601395
-0.0023294757859647903
-0.0032002792814779853
-0.003518337172633296
-0.003532243265705763
-0.0032540425597354606
-0.003269549751627711
-0.004420888411943693
-0.006061720853703172
-0.005395530704038714
-0.001642465984142796
0.0010913544329511362
-0.0006321255130475961
-0.0039806710014789436
-0.005801478968856752
-0.0053910747223284055
-0.0034305931343290843
-0.003368926512132987
-0.0052516338662624285
-0.006175641302571806
-0.006178782180434951
-0.005357980360863315
-0.003151125796050942
-0.002100228060038153
-0.003554427501548579
-0.005182614857208737
-0.004332052918141943
-0.0019699288746752677
-0.0022448216852054485
-0.004735792205771153
-0.005348775798714879
-0.0033952475858116367
-0.0034474938749819027
-0.006415197762563948
-0.007447500082912839
-0.0058014821901366176
-0.0054658154817695485
-0.005768586356567522
-0.0036672804213344567
-0.0023335966807123774
-0.0037272237446086412
-0.003982094969585022
-0.0018327633214324515
0.0007640247662234315
0.0021488150901543238
0.0016532437278833564
-0.0005532992531808892
-0.003589106702898603
-0.005135012086419081
-0.0036851133631366647
-0.0012119442007501799
-0.0008477156894578363
-0.003561930077454654
-0.004338382631579926
-0.0013629478534402523
0.00045708452652707743
0.0015397744564870405
0.003024974790229079
0.0019494787158671203
-0.0006549937136402803
-0.0019134464090345175
-0.0018961495553627024
0.0011971685483558262
0.0023649140331177135
-0.0022811876876040775
-0.0048124299769965375
-0.003897303136390517
-0.003346538404219178
-0.001553171373249532
0.0005005149857622752
0.001719988531738289
0.0038117299850515757
0.003195746472000838
-0.0014622967539579042
-0.005401689708466969
-0.008554588549695954
-0.01093477705462795
-0.011306820790342412
-0.011389522226861444
-0.011540039763336908
-0.010694550100782348
-0.010460124502905982
-0.009407725626775729
-0.004185005680617519
-0.0014692458567196046
-0.00550313881920641
-0.008268159976907047
-0.007637212661440356
-0.009404297264866359
-0.013321159337109699
-0.016356777963263604
-0.017730809341325357
-0.01632442242965842
-0.014711044146074341
-0.014844816234323169
-0.014525628725089852
-0.013160364729477467
-0.010373941583667199
-0.007028435901628455
-0.005789243422657079
-0.006685645053299114
-0.005641116046482476
-0.003411181901896942
-0.004837508248437455
-0.005347520124432764
-0.0020659446637281164
-0.002058622478793979
-0.0051657077383144975
-0.005231810865571872
-0.005472279386039587
-0.005705994591221031
-0.001769158007925495
0.0007883903006126532
-0.0012450876608108028
-0.003749097022363891
-0.0018280056804225824
0.0012908439793777363
-0.0006275984263360197
-0.00347819319493977
-0.002682229814363985
-0.001532497135739729
-0.0020001820882826595
0.0012856003599979581
0.007126981636627604
0.0055416695008900126
-1.279477048338377e-05
0.0031131712233110676
0.011163609481746531
0.013684409623386212
0.012762250611887505
0.011693712816189064
0.009214489549945422
0.007746663408899976
0.008464614680687372
0.010467936434738237
0.01328297602885086
0.013076379166247057
0.012793129104759965
0.01875223962033744
0.024761956703425445
0.024715622320203922
0.023235406286000116
0.021518819246612763
0.018293700801515798
0.01875528090628639
0.023094953946529512
0.025531380268030087
0.025497497833508322
0.02556179323297942
0.02579620936541503
0.026262912350419696
0.026616497915061897
0.0236877409367745
0.018908882201235124
0.015512701608845839
0.012199109676133885
0.014109274980480977
0.023971061832894845
0.02890015340643351
0.024427764627621914
0.02039478862546823
0.018985074791796203
0.02175587272866419
0.031219657695896706
0.035507727396699974
0.030734403368616325
0.02515822647477471
0.021614481876042962
0.02214627866283797
0.025745181838948757
0.026304144733458025
0.020862557099241816
0.011178934200653766
0.0080099560313242
0.012627189932634463
0.009576038931096324
0.006519178576456266
0.012033860944979777
0.008469745896144002
-0.004252272318847935
-0.011682747883348025
-0.010679345492645043
-0.008250598019459201
-0.011037119250870742
-0.017454457788116023
-0.023699678726098572
-0.026926418987745105
-0.021045151833553048
-0.012118628432908568
-0.015331399557487546
-0.021979838527654602
-0.02484853872654612
-0.026131061430599813
-0.018544808433743735
-0.010490014286932903
-0.008205698448917973
-0.005086731901399633
-0.006795233108303358
-0.011140221718672618
-0.007478688110217656
-0.0028710318573807684
-0.00142488801905066
-0.0003800791298345632
-0.005817652345728114
-0.01244900123157117
-0.013143325138520654
-0.009447157874196957
-0.00038586355739777574
0.007919810081327697
0.011148060376251842
0.010739147922929093
0.007989415340018511
0.0041839869164966995
0.004603604552241295
0.011612355874984567
0.011374101733471847
-0.0027372180828820173
-0.011055062679785104
0.001615706291381006
0.015172445145735625
0.013956438932365839
0.004930365956738111
-0.005668403657639452
-0.00909966083383788
-0.004930759766513304
0.00048218117410278003
0.004484274563849942
0.006648334048510089
0.007069708754982286
0.005644210017681146
0.0074273650888744235
0.012653767402091093
0.014227534105147039
0.010393354984053443
0.003308072902129099
-0.004295245971440983
-0.000884144208620651
0.008583637895425121
0.0010140194345213266
-0.009338945229295497
0.005459184551334603
0.030608883108303148
0.03457431756683161
0.01610169289668706
0.001914525358762479
0.005822021727821038
0.011419667495182983
0.012475370845375268
0.019073853274104078
0.025082223720272957
0.02000391217484516
0.012475497066022242
0.026773209155331525
0.04730472558578486
0.04903575288234172
0.04492777196788894
0.03907457041545702
0.03658992044159926
0.03828678006862692
0.04224396991887646
0.04157527879793146
0.020761100100515
0.00554947381117581
0.014104071085967028
0.040225780310386476
0.06579430895942559
0.06509316724756123
0.05069086622078385
0.03636244048289832
0.025620314825027947
0.0268706416171252
0.04133948056606724
0.05503564214248363
0.043135221873956714
0.02368796526907513
0.03192114538805834
0.05553705922575561
0.059316924340287375
0.029981690303832676
0.011787186454037275
0.03140261473226145
0.03464016023257699
0.021607809792236976
0.037278571261364274
0.054717633091184416
0.04139879844541488
0.02874624463078524
0.027116793449431666
0.023906423519482755
0.03909487469447421
0.057220669421453124
0.05282312804511637
0.04354771685069419
0.03960413010227169
0.04180074166952374
0.04677759154178679
0.048382422233903266
0.03795901963758774
0.013900441187813806
-0.004101707297029302
0.0005466584358971721
0.022774155827926544
0.03405348889888368
0.03125207336726908
0.003557459074844548
-0.04575948070692494
-0.055809268112620006
-0.019163503590517425
0.0162748370679539
0.019639716430903946
0.004038508859522812
-0.005568713955356525
0.002720871734844987
0.01619754007026811
0.008693577957186447
0.004083241484011992
0.014391621992588442
0.014316551528401587
0.007927223545987728
-0.0027706124878972885
-0.03219268186637768
-0.07685246426355473
-0.10895546482462146
-0.11824790051945948
-0.10083475706892546
-0.07397952856567926
-0.08968461136763815
-0.10043732732145255
-0.05837861352504377
-0.031312203394582176
-0.05007606162080565
-0.0678873806779941
-0.05539689512130239
-0.03431197203905572
-0.026485371891132047
-0.026498836014384634
-0.029336130467624937
-0.0335614824546749
-0.04718622190725904
-0.0694900773489388
-0.0529839640474877
-0.009537132069864665
-0.01564610535496771
-0.04960978865894958
-0.049622718466247766
-0.03067412822560852
-0.026187110557038658
-0.044973937421543306
-0.0690994407277097
-0.06528304297369567
-0.04538510878399104
-0.03837624502215833
-0.029937957429513478
-0.015391307142587672
-0.002849096382178447
0.017519572413973818
0.03838296417451116
0.04899638778224715
0.06202860467932468
0.06918225595707439
0.049730352859895396
0.03082653786402685
0.0312964907600933
0.021270881310920416
0.000514601339873851
-0.004276908332694354
0.002021082561629867
0.004842218152669464
0.0074165993202836835
0.026657828136199796
0.04275684331594926
0.023742191926723485
0.014531578574841305
0.03505948834261756
0.03423260114880027
0.01546062007063479
0.018839919095581
0.03144296530693382
0.0288508340078103
0.019138720853628163
0.011764264080900063
0.02498216358153591
0.07019293762180154
0.10235501182014341
0.08862820314484413
0.08063190803879065
0.099792064107394
0.09506736243510226
0.059875045304520765
0.031806023084657783
0.023945612079218363
0.02558916888774928
0.03483030692973657
0.050368028314123486
0.04585872293369469
0.019166820678322
0.012376866062650867
0.03537610686416046
0.056239009536630906
0.06134087392108103
0.058751114461479986
0.047781902678716945
0.021570483389701255
-0.004878384009284494
-0.013962365868931605
-0.018104374897967197
-0.018441654782744295
-0.0006978513347689393
0.015607690626720822
0.012940536234506193
0.01571196413164443
0.03150253936892945
0.045386867965101496
0.05236560855872795
0.033439530616649046
-0.00808148417066133
-0.028705220391802316
-0.01523880278115096
-0.005354825242551769
-0.009854660131990435
-0.004778483598860688
-0.0018706707061734757
-0.006292439471967051
-0.002617576576803296
-0.01030323172484859
-0.028889772369754176
-0.03707351715604224
-0.06264988120755242
-0.09180798831948092
-0.08058460799509914
-0.05425653344556916
-0.04927272654392295
-0.07064342358295181
-0.08423661639607423
-0.06564546342134503
-0.04676679828385465
-0.0604063794992313
-0.08300996110090411
-0.06944124186836105
-0.04602525036404035
-0.05735743753628169
-0.06979555240642599
-0.05311183785648167
-0.02765978512201205
-0.004180951791700442
0.012669181979993093
0.007092020230429011
-0.017959077695539387
-0.031505510195122384
-0.012549982117886244
0.012593668128244228
0.015502847821018175
0.0010937437129516807
-0.008231829692381294
0.0033444207463985106
0.019434653604488487
0.041437482298614055
0.07145449422995506
0.08183316585073196
0.057961475350230905
0.02459032337243499
0.0195155241950829
0.024704170576075796
0.012431643129059177
-0.003835844208422848
-0.018037558165479264
-0.038464879285802105
-0.04423872339907186
-0.026985439148475808
-0.016737514525735638
-0.028346684621377186
-0.05804553221669408
-0.0657363107300678
-0.022725370394050506
0.019219947111584097
0.004523428010271549
-0.038189476469691154
-0.0481783980607461
-0.03145304428478297
-0.01994634647470852
-0.010755408370359149
0.013240995938687454
0.035204264688794284
0.040094653537916546
0.05520984788862147
0.07263553905489153
0.05029821575159618
0.0010066755039213392
-0.014554523264614004
0.015006273187324897
0.03868116857497843
0.03237916891038359
0.01609719803668468
0.004131151191259434
0.021004059879561332
0.06361865350411676
0.0745303074618323
0.05479052940289812
0.06035898953298901
0.06877494611261817
0.04888702019713989
0.045810928594899505
0.05694916696006206
0.051298531427998346
0.04767189204692212
0.05048998634741182
0.03545603890656752
0.0158938642249493
0.020602813988286287
0.036697948435385305
0.05064775413613948
0.04679422598226067
0.02955423712210172
0.029393512299453528
0.018331061160049424
-0.03835855127924189
-0.06943753767441967
-0.04189034622410865
-0.03656579481820133
-0.03523789315024557
0.007026571002487222
0.0176641884730056
-0.03339797289029624
-0.06712634900291145
-0.04030964345043484
0.0012991638152776764
0.00627456267376539
-0.006814270844128981
-0.014117698943738993
-0.04504152453319785
-0.06489482914801555
-0.028488106577002202
0.013393855832682475
0.018903148498692537
0.001619743562505288
-0.007115662947323447
0.003890147001632746
0.010945822339796163
0.017496523598172196
0.03428987480691716
0.030016397496410982
0.0034716812840080965
-0.013058047698939706
-0.004703412077914771
0.0045591855934008765
-0.018926420768799638
-0.03895051300994043
-0.041610764804580556
-0.0632028353544113
-0.07691087118269423
-0.05981879253955782
-0.046552771011336015
-0.06257764304161911
-0.0812872766923156
-0.07092391303969821
-0.05305126614725695
-0.047380675480488195
-0.055600395034282955
-0.07011902303078124
-0.07010955538642817
-0.05181509540526507
-0.026480583674485452
-0.017694525107482352
-0.020545549386980107
-0.018761114830972023
-0.021684921521305925
-0.024364791594815402
-0.025626138099470022
-0.027325301929394506
-0.014211602531986516
0.005468201111912232
0.00687698766016776
-0.009621506114938288
-0.01664504051330648
-0.004084707617800651
0.01135789289957185
0.021406483729061003
0.025607244177724676
0.024023996795409334
0.017069344538293858
0.008825281318690474
0.0036822784240581937
0.002399905828994284
-0.007994571609810359
-0.019935625784306406
-0.005395205825899614
-0.0030449502128706766
-0.044878254393851284
-0.07105826285275843
-0.05509399818497653
-0.030789753603968392
0.0009073956119781626
0.031050386092072637
0.03909760185654294
0.04471674493609831
0.05088276790660054
0.0373109803451887
0.017798715053383513
0.015021319654151577
0.005347750661785245
-0.021126012141546708
-0.02046218973516146
0.003953487820120209
0.00026671119383830927
-0.01664171243196113
-0.004294425662256575
0.006585954710484171
-0.007169063201650457
-0.017880006840382455
-0.02850853528187146
-0.03477940863922435
-0.01839507195959299
-0.01684984580523902
-0.028605744373104834
-0.018679861110114014
-0.016439335906029803
-0.020700003400329132
0.003130995694305647
0.036961292317683914
0.053030952885120095
0.047177002134685946
0.03266114859751056
0.029097251541014252
0.022611105569817727
-0.0009163289087717262
-0.02419722275444943
-0.03910550288715848
-0.03946111121417084
-0.020647009612770648
-0.0016005556633676768
0.000676417820153903
-0.004558180279588085
-0.0034398203034096343
0.0004445284245560321
-0.009227668458491487
-0.03372829911061398
-0.044603239662301175
-0.03196736249057499
-0.019718899682159768
-0.022840082455858102
-0.026638079860758664
-0.015100026801650571
0.003764893439479459
0.017942527027250976
0.02429742706272003
0.024871742090304624
0.022312137364358782
0.02029715663233037
0.013837377926288107
0.010299262386429578
0.017898364894383685
0.01818453254129303
0.010457268836869486
0.0008555573650949091
-0.004610830424221412
0.010304177252626393
0.03396504277894598
0.0434194355129061
0.035258139409015586
0.025625378050036982
0.021855570444668126
0.01215221145641653
0.0018525109930844943
-0.0019606031775734204
-0.0037433818807660582
-0.005510004443722802
-0.0063840304699052065
-0.002854758847154516
0.000348846168333623
0.0005905366380251051
0.0075115008821013815
0.02031328214708611
0.03229729409036605
0.03842383497086997
0.02763381618111676
0.006810328732352674
0.002128659279390999
0.015631709392419642
0.020333357571537737
0.008910745705762753
-0.003774956820874503
-0.012031530537871513
-0.014474036798280838
-0.013942817941767612
-0.013409643418746856
-0.005956993591129436
0.0012847560678772496
-0.0009290006801327509
-0.0067415895802976885
-0.020535037159363955
-0.03603187823548408
-0.03077938540900211
-0.013511943203117056
-0.00519253992884299
-0.00505771994460215
-0.007914635625320895
-0.010435608863603875
-0.014431420653211935
-0.020674426224105816
-0.015608763748306064
-0.0014718632395380898
0.0014760114128785063
-0.004611716433477559
-0.010636738185963389
-0.01741169815357048
-0.018519075495172274
-0.01626976975901765
-0.020063752229139167
-0.02551481218912369
-0.029210817518272824
-0.029635345979935338
-0.024342920506023463
-0.016716966440001407
-0.009857940952835669
-0.0045945071100601505
0.0002370350645715966
0.007252926492861852
0.010495043712886704
0.001935734962312072
-0.009079944247965446
-0.009859230508605224
-0.001052546917637403
0.006836854006017679
0.005886633238913363
-0.0017661269104937978
-0.00582227341783761
-0.002397018366392077
-0.0028702687679605363
-0.009866889097915697
-0.014389615485772231
-0.009911423750969699
0.002149605459340181
0.007170523364665424
-0.0029898626925938076
-0.009774359495622845
0.0003236728357413382
0.011464149086216973
0.013934088821436385
0.013017465537934024
0.010675517477818095
0.012943473629109876
0.0249848914373641
0.03461103396397942
0.033420503669395946
0.02908773361338335
0.022319341479739664
0.012595977431475792
0.00608930581720647
0.006915623517707498
0.013591189557941965
0.016915191137671717
0.015020830489670081
0.01355443231003565
0.01354913229720798
0.018864907901705374
0.023895593332666977
0.016667822151920857
0.011448724990029493
0.0201583282510211
0.0280349820095029
0.02961477981114365
0.028548123486141642
0.027719850834068607
0.031762546062077214
0.034782227898582235
0.027938877216226583
0.0199992371177809
0.01864699859360771
0.015906763147318568
0.01302238353728749
0.012303504256670459
0.010444680636372702
0.010442478808822436
0.01437221596745351
0.01657142844318189
0.011478462473355816
0.008735127499480171
0.014489765907280572
0.01714740012547975
0.013417921247342632
0.01255423557276799
0.015322682018291608
0.013940005773590912
0.008484067939175428
0.003236705833061287
0.0016370703657716532
0.004563731762422656
0.006926327504330325
0.0033087811020297737
-0.004510656951699346
-0.007222602189549835
-0.004004289785938625
1.559024958107989e-05
0.000889562236129742
-0.004833705271723466
-0.010536155389922225
-0.00947073244578635
-0.008780637253757547
-0.006298958835196518
0.004935703849975039
0.010683140104308179
0.0024461226272809227
-0.0062082430698035766
-0.0041925138971208335
-0.0013229336320462665
-0.005966951712740022
-0.010849401896057407
-0.012162081975931964
-0.012095326323735974
-0.01127422548157761
-0.009271983971791346
-0.009961295181478685
-0.013402905986005369
-0.015728047013418674
-0.018451576278395294
-0.021744814202615488
-0.021232226792897064
-0.014258386444651813
-0.006313551280883143
-0.0026276120955137745
0.002015030522597675
0.006905337616896495
0.0021378247413482705
-0.005591745811705523
-0.0032480792387586097
0.0021726315735492727
0.002215241715391618
6.324102990744254e-05
-0.00412078164335546
-0.007538502679523391
-0.004989756220831719
-0.0035900218607830023
-0.010705802624598458
-0.01820501864490901
-0.015635790031337037
-0.0061602824475994284
-0.0010762928326437011
-0.0035492195759179975
-0.008344466862047303
-0.008356949772242541
-0.00030982520939342936
0.008173641109235472
0.011611870939237013
0.011437764404437802
0.012977970071462109
0.016253465909158046
0.00949328254603638
-0.0024775657957783253
0.0015408860449004364
0.01356272044232908
0.009731532287552205
-0.0018415188485310112
-0.005738905243106343
-0.0025715070171690863
0.0021863925477167865
-0.0009315855412820363
-0.0075116600780313686
-0.003760342996555101
0.00407484241648361
0.0032601726555410125
-0.0008500976478800946
9.65070777484414e-05
0.007077080832847513
0.017069652261038296
0.020655380986272853
0.018606209739273308
0.020469173978743982
0.021282824034507184
0.014107956669476845
0.008645470259248125
0.009695226639703533
0.00741379193251101
0.0042746409503633745
0.00626532376052911
0.00725157838183084
0.003806225433877102
-0.0036654092943515302
-0.010851410038791903
-0.01086552895276296
-0.004023193794622495
0.0014782702358631758
0.0021743282824801193
-0.00024256700887776106
-0.0019271068323173715
0.001537545424251195
0.009110666198093025
0.017819471320517366
0.021318994714619136
0.019553342465199266
0.017012267003912198
0.011604394220831437
0.005524942542042379
0.005719294935202879
0.006784987431246341
-0.001076114566963499
-0.009349803686816321
-0.008159672771844055
-0.0041458943029227995
-0.004751657725105651
-0.006891818451793537
-0.0061374104759953415
-0.004706481581410393
-0.005392507920868882
-0.0067431974564633665
-0.00729815052277114
-0.005547549433155582
0.00015062174768171207
0.007065406777944218
0.01048973936845481
0.008531740772573137
0.006917363091214492
0.008371922757068493
0.004249055105761274
-0.004058108585750021
-0.003350703716201884
0.005073138051618163
0.008114388871009277
0.0013474484922858909
-0.008703761762962262
-0.015204845074968214
-0.01843808209490603
-0.01882807318785446
-0.015551720513043795
-0.012803739258972477
-0.010985403174587526
-0.004749077938627037
0.00020300043441531487
-0.00317915546598296
-0.006194825018820419
0.0008481049966864734
0.012328675936400179
0.013352499887881219
0.0021508268920465215
-0.00807822877498683
-0.009410527054458738
-0.003760254921478703
0.002752337185960421
0.0029606715115599565
-0.004525756452278005
-0.010637187980523613
-0.010963653728631041
-0.013215992527384746
-0.016610943624094106
-0.012953576917192924
-0.005373191849433533
-0.005828921578166212
-0.01131976348213767
-0.010921032639548184
-0.010049638776393298
-0.006925822625006916
0.00297200365661965
0.006705466258804849
0.005021943511733507
0.008497230679735008
0.01024140949959532
0.006034626145683797
0.002747253196549301
-0.0011753432599975106
-0.005415832789579246
-0.00338688149357308
0.0009930640983248735
-0.0003104083318617397
-0.006636203531036361
-0.010521740207343887
-0.008119595913059663
-0.0038273512626022126
-0.0028014930144289415
-0.003947499261646358
-0.004060761425163596
-0.0008357035809018186
0.004437457190162717
0.005646669446603623
0.001992458805929386
0.0008363642052817062
0.007701437311769071
0.013351749836739644
0.008316976815744144
0.003375617495467762
0.004485338610407307
0.005616098424176861
0.0060588977618559175
0.003078620274464079
-0.002354594271178868
-0.002473878907520065
-0.00030209870923983797
-0.0038918091330813454
-0.009664403935706818
-0.00866843488965264
-0.0017518474199862428
0.0032949287360139142
0.0013395754286742922
-0.0021174526458646245
0.0024617796370235106
0.009705941294868936
0.010643471611194805
0.0075252306415515904
0.00551519478845363
0.005729730486625911
0.0065692495423685686
0.00421724815818512
-0.0012098745849714277
-0.0034166349713967833
-0.001660126017073689
-0.0004390378507592783
-0.0005211649442104523
-0.0008283093595655833
-0.00269871759064328
-0.004289672732738159
-0.0015891425572062683
0.0014107772573849929
-0.0021736497026692823
-0.00782274256965029
-0.006357795443907626
-0.00037390649760843966
0.002318648656494906
0.0029530778806247577
0.006029159711941822
0.008771107306058554
0.0062702158874484515
0.0019064274223110614
0.0009580083207530499
0.0009525019727937871
0.0004377866308036259
5.540524618347144e-05
-0.00143341704542368
-0.0048809041833212325
-0.008647653851768446
-0.008164682263646698
-0.005793153196216535
-0.007235769094105404
-0.009543792100271497
-0.007644373454589349
-0.003163836568870043
-0.0012727211012211264
-0.002263006239158017
-0.0017313206201133068
0.0018167897329213181
0.004607767389286331
0.003757976270120168
0.0010204293898190564
-0.0027835816015114407
-0.0061667120402943585
-0.004026235710049809
0.001144535549359924
0.0011945550133618638
-0.0023846254468133164
-0.004036409620470129
-0.003977196447165204
-0.004916786272478282
-0.00746405393590545
-0.00834401216856001
-0.00704013674640032
-0.005412148970980398
-0.0036838704440251223
-0.004051234637331791
-0.006180252374614277
-0.005756443956971797
-0.0012013529516803232
0.004496489129203173
0.0063487003903941255
0.003558461170042426
0.0016935204058804766
0.002589296568731512
0.002144778904779805
-0.0005637603449949029
-0.0013959532449154953
0.0019409168580859406
0.004463770580715948
0.0012238473452086541
-0.0046852314958695344
-0.008277843734625
-0.007052898339252244
-0.001741150748580089
0.00197703936871907
0.0008387237366089899
-0.0013801964736798826
-0.000633276472364863
0.001103010994999789
0.00191893173714867
0.0015580057405316144
0.0017474015340910947
0.006313786257539595
0.009754176391369853
0.007477192180590542
0.0036500907619884974
0.0003948565841102153
5.4848208772112087e-05
0.00423032426842444
0.00703816435945093
0.00482684703150006
0.00211791789053984
-0.001366570444698181
-0.005722564977240892
-0.006294124883677276
-0.004009556443011876
-0.00040942844198646445
0.002347300723741585
0.002017100265296797
0.000623717222636627
-0.0009595707780602864
-0.0008985607016009183
0.0022481213773665317
0.005089552361622597
0.00549229984578504
0.004337048653934913
0.0034442651936087247
0.0049342020920005265
0.004874388918577864
-3.780595456915186e-05
-0.0024787011184084734
0.00027431249174922123
0.0028479170783126556
0.0025986536343235735
-0.0006347464875595184
-0.004581217648023868
-0.006521540570226898
-0.004919373472346688
-0.002456813136956251
-0.0018376973973589284
-0.001264282236079376
-0.0018359294407818427
-0.002387809827234387
-0.00048513287893086964
0.0013287982737858793
0.001378577076096832
0.0008636779347526278
0.002018000761228768
0.004618254275546052
0.005673447824929627
0.0032370659355980096
-0.0010345061471712842
-0.0036811622118250293
-0.0023109561427999154
0.0001319414967661011
-0.0007153147711062176
-0.0023378343975644826
-0.002558562907244379
-0.0034366125035715993
-0.005258016320221848
-0.006109122120111681
-0.004512237920912766
-0.0015382094178379932
-5.2446276978927436e-05
-0.000798400246597947
-0.0018300191787131138
-0.001260799781300726
9.435885896368509e-05
0.0007816369304300575
0.0003111595077564259
-0.0005051993312749452
0.001477887059505416
0.004922651794223375
0.004356732020084076
8.65629873484141e-05
-0.0028889593270588596
-0.002427673373628783
-0.00016201044201239728
0.000428306152367085
-0.002617388049893714
-0.004759870286129154
-0.0035350357528477205
-0.0028977785454799205
-0.003155036658487422
-0.002709385555310931
-0.001427810045145738
0.00021936887622706763
0.002056886132857466
0.0037866325473874954
0.0029598742186340145
0.0011293736795580463
0.0012546434097492557
0.001689898909010638
0.001536706426839674
0.0027242962733538428
0.004458354967934836
0.003400436953793519
0.0010436719949841315
0.00011948518106620616
-0.000617232471838936
-0.0014136126115761568
-0.0002077342210601689
0.0018540642855230673
0.0015711716221600655
-0.0002095318133031344
-0.001622988636716303
-0.0026899062216722072
-0.0026789362811436277
-0.0011889248106154023
0.0009203484262052012
0.002997327966923011
0.003731034303282487
0.0025982458350101824
0.0013052396495914307
0.000615933725083256
0.0012335292131964864
0.0036564264145280893
0.005748250558553712
0.005491028213019204
0.002680366357872595
-0.001212051547100433
-0.003466562944340243
-0.0028187566996039294
-0.001337076788839489
-0.00034410544758376686
0.00014606884703326803
-0.00024190985803277827
-0.0007100587231847466
-0.0012136344210092868
-0.0015274049084269715
-0.000983315546816237
1.9915049790653884e-05
0.0015265407477012942
0.0031254675118915763
0.002193486920939218
-0.0010044977395469094
-0.0019470672916314016
-0.0002492617747811502
0.0011603542363727304
0.0019368270748232371
0.0021241301315438393
0.0015650894289757804
0.0016210021400303387
0.00101761029700375
-0.0015574779219530098
-0.0030502371620830197
-0.0022075794909045114
-0.00042198871040635704
0.0005632806131390229
-0.0006678803522521547
-0.0025186294937662983
-0.0029808465285618706
-0.0031391564142665227
-0.0030965977573526966
-0.0011343281368606268
0.0016706858122644598
0.0036108838403268234
0.003336755871731718
0.0004413123124778788
-0.0015934086619782044
-0.0006364760931234782
0.0011116458888683937
0.001967202949708809
0.0019820768372214347
0.000861066649855151
-0.001024666442306523
-0.002954815119301217
-0.0036870578150177925
-0.0017537887193876888
0.0001682247422671814
0.0005621632438912653
0.0012491697221295986
0.0006074298512490167
-0.0015773122340579317
-0.0023193822492846633
-0.0017137204754127942
-0.0012643350358477635
-0.00015120633470787118
0.001830676793440865
0.0019887500176742233
0.0001038797347222628
-0.0009885964552860675
-0.0003751081762694966
0.0010869680626841604
0.0022660109543224676
0.002776069533700749
0.0025553696881688197
0.0015904501151587545
0.0007422935971752566
-0.00015176129006592716
-0.0015131806971986075
-0.001702194497205625
-0.00010077578017827799
0.0011956548634766081
0.0008332725209267291
-0.00019750761007487626
-0.0009687804874002542
-0.0013447890289769078
-0.0009202862035343527
0.0006702914430224581
0.0029378287743962134
0.0036088870703740233
0.0023493954158299336
0.0012862806502264706
0.00019648860043692778
-0.0007215667126055926
0.0003565933980740269
0.0019805051691935637
0.0020729700849489445
0.0015661578465112269
0.0006863441457552698
-0.0006937159471320737
-0.0008284295344683797
0.0002471283168019091
0.0005669595431146986
0.00030031691133122366
0.0005892607918286779
0.0010364023275731577
0.00016317766646223902
-0.001969318080608276
-0.002588525996308849
-0.0008765897735750218
0.0003552428480752294
0.00044518743108606105
0.0012245932574374001
0.0016172277872211994
0.0004275934754456905
-0.000526939678591532
-0.00036220384479167364
0.00047359095520558387
0.0012797086567977792
0.0016872785925769892
0.0013784180958574263
-0.00025442373989540833
-0.001642480679814222
-0.0016936712722635146
-0.0016466486358665071
-0.001497821690877979
-9.092759418601625e-05
0.0009991324181115964
-0.00018652454092241616
-0.001368235763296142
-0.0015307655739855677
-0.001999577852889333
-0.0011182951245553845
0.0013077572481648041
0.001838089994962843
0.0001712891113338242
-0.0007567103413039751
-0.0006967949759636137
-0.0009605583277700658
-0.0008887546275804717
0.0001496941989766209
0.0010580313542892833
0.0009531085053206903
0.0003945844912877162
-0.00044950555629047744
-0.001405832577351774
-0.0008903275452591182
0.00011135804987435252
-0.00044942140477931736
-0.0009328460144913222
-0.00018133777254412712
0.00016713012493518314
-0.0007347427258096981
-0.0016555324532292089
-0.0014288313915516398
-0.00026942853171149433
0.0008374352909470624
0.0010667555369068126
0.0009292917462208738
0.0008187388440957586
3.3062557073540174e-06
-0.00038818956983618875
0.00015881847983759432
0.0003253204376549533
0.0007037454241456175
0.0014386515198344884
0.0010773527713651794
-0.0002719845875665211
-0.0012324328046756845
-0.0011589121217698394
-0.00010115900131184187
0.0008456522121079671
0.0008063549606722659
0.0004970877596791516
0.000366944934427326
3.829810237766426e-05
-0.0006881723181014077
-0.0009369205774703522
0.0003081904423428372
0.001803339121839425
0.0017655361800118525
0.00048129747129702354
-0.0003061173361545034
0.000253864334325184
0.0008105078279083588
0.0006321290475702386
0.0005779138083942246
0.0011405043640248485
0.0015296829514638585
0.0008580576779449689
-0.000122315703821379
-0.0005458871035468353
-0.00031909610577865786
0.00035842226635315763
0.0005710373700627693
9.238026676907895e-05
1.4790840534460551e-05
0.00041704942004396306
-4.391431692485637e-05
-0.00083993521088016
-0.00047981713036809827
0.00028992992732307523
0.0007663770705519219
0.0009335819002069596
0.0005290999578199331
-0.00023011562137084427
-0.0007253490527841214
-0.0003352262465950435
0.00017558816662038347
-0.00013338025000044314
-0.0003042802816976558
0.0002343812186259334
0.00019742894689055168
-0.0008202325363727846
-0.00154346605069398
-0.001397063848482602
-0.0005791613324565079
0.00012773160481291884
-0.00048373692347339684
-0.0013143064740082377
-0.0009587947841450949
-0.000626433586646697
-0.0011469232383137576
-0.0014733716174825519
-0.0006471580397326196
0.0003303739059769873
0.00032679903221965344
-0.0002687334809754372
-0.0008156521656584206
-0.0006235196269591114
-8.39271128577756e-05
-0.0001957096300200219
-0.00029846168116883306
-2.1847539332935577e-05
0.00014463045213855314
0.00012942495645027263
-0.0004271371335015137
-0.001101367652377774
-0.0008614066434054227
-3.1402345169953093e-06
0.0005216016930858697
0.0003708373483049523
-6.616032550131276e-05
-2.4609577936934232e-05
0.00027459789028704305
0.000258395955358132
0.0002720163645994006
0.00043889945253153224
0.0008498927024895766
0.0011122367121300615
0.0005225172080036702
1.7427629858476157e-05
0.0002013583001565544
0.0008365064658901811
0.001443286879712537
0.001044875518326185
0.0004459619099922065
0.0006669117321212284
0.0007532678376836567
-8.013333003323075e-05
-0.0010957361145871969
-0.0012441630177165532
-0.0007240849459548118
-0.0005610159225357921
-0.0010359051513345247
-0.0014240393406195013
-0.0009754581156404021
-0.00018829533124372676
-0.0002134742601075643
-0.0004995302341972408
3.575411251660232e-05
0.000596364921301321
0.0005315887100205954
0.0003585111780098598
0.0002843900646759086
0.000716900072871061
0.0014742997053708642
0.001679658882806786
0.001442350264560015
0.0012181168095978488
0.0011977068926208611
0.0013013634285528079
0.0013025201549340861
0.0010806157477963108
0.0007951510090693745
0.0008883307685933578
0.0010359218645677759
0.0005842197889603775
-8.789710254432293e-05
-0.00046144274021473825
-0.0005524830533935816
-0.000865406380241912
-0.001587263390583823
-0.002003610175243515
-0.0018732735973744448
-0.001534467086004639
-0.0015075123182686724
-0.001795486831549757
-0.0016791876247161123
-0.0011786844181139904
-0.0008637761556485896
-0.0010889784422977726
-0.0014497890753679286
-0.0011249335532670917
-0.000601586595658295
-0.0005434128183311563
-0.0005443678796162609
-0.000289378098904957
0.00012728871220970983
0.0004176610216855415
0.00034853282523758457
0.0001984174339848275
0.0004607250141248839
0.0008563371693283313
0.0007917888484266934
0.00045019192495287136
0.00044813334558443577
0.0006778241747197615
0.0006176835089494328
0.000428738842655453
0.0002658488702674232
0.0001428292948799846
0.00019997883019620916
6.764168328716358e-05
-0.00014039235488088364
4.388705461405073e-05
0.00032654413731743445
0.0006103427805487099
0.0009125202086126364
0.001077567599825589
0.0012526826142982008
0.0015409084094391056
0.001816871593522142
0.00189655098237448
0.0017234443098184799
0.0015501207494882094
0.0015108810289103521
0.0013642014090721943
0.0008827942905171605
0.00028297784938870825
0.00011811427151218448
0.00013983158061173077
-0.00024957180864363727
-0.0007459713216378301
-0.001052540064701729
-0.001402276749071348
-0.0018449617124453237
-0.0023957923015064863
-0.00295333792964164
-0.0031581769477683343
-0.0031863832642757286
-0.0034073377562494314
-0.0035479825667483946
-0.003210228763283521
-0.0026744731366681197
-0.002314012386493423
-0.001880173556649647
-0.0013365882120130671
-0.0009625546186269468
-0.0006615800348632339
-0.00041457187862114223
-0.00024909636145447706
-9.430261240359313e-05
-1.1736405043454334e-05
-3.552612755679549e-05
-0.00013204340514010485
-7.878579543462858e-05
0.0001100389208146416
0.00029363285322040584
0.0005013597903531109
0.0006115728537417519
0.0007122234327525451
0.0009436081650917987
0.0012136487198321734
0.001472734005998468
0.001629640231691354
0.0018251998348356065
0.0022205502894452295
0.002573433290772932
0.002765574876318668
0.0028521975877505382
0.0028030421616742716
0.002654848910930896
0.002545950199196877
0.002430551125205319
0.0022018188221078496
0.0019562227225935675
0.001711603075032821
0.0012891128750747805
0.000760112950699382
0.0003706434381147851
2.9437388918297174e-05
-0.00033552523111075454
-0.0006244434336520725
-0.0009135609093769146
-0.0010870238113720057
-0.0009092311015497783
-0.0006431712288740018
-0.0005514685096707279
-0.000480831584712613
-0.0002972836178409566
-0.00010658429285549861
-2.7707880464063942e-05
7.125030065956322e-05
0.0002941966172108528
0.0005555318533343783
0.0007951835517967012
0.00092930146060471
0.0009657256377754782
0.0010248682892264299
0.001112105689032985
0.0012103635846303655
0.001275102714108131
0.0012878115597902268
0.0012586518795506586
0.0011165946179675136
0.0008657605652083964
0.0005462242015327907
0.00016387431233956493
-0.00018961098680010303
-0.000444000949481456
-0.0007246202907154604
-0.0011213107318855185
-0.001530348339977097
-0.0019223809575153687
-0.0023783690739301627
-0.00276785528842521
-0.0029196704328688884
-0.0029981255780497777
-0.003161195473835053
-0.003373769572240659
-0.003634617104958463
-0.003783124859516142
-0.0036758128253560132
-0.0035033621970805354
-0.0033710038906750585
-0.003161226186128776
-0.0028634517263126462
-0.0026155299607311285
-0.002342629102603305
-0.0019408849220877915
-0.001650643136645063
-0.0015793055420045589
-0.0015688014159986506
-0.0015440505666933723
-0.0014980103612074562
-0.0014792442473298933
-0.0015029672645233087
-0.0014379146573018186
-0.001228112428523253
-0.0009943233282006076
-0.0008392340156996442
-0.0006920765624398579
-0.0004481497778210573
-0.00012202262327348117
0.00026484278135567823
0.0007487366746959272
0.0012906272502967236
0.0017675379363242382
0.002109639252306077
0.002324096286119392
0.0024702739107523727
0.00262655259542882
0.0028436633764800426
0.0031155833642204215
0.003390916782129812
0.0036139329489706436
0.0037147855085425696
0.003657673130399799
0.0035662943376966083
0.0035498543301283286
0.0035390483407869806
0.003461480501653622
0.003304962507390625
0.0030568262014702857
0.0027173249037215404
0.002391002968343432
0.002159010400900892
0.001949939887827121
0.0017424886708968111
0.0015525484143009392
0.0013330439000751911
0.001093869390363727
