0.0
0.0
0.0
0.0
0.0
0.0
0.0
0.0
0.0
0.0
0.0
0.0
0.0
0.0
0.0
0.0
0.0
0.0
0.0
0.0
0.0
0.0
0.0
0.0
0.0
0.0
0.0
0.0
0.0
0.0
0.0
0.0
0.0
0.0
0.0
0.0
0.0
0.0
0.0
0.0
0.0
0.0
0.0
0.0
0.0
0.0
0.0
0.0
0.0
0.0
0.0
0.0
0.0
0.0
0.0
0.0
0.0
0.0
0.0
0.0
0.0
0.0
0.0
0.0
0.0
0.0
0.0
0.0
0.0
0.0
0.0
0.0
0.0
0.0
0.0
0.0
0.0
0.0
0.0
0.0
0.0
0.0
0.0
0.0
0.0
0.0
0.0
0.0
0.0
0.0
0.0
0.0
0.0
0.0
0.0
0.0
0.0
0.0
0.0
0.0
0.0
0.0
0.0
0.0
0.0
0.0
0.0
0.0
0.0
0.0
0.0
0.0
0.0
0.0
0.0
0.0
0.0
0.0
0.0
0.0
0.0
0.0
0.0
0.0
0.0
0.0
0.0
0.0
0.0
0.0
0.0
0.0
0.0
0.0
0.0
0.0
0.0
0.0
0.0
0.0
0.0
0.0
0.0
0.0
0.0
0.0
0.0
0.0
0.0
0.0
0.0
0.0
0.0
0.0
0.0
0.0
0.0
0.0
0.0
0.0
0.0
0.0
0.0
0.0
0.0
0.0
0.0
0.0
0.0
0.0
0.0
0.0
0.0
0.0
0.0
0.0
0.0
0.0
0.0
0.0
0.0
0.0
0.0
0.0
0.0
0.0
0.0
0.0
0.0
0.0
0.0
0.0
0.0
0.0
0.0
0.0
0.0
0.0
0.0
0.0
0.0
0.0
0.0
0.0
0.0
0.0
0.0
0.0
0.0
0.0
0.0
0.0
0.0
0.0
0.0
0.0
0.0
0.0
0.0
0.0
0.0
0.0
0.0
0.0
0.0
0.0
0.0
0.0
0.0
0.0
0.0
0.0
0.0
0.0
0.0
0.0
0.0
0.0
0.0
0.0
0.0
0.0
0.0
0.0
0.0
0.0
0.0
0.0
0.0
0.0
0.0
0.0
0.0
0.0
0.0
0.0
0.0
0.0
0.0
0.0
0.0
0.0
-2.1049376158420466e-06
-7.0240627225164854e-06
-9.023385959215666e-06
-6.631758780975017e-06
-9.423220021750716e-06
-2.635057678447848e-05
0.00018162231728600388
0.0009569145901932454
0.0013489365796959631
-6.16109500249267e-05
-0.0017023258254371906
-0.0012693764269318115
-5.901143006467809e-05
0.00024073645121323357
0.00011578707277548779
3.000379441621521e-05
-3.8479092838581714e-05
-7.37608465917711e-05
-0.00011768469556677617
-0.00010755575601354889
0.0005748099182572383
0.0033390875008462604
0.007616191097389428
0.007647305261187888
0.0015598896048955378
-0.0008403484841768505
0.005664632996301451
0.012938594924514898
0.017198138999405
0.023169892773814538
0.03129506688952236
0.0345139321093398
0.026356328546899285
0.020091432068328124
0.029807492517937358
0.029029427179073003
-0.0005065916007422563
-0.030608295314111057
-0.03483701711067681
-0.007465064215471878
0.02439055294424326
0.020223990858972907
0.001899233325473163
0.013133068167633568
0.023471256926816883
-0.007486850035280649
-0.021456483616171536
0.030587695967409775
0.06881021989042763
0.03505040195978169
-0.00529127624433626
0.004373853533008217
0.014697065471072534
-0.01879482909094908
-0.04611674062015745
-0.037413174269363234
-0.027907869333662252
-0.01870475054271891
0.017505936658112887
0.047043968004524005
0.023039460438810326
-0.02779137917334652
-0.042924106658554395
-0.007149721809744041
0.0011384569085335279
-0.0389052598639619
-0.024964218058666634
0.03983967707044004
0.04248331594238778
-0.006310349103850853
0.0019241022608268831
0.057093160884801826
0.05561678799479759
0.005664086533235568
-0.0012189175505901081
0.03215473513309567
0.026764478948230853
-0.023059613767665292
-0.03439970769701565
-0.002710438162656732
-0.0073807584509651865
-0.05806204831668575
-0.0752344319301416
-0.03454817054200874
-0.03064378363234541
-0.08518234492895627
-0.08328633643522877
-0.01439497488508615
0.02499252263785262
0.041828631668464206
0.062298127449044956
0.055611764866403415
0.04478944737836129
0.07748279031813285
0.1140989799038799
0.030282394025115143
-0.15199508673012976
-0.20335923506043713
-0.11089353899566846
-0.03377735315653789
0.01513533798888724
0.01955100539045628
-0.014939644408643614
-0.04094125193878308
-0.06619552483767209
-0.06301738319897626
-0.04536061606017202
-0.11817401968066389
-0.1991544149737628
-0.11620349909216209
-0.0038581311328859365
0.025230075168115918
0.09352664771944232
0.12791658333008696
0.034376020705595124
-0.0274107248383066
0.0019237671563732874
-0.009948211837683522
-0.08589390144956478
-0.119352259326865
-0.08959343968979376
-0.04066109555175607
-0.021617917632740978
-0.052668743943500164
-0.07310549008479958
-0.03464407054934361
0.024606545718364053
0.026754805013822762
-0.026397726218123686
-0.04646056146432737
-0.018803350038456873
-0.007592199900595483
0.01105055166458355
0.05799359280989586
0.04015944164602179
-0.024624335309688602
-0.06001316902865027
-0.046181244624693335
0.04312888993419572
0.07667430418200177
-0.0018885757050475201
-0.0094667458790877
0.044045664439518954
0.005470490082235372
-0.018079189536117632
0.07669977738192965
0.10916458012144896
0.02668252867536045
-0.05520898684495
-0.14718777777141037
-0.20818782986039774
-0.11750389166833188
0.03371546283117467
0.04073494116053132
0.010827289068783682
0.1008873802658131
0.14059572813231683
0.11325861109463485
0.14347313275151038
0.12856839441163756
0.022849186573109435
-0.10279237796131395
-0.15589588228560095
-0.03354468373457837
0.11627762111682477
0.09542666310678573
0.056859084312470734
0.06409663226032744
-0.05118856854922186
-0.1505704206611798
-0.124692023125799
-0.10662838528729952
-0.08999167170698956
-0.0906286736321431
-0.08700353319848872
0.0024379867768297564
0.04911135351024
-0.005896011303731784
-0.022191239169030166
0.052334239548476595
0.06840499999186268
-0.07842775704885842
-0.2060595154862785
-0.179110297068821
-0.11345914984044962
-0.07292758327802627
-0.03353672975452426
-0.005117966851233154
-0.02128964944416441
-0.0794594284947104
-0.1201754010436819
-0.13931668459339186
-0.17976496218029708
-0.185088357339372
-0.09275667502644802
0.0328541152871941
0.07262832655595765
-0.026321116959822335
-0.2086450472689382
-0.37363598318179203
-0.3303078453383672
-0.111057157899535
-0.047827767945373356
-0.0041215698797203
0.2760220470935017
0.43054337150104793
0.319364810890667
0.33851221345562504
0.42298514579249025
0.25891238090778107
0.0532581418836271
0.02807122562332183
0.18574611161992452
0.5661758042078917
0.9326892765793713
0.7876805033599307
0.3186502785303351
0.09991984360902885
-0.13987657390359345
-0.5043198725937765
-0.307077515576138
0.3274472517604335
0.41631948713266886
-0.194522320740465
-0.669964559004222
-0.45779992446019346
0.03060849971938529
0.0847043058756527
-0.06316022621438004
0.14213785862090536
0.15232398195884175
-0.2415664441572609
-0.06757650266258958
0.40867845912123063
0.2662325416301319
-0.08596046099251467
-0.4671626833830041
-0.9051820960972946
-0.5901167357283986
0.42905395172064
1.0213465063239893
0.8432578980813892
0.324179288051578
-0.2822810625339038
-0.48344160765237815
0.019138298215386533
0.3991557034609328
0.04505024088813737
-0.4823099847760604
-0.6132998010584826
-0.4346069696569381
0.1609546104699401
1.2529985730670292
1.6577929339899724
0.762459264222724
0.0006335396778267915
-0.03689089189516841
-0.0773706936008411
0.3208664049889556
1.1366660903712578
0.9256552988883489
-0.11088726835149573
-0.7018878204591166
-0.5967500233409307
0.23262305045168785
1.3589303184614172
1.499940053937593
0.2601892918282448
-1.0340825069702324
-1.2482740997441504
-0.73831743334942
-0.1370269550997333
-0.07290209795416334
-0.5000514035018856
-0.2594967378851765
0.16259453719007258
-0.32760093727862455
-0.5589109996408704
0.16034714809110445
0.476679403138489
-0.4398641331034456
-1.9762766905082974
-2.2454913167033492
-0.14956358335138367
2.38395119756245
2.6141336092192167
0.3233948483246885
-1.3723064031905476
-0.6833588209606289
0.36268941852838804
0.5177773913559286
0.0001296271850875848
-1.1121312096423808
-1.9534738023069365
-1.6566321442867487
-0.6062177552411511
0.1920919226078851
0.4955966232651868
0.9328760831872919
1.3407258716688946
0.7734591760713596
0.04611424932125677
0.43118257184832026
0.9559069077101119
0.8266969505701944
0.2193238091207025
-0.9883434504020557
-1.6281119891460825
-0.5694454322101471
1.4972561794349029
3.2283223606730886
2.982237068827617
1.2093409831060664
-0.2252708967811168
-1.9741123143519335
-4.108325407358095
-3.8822904865210686
-1.3960044937821314
0.010393857714070429
0.022343208735285967
0.10947650155176358
0.07604533176670732
0.20235392087761994
0.681251598851051
0.23410191066389568
-0.43854164906544496
0.18891936869622522
0.29102501148685217
-0.910176858632138
-1.392265124925346
-0.9231586330586109
-0.17282942527344508
0.6632874273883194
1.0725039332098676
1.3016467198433603
1.6240977945159052
1.410412610784007
0.30920035979965005
-0.9966640934499931
-1.6685477057859865
-2.2566775281452447
-2.4396453612523845
-1.0999171619670252
0.47171517792032286
0.7642215832127912
0.41904140716589927
0.7900483609474102
1.3002117686990373
1.129756739536496
1.3505300323251253
1.4179718606206562
0.10101956097588445
-0.9543279576819784
-0.41479903252399974
0.18799061553788246
-0.3089370559100421
-0.933712103627201
-1.0522710610028303
-0.9972542318261328
-0.5968070400098028
0.09738934670075859
0.6623905141259242
1.064638753290349
1.3395021773883584
1.206422910884026
0.8794289030145205
1.1565635990412568
0.7410707379953316
-1.050960969180729
-1.1542897092210513
0.7212901309797821
0.6657129217945171
-0.868169002905741
-0.05146417807846278
1.5875472092994565
1.1090141163658498
0.5881515107955886
1.0256309727184199
0.0821831498347494
-1.3902094028779368
-0.7823817240577842
-0.023221710422940897
-1.3647092117566577
-2.107011167498524
-0.8795137154675623
0.40684620378257136
1.697072844453124
2.587817870544109
1.5625548409770635
-1.0740332306028688
-2.797019861225533
-1.2991157361724415
0.9215101739978891
1.1326916819668789
0.8482158418388721
0.8753087259248422
0.2629152100507439
-0.5482369871873445
-0.41270123683421217
-0.31948831751157686
-1.2822652030630712
-2.062107477927866
-2.047930064812469
-2.1876171106431666
-2.161937984080346
-0.8701161655638867
0.7625203523155261
1.4951339772801007
1.5101360779120725
1.0974362727760008
0.8021362441844122
1.1485730081489416
1.7753501562440372
1.8750752231290222
0.7350563003750192
-0.7638668195786081
-1.6195506493159977
-1.7865716733923651
-0.5427543378745602
1.4627214106076751
2.4790811861261832
1.2956839115498247
-1.896541965773824
-3.268034048006692
-1.3882622400927733
-0.512193202347763
-1.303926364939115
-0.7137836687182245
0.5037781837924391
0.25666999230479287
-0.5369762231900518
-0.13420321458519444
0.9534435425688923
1.043674069477858
0.5589067080535292
0.6250813866300248
0.06778064341197373
-0.9995820736166775
-0.9687875002720615
-0.545523784988954
-0.32876334247743844
-0.4549419158121493
-1.0260558758816496
-0.23333823176462648
1.501355158286332
0.7738635502624746
-1.2526530439675012
-1.2021252713287103
-0.2970062361972289
0.1032928052934493
0.4336666737035696
0.5276615817403827
1.0748367605669602
1.629413059542611
0.28764020231964144
-1.042532454494777
0.4174409765400334
2.039092100143057
1.171705395902132
-0.20168074055972712
-0.9560004610688735
-1.2175486869956802
-0.48932086747174286
-0.05516780099828458
-0.5759378354034822
-0.8317983034332702
-0.29332999454757674
0.3305452341420433
0.4232504824391152
0.6855215225780017
0.535455218164062
-1.387581577113291
-2.3637962311593785
0.0577370310260752
2.670155723453235
2.594960479891466
1.0984440378670166
-0.20716383882272432
-0.8727214688533772
-1.1207701164091493
-1.0225062047396096
0.13391586446513556
1.2824874604800656
0.529221537119349
-0.7658286303976966
-0.4867876425698091
0.6070617265053768
1.0590449439276302
0.655082190398955
-0.3000418338748399
-0.8228889258239641
-0.296582843252811
0.39382133321403895
0.6117263522314335
0.3671058050481378
-0.2790830696766607
-0.40447922468977066
0.38933996020994766
0.6015461583663497
-0.029910155251222665
-0.049260075624366864
0.4926238141315041
0.681114977584978
0.5047743171465209
0.20470370734987361
-0.32080087403557644
-0.9465414405353679
-1.29629176332536
-0.9294203603761767
0.20945031248822796
0.8538330866248917
0.4477464911288602
0.11017251867437489
0.39164424795178976
0.8618556804470712
0.7701373485629951
0.1629867222946833
-0.027154775517780772
0.13702860017299592
-0.08664782139584444
-0.38832267533419523
-0.30587448321465943
-0.10770961733199318
-0.452336243067997
-1.26026271720106
-0.6612438318428101
0.9540780625007301
0.6885927747747822
-0.7903314955178162
-0.801246574243939
0.5637666662635972
1.4013293044349384
1.039057509260058
0.12391190910327807
-0.9655942714760233
-1.1747079652535015
0.24774335691478985
1.6087287396893686
1.395475590485044
0.024903366876291327
-1.1213452747903792
-0.872915125471784
-0.02395400875080969
-0.08057890526360939
-0.6318753940235085
-0.5510246609944903
0.08467481241726384
0.39198371689310696
-0.013829255704231555
-0.5645298225231655
-1.1650138574370408
-1.3102201167782812
0.04718805366121811
1.2475026084027077
0.5390316152672021
-0.7277168978824616
-0.7874140893115016
0.12273117017254202
0.6897567171729212
0.7565140116179616
0.372220191836482
-0.5965855708976754
-0.8707606009787394
-0.01403971137186346
0.30250025858277596
0.06735765493733102
0.45017396265367465
0.5294489716721639
-0.2753954618661028
-0.8501608037832513
-0.45063982146380627
0.4217424653867581
0.5399773354495714
-0.3353941419131615
-1.086476377351364
-0.8327626301271127
-0.06955843549806225
0.35770094416614046
0.7442094375915742
1.0488458486920376
0.4651134523511032
-0.19183519987144124
-0.04967732298583228
0.02761484470582589
-0.1989479438741657
-0.029560359690851218
0.40735837984945633
0.170201217885932
-0.450309849627547
-0.2751580708436084
-0.00952438748966443
-0.26204537402817973
0.1302141826231664
0.7115806888303748
0.04654923566620257
-0.7866458125918568
-0.30981910774035926
0.3396976296320288
0.12110290265592483
0.020478896544149763
0.150683850440034
-0.048614946550668336
0.084176971355235
0.4390345766756651
0.15280080393722678
-0.26598452531544214
-0.1953323990784932
-0.049582905294865254
-0.05413692301086229
-0.13751830803039924
-0.28028453117074004
-0.24356062323837063
0.050009127455062155
0.27496414455745344
0.10423231704575774
-0.259268696365793
-0.43839699466232424
-0.42674690864172593
-0.10198545700525721
0.4586342204790181
0.5709634202580857
0.08622725612065886
-0.284352835210209
-0.19095580483283375
0.04634080790353004
0.31045438532353464
0.5480850760211693
0.4493676573811585
0.13883538796941516
-0.14033143960179825
-0.5811693463793427
-0.8532900859559093
-0.343502035703497
0.4301423738248981
0.547046183863472
-0.04910604174980156
-0.5089697670327844
-0.06405232379074223
0.6243723717176176
0.6015670526853855
0.2321892358011045
0.14607391112492832
0.3373788510203754
0.3262901899218849
-0.1494834970834048
-0.4281437729637472
-0.0417479881922585
0.3501531042640006
0.22566175441463004
-0.048385150473049886
-0.12225457294830888
0.026293493198003077
0.1906161036351777
0.08992746302494932
-0.05804401549789787
0.02634206673837282
0.13366625548822061
0.08709887548448553
-0.03816955280789051
-0.08882323081278903
0.015376622259604511
0.020620069479381907
-0.14650648938509156
-0.06786877188662663
0.2728765992952202
0.37537290152722574
0.10371103052414996
-0.09413556391924185
0.0835831799006723
0.26120074008286265
0.11794941590412823
-0.1422986048243036
-0.3435674542736998
-0.3719109912898479
-0.31982918034274543
-0.4977083141141811
-0.48972785932679264
0.1769397487722906
0.6503845127849017
0.30216436301286015
-0.14513747576707614
-0.23335036777940701
-0.07178537395151131
0.2530782873388195
0.4055385608247025
0.02996964146902145
-0.4841853950325493
-0.40692241509666477
-0.05210147011363618
-0.031008232577229438
0.03682041046532673
0.2987201209661963
0.17353634647511537
-0.22296226117025125
-0.3270399320415196
-0.21404324647202982
-0.09460759481863136
-0.01729924465028755
-0.047029746964169956
-0.056299652652210236
-0.02624541730091353
-0.11105685521722436
-0.19420275331538633
-0.05353998542016541
0.15925514282250167
0.17507399671474394
0.22151555035658413
0.40833196424400964
0.32644048792773084
0.005434753154481237
-0.2121378194169266
-0.32925406034777355
-0.20928184667339877
0.1510055930718827
0.21559244366140537
-0.12315666906666521
-0.3998563816035043
-0.35070552953090095
-0.15135536251552645
-0.01913533234562432
0.17477700974356047
0.4509110828717102
0.4240186131952667
-0.033854785192048945
-0.38672979264818175
-0.19852228280827747
0.1586696178670064
0.2057616468773095
0.15226205259816572
0.20654261770741567
0.020987784500749188
-0.3033170386647951
-0.17295905311937523
0.2538577133979727
0.4632953947645003
0.38185637427898095
0.04118074616074404
-0.3395950161537118
-0.4437801576847993
-0.3253646073249696
-0.11444321255389864
0.15282565204661683
0.26395505115071205
0.019727575015822663
-0.22762114779462456
-0.02973110298891723
0.26651785206099093
0.23189667620686186
0.18222702291312382
0.2965808943519654
0.238766484159947
0.04368785040876079
-0.06146956830304767
-0.09866001166975473
-0.07687649597192245
-0.07195516772215214
-0.10747384949272486
-0.13487644752684988
-0.13411713353309027
-0.0792409665994559
-0.12412295680699072
-0.2388917625301424
-0.1241923984829746
0.12504155266488173
0.22775724962566052
0.19437090622405703
0.005405290763297906
-0.2548146375515442
-0.2746273386565813
-0.02663940782683599
0.2263657688683907
0.20528338312121683
0.009591125534261856
-0.03892169016799508
-0.03424980575780241
-0.059593853018731706
0.04526472816175267
0.15498618154426627
0.0981878209419092
-0.013547705100935913
-0.08069457553816385
-0.14023635089174488
-0.2653106446529163
-0.3446342897158391
-0.24574945827617692
-0.11403317740169887
0.026875905395304725
0.17321238174633383
0.07843220731407917
-0.09498434654905563
0.02536669983106031
0.1821709883331646
0.1436567706237897
0.17503744806707205
0.2664748541928979
0.1767276305553543
-0.08972000393972888
-0.32763341919409794
-0.26999104686408404
0.0583343726514437
0.2144336095728106
-0.01576944302680547
-0.2226082036823477
-0.08382106519140413
0.09903590827506231
0.02460841915454741
-0.07701449169881769
0.07210690042021166
0.28270960305567405
0.20942585595769042
-0.06353221147630159
-0.16412240711851384
-0.09633610200602954
-0.032247986345930665
0.10868760160878523
0.19076510942772207
0.041705504002821026
-0.004610474061346981
0.15209507610161196
0.11861908756489316
-0.05586432152795378
-0.05198671403710214
0.03974399251216999
0.08851119984073542
0.09070104043279004
-0.02826718668269915
-0.20364991233702023
-0.23508817698503087
-0.1662373133799625
-0.16031427306393356
-0.10617317338609197
0.07603415411704874
0.246679295526431
0.25111103342369645
0.04177868037433353
-0.12515561946887938
0.00484557084388843
0.29265364909018843
0.36557716581656496
0.06094624479509327
-0.2511385659514355
-0.22372312444795003
-0.10075162442027677
-0.11185401289973555
-0.07017144069026467
0.07631558196408413
0.11693351585854724
-0.02467631039858352
-0.1359288781316152
-0.019179960365373786
0.123656624426184
0.07469824030610746
-0.06763895374605919
-0.1947884675726434
-0.19495142833785004
-0.009551178271415524
0.13222804573839458
0.03597252400320344
-0.12706680089960204
-0.07925568495908933
0.09176226176516676
0.07151696686869156
-0.01350905962100856
0.09193675349098356
0.11094697938013665
-0.0869234536128472
-0.16873280106302532
-0.10181786549362473
-0.014991433775417711
0.10941710919136084
0.08659351573076429
-0.14051132347281745
-0.2409850737948338
-0.13600233444351
-0.09790033123285047
-0.09633239744440222
0.10758551210462546
0.30254867311541755
0.20139529600670097
0.00475527084135513
-0.07588788155037925
-0.03827286284850083
0.05333020865730709
0.07105453887714866
0.006050890017213656
-0.0919111765634331
-0.15246126802403462
-0.08328001874923947
0.04696123942120883
0.11253171866245588
0.08663004694854831
0.027783672226166383
-0.008711565879363888
-0.055995344220452
-0.09291092012228591
-0.03295915882724887
0.03006150669003894
-0.005695325489632711
-0.03228417028930917
-0.01937476706062628
0.025956454115497272
0.16671396258501364
0.19502238470020936
-0.0035922769144690644
-0.1253229299756378
-0.04323251077724546
0.07180019390608039
0.12581696396532227
0.11403563395952353
-0.01215024538103154
-0.14252498631204077
-0.05477369533197589
0.10028070312108081
0.08053871291923131
0.01082155730759632
0.005440080736832072
-0.03607705769702139
-0.12892019403841656
-0.13153236128710177
-0.016798954899550862
0.08858668852893302
0.1574061716507719
0.14940046440867055
-0.0033007026337379644
-0.103893007380234
-0.03722044154968811
0.008270261375929821
-0.006492755472560773
0.0035759002612213487
0.033086945743351526
0.0467702915952283
-0.02970972969308456
-0.12036588484761312
-0.04280544248988873
0.10596730356519735
0.09636557774890267
-0.04184698486715986
-0.11825938197685124
-0.1043351839931777
-0.08220145046683944
-0.03659599933197902
0.04691858713827269
0.09507425271232962
0.06901449165985529
0.02467689069403654
0.0169781957775893
-0.0032007924020103877
-0.04432351347230096
-0.061390010268017284
-0.08783098194341919
-0.07057867690058259
0.03191899392181935
0.08891576550141851
0.05334109238132614
0.006660953544487546
-0.0448245715271271
-0.100883255550988
-0.03215879687336309
0.13469988586773218
0.14225455025629882
-0.03245057603436064
-0.16464914422624005
-0.16953830724509913
-0.1036381670833759
0.005742095697045219
0.108252191025875
0.10715844773147612
0.018445979272839065
-0.04720889042094083
-0.08175218375335568
-0.10064878835251662
-0.008900775139520336
0.12936638514730633
0.10411538210302292
0.0023373339407772326
0.009388029247283785
0.014533349467807783
-0.06528886364704327
-0.08133841220373135
0.008422502648537495
0.052837409120495955
0.022120337006190458
0.010683837758525303
-0.012253737747466076
-0.037765776171193075
0.014868169491769832
0.06477547149130093
0.041824858395296566
0.014221831097741059
0.022178625922579298
0.02149977064057045
-0.017327146098560824
-0.07057809344479753
-0.10430663637401079
-0.056793617347336636
0.04915550591002225
0.08292112235740029
0.07698404927945093
0.10189988860626246
0.056499430746943274
-0.059503985709873586
-0.11456150443539352
-0.0467864395569782
0.09806567789963276
0.13701738041943146
-0.0009245707947950094
-0.11757684394523894
-0.11449486400780834
-0.06159493889884522
0.010036196655059114
0.0706300514130859
0.08623279588489985
0.05245959068127073
-0.017969299416432327
-0.06913144530692963
-0.037134571607675845
0.0350922353623422
0.05264981489541329
0.031182050564256065
0.01189323710849348
-0.020851831884386555
-0.02676375955915342
-0.011344087035041297
-0.044217417522199216
-0.05372225151094252
0.006149325256436121
0.04297063470171792
0.03560885494525876
0.022537345795691836
0.0004384052070241756
-0.021431724483485324
-0.011186415811012797
-0.004533606171430805
-0.0456755930802325
-0.055697267463170025
0.01151271935017832
0.03864700400487723
-0.025086568336433142
-0.07558400421029467
-0.051558678519582304
0.01856318523497614
0.0863654969754915
0.08834591263048255
0.026611964243899982
0.0016881340945817823
0.00024911023340187176
-0.0611730701727371
-0.08254101210947182
0.0111934877190824
0.08678530228244909
0.043207145855380304
-0.05514998776858527
-0.0872703345682444
-0.03778329971416742
0.018767242477610604
0.054732469400333654
0.04743358737144941
0.002835128828277486
-0.004988859840588566
0.0028205995276014756
-0.02016079098017852
-0.014277195444395355
0.017186819806371635
0.004809541606254171
-0.008995757831032961
0.008736018647737449
-0.0031042377479551125
-0.016139348157922638
0.010542041330600759
0.00517823943677274
-0.02603174614390191
-0.00333377791050123
0.04021183978019235
0.04643049173114578
0.020533706427274413
-0.025188053774583868
-0.048975409969573724
-0.021791607644114305
-0.0002791341190288412
-0.01653166679169177
-0.012473826802348492
0.023754547238282925
0.02854919259330015
-0.006158329023568699
-0.027609472613998882
-0.001435715900862388
0.03755630088524899
0.035141344145163615
0.014847257002060561
0.0016881792303398019
-0.013067165645655573
-0.021900854960757065
-0.02761146043627148
-0.010644879495268704
0.026277824407322972
0.021949371517849956
-0.014936350977509484
-0.022613915180633604
0.0008314052169189601
0.010710730378296725
-0.003577700200683123
0.0004486860706991836
0.022408840240796715
0.01121884469224152
-0.018934008013607704
-0.018030149540799574
0.003088892954755107
0.00654601332226933
-0.009455561598403541
-0.019975168874525467
-0.00016941970257144606
0.03585884783050996
0.029529610654464303
-0.014953221780649133
-0.02671507534335629
0.0026232403818654696
0.02291201034169552
0.015847199652605025
-0.0014702669501775933
-0.005498068404756468
0.0039947893347166445
-0.008574795367675296
-0.0355866621060918
-0.0263608762569967
0.004730763805208204
0.016637320209280458
0.015953416272327957
0.0017134101466715114
-0.014671002817086227
0.0035300117947703897
0.02244533653900466
0.0063624159567674905
-0.00808360537999853
-0.006172394035068138
0.002046962999817337
0.01571951451268607
0.009233864248945435
-0.017718894085087283
-0.017842275841460583
0.013712255150176393
0.02263009424667914
-0.009484902209487986
-0.025423917954051953
0.005684560521932867
0.031385865628620786
0.00576814376087302
-0.029007666902242796
-0.01600468051171267
0.018037188180604697
0.02410927423673258
0.0013285209272107504
-0.019353827450840518
-0.005686241664663037
0.017991023977589917
0.003105541995299506
-0.019702301631016876
-0.0003855139974407169
0.032331271007696234
0.02422309511387921
-0.013254201899633023
-0.031488535597505245
-0.014828024712100192
0.019559301817415883
0.029740029948337743
-0.004821323217528057
-0.034861593037775016
-0.017471748872231796
0.009170491333760168
0.0028403055760248914
-0.012113940581523605
-0.005895632947692336
0.009467481163287257
0.013108485725358412
-0.0021836751226546104
-0.021871886948529595
-0.00964097970597327
0.024717664183540114
0.02049959106075355
-0.01726730839103775
-0.02508962890008321
0.00278645267223573
0.022626381720228936
0.010656611973773883
-0.013477954913932748
-0.011809893871602466
0.008192985851516628
0.008776059562612473
-0.010429443428547019
-0.018159015387956553
0.002315026019420022
0.02385472835807415
0.005725343945698612
-0.029241002789622685
-0.020688306154161694
0.017759147482386793
0.024620619317899183
0.001334234146367849
-0.01176550754816388
-0.008055527449317536
0.004602469660834953
0.012458534597634291
-0.0007443803760375119
-0.007123689975091576
0.013576834646631357
0.019407723484684582
-0.0027367391943924606
-0.012662528132959846
-0.0016498193507393053
0.0109850504243299
0.015271704761049167
0.003781143740811742
-0.01586934987062053
-0.01647332933496282
0.0059478407649790855
0.015112505715863941
3.891531199545896e-05
-0.007482939621280561
0.002183894796942725
0.008902644571731901
0.0010779038740363221
-0.008634675424250294
-0.0035772829208553045
0.010523072816596217
0.01502393070271152
0.0002703973640906241
-0.014533983013793318
-0.003043676568137191
0.01511237157389264
0.008933674776009128
-0.009530938656804913
-0.012241961910914383
0.0009238981566568197
0.005228053623486643
-0.0043262941343644315
-0.009912897480677356
-0.004849196837621581
0.005885516667773158
0.006235538355644552
-0.011233379218671513
-0.016578977461411733
0.0033002010197212247
0.015446166781490156
0.0034750467740393438
-0.010212331190588463
-0.008449776161472777
-0.000530746355703683
0.004534323985535403
0.0047312056350662865
-0.002026552000741274
-0.004425955758572904
0.001109852248433877
-0.0005576171039048537
-0.006453696967610792
-0.0043521981226394505
0.0015642538457032195
0.0027710436888120677
-0.0038851705475039526
-0.010165498557136237
-0.007062728080416009
0.0015242819121592506
0.007680146469221839
0.003688317333931196
-0.005158032253833041
-0.003633321401172905
0.003898525024292844
0.0033014023033177465
-0.0032700695746135876
-0.00278564937747854
0.004066897915171654
0.0046308094132917026
0.0003925264252743956
-0.0026808416390569846
-0.003022811585938789
0.0033275722800981673
0.0063030651514058246
-0.002273154000534181
-0.006841075841762984
-0.0003456132864547175
0.004035181952481472
0.0011809320324920945
-0.0007201258809218136
0.0008327972124890758
0.002789799375680989
0.0058673946198910445
0.00595970052039732
0.0014441030687923934
0.0026934072410220635
0.008091316239395671
0.006514081010084613
0.0008189715972252495
-0.0013002096034748743
0.00137936685490396
0.0049992983868143845
0.005937848399526573
0.0042518084319068256
0.0016957341509288
0.0011949123106886593
0.0015168294913684567
-0.0011815923925862165
-0.0022734495171818593
0.0014791964837003345
0.004470823659549785
0.002976234115471203
-0.0011786381221354982
-0.0018656736228373912
0.0018001121837485112
0.0032237625757587664
0.0008791631180929818
-0.002595501381732763
-0.003366596857388774
0.0010146482423322445
0.003801020170302868
0.00010554990283317613
-0.0037073331377301916
-0.0016454775009660456
0.001492469815057723
0.0001596765424590812
-0.001457484914891641
-0.0018438128113292078
-0.002962913320880093
-0.0023913545760013513
-0.0025623703731485034
-0.005206022745496611
-0.004170902730781497
-0.0007314222211028744
-0.0010542767830307481
-0.0028994736517460305
-0.002941623449621655
-0.002759324519129323
-0.0027577848914943095
-0.002244620970965334
-0.002661142295694079
-0.003966949006858251
-0.004236719690256548
-0.004341404299907719
-0.004908036245308054
-0.003589335903991062
-0.0014335633367649485
-0.0006302028176182145
-0.0005017786958398297
-0.0015720055368828312
-0.0032778543697771197
-0.0034476590531073176
-0.002540183257580918
-0.0018100156836336023
-0.0018159764130788857
-0.0014914762226706393
0.00026082128056432145
0.0016346853966252683
0.001210026392139476
-3.2886365199002885e-05
9.546288607176711e-05
0.0013046930425990575
0.0011592689646098553
0.0005689975939736226
0.0010043763062510525
0.002206960904397141
0.003961049205365491
0.004056129576034118
0.0020898802047703475
0.0012854901789769372
0.0023642380896744535
0.002942188678841162
0.0024883443890414744
0.0029020182297514077
0.00357729177160894
0.002758133908563542
0.0017008567768326398
0.0017225285208495359
0.002746426674598041
0.004207606031581352
0.004408089585869515
0.0032031620522899444
0.002304444979234866
0.0018800155120686649
0.0014286393988100507
0.0014275972697868058
0.001732286394694871
0.0016542336114420495
0.0013675647755591212
0.0012840823694905991
0.001363392661478015
0.0016514664038846814
0.0023748662668892765
0.0027487274544036547
0.0022456061906007004
0.0014425840614220096
0.000696522401457509
0.0005014355876083375
0.00048238742092625265
-5.6241459289056446e-05
-0.0003741959945857379
-0.0005655715342473582
-0.0007040024770950836
-1.3744569707067455e-05
0.0005133595843384563
-0.00010255789976805721
-0.0010249140856047202
-0.0013056046671428624
-0.0015630394823548275
-0.002423297661680034
-0.002710150047396749
-0.002207731012408842
-0.001909325746076926
-0.0019709482402041614
-0.0024490399775686554
-0.0027988219476409735
-0.0025219862572172895
-0.002416758473868741
-0.0027279163853341005
-0.003083813511820817
-0.0036526412509233523
-0.004302312211012055
-0.004182083664365371
-0.003375739223053926
-0.0030632839129042457
-0.0030670135486001965
-0.0026507298495886834
-0.002675567375812596
-0.0032672825173650786
-0.003218076968152449
-0.002662370344216184
-0.002220277619238722
-0.0017958378074533286
-0.0014882497644511604
-0.001295146509251487
-0.0011623808097031222
-0.0011669435344565165
-0.0008735175913612075
-0.0003722144886964695
-0.00026924871889569453
-0.00021768474251244468
0.0002070782082838714
0.0003863689960061049
-2.322586504205058e-05
-0.00019178655302417273
0.00022726325532317713
0.0007210941127074909
0.0012726185866536528
0.00190808883588236
0.002228899169839669
0.002092704232233078
0.0017426695274722086
0.0016137995241685195
0.001953408071857354
0.002442311567572488
0.0025682420299832634
0.002529472565583005
0.002768051805332615
0.003008942826716368
0.0030750414233497152
0.003160509337187916
0.0032114450099018413
0.0033508147927978314
0.0036393717812733335
0.0035091014998342275
0.0028155380000729683
0.0024245149037482776
0.002735928009945058
0.0029971309973715536
0.0028414050929940365
0.002625228101683647
0.0025163071266650445
0.0024155775771545524
0.0019256337446386647
0.0012087506494536423
0.0012599788258596013
0.0019935329924897958
0.0023604964443959485
0.0022132769850020852
0.0019231158092547157
0.0015730772696947596
0.0011022532187527298
0.00021001275335562493
-0.0009475131787317601
-0.0015480218141341946
-0.0014940115089704421
-0.0012943509535084461
-0.001169197652481402
-0.0012200036351552317
-0.001484159395992912
-0.002007424496209999
-0.002644991662411883
-0.0028836663408884533
-0.0025254275179121734
-0.00219614825613967
-0.0026182395216713347
-0.0033789700821029215
-0.003760258462399129
-0.004292602605901314
-0.005396271842559971
-0.005819543423217372
-0.00456347737145351
-0.0028633625519081107
-0.002154388635234085
-0.002072689573148341
-0.0019733747786889514
-0.0019247657846916408
-0.001878608795243621
-0.001656107242946976
-0.0012956324792738464
-0.0008823878489197721
-0.0002816401838381843
0.0007876195191106736
0.001730700749007003
0.0016698129839221331
0.0012495925505329475
0.0009775611722998459
2.869099668970901e-05
-0.001340767047406514
-0.0021285820565816243
-0.00231345239604781
-0.002024306638238947
-0.0016401153905792063
-0.001587476515748993
-0.0012081337245987472
-0.00012090754462800404
0.0003102880368145323
-0.001362873231579642
-0.004015127615453049
-0.004731345898180556
-0.0025692586968072842
0.00019249153304698203
0.0008612171408814268
-0.0002796159483566296
-0.0009406484583089379
-0.0010487521887782845
-0.0019486430193427632
-0.0029880600229294195
-0.0033870349151555856
-0.0035720195294583557
-0.0023846346114298022
0.001836241134426835
0.007796355090513384
0.012255811540358052
0.012814029162583757
0.010388329805238941
0.008557905418011429
0.008277969480651256
0.007561929651684378
0.0062684389545901295
0.006165980582429806
0.00783369946826646
0.009960554225784833
0.011121121200519274
0.010611561863463223
0.0079806252193153
0.0040725445366053565
0.0008721085648321776
-0.00042217867636652203
0.0003351931376851316
0.0018221195226095998
0.0011146085901978164
-0.0032062338889682915
-0.008641925148708632
-0.011262238270714603
-0.009952592710429415
-0.0075964171179629504
-0.007709927044078362
-0.01017700082221829
-0.012971519206642263
-0.01520465233559485
-0.014555322690730697
-0.008849895973050909
-0.0011382014185109869
0.004463820957492639
0.007724811265053423
0.009598281017517243
0.011227518463281762
0.012597391303303774
0.009870437818333624
0.0027624160515546986
-0.001837862251487285
-0.0008262948445154876
0.0016249856747055317
0.00206020110868636
0.0013783508154442358
0.0020855132832000344
0.003138044532166448
6.310526965575958e-05
-0.006840100065523691
-0.012347900300505345
-0.017009128466875852
-0.02560095490852325
-0.0344431905909808
-0.03484010177977612
-0.0273035638197702
-0.019036803492545447
-0.012399703758116129
-0.007705292304414787
-0.008636008810352964
-0.012484415357212739
-0.008767175271464813
0.004482870450888405
0.019718531261899607
0.030848406727892047
0.03390993591296068
0.029078366230290198
0.02457373929840222
0.027322144676087498
0.03347204632569045
0.03431841007114955
0.0266205616899198
0.017246571892055224
0.01543759135127723
0.019719834917725006
0.02236482629461471
0.021026664111697766
0.017020384223602743
0.011761611841028573
0.007125033895973964
0.0028445497879791303
-0.0029148594865332804
-0.011458784452970583
-0.02419735086380595
-0.036827961649346354
-0.04048023570496217
-0.03610267672496431
-0.03268687116995224
-0.03340169013298326
-0.0344637028411049
-0.030850545092343685
-0.02326734192199589
-0.019104866599985303
-0.01800887810411273
-0.01034949311116839
0.001629426607637682
0.006046346212239874
0.005169115915996079
0.010546414116575505
0.021891425119450345
0.029380466696286456
0.028231684657547964
0.019215403674609405
0.005126189761452168
-0.004801371464171543
-0.0014480633872846664
0.01196811816120191
0.02398073292412708
0.02586626331347402
0.01593605550025423
-0.0010830238096264455
-0.014958714213383304
-0.017648272711861833
-0.014066025739021036
-0.016007253899603342
-0.02497007286569426
-0.02771701704668338
-0.013978314184436132
0.006141383303635559
0.015689648829060883
0.013699107748424401
0.010343568171485736
0.01087047484121159
0.01457446638216003
0.020166129881046668
0.024689662634489466
0.02189097083295264
0.010208422278673093
0.0007448069959496218
0.004107305169874434
0.013188509514127115
0.01405427128402805
0.004986571647226359
-0.005075189208062234
-0.009305996449086393
-0.009732768822286575
-0.011668808238393976
-0.01344496740748034
-0.00877102203241986
-0.001686750227125815
-0.003081199518790154
-0.01000853350322742
-0.011553718292786869
-0.009125008577789482
-0.010050398847244459
-0.014505580655678843
-0.021534607030291024
-0.030096345215807088
-0.03152888833542086
-0.019575240687090156
-0.0022477076827567984
0.00749352385084487
0.006712349043635664
0.0018164136401876878
-0.0020143442218483187
-0.0016558393162248949
0.00438636203898404
0.01077094953063369
0.0110694911160804
0.008192788781324142
0.011999404055403983
0.025255803110823746
0.036012777314983
0.031043552941446288
0.013578308665169106
-0.0005365748483646648
-0.003027221660445305
0.0011799868435781867
0.006301333144685163
0.00787969716813971
0.00041299392456044254
-0.01236424631741975
-0.016612385060272968
-0.007714644524730744
0.0014828011567985975
-0.0009509694794017819
-0.009904789463075067
-0.012631759196639265
-0.00669918125005487
-4.161721930360133e-05
0.001397970800656785
0.000808188714937335
0.005815127539742488
0.013319600476316832
0.011685637629169108
0.0023822239156494045
-0.003176562359350536
-0.003636087180790636
-0.0038443586655438964
-0.004132104325024986
-0.006595602013194572
-0.013413587274674416
-0.016980252058891546
-0.011933813070310896
-0.006854010509294927
-0.009531383734279354
-0.014815171939309927
-0.015601006752506837
-0.012655721514920523
-0.0067519381735845554
0.0019105963325738746
0.004443533027055506
-0.004706452663691475
-0.012877281374575484
-0.004627047157736355
0.016888713879431787
0.03412896533151518
0.039198213562759196
