0.0
0.0
0.0
0.0
0.0
0.0
0.0
0.0
0.0
0.0
0.0
0.0
0.0
0.0
0.0
0.0
0.0
0.0
0.0
0.0
0.0
0.0
0.0
0.0
0.0
0.0
0.0
0.0
0.0
0.0
0.0
0.0
0.0
0.0
0.0
0.0
0.0
0.0
0.0
0.0
0.0
0.0
0.0
0.0
0.0
0.0
0.0
0.0
0.0
0.0
0.0
0.0
0.0
0.0
0.0
0.0
0.0
0.0
0.0
0.0
0.0
0.0
0.0
0.0
0.0
0.0
0.0
0.0
0.0
0.0
0.0
0.0
0.0
0.0
0.0
0.0
0.0
0.0
0.0
0.0
0.0
0.0
0.0
0.0
0.0
0.0
0.0
0.0
0.0
0.0
0.0
0.0
0.0
0.0
0.0
0.0
0.0
0.0
0.0
0.0
0.0
0.0
0.0
0.0
0.0
0.0
0.0
0.0
0.0
0.0
0.0
0.0
0.0
0.0
0.0
0.0
0.0
0.0
0.0
0.0
0.0
0.0
0.0
0.0
0.0
0.0
0.0
0.0
0.0
0.0
0.0
0.0
0.0
0.0
0.0
0.0
0.0
0.0
0.0
0.0
0.0
0.0
0.0
0.0
0.0
0.0
0.0
0.0
0.0
0.0
0.0
0.0
0.0
0.0
0.0
0.0
0.0
0.0
0.0
0.0
0.0
0.0
0.0
0.0
0.0
0.0
0.0
0.0
0.0
0.0
0.0
0.0
1.2005148541402183e-06
1.2696082960328807e-06
1.0997453457627924e-06
1.0722496303000533e-06
1.0952474378745496e-06
1.050653528441638e-06
1.0703660221265628e-06
1.690788370089633e-06
9.208127081468997e-06
9.8090396871915e-06
3.755828390914991e-05
7.5356640720539e-05
5.6369009432017045e-05
-1.3145291285309184e-06
-1.5568314399181918e-05
-5.919183700017145e-06
-3.4470314663787573e-05
-3.025248170545627e-06
0.00017016855484662925
0.0003137595593326496
0.000477426969068006
0.0006204338997766984
0.0006134772075332547
0.0005836192924284657
0.0006856287179274187
0.0008757720828035263
0.0005632312057732603
-6.683171952113242e-05
-0.0001315767149246499
8.222479605471061e-05
0.00031523932542044025
0.00015887957993407354
-0.00028534244839464824
-0.0004995635729152431
-0.0005859708059666141
-0.00037160054777943404
0.00042083194292890725
0.0012840564255447568
0.002464810831337936
0.003145386570775454
0.0019436326372322527
0.0003413965002781142
-0.00036266499505228087
-0.00027886342017217246
-0.0001437800497077316
0.0002319543814370944
0.0008550157371645399
0.0010936787625713833
0.0008738791006696758
0.00025096985152315665
0.0007622774735457919
0.0021677642410262896
0.0026694307765557706
0.0032119352921587655
0.004123502817396998
0.003916537220162556
0.0032430280380076225
0.003070456257790172
0.0026865349694614937
0.0014614343521275068
0.0007882854763465392
0.0003571445252629733
-0.001470629954953174
-0.0026553916037526538
-0.0020229400047338617
-0.0011181879530796509
-0.0019213994527233344
-0.002704658160033261
-0.0020316741338238966
-0.0023915873361703556
-0.004236899033202692
-0.003338127676679577
0.0005294541556655212
0.0030916553799020217
0.0037695546268563026
0.002792871769521796
0.0013655217799910815
0.0012879700046128063
0.003447754063894205
0.006527409232567995
0.00673440182311573
0.004067991398630932
0.0009134203982667983
-0.0022641921033652126
-0.004867720253956834
-0.006042229662959071
-0.005427984305061965
-0.006008181039137861
-0.007750839714726913
-0.009016291692202272
-0.011263284967646814
-0.01217314115186915
-0.011235933205747244
-0.010002192399604641
-0.00974639193597451
-0.010204665558792583
-0.009942630249319158
-0.009127931061125142
-0.008730765427789807
-0.0034131371599750732
0.01288384944044937
0.02216282046436609
0.010253010654062615
-0.003949760286001996
-0.01036275554330351
-0.009459415225930289
0.0014617959470518765
0.010130552748190849
0.007746367919815014
0.004137073598886008
-0.00016923859922504767
-0.012321991181736837
-0.024181752266510717
-0.034082107687047135
-0.03464213232444943
-0.013190659860898282
0.005402755922376711
0.006961182594177323
0.0012048195848088957
-0.016347936048597005
-0.021990490599157857
0.008084688653593653
0.03595185994480221
0.03596479584535419
0.028939942398188957
0.015929603492844082
-0.009454441448398018
-0.03816575701263882
-0.0611449174877783
-0.054126527034059305
-0.030973830306130132
-0.027205315747460667
-0.014446582419647571
0.010654690880475163
0.010560213106262208
0.010199733279649889
0.03637174402504782
0.06491429486447452
0.0741761469493996
0.07262665255918262
0.060833830843831586
0.018215524259590544
-0.03515904978995111
-0.04281919647113107
0.008857550454446366
0.04308419449501448
0.015882330289314687
-0.01915111604146458
-0.036988312746211414
-0.02444332684262574
0.006314738714507502
0.007272109532758091
-0.0023187558754241538
0.00022201565317892937
0.014015783803193427
0.04902518157160404
0.066630408038759
0.043835756698445645
0.034367239158727976
0.06989756934574348
0.09331986207513478
0.06860295324875326
0.030515398177853176
0.016326663066051336
0.04848230755080878
0.07240370763513171
0.03325799477406279
-0.011092008737829713
-0.03328377542673329
-0.02773619361470169
0.02397308085303751
0.05958135977540913
0.05039645148463036
0.05150265536683232
0.07395462541866059
0.06787993507736308
0.038791932055717605
0.03446278575520487
0.06473232852865253
0.0930934356148964
0.08127126926244585
0.08449855986006512
0.11397661138197825
0.08100951254564742
0.025660198819853503
0.012843828315933049
0.000749874428828982
-0.003579596019309102
0.028118280310620032
0.062302202794829606
0.05575873204108719
0.023268229381469323
0.024965493707128503
0.07355958877008625
0.10096096752398569
0.07653360244796006
0.060699417108737067
0.05949724216599938
0.04322488258371295
0.030236537702104462
0.015783860455859066
-0.0004884793553825148
0.0013121642362314387
0.01647513522793881
0.030005093405289066
0.030501852491651587
0.01790925699930738
0.0018140649516133315
0.013731290417960474
0.029485474047920398
0.01137336204313277
0.003984317558350123
0.015279108943633907
0.014972200694563176
0.0014867481479296663
0.019552152911499508
0.06042390601408562
0.06504086582289854
0.06723449521260197
0.05891715272785826
0.03482131162208354
0.039501961377227016
0.014719457126278156
-0.003880532096309178
0.022398650692399064
0.01601877575734957
0.029571906648702843
0.07460080986788517
0.0629072662924518
0.030898318592450694
0.03500660574530969
0.04991430902856014
0.07479778180357288
0.10567616038973542
0.08596219012075398
0.04978880096689704
0.053299959730461095
0.08445209926290177
0.10122140040664043
0.06266024655363273
0.034178971403651406
0.06348106393701873
0.09598542262148142
0.08208126905156815
0.03368207781100007
-0.002784428038766689
-0.013080359338478368
0.006281868549957559
0.03054294905344281
0.03301196509233238
0.008294861179047734
-0.008459497308739898
0.026578782488481032
0.0679760355349232
0.08571764443008582
0.07749082787695406
0.05814428295109917
0.054262409409752174
0.060881160362529683
0.08041371840489288
0.06287195821798923
0.012349595405956905
0.011277494276061917
0.029978378170301634
-0.0013062521832787747
-0.027963140562979258
-0.010800277761404806
-0.007782056929678436
-0.022502433703056914
-0.025455964046668705
0.0011391798037740126
0.034456129474674045
0.03624036848779679
0.04289285073021485
0.05166605573920958
0.032564939941747036
0.029479800890962395
0.04759682740762055
0.01789828983454899
-0.023371166048733773
0.012181858619203591
0.05361239115931458
0.016535118196780427
-0.02854637086098902
-0.013165252131145607
0.021846239626520197
0.039290935870273276
0.022840775867908135
-0.01884497331056076
-0.023210926158825692
0.023184176440141983
0.05035756394334044
0.018433999444842007
-0.04096772734121399
-0.09633079166108713
-0.10122542739796546
-0.053908385624013413
-0.03446577493129191
-0.04081593163546922
-0.03793187467531635
-0.02244124543099272
0.003044783481628094
0.014982382313295926
0.0192490750938027
-0.0020798043004781864
-0.03224645689054269
-0.015299698741563164
0.004873474247889894
-0.009331056250789053
-0.03918161245147438
-0.04876405580106624
-0.026767826083708153
-0.030428685423515598
-0.050773003603452105
-0.04182655663286189
-0.0009080590917387628
0.032034239800165946
-0.00010565793021387615
-0.05995012322470621
-0.09672600923346619
-0.10176158332574307
-0.06993775782844276
-0.03577410278182267
-0.025218386148437813
-0.009738122784384327
-0.007518107713874308
-0.0475010490722837
-0.06668907848405575
-0.048135289144523356
-0.02229383856863439
-0.0011492315337238792
0.005072865488772643
0.01715258067903131
0.024377235062050643
0.008454960450459579
-0.021234175563041673
-0.048620578063546534
-0.04149864742106127
-0.015788742752438967
0.0011529793680334951
0.014492050603522096
0.021530816567455917
0.012541269115720906
-0.01898303231746325
-0.0550443315698028
-0.04936922431922574
-0.025117924464272946
-0.007237148097795938
0.03410042663923037
0.047671546444012024
0.010858799333074558
0.007057426090891161
0.04446388421704184
0.05059920585596181
0.027240029006022046
0.039658351935141126
0.07024704462462725
0.06202491711683986
0.0237385092768479
-0.0003421222094994643
0.00287055611757281
0.01239086503444599
0.033988228233420056
0.034710875504577854
-0.009697314003375312
-0.032655765611653016
-0.016868194788253202
-0.010587619596318602
-0.04050916044010418
-0.0693929185438492
-0.04825125798885398
-0.01393607462467384
0.0075341446582770965
0.025891276434387874
0.03319526107308081
0.03827522030971032
0.03475029627962203
0.02466180907346574
0.027561679605404284
0.03310126367379554
0.026256867146454588
0.01761210214330667
0.0168017320641906
0.008150323090929038
-0.010768485711369973
-0.02062567754953048
-0.004099174597471612
0.010323782516153825
-0.009947334791090504
-0.029717195228015348
-0.0231010724810761
-0.005431705790350609
-0.004743418242601803
-0.016178654209631726
-0.00730461824544797
0.009063523411443163
0.011398767021558127
0.013356541084846484
0.0210246511236226
0.0220398093239975
0.022125446131033278
0.025434955948073715
0.02553525138329518
0.030629764162600603
0.0394489500902975
0.050530186453242094
0.06561783901734823
0.06874335594261993
0.058882024044292124
0.03290043460110882
0.0071880326173271464
0.0378765070445725
0.0718476630856542
0.03980507025316971
0.006986460197267285
0.008301964643280436
0.0012569557507205442
-0.0037873213424354083
0.023267214076519993
0.031089935098665502
0.019953236595707156
0.030081471583266624
0.028528034012812696
0.025618883571206025
0.043349102482823774
0.04335951506897681
0.01604558910569042
-0.003988379570730862
0.002798410705272766
0.016239115451891478
0.024251064167076182
0.04594988493852477
0.053517549028750715
0.020863841760106156
0.001855375462452407
0.01007461645153826
-0.0038799940839535927
-0.018644930849403284
0.0015497088121378846
0.0063252509274357846
-0.001086470845641146
0.011325280007153505
-0.005843071869779758
-0.04095193376818385
-0.04266519170509744
-0.01891254293693888
-0.017828667570465417
-0.038283559015972295
-0.026062063651064303
-0.00498921442695874
-0.0037615428311207058
-0.009865689328554767
-0.015500975338732676
-0.017746938496487518
-0.022067039304790616
0.001266385468908366
0.03196986468044877
0.020771549061289248
-0.003829715224615722
-0.014696869175444915
-0.00898912894163283
-0.025388650586978395
-0.06041828490402802
-0.04842610269208478
-0.02957692686623467
-0.03585575223549202
-0.030229885851920078
-0.00931424737198403
0.006524544757289533
-0.025413909578291136
-0.07329467331828955
-0.06323771967393449
-0.03428863012636561
-0.031913450083794655
-0.03363066495496363
-0.04215371914964224
-0.04342925094392842
-0.02656459268379409
-0.02821523840074026
-0.0403626287116179
-0.03305479880887235
-0.003767989789216186
0.024408102027563824
0.025071802509383376
-0.009576897184707814
-0.0324216357940872
-0.011750233162337469
-0.014168395966393658
-0.053933097028427045
-0.05869135377522189
-0.021021314767841536
-0.01486297071467185
-0.046357055786911044
-0.059206262781655396
-0.043103516085505236
-0.028619585454993785
-0.048074610400589156
-0.06152085347377728
-0.02016341858742291
0.021722170753178924
0.015878549349672356
0.0016149051125544907
0.0021494281585767673
-0.014637360126837314
-0.04639242804740545
-0.044264524295650934
-0.009968444058165047
0.004186528279950132
-0.015761106302874996
-0.03186530877025737
-0.01678695226069314
0.0017897988002808824
-0.005772201795947407
-0.022178605548797133
-0.010034689893817367
0.015579988957872144
0.005617528417415979
-0.014626620672532528
-0.024802822736859017
-0.03995366022393782
-0.03565812467843009
-0.018940759923084284
-0.007633792339445806
-0.006161477724617436
-0.03002249252697719
-0.04191490285351231
-0.024073870921797323
-0.015325030375588774
-0.022644113047608723
-0.018118737628329197
-0.0028838534548320913
-0.011237537980723411
-0.03193146775887977
-0.024388701859712057
-0.007199023070549914
-0.011649198903115334
-0.021217969951176145
-0.033761699124040985
-0.03401785615882911
-0.012716012190214163
-0.014885624673299118
-0.026208519136343606
-0.012881391361039047
-0.015534623592450248
-0.03630818865862928
-0.026528626181051177
-0.007049627944702442
-0.0027868878758250844
-0.002552584743230258
-0.012164324259861803
-0.009791687896958633
0.005122013882472599
0.00270748732315072
-0.009974687684154786
-0.016598263562062676
0.005807935319280146
0.04100539517452842
0.03274223668241261
-0.00755166997746689
-0.019374301443734688
0.01160075264697021
0.024886239264552704
-0.0010069927674687105
-0.0019036454119908937
0.025996977720539875
0.03364803220722283
0.019515773380034823
0.006680784078522398
0.005777102293720718
0.018874971499570476
0.032656434494304463
0.029322613019684248
0.023361351690632005
0.029348861454344247
0.03253509523354388
0.028856492497656098
0.030765439360153447
0.03509556948060171
0.025006611444848687
0.014674611259748954
0.03105955794273227
0.050775460004776896
0.035186312585188124
0.016444002691033122
0.035802857491571916
0.04267370251500607
0.020945018799446703
0.014141882790708998
0.011397631463100718
0.010286148041049319
0.029895812662569722
0.03600588822549404
0.006188897650704957
-0.0136539369207434
0.00020963343100030508
0.012924755713455017
0.006205220945681482
0.001627851706504111
0.006211805564603787
0.008480576284506757
0.005743723531402536
-0.0016406141201339647
-0.004117581421613958
0.004250229536487803
0.010792861547319992
0.0071765759050984035
-0.010281550764585028
-0.026891295214576175
-0.014776949348791955
0.010555992147357073
0.014220547330681316
-0.004770494702363426
-0.024415510911057887
-0.026329921725571203
-0.021234467763495454
-0.027276509927928187
-0.028343868561568328
-0.0168299649109487
-0.009894128067291187
-0.010575827862259699
-0.009550688169744985
-0.005417403881809311
-0.004699134701961534
-0.018199578878432182
-0.03761822930462075
-0.030110116498981133
-0.012258167885149138
-0.019138527469300587
-0.0201245211244832
-0.00534657667610777
-0.007779317140259145
-0.014767996423068164
-0.010896604342438
-0.007849461189805597
-0.01037949063799959
-0.01591244544552467
-0.01766707402201179
-0.019453821459525594
-0.0237370328483811
-0.02297295372865064
-0.016051516493009725
-0.011363790090233779
-0.01500032916219265
-0.019166170978998906
-0.02232997231548803
-0.020206427403159987
-0.0025025126273541223
0.010139774330540871
-0.004899876221322192
-0.02632562701673873
-0.021400286573098306
-0.004710932905116087
-0.010262938855443346
-0.024670141531792023
-0.023075291944360633
-0.014812686015110191
-0.010827655488434246
-0.010152621983595393
-0.010497537950700329
-0.004745194228060018
0.007253346186667023
0.014250535447197881
0.010967528436073903
0.0009651787252457845
-0.007112430829614422
-0.003206173990702486
0.0008340310939060307
-0.009179373674363802
-0.01905207982001313
-0.01786845018291689
-0.0058055113668201395
0.004001974863322737
-0.0003969565681185047
-0.005338549869936365
-0.00596730954908233
-0.007362795948968623
-0.00501308168965366
0.009983819993324117
0.02284887871310192
0.007284643267146506
-0.011039777312327125
-0.002969798359321524
0.004953672166916183
-0.005483476534048057
-0.00872704677258828
0.003383050064591663
0.009709464665660767
0.010015921402694037
0.015601780396192606
0.016656559601691583
0.0074362265440926605
0.003770607041337491
0.007011028991355125
0.0022060183466405285
-0.00780523997147485
-0.008718157710434516
8.838215847522972e-05
0.006125771581879164
0.005659856312978707
0.00460326041982379
-0.0021543657507579637
-0.013136648347990248
-0.010530588367739239
0.00939016228131691
0.021292737098839273
0.011923862813852517
0.00596353623274739
0.013756131448436668
0.021591513467964795
0.024799011867638353
0.01923998457578404
0.004712465553551789
-0.0028942467158693573
-0.00015137412901821638
-0.00112979961766844
-0.0013748297982479976
0.006864178434984317
0.013376754316672977
0.010737205853094334
0.006188061223428922
0.008385270255970651
0.009087816563444333
0.00554414073678543
0.005963679496415272
0.005185337329079938
-0.0013261368458455526
-0.00830797739764252
-0.006010453318864807
0.007305190607708399
0.015300674245863136
0.011310576278696674
0.005229857789527322
0.0036755224646473207
0.010038860847798254
0.0153843792811334
0.008556100917471984
0.001535972733657583
0.004979433537379037
0.012063726620229873
0.011780568687393935
-0.0005201466207676778
-0.011219937542150003
-0.008853269387105421
-0.00719130993782256
-0.012495255182625961
-0.00907161618501481
0.002882872091671839
0.013597052778020206
0.019138127685472614
0.009560603480415868
-0.0018524111675359543
0.006866656174486133
0.020614365613160796
0.01988796999375535
0.012061002495837438
0.004987080988239456
0.0001578200004917684
0.0009419022306703922
0.001225256661215931
-0.0035283124937447023
-0.0026611644707485575
0.01101198971938144
0.021593293567345264
0.015417887356289212
0.005273441563144268
0.0022489343204876084
0.001951482089557948
0.004614309910592435
0.006062518423719746
-0.002337285987929427
-0.006177453962737722
0.002037046445474681
0.009534793103351775
0.012317446906126711
0.0055007388363733705
-0.005693167726331038
-0.0008354069092879399
0.015499451476967529
0.01928467314034534
0.011317951111310336
0.003648407012048083
-0.003242545465491083
-0.0021290323480782766
0.00813631921322254
0.01025413402137286
0.0027721527357069224
0.0031875392235206084
0.0038734124298228077
-0.006714327634282151
-0.011871185081951893
-0.006836641856689916
-0.00017919503840704344
0.00557319381601703
0.007389755441752939
0.007031324628647589
0.005917453823490474
0.003721473689871901
0.006125008923625994
0.0068047474438859695
-0.0009190584780227782
-0.0017198082970816787
0.0036261401821218596
0.0028457637312790194
0.0028997577420239013
0.0049245028584173345
0.003484941505695881
0.00135382488358842
0.0015788592188105835
0.00606369482885138
0.005511245233678725
-0.005727074604487351
-0.00786800294587067
0.00010868265139676223
0.001709483526775875
0.0013114001187009773
0.0051711816767342125
0.00834048250115059
0.003478636054697373
8.477621237290795e-05
0.0063131675171117455
0.0071921980751366915
0.0003974604153083926
-0.0013021443904824305
0.0038089358214063165
0.008754827666832863
0.007859985013992814
0.004208839769813428
0.0038435350321712075
0.004505106043830493
0.0054125234236992005
0.0062754616978458674
0.0023519701141294347
-0.0027613620109675674
-0.0015030282937972597
0.0024381957108536765
0.0010416292231080868
-0.0007235095875882737
0.0035451588801814994
0.006810984589435661
0.001994409945410006
-1.8715761954764325e-06
0.005807209710402345
0.005147772725941717
0.00091743284757652
0.003084425240566058
0.005175491142441159
0.0038723655746051564
0.0032821186243705623
0.003350638188942956
0.0011398173842798128
-0.00035240207188539193
0.0011451025682067987
0.0004530208645888498
-0.0013713217910155363
-0.0008902209552584581
-0.00020013826691655777
0.000492919987215577
0.0004984187527650061
0.0024582604776209652
0.009524436881607987
0.01054579430178667
0.0013179345296545405
-0.004799555367154365
-0.0018917052849904367
0.0025796219680634465
0.0008624456204875175
-0.003299104631766789
-0.0021648612439919817
0.0010017643434784658
0.0022734655239487634
0.0042374131478391495
0.004824023014385941
0.0027007048609726404
0.002973685732649736
0.005978689512354276
0.0049592549273035115
-0.00017685255401503287
-0.002612535743473041
-0.002156403765171853
-0.0019934023566073656
-0.002281173741679279
-0.0008164049852519769
0.0021921302975596107
0.0027902351669085806
0.0004382364016227401
-0.0017980473472749012
-0.000402788425153748
0.003726870539196779
0.0058244346477918955
0.004431549088396641
0.002545082247190151
0.0011751762732918382
-0.0006458527893487176
-0.0018970601689554285
-0.0019968524200432705
-0.002377581619307429
-0.0029081782362083675
-0.000873264242814596
0.0012088593749488494
0.0002703097085344856
-5.415578483213129e-05
0.0015874623543291513
0.002659543153213133
0.004076270203310232
0.005948573551805892
0.004293022527149226
5.739242327631137e-05
-0.002823135195071519
-0.004115684640595293
-0.0042324873106063185
-0.0033010139752787395
0.00017130123871751657
0.0026048420761394806
0.00010634159992909093
-0.0006949447868563398
0.0016684039576914055
0.0031128553884333518
0.003935213182929488
0.002111267788198596
0.0001513523905549026
0.0022977522051778423
0.0029997239094122826
-0.0005689932571519598
-0.004256250534954767
-0.0032246694525019993
0.0010774015088554799
0.0018952603445062247
0.0001921160614302575
0.00028774130956874265
0.001872006562348362
0.0027415491678119608
0.0013668682031986823
0.0007260837472932494
0.0014920513198403652
0.0020979951481553366
0.003184691875892333
0.0012933932989470623
-0.002645807136268853
-0.003462831265769699
-0.00209516261045066
-0.0013256052526141875
-0.0010382867139618213
-0.0005702091910357685
0.0005544286357306864
0.003748012315134236
0.00449169671853082
0.0002667382973218561
-0.0016162932240213169
0.0012195460644996404
0.003970731207683716
0.002789467557697213
-0.001089177434703274
-0.003694974293313181
-0.003584384900255388
-0.0022194637472501082
-0.002360232679729997
-0.00292513565238667
7.302345302944947e-05
0.0029878218149586274
0.00016318066736403054
-0.003098553415126346
-0.001658098150962882
0.0006209566644575036
0.0008023890012389605
7.340151834663433e-05
-0.00112615454026281
-0.002486266957025715
-0.0016994305195007435
-0.000272585427841291
-0.0019365000846578182
-0.0034184720135530602
-0.001520844984615494
0.0008561059730673327
0.0009812472067760043
-0.0006724336660598421
-0.0010483666096023406
-0.0001605705483513781
-0.0002564590943996224
-0.0008252244810368126
-0.0017799814612792164
-0.0019546255359908565
-0.0005906468171485173
-0.0004911875658549793
-0.002847733305704872
-0.004297628516024991
-0.0024248920713092355
0.00025056510266316476
0.0010240197910953623
0.000179054419367305
-0.00017430702898415206
0.0011995892872538288
0.0020935239642010228
0.0004130244846763121
-0.0016069708588611394
-0.001238580948646434
0.0011637128364501339
0.001308601267108729
-0.0018830130683399515
-0.0029321993204420526
-0.0011678686733127542
5.397960884805969e-05
4.447749337736671e-05
-0.00048233857694401515
0.0001292174913810702
0.0012388208616397895
0.001070048448776496
3.183279132733347e-05
-0.0008230578883864672
-6.52439612735913e-05
0.0008684580649253224
0.00030650594046065883
-0.0002847623676762731
-0.000460637215189787
-0.0002938563424252252
0.00035390012955616125
0.0006946617987029954
-0.0003800967891752939
-0.001265503166513321
0.000989642007973051
0.0027801351576433072
0.0005652850833566644
-0.0013796189590082196
-0.0006403832001320484
-0.00015464257812877746
-0.0008371137894509532
-0.000836206812835005
-0.0008049348046639426
-0.0012552489172258337
-0.0009650690866296602
-0.0012456325387640468
-0.0021547641352558486
-0.0009678794236770265
0.0008089740184383635
0.000596786192930356
-0.000158904915688503
-0.0006480525393239208
-0.0006513275042688211
-0.0003055380584773964
-0.00024948821367704776
-0.0007100948946448092
-0.001773851214242515
-0.0015306898112252493
-0.0006204159799787318
-0.0013046572177326644
-0.002094446705223679
-0.0015630616270422967
-0.0007875847355672703
-0.0007688096522073516
-0.0011924772980613008
-0.0014128697404157788
-0.0010633927410458603
-0.000680777363640848
-0.0008070196962512386
-0.0012576811484949298
-0.0016257217357064644
-0.0014335621005824514
-0.0008354838891139417
-0.0006722771541361847
-0.0010805480146454532
-0.0008909661035916067
-0.0003465277364686496
-0.0004698517133072137
-0.0007175928018523621
-0.0009117619090397914
-0.0004640309824858564
0.000607753680943325
0.000302084605113456
-0.001319197326682817
-0.0017503670630775038
-0.0005784869525862917
-0.0003073609775497573
-0.000868470462821659
-0.0006154210918093864
-0.00030736725041961583
-0.0004203397121967046
-0.0005355577216021053
-0.00031061939042390023
0.00017346677356137495
0.0006282498342195177
0.000867907761784108
0.000432586077445193
-5.5965630971668526e-05
3.8858106652276886e-06
0.0003864658764588589
0.00045210578930418083
0.00011109601995672712
0.00012595195368574747
1.5180290466510479e-05
-9.888512341709271e-05
0.00030806294592408446
0.0002250599774740309
-6.807193922090448e-05
0.0004274537305238527
0.0006011139009729562
-2.8517957519639628e-06
-0.00017651943450176452
0.0002856674642773209
0.00040503808135985763
4.3554355658546305e-05
5.624669107996428e-05
1.118178017979775e-05
-0.00027012722684402316
-2.0309972589722127e-06
0.0002536558807315848
0.00021755100455384514
0.00021913461825633201
0.00020682366677531367
8.782560344280108e-05
-0.00013111204836131266
-7.228348648152134e-05
-3.356627015112776e-05
-0.00010539239746993984
-5.137984802685023e-05
-0.00047644316008055613
-0.0009828913382260327
-0.0008056289275780906
-0.00047955506803804666
-0.00043954005687785636
-0.0005667065042609231
-0.000594264889169373
-0.0005020379607544249
-0.0005538870014934902
-0.000584455099500041
-0.00041115483151744474
-0.00035672024687558794
-0.00042404391558236565
-0.00051945702610574
-0.0006474848831129606
-0.0007726661298314006
-0.0007482752948615544
-0.00043826804434824796
-0.0005778064613691959
-0.0008797385737240824
-0.000665765823939975
-0.0005817665975027895
-0.0006260641583823991
-0.0005384092397635847
-0.0005971627124912414
-0.0005958087806412078
-0.0003503885387845317
-0.00038171905896750767
-0.0007187911272074864
-0.0005396781724834892
-0.0001196451154196393
-0.0002317656144483008
-0.0004143851089049543
-0.0002244654964959245
-6.0820375294841035e-06
-2.5719355000587366e-06
6.09230201589535e-05
0.00019727764324624768
0.00028957080562024007
0.0003807598459436591
0.00029443533909384747
0.00017002051724448935
0.00023863655162397628
0.0003525229472692368
0.00035942125615661996
0.00023786741768473267
0.0002108389072672774
0.00028891915734473376
0.00025294891113937615
0.0002948016614012005
0.00044285053260813956
0.0005281325903130844
0.000554782997257836
0.0005299745333579178
0.0005567618241679413
0.0005741305883449811
0.000587185614251331
0.0006803344158678155
0.0005926452810080013
0.0005126259590721288
0.0005849313197087755
0.0005060156778159624
0.00039836453817713926
0.0004172752857752523
0.0005072532105700698
0.0004178141975378952
0.0002592616209767956
0.0003175050310120108
0.00030131239417967065
0.00022015548841136545
0.00021856787806440227
0.00014192432787119564
0.0001347449820577801
0.00018263027605619755
5.8632112466258966e-05
-4.225678870840058e-05
4.711726594508269e-05
0.00013714798215308448
5.599671408410568e-05
-3.6975649285991486e-05
1.4786992298692227e-05
4.534771186299458e-05
-2.1772942481735018e-05
-6.291484061690792e-05
-7.785971990992538e-05
-5.548667620070586e-05
-8.0776556095462e-05
-0.00021126505257132417
-0.0002567787923634274
-0.00023541621481048454
-0.0002118532470732706
-0.0002262669729039106
-0.00030274182121282017
-0.00029661371365677987
-0.00023090930952207294
-0.00023852732974073728
-0.00027100856574998884
-0.00024366936898702132
-0.00019121220199870217
-0.00019714337253848866
-0.00021978359126921453
-0.00020801030517715694
-0.00019056470246597206
-0.0001468846214610676
-0.0001046890407154128
-0.0001261956393073145
-0.0001267392698388449
-6.251989767685568e-05
-5.654479590873375e-05
-7.789134403359884e-05
-2.6278964814063466e-05
3.817606819750798e-05
4.293749882866019e-05
3.012598820712254e-05
5.8664310720134226e-05
9.53165198706773e-05
0.00012184340649804533
0.0001579191718298383
0.00017338830125729828
0.0001962932703588112
0.00025647932677254283
0.0002725110889592471
0.0002867151399619214
0.0003512038048056725
0.00038921198437531193
0.0003939791480274562
0.0003995023104514307
0.00043913355535805303
0.00048284274071783297
0.00048232688189747957
0.0004915228043069429
0.000505928345099931
0.000519927387637351
0.00053838154086091
0.0005245966046801029
0.000542225190089539
0.0005787715834475338
0.0005965575215099194
0.0005976127175323972
0.0005660412987027106
0.000567156271367355
0.0005863121479516859
0.0005739776903265254
0.0005613829588865254
0.00055445308792595
0.0005504905368212405
0.000528258020786145
0.000490312197424378
0.000469412777096579
0.00045171380999935347
0.0004429959566021759
0.00042231858572068477
0.0003722488443212522
0.00033739603166630446
0.0003155287975859752
0.0002702986857571859
0.00021859802754630085
0.0001867781572053219
0.00015911729862777685
0.0001184561511152668
7.680773669760414e-05
4.674976418937394e-05
2.0747586498621377e-05
-1.2797957199397084e-06
-2.2213096615915046e-05
-4.827506308384199e-05
-6.557252430291607e-05
-7.017707225363301e-05
-8.758229487444177e-05
-0.0001101444449355388
-0.00011572609501654518
-0.00011939071733130156
-0.00012940651529879323
-0.00013692780925306442
-0.000134097001524087
-0.00012333072255264955
-0.0001205407559680385
-0.00011769003429789713
-0.00010760171522322558
-9.598322243594188e-05
-7.835045116618314e-05
-6.402460159002428e-05
-4.6202458373711365e-05
-2.0006818342244112e-05
1.5328801982672447e-06
1.7142819755809704e-05
2.9283335546749285e-05
5.184933753887318e-05
8.3274342574908e-05
0.000109617746971822
0.00013699859973912272
0.000165115744611692
0.00019327563515800087
0.0002261370330393396
0.0002569645894977443
0.000284070450114532
0.00031097847992970926
0.0003393586414083918
0.0003633924773672464
0.0003762377776397049
0.0003881503824621398
0.00040478747425848
0.0004172693700341471
0.0004220446948359703
0.00042497643174842334
0.0004319732895427725
0.0004407595841109352
0.00044487878211601475
0.0004452205212391249
0.00044148370821945617
0.0004344475782888469
0.00042720663323715685
0.00041959600548285283
0.00041748304735155433
0.00041924443169211417
0.0004132527141552476
0.00040247602973570123
0.00039271618186279
0.0003804288520773845
0.0003643952602637483
0.0003468372156106934
0.0003317150650258999
0.00031751193482814944
0.00030028429135637246
0.0002803171047952171
0.0002630057815505092
0.0002526963307270778
0.0002444830693910494
0.00023096815905292026
0.00021143488991826092
0.00018802817803105677
0.0001679886414352119
0.0001567107580705469
0.00014451685934508155
0.00012709601859673452
0.00011315903507914958
0.00010395204186470548
9.703407807250193e-05
8.977536391535274e-05
7.975318990844924e-05
6.960903203478194e-05
6.047111555551188e-05
5.114150368549353e-05
3.72418943845037e-05
2.01102911215639e-05
7.543942303866316e-06
-2.4668592433229996e-06
-1.3917193307389934e-05
-2.4212560349755838e-05
-3.3472744496768624e-05
-3.975014224392896e-05
-4.162709435670986e-05
-4.235028872327545e-05
-4.0645907078250824e-05
-3.7995906111955885e-05
-3.8803458399783614e-05
-3.8432633820152884e-05
-3.52794603890514e-05
-3.365220959372387e-05
-3.063135683157938e-05
-2.7723807167890115e-05
-2.8515890868898132e-05
-2.656846753592944e-05
-2.2108323153229666e-05
-2.2161358457659714e-05
-2.7742186648686066e-05
-3.285566920673794e-05
-2.9439473631651298e-05
-1.9182349101634225e-05
-7.585661564719556e-06
2.2051946085498857e-06
1.0671103520986205e-05
2.4067087745649246e-05
4.0622361536203276e-05
5.311488911821909e-05
6.660243537904052e-05
8.824657728343395e-05
0.00011095648830216967
0.00012605456885041627
0.00013420843918129685
0.00013928059767279928
0.00014415594095869844
0.000152169680542144
0.00016577865943479027
0.00018263320828358816
0.000199266483256199
0.00021566982685598322
0.00023096275019515762
0.00023992609113787026
0.00024384678577790722
0.0002510005259774581
0.00026266681550626093
0.00027468804978455884
0.0002832281793902045
0.00028704773258939146
0.00028544470875811403
0.0002791532456079944
0.0002751926865367152
0.0002764578422239893
0.0002800477296181674
0.0002818803196408736
0.00027716977647588697
0.00026797204066470793
0.00025773232891216643
0.0002472942911176626
0.00023828418930323935
0.00022863523333844035
0.00021702714467412525
0.0002044869780652216
0.00019020516613938734
0.00017183447979187422
0.00014661528476350298
0.00011730282405521635
9.248475283313137e-05
7.618050445601729e-05
6.25395475197062e-05
4.636105776001288e-05
2.7297689268419053e-05
7.441953440108211e-06
-1.0676209098908357e-05
-2.898965250251628e-05
-4.4954751992297666e-05
-5.410235405164859e-05
-6.217243322385516e-05
-7.557453113963372e-05
-9.380688625496528e-05
-0.0001127772389960659
-0.00013006684016512491
-0.0001451766329187031
-0.00015551500695437022
-0.00015801087546798358
-0.0001526248345225001
-0.0001470419391803509
-0.0001515622447358582
-0.0001641990629891119
-0.00017201846731966646
-0.00016852386256575026
-0.00015949875877401784
-0.00015188163649769668
-0.00014392066048508776
-0.00013467117795057688
-0.00013091690038207377
-0.00013478868637412396
-0.00013617720682456956
-0.00012348366436720263
-9.970207833298337e-05
-7.517275700600391e-05
-5.577775022623022e-05
-4.486134853053104e-05
-4.109072983950949e-05
-3.7846283163293794e-05
-2.8176446467389012e-05
-9.070297078951687e-06
1.2445186093301003e-05
2.6624383058657766e-05
3.455251991980494e-05
4.169889815965592e-05
4.911095959822402e-05
5.64618543601375e-05
6.563268619374694e-05
7.993546880552641e-05
0.00010111665603036668
0.00012397911929953572
0.00013689942518019013
0.00013581217115143633
0.00012900758784466907
0.00012616021313185797
0.00013170439448340507
0.0001404725434592161
0.0001447170786732061
0.0001452039172397
0.00014210842604608638
0.00013281933926594615
0.00012073124661621671
0.00011379468260891395
0.0001177750291646563
0.00012726739170944242
0.0001326440946707919
0.00013443186975096622
0.00013496391948866407
0.00013272572494598225
0.00013096755036650048
0.0001325506537161853
0.0001340083904642403
0.00013247663856080539
0.00012708794587117466
0.0001182488957826483
0.0001067687493515524
9.28268177438635e-05
7.960113938193577e-05
7.282914923622175e-05
7.573263042659283e-05
8.261315469127439e-05
8.51515601563874e-05
8.068094638690011e-05
7.004031610577148e-05
5.874385149528417e-05
5.270925338387343e-05
5.1113223143374e-05
4.998082759735402e-05
4.368518995356237e-05
2.8863238619985744e-05
1.2142206829508586e-05
-3.330823070796905e-07
-1.0664049814881656e-05
-1.9119363310855722e-05
-2.3473634733132344e-05
-2.738136704452801e-05
-3.7368364171943386e-05
-5.258938762977007e-05
-6.849164491899427e-05
-8.31652624806415e-05
-9.411745640930729e-05
-0.00010077113368705046
-0.00010505027494936629
-0.00010886762312617251
-0.00011543004447583046
-0.00012875507446849453
-0.00014761812411941927
-0.00016311895013959338
-0.00016879063024783194
-0.00016402633090473529
-0.00015513931899409098
-0.00015255298970855372
-0.00015564381457472466
-0.0001596325687962529
-0.00016117568581381302
-0.00015429686991857438
-0.0001414371699480032
-0.00012732781332696748
-0.00011346193842970888
-0.00010559600485301686
-0.00010443924352881247
-0.00010358185233735625
-9.802747686171676e-05
-8.521553754797819e-05
-6.59529690239856e-05
-4.439886341179363e-05
-2.5560996728824702e-05
-1.24592374284161e-05
-1.8231500558156361e-06
1.2401265258876745e-05
3.216840026902703e-05
5.55657848991122e-05
7.867031653926178e-05
0.00010006360045472374
0.00011894674154618138
0.0001306130033211198
0.00013313278623538417
0.0001351266104437073
0.00014536319738225819
0.00016381622214476315
0.00018489613202965025
0.00020013115312906258
0.00020741122690391738
0.00020880267491331887
0.0002068241839373655
0.00020782883258968544
0.0002129776334488019
0.000219832800697639
0.00022534882555231723
0.00022533423939767022
0.00021854624581277608
0.00020563946509448224
0.00019051890199172668
0.0001777027243287662
0.0001667272413181167
0.000153848445700593
0.00013899785810927686
0.00012302330250832055
0.00010354818731097725
8.375068019251715e-05
6.72062621953869e-05
5.252438664420209e-05
4.158255606368958e-05
3.471183113955577e-05
2.6931170679264427e-05
1.1663939455693943e-05
-1.1045799979448531e-05
-3.323264634173395e-05
-5.004697869299116e-05
-5.94152124887525e-05
-6.298491732090003e-05
-6.549969730049068e-05
-7.03160898118662e-05
-8.056157226670751e-05
-9.250489154288397e-05
-9.875411233624765e-05
-9.70907348923028e-05
-8.897592942811256e-05
-7.997208643584889e-05
-7.41080876432106e-05
-7.20434116811311e-05
-7.351528429530318e-05
-7.384711692804793e-05
-6.909469656632095e-05
-5.8964945885507865e-05
-4.41944396354855e-05
-2.907744999792613e-05
-1.887084778252658e-05
-1.328273143944724e-05
-7.178564292225811e-06
3.91150632520197e-06
1.9324188439179035e-05
3.623060860973824e-05
5.4898300541539736e-05
7.413338400996169e-05
8.75069439471795e-05
9.195140520771272e-05
9.2708456135494e-05
9.466125430764782e-05
0.00010015695088064782
0.0001107689362216908
0.00012366511562858897
0.00013323281666811006
0.0001362738941674976
0.00013332519783295784
0.0001282650887631385
0.00012575066852105556
0.00012697664987689608
0.00013041049201315165
0.0001334713297373153
0.00013335829292576113
0.00012785634632398002
0.00011601621246193853
0.00010160681484691823
8.906343447500083e-05
8.172043937926283e-05
8.088201534854781e-05
7.889743128705152e-05
6.963958749275689e-05
5.956840219806933e-05
5.506897832901384e-05
5.338014609282404e-05
5.28016976446533e-05
5.681788020429189e-05
6.602835792443316e-05
7.568926525328644e-05
8.003531033754423e-05
7.719752578970686e-05
6.998789446412961e-05
6.343761832356806e-05
6.388212284896908e-05
7.124966119717115e-05
7.80147051613444e-05
7.98163915473468e-05
7.745763219721781e-05
7.481287109791643e-05
7.508889756357763e-05
7.782774879441674e-05
8.183555345490729e-05
8.63497970372217e-05
9.08230985357952e-05
9.363842306622157e-05
9.228098682278903e-05
8.692012867565706e-05
8.126872617017207e-05
7.942274142038391e-05
7.915854121435017e-05
7.410084524134573e-05
6.511642199072375e-05
5.786603658694192e-05
4.956135676266524e-05
3.768596721724534e-05
2.779991059363781e-05
2.213921570701555e-05
1.9276658321216923e-05
1.4050944719548517e-05
3.1888246658412586e-06
-1.1031043173455244e-05
-3.0801049431423905e-05
-5.345468728547196e-05
-7.099858596344033e-05
-8.499599518282328e-05
-0.00010060853178421867
-0.00011590117772167136
-0.00012993663172400488
-0.00014597251539319494
-0.0001631614146207862
-0.00017656726712354906
-0.00018104861066818494
-0.0001786220856842418
-0.00017724995240417447
-0.00017920878302115498
-0.00018214464319349556
-0.00018395995943637134
-0.00018080157495911078
-0.0001719133418014047
-0.0001633788397588072
-0.00015456906843195015
-0.00014080120104412338
-0.0001240625863177753
-0.00010628300286396502
-8.942687861277007e-05
-7.174077340714861e-05
-4.934049727565565e-05
-2.5471583725823622e-05
-5.4541390539793786e-06
7.2862566728442136e-06
1.4206369508054099e-05
2.203229677681944e-05
3.4790511477468666e-05
5.2084031676479485e-05
7.49860896827334e-05
0.00010247950318218977
0.00013083040891537535
0.00016159803319193037
0.00019552992149591072
0.00022703050096768623
0.00025344619090870844
0.00028007489478085884
0.0003055197668010236
0.00031908186129708544
0.0003185369453786454
0.00030852162133297576
0.00029219098214771353
0.00027241092048197206
0.00025157569442687253
0.0002315658594533374
0.0002151373859302717
0.00020635647793829537
0.00020535774078585747
0.00020592023271452813
0.00020244262770918514
0.00019396002459077722
0.0001852524255758304
0.000178649353198503
0.00016804337395295206
0.00014663972817034144
0.00011433047073737921
7.795276155666607e-05
4.091738282235324e-05
5.257711958997581e-06
-2.2998177833719192e-05
-4.288526520425183e-05
-5.20732114901654e-05
-4.733091002522184e-05
-3.4536984532087925e-05
-2.297231880853131e-05
-1.6099439049822556e-05
-9.534785346825104e-06
-1.7517319655259265e-06
2.648915287606995e-06
2.313261718214384e-06
-6.512359521446129e-06
-2.7676473536972435e-05
-5.215755056180873e-05
-7.190502889354867e-05
-8.507475304718824e-05
-8.321568133329654e-05
-6.065521487972728e-05
-2.10644118542795e-05
2.7322553681695267e-05
7.123524577816956e-05
9.844916667262594e-05
0.00010847554369896304
0.00010777779177866243
9.457159898504644e-05
5.7007987274897284e-05
-7.806347368687039e-06
-7.820346989950079e-05
-0.00013226536791665776
-0.00016997709165099393
-0.00019681053359537124
-0.0002106841119049258
-0.00020608449919838466
-0.00018832682711674608
-0.00017238691999115684
-0.00016409736875598051
-0.0001538747983803783
-0.00013144938933189288
-0.00010197339043267314
-8.13385638635392e-05
-9.49460735101567e-05
-0.00016393605405139644
-0.0002674704770439436
-0.0003513576111596438
-0.00038318063231795754
-0.00037539291419816964
-0.00034552940986663403
-0.00028637771834434526
-0.00020181462886812186
-0.00014284466635109848
-0.00016186666695250176
-0.00022926146638502467
-0.00026266689981760925
-0.000238990897057094
-0.00021352058675101862
-0.0002552984827783257
-0.0003696504988806177
-0.0004778091936578909
-0.0005011603726916176
-0.00041972475808472115
-0.00024792896611008
-1.4097784513068822e-05
0.00026242818898739365
0.0005822624147680794
0.0009130422999768183
0.0011894848016139451
0.0013987041877828192
0.0015866203630565897
0.0017723280127571275
0.001897747643129817
0.0018692080830233285
0.0016607073926756355
0.0013662928001114784
0.001103183795638524
0.0009114608527466763
0.0007928759332552013
0.0007696675848084064
0.0008667482524452885
0.0010708536609518792
0.0013303502382557932
0.0016136012216107537
0.0019350075072627428
