0.0
0.0
0.0
0.0
0.0
0.0
0.0
0.0
0.0
0.0
0.0
0.0
0.0
0.0
0.0
0.0
0.0
0.0
0.0
0.0
0.0
0.0
0.0
0.0
0.0
0.0
0.0
0.0
0.0
0.0
0.0
0.0
0.0
0.0
0.0
0.0
0.0
0.0
0.0
0.0
0.0
0.0
0.0
0.0
0.0
0.0
0.0
0.0
0.0
0.0
0.0
0.0
0.0
0.0
0.0
0.0
0.0
0.0
0.0
0.0
0.0
0.0
0.0
0.0
0.0
0.0
0.0
0.0
0.0
0.0
0.0
0.0
0.0
0.0
0.0
0.0
0.0
0.0
0.0
0.0
0.0
0.0
0.0
0.0
0.0
0.0
0.0
0.0
0.0
0.0
0.0
0.0
0.0
0.0
0.0
0.0
0.0
0.0
0.0
0.0
0.0
0.0
0.0
0.0
0.0
0.0
0.0
0.0
0.0
0.0
0.0
0.0
0.0
0.0
0.0
0.0
0.0
0.0
0.0
0.0
0.0
0.0
0.0
0.0
0.0
0.0
0.0
0.0
0.0
0.0
0.0
0.0
0.0
0.0
0.0
0.0
0.0
0.0
0.0
0.0
0.0
0.0
0.0
0.0
0.0
0.0
0.0
0.0
0.0
0.0
0.0
0.0
0.0
0.0
0.0
0.0
0.0
0.0
0.0
0.0
0.0
0.0
0.0
0.0
0.0
0.0
0.0
0.0
0.0
0.0
0.0
0.0
0.0
0.0
0.0
0.0
0.0
0.0
0.0
0.0
0.0
0.0
0.0
0.0
0.0
0.0
0.0
0.0
0.0
0.0
0.0
0.0
0.0
0.0
0.0
0.0
0.0
0.0
0.0
0.0
0.0
0.0
0.0
0.0
0.0
0.0
0.0
0.0
0.0
0.0
0.0
0.0
0.0
0.0
0.0
0.0
0.0
0.0
0.0
0.0
0.0
0.0
0.0
0.0
0.0
0.0
0.0
0.0
0.0
0.0
0.0
0.0
0.0
0.0
0.0
0.0
0.0
0.0
0.0
0.0
0.0
0.0
0.0
0.0
0.0
0.0
0.0
0.0
0.0
0.0
0.0
0.0
0.0
0.0
0.0
0.0
-2.1398874640568024e-07
-5.834958458674791e-07
-4.902727643392459e-07
-6.646394118736512e-07
-7.952354612683818e-07
-5.243446551013857e-07
5.887276725357892e-06
1.393928533734914e-05
7.030464045903488e-06
-4.5858527759829935e-06
-6.473265141320206e-06
-5.647728098433778e-06
-5.759361766333317e-06
-9.164557651125776e-06
-1.1585507353363218e-05
-1.5694461117287669e-06
3.6313635582038154e-05
5.5837221660660016e-05
4.980770452405557e-05
9.997082379136618e-05
0.00014296971371976935
0.00013578593159887018
0.00011773198951203413
8.119105619737793e-05
0.00010425435405799453
0.000129465335347815
3.257144443950258e-05
-3.818651164586915e-05
2.301110922843772e-07
9.118649275316948e-05
0.00017876893923508903
7.147205964491215e-05
-4.1260347141841654e-05
0.00011921002320866808
0.00023159523238016133
0.0001477846869996745
2.5384271523901378e-05
5.077669792524126e-05
0.0003825772331009882
0.0007877609599561595
0.0005389571427815783
-0.00011680020716570051
-0.00013374198912228909
0.00023614383694212204
0.00024530467319980987
1.8056237593140554e-05
5.831265099337915e-06
0.00019596550698688348
0.0004583243624385679
0.000697917840086863
0.0005244214266188258
0.0005926164067506636
0.002342531085697085
0.002968960970503195
0.0010893814946975639
0.00043733568825413783
0.0008803849572535466
0.001901428457338678
0.002589050318011824
0.001022463229417457
0.001341546946361572
0.003524150285585047
0.0032750047591880442
0.002429300962153839
0.0025589829863091823
0.0026259340913496266
0.0010253702790449426
-0.0010738963055923012
-0.002293330428684567
-0.0024856017306141643
0.00010511155215355865
0.001606977788665708
0.0008642034213155554
6.67321244259643e-05
-0.0010921610916547475
0.00034259823950659094
0.00157064101204866
-0.00010137037032947934
-0.0002923617638549258
0.00043944974096976283
0.002709343078107992
0.006472309594070034
0.004305022876796683
-0.001668257386779043
-0.003936540971583728
-0.0020486397320049333
0.0010738847646119905
0.0014192532033655695
3.184761163504711e-05
-0.0010343268051493473
-0.0039550330016976274
-0.00662945320463962
-0.005918355401921758
-0.005024175822777576
-0.004296958778381908
-0.0018046579222173549
0.0003521055337017626
0.0007698213533676651
0.0004023733931549845
-0.0003800994373923624
-0.00027463869386638043
0.000812067760792331
-0.0005847137256161142
-0.0023283642095814423
-0.0019095429862142769
-0.0009298569345775805
0.0005374355358537692
0.0008104273089785607
-0.0007654664974951258
-0.000987845454875173
-0.0001868407489022271
-0.0011309187191207003
-0.0022620110808933155
-0.001389765404161745
-0.0011788952834017462
-0.004925674797511696
-0.009336072804197855
-0.008735354679887208
-0.004031149643457818
0.0015165731992121448
0.004694836305735796
0.0038525413537708296
0.001975706327435665
0.00047153908324598344
0.0002725744055696789
0.0023347030154186963
0.003916591100591358
0.005602059429706758
0.009280876475099552
0.01033326746156138
0.005045668568692431
-0.0020095688253585374
-0.0029026905720028005
0.004370396428458202
0.00846651549501476
0.0026107477924453763
-0.0007502235844980914
0.003836408721581451
0.005358629936526422
0.002401299178741599
0.004134259273933031
0.00909881674039202
0.009805359974815499
0.005205742538571752
0.0009575817556436373
0.0010555309793225773
0.005870294164223628
0.008422148212412321
0.004529976870809407
0.001798650096419544
0.0026381129936416925
0.004058365257916461
0.005252340285858579
0.006996913622781668
0.00958597120924673
0.01219518741369532
0.013519707884883955
0.011785154579528521
0.008739747981092696
0.008471411639720828
0.005491284897412039
-0.0016357100222044302
-0.0018050530688397339
0.0033945416674275954
0.004743749570042478
0.0011648663495873045
-0.005538879747384631
-0.009999563290776852
-0.008812574044992617
-0.004259979613964065
0.0011133292242062327
0.0028936040826746208
0.0009918367389460264
-0.0009118574758698305
-6.981479195993629e-05
0.0010421201783291944
0.0030547133316134105
0.009253602561497532
0.008448718300056422
-0.0024254670096012622
-0.00843714488782714
-0.005711643671692298
-0.0034487067232650023
-0.003655490807046991
-0.003298476265635829
-0.002849903269042022
-0.0020740866480923755
-0.0034796070999950405
-0.007615941874818
-0.008571782198247764
-0.0065338567654004195
-0.0018220533555352387
0.006852677203166351
0.009118458609506575
0.005600159314796197
0.0050416945787069845
0.00588401980529256
0.0038526684439393714
-0.0013326426496569318
-0.004523756049497093
-0.008302838877663976
-0.013103859901529302
-0.008847803857466812
-0.0034285604540761562
-0.007541158458277842
-0.010532948531213948
-0.007931096133079756
-0.006410484851724352
-0.009929729587303673
-0.012699189188776506
-0.0066601423670158795
-0.0003193949796101968
-0.004884703474317183
-0.011578477649392745
-0.011008277320703103
-0.012411509104470411
-0.01809972623498613
-0.018526735807846004
-0.019421867846377776
-0.023284414110149032
-0.02089012823231887
-0.016971821204332667
-0.016439972280247964
-0.02138616448799015
-0.02836486921468353
-0.021467059675485477
-0.009827599056047702
-0.012599545080817155
-0.018051154585429035
-0.014407496492272114
-0.009632921131640488
-0.012112739656979628
-0.01721668411517174
-0.022365900911709518
-0.026137712012762288
-0.022900593241138554
-0.022166147141957686
-0.02521846477187821
-0.026587358938888927
-0.02671829198103672
-0.01855994416073993
-0.010165173896978246
-0.017139035751111777
-0.03224469455182187
-0.03740782222065733
-0.028482826196812434
-0.017204627290738253
-0.012815024957181698
-0.01661445093498338
-0.024881474514774824
-0.029267125141167437
-0.03472829921569464
-0.03768855698419634
-0.02509288164987796
-0.014939164711697006
-0.016170805247618786
-0.014576041391743922
-0.013130514453769448
-0.0215939831147538
-0.03270051549225321
-0.02706519838244722
-0.011572839202126647
-0.015612523811010926
-0.03339569938760915
-0.0383943044530347
-0.03287250883928834
-0.03612820222066499
-0.03901964699888549
-0.021540501820081718
-0.0041040267174406045
-0.00494412437373286
-0.014825592757966192
-0.028560109006046244
-0.03655603438259597
-0.03700817521254258
-0.029417617043365457
-0.0124323706131475
-0.001944242998166633
-0.0007334988718717792
-0.004100369913681631
-0.012797971336763204
-0.025535402658994146
-0.038984247917437695
-0.03757612267042959
-0.023890078516271437
-0.012365974880098147
-0.007035658540618328
-0.008795372046633628
-0.015264082427487098
-0.027152144504215023
-0.03260200969977916
-0.023876606768697094
-0.014043534211845374
-0.0071363283687906716
-0.008282441828133766
-0.024477089031263076
-0.04150369352449835
-0.05347678662097198
-0.0654287658718436
-0.06686780787722897
-0.04290980563965049
-0.017788351789829786
-0.023835375900140985
-0.03215714910020274
-0.030268687828149322
-0.03798791095940944
-0.0343049841973732
-0.011351044452662142
0.006073084730807532
0.010601099191445106
0.004112802497987137
-0.008095970719940166
-0.018537798662228957
-0.0234000146669721
-0.021126371381478888
-0.017499712346334614
-0.01093521259463801
-0.004534941415475056
-0.0038661104731401875
-0.011196804410162353
-0.02418405734520439
-0.01879941583054799
0.0015080014174176787
0.00786625095063916
0.005797920309382315
0.011979479628543158
0.022472615918374843
0.03095281458451487
0.03591409594647076
0.032581872280764375
0.031248351411901697
0.03591926726791304
0.028885352261122307
0.02324482508217032
0.03155794265217484
0.027548345521046222
0.010331410354196354
0.0024747106825995856
0.005872270968006794
0.020480458233929143
0.04211988025685863
0.046916726369799835
0.04342912026729416
0.05815953906698271
0.06626652355261456
0.05633004718786175
0.05282089342044245
0.05409472527756388
0.06756814534112637
0.08829287369713376
0.08533170395166077
0.06627790858122028
0.04706500887053754
0.045504900153207295
0.05866881290156734
0.06600902153077012
0.07818751355533385
0.08535401036252917
0.08488848775751007
0.09164867602578826
0.08370782374839247
0.07785155414897328
0.10500564395260513
0.13650656077498818
0.1353102474812024
0.0925260387169892
0.061515065222866344
0.07771725957007364
0.08286307769582565
0.05715081367064536
0.04627577684561764
0.0493624915798098
0.04358925902199435
0.03373411460663896
0.032453475998019364
0.03783599435363973
0.04410275972827197
0.050490308245248465
0.05679761112429784
0.06863810886943163
0.08115613240026091
0.0807052246042531
0.07317469751919893
0.06674618394707055
0.04643222963739866
0.020909984608489807
0.012318438655867773
0.020773938954341282
0.033694501559078
0.027944949607113783
0.011022681293204294
0.004393813784744805
0.006081591355799734
0.01700823052298714
0.037739990174796435
0.05416771350369701
0.05024697623467076
0.025974519248332467
0.0010543579375669968
-0.001357182976612483
0.005175926841504235
0.0003918430290635793
0.0050984930203203105
0.02155751395004623
0.02191386070451841
0.00978054274104333
-0.00069492773903281
-0.016044281934371105
-0.028352330263244907
-0.02121205044672483
-0.005950321633718112
-0.0024463842225763547
-0.004431873296275848
-0.005312484944154046
-0.008825922893547902
-0.00406049354081296
0.005807005785055955
0.00879000683558056
-0.00018711130018518758
-0.012524965261094477
-0.007888966681442181
-0.001834922207906453
-0.015869258894629548
-0.027787636842814874
-0.022146763137568623
-0.016845337286381972
-0.01556385117100357
-0.0213989944841639
-0.03475663286077977
-0.030833584111428974
-0.014627723375888262
-0.0032570075726043395
0.00021006937065434683
-0.008946893654236591
-0.019270744086408376
-0.021291835376282327
-0.01830267394100294
-0.012555862830309237
-0.012392758733755506
-0.018517985899557367
-0.013716254755759735
-0.0013185456230053428
-0.0014942325482293736
-0.014374921397894529
-0.03148949002396932
-0.03210087387183151
-0.01010373845844364
-0.012195898882585201
-0.04736858287488245
-0.05837251243438717
-0.032905995788425
-0.018622489635668794
-0.02086466253680837
-0.010656296159341726
0.004469454808402017
0.013245146735284577
0.01405676448755938
0.004664031809104993
0.0029592610120744425
0.007522343456753625
-0.008727454941504505
-0.03409867112909193
-0.04787302858675466
-0.04838811558859368
-0.037770288162387276
-0.02117505583310301
-0.017498433351809627
-0.03359924229528882
-0.042767984618529646
-0.03736890502526784
-0.015202716961203764
0.013020446444764942
0.009449077261344438
-0.02166799944709411
-0.03639512353054325
-0.032405996904359524
-0.03722488852047294
-0.04168986702753396
-0.025778537778559346
0.0006030003846244249
0.015086404169787836
0.01669841225207522
0.002962078352732778
-0.016722104505070407
-0.015914039902518773
-0.004025723488622696
0.0006634258386928283
-0.003815334612834896
-0.01296948189018888
-0.02205796677195316
-0.016304595045314504
0.007405553117370535
0.017656885810814316
0.008452374847210937
0.010145554939836689
0.02437745017057837
0.026274961707003504
0.026149077484186302
0.040291301005492094
0.04240715433474852
0.02771405175376316
0.03203009698446051
0.049726491518979406
0.04962018665618104
0.03946659925841309
0.03052786634844719
0.022805032462772212
0.020980754243529368
0.026568063968964103
0.0410767676409138
0.04999116953638368
0.03933263717797377
0.03237369070233276
0.05078430321121523
0.07179198563630058
0.05994396202181843
0.03483479298302798
0.03531989196122393
0.03691746747758971
0.025139802861109187
0.03425267764103374
0.050225350817310055
0.047362863079986044
0.044276823691874544
0.05502932135145184
0.0730145801595532
0.0658367792915571
0.036845410878533436
0.03145795136643296
0.0386047826712463
0.03154823173018409
0.036542845319042117
0.05293764523081205
0.04595048299005969
0.028705373524731678
0.02217825915983084
0.018023965228440755
0.018580940680710697
0.029887644659915707
0.039405032372766324
0.03336727613938347
0.011199410648665949
-0.013309113587584612
-0.02815181003892532
-0.03218831807599285
-0.027954189744029034
-0.0221391586152569
-0.0257104545610925
-0.04347290265822484
-0.05630434455206327
-0.04537446600292308
-0.020356282219297254
-0.00932811628687534
-0.025809691095343236
-0.04576858494790902
-0.04640842813031372
-0.027756839129150036
-0.022060050849163758
-0.04411535311861434
-0.05967430397414621
-0.053509744498938985
-0.04179935934156953
-0.04492383557258041
-0.06461439471860557
-0.08362449418216311
-0.08925050965746474
-0.10043780704496011
-0.11425200354194809
-0.09706407006988096
-0.07172612976610424
-0.07419323021376768
-0.09367842421013642
-0.10629124091331324
-0.10077003401164807
-0.08346874354411334
-0.06336298769291683
-0.05522574281380661
-0.06150374245784782
-0.05828635109025041
-0.05343540403367545
-0.04871165702609492
-0.04177828149748926
-0.06422258659205268
-0.09987950872828802
-0.11148023601550448
-0.09806997924890518
-0.08551431235404
-0.0806851600732456
-0.06002396860709839
-0.04388666313133003
-0.04964407138299404
-0.05330246687057274
-0.04981729980188347
-0.04197533093467314
-0.036577280081988996
-0.040724718932185135
-0.06051389948077082
-0.08838013197197112
-0.08874049398331342
-0.06842274618627933
-0.05458855600856624
-0.042010726959163754
-0.041059321570051856
-0.06649095753393208
-0.08038852618877666
-0.06271625135102865
-0.03218630263634948
0.002052446693391183
0.019032345126048025
0.024800682855541104
0.024045794204473614
0.002002813238066844
-0.021575408168521885
-0.026744887474660584
-0.014652992779451606
-0.0034664134373912398
0.002622554756443393
-0.0011999258494754233
-0.03759733323257206
-0.06438452747035531
-0.044524244019581445
-0.021639727974360146
-0.01294278619862481
-0.004063770449320496
-0.004161149943126588
-0.005637238126693765
0.006829252485259401
0.019616827593177667
0.02890223420971288
0.037226287097430207
0.03972526042692218
0.03627699084631964
0.036110150800621736
0.038223992076574224
0.026149747954851223
0.015125893626340634
0.020104298049054097
0.031614538047049306
0.025260655118412127
0.010798001572821753
0.0220963869093016
0.013925867482808564
-0.027722326999649643
-0.028311231228643183
0.014874212573711628
0.041339653897800616
0.03886951354051229
0.02040601566316409
-0.01610129550473752
-0.04338872238302702
-0.00705068329698275
0.06110741436846491
0.07777120780552063
0.05006628340843648
0.03634280232240255
0.03386732296246128
0.02219021621175551
0.026639414823809125
0.048174103097819075
0.05317280414774037
0.04556748352929161
0.048703277788687355
0.050389218763504766
0.05656310114765795
0.08153729334813806
0.08882378091839628
0.06910520002896701
0.05068422128345888
0.040316854867376926
0.04266618741930617
0.05613425133061361
0.05967863118723509
0.03955179227279412
0.007454208917933432
0.008054558973647869
0.0488271118867314
0.07700698699526899
0.08883670114252963
0.10452590730246392
0.09946045487095066
0.07357403201798848
0.06255950961302154
0.06928935165933758
0.06772083129941156
0.05528328924585924
0.04581663784635435
0.0342202119690987
0.023472087391816276
0.032435524620360125
0.04920117575675777
0.059698050157517855
0.07075840805618504
0.06769413752523995
0.045370305755754674
0.03404378137313878
0.04812631373884883
0.06408181979274602
0.06320099572928332
0.050276040059491996
0.033709023648035
0.018147463481992906
0.006300084953339075
0.0038497973615222057
0.012372073802772929
0.023498966981234305
0.036207715338062114
0.04702576620819257
0.036843139529286535
0.013898771562507817
0.003831988094406297
0.010978492866558828
0.01969064483705209
0.009673010742021598
-0.00527312761834373
-0.0015491581302393602
0.013307415636553924
0.026640582938568514
0.026263967090588456
0.009894867537039765
-0.003724912237297574
-0.0037268531333450685
-0.0005573815769761929
-0.0034410946799708696
-0.010315345611773741
-0.02122742292713961
-0.028307660213017217
-0.021487823912318564
-0.007960436912650954
-0.0038905730002420334
-0.018282456597052375
-0.03246303231703244
-0.028971919687627006
-0.025874144872070404
-0.03168323570579128
-0.02867858856541286
-0.020816245189137248
-0.02430740164556009
-0.034619308720613196
-0.04148079213287991
-0.03866058914661181
-0.03066966147920577
-0.023287380827601383
-0.017082226375553268
-0.020294312684842736
-0.03677947697276313
-0.05384828736882159
-0.058981937263162885
-0.06132394640736918
-0.06251310992796832
-0.05876524501291267
-0.060234121248366114
-0.06265419549330344
-0.061200507415665406
-0.05134182431784059
-0.03663288560559675
-0.04197418168261116
-0.059458600181465406
-0.06168745382797745
-0.05347871373489156
-0.04702351746433068
-0.04758481524650527
-0.05683763404493034
-0.06463205048953904
-0.062119861562481685
-0.046987618803309074
-0.029515449267047487
-0.027392513942534797
-0.03485367824430322
-0.03532138562328047
-0.03274846770905576
-0.04154992671999629
-0.05370647385410861
-0.04506379001992322
-0.030769065095051708
-0.03759622837206026
-0.0405970658678026
-0.02252920761503572
-0.010726190425084029
-0.01238624816068824
-0.008167882270402412
0.00012661617735707558
-0.006627576867341894
-0.020735412399874788
-0.013334538564257814
0.010742004774005139
0.020522769412047837
0.010505315327509467
-0.0018859957897975881
-0.009106867583923942
-0.011530852075042803
-0.005629811077722534
0.005533403614899418
0.016858350450272674
0.02612989139081487
0.026091998652102474
0.017218041008701234
0.009777910212546629
0.01008368056841816
0.014931350438537456
0.01456028449017333
0.011134786793583455
0.014954147919237309
0.021691394347254922
0.022778468120095596
0.020436907401954044
0.022725761243173204
0.029810850833822053
0.031161324082917743
0.02241853345600267
0.01489219998537445
0.01924033561298972
0.025992702982894234
0.021157400608834646
0.00797075779333169
-0.0003444615842403153
0.0002481998411694136
0.010238958334958019
0.02412979913250344
0.020665950458257823
-0.0013522270344180944
-0.014714085503144436
-0.003984639374090509
0.013272767124632262
0.012886111501003186
-0.00015404463627749105
-0.0035090144395007817
0.0011439447958883236
-0.0026101102587428515
-0.00945120018196417
-0.011214770695295487
-0.00957527924366789
-0.003336536487488254
0.0035734093783875618
0.0018649226864168862
-0.00612358004972773
-0.013890671472471824
-0.02257902118514571
-0.030084450652906075
-0.031181222495935874
-0.022534073853384868
-0.007390005006118977
0.0007144388350522617
-0.004655683939180015
-0.010062066560828769
-0.012939735247242753
-0.02065641843802683
-0.0206481966345488
-0.006242771934003961
0.0070813007232423415
0.006407339437324742
-0.0014758441131981737
-0.008240622378618187
-0.01787141977574058
-0.026013025969320328
-0.01861044522685306
-0.003730191926158386
-0.0001214051070919622
-0.0013736117090891236
0.002277524500343498
0.0048662935527771685
0.0005392261760155636
-0.005276179391048692
-0.00545537622379267
-0.003434779880986111
-0.005345804516607037
-0.005202561937674515
0.0011151293151573103
0.004560833972629608
0.004802590449567707
0.007719476635249214
0.011921477301036846
0.01153001364358718
0.01215783839958029
0.021265238608959663
0.02384986644620359
0.010569003180476419
-0.0023177993919880255
-0.0027382395723957445
0.0020642902620967257
0.0033877572749761277
0.002257184982104309
0.0016268920203300517
0.0017210858081883602
0.006438500496788109
0.01624296351600223
0.019468652403417545
0.010397627055392909
0.0016649824794586333
0.0021803634750318323
0.004100217611206076
0.0024115673826882993
0.0033641728479324013
0.010935440343475218
0.012815337688303414
0.0024632709737899975
-0.0024624555553691076
0.002514445513065328
0.007288122835729049
0.0111093441118748
0.011489196381730422
0.0070104471267821095
0.002156850904581199
0.0027626399128539017
0.005040104155595455
-0.002888826669022049
-0.012016424714812539
-0.008489821520677902
0.0014895149637455963
0.004962819051498541
-0.00034440226089558064
-0.003670199622950626
0.001708911364075726
0.010047791395111982
0.009064429562271156
0.00043544312695467424
-0.006513519646879173
-0.008650190500227282
-0.0025138731498083994
0.005381579779825916
0.007048170842641254
0.005890331174781171
0.0032076346930408357
-0.0023039650683830365
-0.005701314940970652
-0.006110062163252755
-0.004450612927654852
0.0009218641959093182
0.0037936510350777826
0.0025111714308595793
0.0028522347380555346
0.003378170906326292
0.0013957100119698573
-0.002177283299958031
-0.0034275940251387673
0.0005568010326564777
0.0016058272148550196
8.330533846579284e-05
0.006630924107069828
0.011862348371202164
0.005780050825822578
0.0026635685902275203
0.010134555794976295
0.011120507983562284
-0.0003837268327789118
-0.00379588998492263
0.005057619292425274
0.0057683578675506615
-0.0004763069070486797
0.0028726422336888833
0.011167074960314084
0.014309876265819813
0.014137636272171733
0.013015163485239505
0.007645351831923692
-0.0007496736785873983
-0.0015220051036469691
0.004972332578990223
0.005910992577205679
0.004520350559604009
0.012087755916432135
0.016376161537631863
0.008356019126943382
0.0036555330965574308
0.007334068831929838
0.009812693791876036
0.009408649630032078
0.009780708642303492
0.010081129093148105
0.009014028057809802
0.009716526210610345
0.010291268004690768
0.006634213324336667
0.0011151181408204282
-0.00038439398904444586
0.006192433451854518
0.012365876206387572
0.009410934160702024
0.004308915124326304
0.003653823223082309
0.004072842951064102
0.004954434818652512
0.00916226080601764
0.009847761192984313
0.0034565579033125574
-0.0004332722894578204
0.00010972669995931363
6.546088538296166e-05
0.0003190303979292657
0.0025618209046463394
0.004201488768821404
0.0017351297114354379
-0.0006405493158712672
0.003205804198208427
0.0072460557301951035
0.005751130645248895
0.0024091554606126956
-0.0009678202112824903
-0.0033165901273816464
-0.002259097713949886
0.0004458254458704934
0.00043962214904487694
-0.0028005554491905547
-0.005465616951260198
-0.0038650531608593764
-0.0012824580009559365
-0.0011085026456112948
0.002319955151241362
0.007429716922912111
0.003592583792093238
-0.00711132603798383
-0.009359998607944623
-0.00241429288402812
0.0019629537559703227
0.003199904868044384
0.00504914709569103
0.004541267811750338
-0.0009086015103026286
-0.0029272728274735023
0.0006862823557272163
0.0029116473639815657
0.004242675127549947
0.0038807540348676983
0.00012558419131950937
-0.003399988936025611
-0.0017820427249839084
0.003900624896656456
0.006990096542456489
0.003607902845257053
-0.002756415273759042
-0.0025274541878053825
0.001393442639816014
0.0021237754932643287
0.00469858409589168
0.005215999029448064
0.0004093815546964176
-4.539442273924077e-05
0.005536635834759443
0.009665541115889539
0.008130502324982103
0.00440272379163625
0.004004977973102238
0.004481147957777141
0.0015689159687768783
0.0002572657901194289
0.0034006256411002176
0.00666794799242857
0.007064567292786362
0.0029057284393204214
-0.0010644392404444895
0.0010745808605953887
0.00486917301495532
0.004723566189508973
0.000979871124211843
-0.0029728777290510423
-0.001800072204176079
0.0038343892569272643
0.0062733039684832684
0.004141326784843529
0.0028490124846381427
0.0038351071341305816
0.004092533124388694
0.0034020407325416704
0.0023410565187916596
0.0015339629892237364
0.0024726743831309556
0.002489413663177748
-0.0012498625916814786
-0.0037297292771834257
0.00027786777022956394
0.004237454187260658
0.002426228753848285
-0.0010721098019805266
-0.002547587033415134
-0.0027651828149665666
-0.003528441394802534
-0.0027755667057386166
-0.0008484865009243696
-0.0014580926941230802
-0.0021978450705327263
-0.0018030892199926885
-0.0019390234659039964
-0.0002802656003442785
0.0026418283906989135
0.0020526715775919446
-0.0017477857528827088
-0.0045653487388691546
-0.003186590306513796
0.0015282205863734034
0.0029530471532121685
-0.00019158856327710795
-0.0019952215386721452
-0.00274867593690089
-0.00470825514167352
-0.004289487662516394
-0.0015037512033351905
-0.0008761060311849728
-0.0030599549715562896
-0.004277225993236444
-0.004075514213564084
-0.00476140578370692
-0.002174253960429657
0.003689431203521862
0.005087313688178312
0.001896729681114359
-0.0020960614027442357
-0.003124004026653607
-9.006852796135444e-05
0.0017377871229073485
0.0013675728792349726
0.0010125923518591894
0.00023399876502751485
0.0001891749637167919
0.0021682788693345
0.002218962328230205
-0.00011791115124350793
0.00010300371771463377
0.0015411848441220833
0.0007890098521593419
-0.0013013793099790386
-0.001049644888487973
0.0013581994066460732
0.0012020646790572476
5.201382807337609e-05
0.0007334852403204415
0.0011305226249431113
0.001570279352364149
0.0035997661908528725
0.004290072027489546
0.0023977892820998045
0.0017922456604937168
0.002385583316247745
0.001385487545588658
0.0017246034470435776
0.004743539282586709
0.00531082957722027
0.0019859296325017597
-0.0011239932519013828
-0.0020654133799062817
-0.001891048575165129
-0.0010717394471943045
0.0003943785256954323
0.0013104126240726047
0.000424593682752921
-0.0013468010435427093
-0.0013882140996878995
-0.00021905874276644213
0.00010433391030988107
0.0008870089083695014
0.0020094507613072645
0.0009760271949606559
-0.0016485804991275316
-0.001770300151761007
7.36041821806285e-05
-0.00040361993819639
-0.0012733098924786724
2.2036722075923248e-05
0.00042834456278811227
-0.0005681294334159742
-0.0003175054602196029
-0.001487859400968929
-0.004472419201494133
-0.00391915391798574
-0.0016270269504025747
-0.001442728801707479
-0.0022160443223211515
-0.0028511085969890222
-0.0029123765461267145
-0.0035845605092849073
-0.0037553962936728628
-0.0024331633824447156
-0.0018515837758078804
-0.0013222701600470704
-0.0006825886408902627
-0.0008978464426628142
-0.0012760350761736627
-0.0015152701631076662
-0.0012229800898166728
-0.0007627951612938058
-0.0008477665254726683
-0.0006984292212940847
-0.0005766210013714758
-0.0017661057762367396
-0.003600752552149256
-0.0037887964629374805
-0.0024024907675890875
-0.0017897949129677946
-0.0014269167933689912
-0.0005073245099173678
-0.0010634183356045988
-0.002251510861937461
-0.0007773210493146582
0.0003987782470214283
-0.0014870401081667033
-0.0014170646142161087
0.0012037342076904212
0.0017758947288951622
0.0003364433270265248
-0.0003445209934671226
0.00020776326457165267
0.0007125773084133261
0.0006378186790658717
0.0004633831415120379
0.0010312642352579603
0.0018590662177920701
0.0014592998733473645
-0.000380566452585606
-0.001621368716864996
-0.0007997136582232037
0.0007292101190867358
0.0014227022654867629
0.0005474266216536974
-0.0008904076903577967
-0.0005842879499111047
0.00010850021253513594
-0.00041671815414214474
-0.0001506551962633446
0.00102756421547005
0.001715382521485606
0.001909827203480968
0.001290784470593804
-1.754631982672548e-05
-0.0002904588115960989
0.0009680508632659983
0.001500069309017455
0.00023678662901375965
-0.0008972445086651815
-0.0005013607200341089
-0.0003986671142214982
-0.0016118182450982248
-0.0016692341490125928
-0.0010224766572415284
-0.000958874773975677
-0.0003409708685964821
-0.0006762984190550706
-0.001978702073021483
-0.0017156551634414363
-0.00045881709671970184
-0.00041686226215647534
-0.0018707195485115884
-0.0020835561597664512
-0.0005521717417184619
-6.107390289662708e-05
-0.0008630282023467011
-0.0019002983344822573
-0.0017255473257265744
-0.0005431186287464732
-0.0006939165631570272
-0.0013695531863658322
-0.00125078669463064
-0.0009807006812733428
-0.001052030138641643
-0.0015565593683231197
-0.0022624191919127256
-0.0024044690191022044
-0.0017271227314097496
-0.0009483799558980635
-0.0010368300599215854
-0.0019490241335372873
-0.0021472350940564067
-0.0014928141754573018
-0.0007089712473932569
-0.00031977068965200915
-0.0005185801313685815
-0.00011246796977466727
0.0006802003525813283
0.0002754670778417083
-0.0009169214606779792
-0.0010153396732762042
9.074490852532688e-05
0.0007502923946172522
0.0003508362346379623
-0.0008077821037281887
-0.0012268848044766226
-7.872699322830749e-06
0.0004332674637472864
-0.0003926025069024772
-0.00042876160283868316
0.00028362105822913274
0.0008541354768513343
0.0007234032476185036
-0.00011555585206009537
-0.00037080838093552887
0.00059119466923502
0.0014187928283110854
0.0008384454650643587
0.00011392718844270481
0.0008388098957872513
0.0015988753008753217
0.0010862311226735293
0.0005188186905059152
0.000853962007837439
0.0013049935325100536
0.0013800927094938982
0.0012514368753634257
0.00071510878168716
0.00041586311650909077
0.000776208492970207
0.0009290109966990716
0.0003501132349548497
-0.0001985743896891515
0.00013909987104108462
0.0006408773554065964
0.0007290049181226761
0.00037804410942059727
-0.00035235114775415883
-1.7191300141772715e-07
0.0009439745887259566
0.0008082666689468575
0.00035444375987458624
0.00026424395031169424
0.0004838580118419541
0.0003879471116672432
-0.00025912000249650035
-0.0005031809373797509
-0.00026558388778938585
4.5876234659211366e-05
2.3113627907432413e-05
-0.000653777411644021
-0.0010473663926664012
-0.0007287114344627457
-0.0004484507633265665
-0.0005692109546714247
-0.0009791668615263243
-0.0010167327753493986
-0.0005296722075966777
-0.0004903314106672089
-0.0010602356047103294
-0.001461952423987899
-0.0011398293779098937
-0.0004981186278947579
-0.0004973306255847414
-0.0007605458673164559
-0.0008885502693097264
-0.0007870330663907059
-0.0004373579298840893
-0.000566965328072358
-0.0007310954919561291
-0.0005195828265678414
-0.0003608322975689557
-0.0002739165998576953
-0.00048595157279422176
-0.0008241587876967136
-0.0007659010898821362
-0.0003577571493537413
-0.00011036350997763857
-0.0005405896473935795
-0.000701453987717879
5.5244719043723084e-05
0.00039991241763734315
4.361197207172048e-05
-0.00011801394763517043
0.00017015423130752627
0.0006887640015404442
0.0008986276874950444
0.0006116626650559939
0.00043561693795404744
0.0006870045926539477
0.0009524417617103272
0.000784190163062437
0.0005781493512459953
0.0008223902861454309
0.0009825831421245439
0.0009512098295965796
0.0010051112515795165
0.0008467257443780387
0.00072880125787078
0.000999888417578715
0.0010635762225453343
0.0008412536933914846
0.0008158323327437109
0.001008421876865154
0.0011195140877011808
0.0008884359639581837
0.0006911650788254246
0.0007302482052348673
0.000893767418495717
0.001148584781778199
0.0009948322173282049
0.0007135158111144803
0.0007613683053861314
0.0007365025849190792
0.000720475100081796
0.0006681274569871952
0.0005042327833238313
0.00044620582180793846
0.0004533223645874392
0.00038883203886647794
6.881251338896618e-05
-0.00014454815039007584
6.586375383619578e-05
0.00018818966699319165
1.8866732098032464e-05
-0.00017215633078773523
-0.0001926733203437429
1.497958963351223e-05
-2.9338040667222583e-05
-0.00031642403034841057
-0.0002908092264453858
-0.00012123182651384108
-9.150380998507617e-05
-0.0002646471734473499
-0.00048205300179555603
-0.0004245228340854871
-0.0003420545465620935
-0.00035133046400613724
-0.0003890018203924939
-0.0005110718829844109
-0.0004720117856086966
-0.00040704354771097477
-0.000409210272951261
-0.00042660652837567953
-0.0005227707405313791
-0.00048739456862316005
-0.0003820378834733431
-0.0003841294176037063
-0.0004296101528231755
-0.0003947560235178096
-0.00023616815261820188
-0.00019389869642023435
-0.00033151348286786724
-0.00029729477723924375
-9.198348079986812e-05
3.838031622329531e-05
8.786060510098259e-05
6.283501192263096e-05
3.2672888503273385e-05
0.00011227108524698832
0.0002099772070086075
0.0002405156685294843
0.000261263425558295
0.00032309300441899836
0.000391221674974045
0.0003952824184345984
0.00038029280680674973
0.00038074670339627726
0.0004399179752506217
0.0006292106648195508
0.0007519170149289593
0.0006597567616930653
0.0006624641554137548
0.0008053093183387867
0.0008459072728868941
0.0008365921565481931
0.0008624056929592901
0.0009257585201025685
0.0009460898284943548
0.000946206053563266
0.0009395350053630356
0.0008881343412891351
0.0009601822188411536
0.0010261479648988317
0.0009561570481859543
0.000939958407091134
0.0009053902436897052
0.0008646036815470851
0.0009033924574844071
0.0008951879016921476
0.0007941154167498429
0.0007045198113133502
0.0007321275763838441
0.0007379632193610159
0.0006508055335279936
0.0006119262622825542
0.0006084120024135433
0.000573022982652636
0.0005059540337586877
0.00039854510846218513
0.0003607233995753047
0.00039988943425994073
0.00035965845593135404
0.00026136252545196407
0.00017840929165290292
0.00012401731796866767
7.83482488833777e-05
1.4745962813063303e-05
-4.230385466948598e-05
-9.967028380704445e-05
-0.00013602775552222027
-0.00016962871132188807
-0.0002614833231592823
-0.00031981080975656753
-0.000327361735068657
-0.0003340930908749642
-0.00033144130219395977
-0.0003576745189128529
-0.00041122897231569207
-0.00042274101237858467
-0.0003810398235518196
-0.00037364249835669455
-0.00038066407941823004
-0.00034263922025258716
-0.00032384798252300777
-0.0003331021265381919
-0.0003176404786123159
-0.00029453853121125175
-0.00028150838492842125
-0.00024642611540552753
-0.00020229425331588975
-0.00019925589741305404
-0.00019673944936815334
-0.00015199260776117135
-9.912749113471534e-05
-3.998987898947397e-05
3.924749103610768e-06
1.2507434193296244e-05
4.743885689063299e-05
0.00012452575947526719
0.00019023389161747537
0.0002210691614937286
0.00025904670507621413
0.0003300158009047567
0.000360010176383065
0.00036299563153157266
0.0004074007123613329
0.0004643035479735416
0.0005175140632775652
0.0005406480962626246
0.0005418234047247123
0.0005566162487200245
0.0005813364720242427
0.0006128019705863529
0.0006191485928921878
0.0006237454593878945
0.0006447419248202578
0.0006384549032199937
0.0006246205692892041
0.0006200279654591889
0.0006280032706061342
0.0006516564737114699
0.0006767111356414892
0.0006950540753429912
0.0006855361470062235
0.0006731083550487521
0.0006744578550846014
0.0006637534973129665
0.0006449995301084775
0.0006222854333899587
0.0005897317795515932
0.0005465636754439865
0.0004957471438392268
0.00044484523384601013
0.00039927151519509354
0.00036842903471027586
0.00034877369138719536
0.0003213511894809348
0.00028074452018919774
0.00023029502806754776
0.00019647244486710287
0.00018905944669401453
0.00017467977964591156
0.00014837222768059128
0.00012301702611991806
0.00010004072613956194
8.055984938892127e-05
5.182797535543654e-05
1.073793008278589e-05
-2.966098127961901e-05
-5.658627918848851e-05
-8.182459083370879e-05
-0.0001186230792487736
-0.00013786811881251603
-0.0001547468510744366
-0.00020019821850637425
-0.0002531490860609788
-0.0002979564950617204
-0.00033119994820875745
-0.00035428069853353446
-0.0003760118360635463
-0.0004098920777018368
-0.00045861123919928163
-0.0004989789252979261
-0.0005266848713994544
-0.0005389063139692829
-0.0005227902272658939
-0.0005089758253618597
-0.0005149119792438892
-0.0005103519337840385
-0.0004816662695723342
-0.00044015591914003445
-0.0003855884290558189
-0.00031392351734802854
-0.0002422602606608614
-0.0001829751604500504
-0.00012783327838139223
-8.879264531564494e-05
-6.646675780689263e-05
-3.499549556454123e-05
1.0749682023626589e-05
7.280508914261896e-05
0.00014533201065876282
0.00020274246006266606
0.00022790181454267837
0.00022909726812761437
0.00023159049003595615
0.0002518131727453263
0.00029869288944707874
0.00035649269906615146
0.00039439094503607104
0.00041629072028716356
0.00043143404508287186
0.00044080275868579367
0.00045405192532152954
0.0004822549261948489
0.0005299084346991315
0.0005793424309643442
0.0006121472066278774
0.0006281901471644265
0.0006516952898289298
0.0007096983341802194
0.000778966270671399
0.0008267996975885419
0.0008567722182874818
0.000872457849381127
0.000860945802567453
0.0008097414561975803
0.000736549697590501
0.0006796586276689504
0.0006467109669094638
0.0005970618979536435
0.00047985542162717003
0.0002970794748215571
8.519618289396221e-05
-0.00012786107675843617
-0.00030384209634649374
-0.0004171959765366169
-0.00047500154401668035
-0.0004950040024830514
-0.0005019235780508217
-0.0005045861378959807
-0.0004915541550322251
-0.0004490855657397092
-0.0003618041320050746
-0.00022136163172585603
-4.9788575930624906e-05
9.10341905012334e-05
0.00015372965428429953
0.0001384086616943091
6.693118505569054e-05
-3.675712879264499e-05
-0.00016165057881416045
-0.00028294299995452625
-0.00036298295274217224
-0.00042180321167852936
-0.0005247486734378618
-0.0006891441913868258
-0.0008394374303920676
-0.0008876396379880409
-0.0008484260345505122
-0.0007989379846882571
-0.0007696823431703819
-0.0007362448772100146
-0.0006779110006454158
-0.0006028698797708954
-0.0005275495648221222
-0.000446517426100246
-0.00032237797769189315
-0.00015163199067037378
4.080582475628623e-06
0.0001211352119803417
0.00023294415544684735
0.00033246536651235833
0.00040329291693888585
0.000479581913090681
0.0005962588540457216
0.0007659413446288799
0.0009314611965648602
0.0009634116005116993
0.0008538650040413455
0.0007471476909725814
0.0007116064901944647
0.0007325154712191123
0.0007972738018642002
0.0007889982331034469
0.0006096811808197926
0.00036019663809469467
0.00019621660819431333
0.00016463452507791535
0.00018780905032714115
0.0001844720115633184
0.000149657182592621
0.00011185021260848647
8.478497624699892e-05
9.527651200555418e-05
0.00024870855911017997
0.0005475339575106015
0.0008512661793493255
0.0011282299751070916
0.0013202111061823383
0.0012929100670840017
0.0010848588367738405
0.00086584031450854
0.0008269504365611236
0.0010126308300720727
0.0012965579370165018
0.0015261795513061165
0.0014559241013436892
0.0009903047102435164
0.00045002662884533845
0.00020487902486388603
0.00029711257100828827
0.0005416359847321138
0.0007180551578232481
0.00063847569683959
0.00028990822451523574
-0.00015575679495144007
-0.0005306547742139592
-0.0007673743648833336
-0.000859975840381227
-0.000849759515012433
-0.0008703164805371472
-0.0010383043730973346
-0.0012963667589522654
-0.0014328912688515462
-0.0013217461923302296
-0.001120850860438964
-0.00104349208293498
-0.0011140907224114587
-0.0012767100990204966
-0.0015332698483739554
-0.001927075678002693
-0.0023548943181036057
-0.0025891702607527163
-0.0025510259817498188
-0.0022937015591362295
-0.0019937576361390304
-0.0019300191478170063
-0.002161082559861348
-0.002459998469303198
-0.002605975788881908
-0.002558001916543799
-0.002340880811695764
-0.0020397554909323133
-0.0018012972695831224
-0.001693007555721152
-0.0017041622409732049
-0.001650385961288714
-0.0013081020725703599
-0.0007462027470273422
-0.0001576028154538573
0.00040608784253357797
0.0008731503086377242
0.0010884590998371582
0.0011703676147262645
0.0014406261501958074
0.0019329475630625286
