0.0
0.0
0.0
0.0
0.0
0.0
0.0
0.0
0.0
0.0
0.0
0.0
0.0
0.0
0.0
0.0
0.0
0.0
0.0
0.0
0.0
0.0
0.0
0.0
0.0
0.0
0.0
0.0
0.0
0.0
0.0
0.0
0.0
0.0
0.0
0.0
0.0
0.0
0.0
0.0
0.0
0.0
0.0
0.0
0.0
0.0
0.0
0.0
0.0
0.0
0.0
0.0
0.0
0.0
0.0
0.0
0.0
0.0
0.0
0.0
0.0
0.0
0.0
0.0
0.0
0.0
0.0
0.0
0.0
0.0
0.0
0.0
0.0
0.0
0.0
0.0
0.0
0.0
0.0
0.0
0.0
0.0
0.0
0.0
0.0
0.0
0.0
0.0
0.0
0.0
0.0
0.0
0.0
0.0
0.0
0.0
0.0
0.0
0.0
0.0
0.0
0.0
0.0
0.0
0.0
0.0
0.0
0.0
0.0
0.0
0.0
0.0
0.0
0.0
0.0
0.0
0.0
0.0
0.0
0.0
0.0
0.0
0.0
0.0
0.0
0.0
0.0
0.0
0.0
0.0
0.0
0.0
0.0
0.0
0.0
0.0
0.0
0.0
0.0
0.0
0.0
0.0
0.0
0.0
0.0
0.0
0.0
0.0
0.0
0.0
0.0
0.0
0.0
0.0
0.0
0.0
0.0
0.0
0.0
0.0
0.0
0.0
0.0
0.0
0.0
0.0
0.0
0.0
0.0
0.0
0.0
0.0
0.0
0.0
0.0
0.0
0.0
0.0
0.0
0.0
0.0
0.0
0.0
0.0
0.0
0.0
0.0
0.0
0.0
0.0
0.0
0.0
0.0
0.0
0.0
0.0
0.0
0.0
0.0
0.0
0.0
-1.6400297481420325e-06
-9.843402475263983e-06
-2.3435024521387567e-05
-2.6137208626957697e-05
-7.482624646570536e-06
5.87225410423572e-06
3.9522906304737535e-06
1.3757064036171269e-06
-1.764614953471885e-06
-1.52972303485606e-05
-4.580332034496464e-05
-8.90250759758559e-05
-0.00012970839896261457
-0.00016430533442720282
-0.00017714055238977967
-0.00017197012613095087
-0.00016907141458211267
-0.00017483704308111876
-0.00022817443318458427
-0.0003243112413672789
-0.0003939502884361965
-0.0004442398812845672
-0.0004892476490366823
-0.0005554979682649968
-0.0006987568837208827
-0.0009498611838176475
-0.0012371628849481612
-0.0015677468824322066
-0.0018781561970245713
-0.002144906095576145
-0.002307193061891052
-0.0024488211816775774
-0.002640595931077867
-0.0028193999825065243
-0.0029175396168655836
-0.002958908840021082
-0.003090402065173914
-0.00325402487229758
-0.003353439249315573
-0.0035213409634426087
-0.003759864274198497
-0.0038964552638958705
-0.0038803529424309836
-0.003948896320559741
-0.004205330669786485
-0.004507449981579035
-0.004669118161873024
-0.004577191510692532
-0.004486934050411773
-0.004677643693943394
-0.005034306328131815
-0.00533577513365184
-0.005615792348603363
-0.005859703790743267
-0.005996861860319258
-0.0061329344180897066
-0.006456453927283203
-0.0066900968802313466
-0.00674624990709184
-0.00684320258647206
-0.006972469069307145
-0.007120553026795285
-0.007118292642013765
-0.006812386053068535
-0.006563756470417455
-0.006587230134001607
-0.006640922527956431
-0.006716216012515691
-0.006961227274040165
-0.007280201369751603
-0.007513464372444078
-0.007754530653230661
-0.007930452443864755
-0.007962586572363883
-0.007840493802339423
-0.007820108269404904
-0.008104543873996308
-0.008507870036244251
-0.00873203448786538
-0.00887804922182756
-0.008999658035169946
-0.009137709828235165
-0.009258659350399765
-0.009432486868083982
-0.009642466025396682
-0.009862490068375758
-0.010070142298304144
-0.01040686882002355
-0.010906660069777292
-0.011438388405119265
-0.011794625165265391
-0.011848819129978958
-0.011757021279193897
-0.01186795239559648
-0.01212618338676102
-0.012474149397504007
-0.012737494775794804
-0.012970117797957415
-0.01356265325962618
-0.014595530048141712
-0.015610123792111425
-0.016268821987270372
-0.016902958605235732
-0.01740286312952842
-0.017614525025539594
-0.017879600814076548
-0.018266337724688646
-0.018966382556543235
-0.020121734691308815
-0.02114267030996527
-0.021467022677503993
-0.02165136116647698
-0.021952267137504342
-0.022134671283624185
-0.022368889182607505
-0.022569130873691334
-0.022501243542231986
-0.022402852491296022
-0.022801556754154323
-0.02358936565754913
-0.02374877094202041
-0.022968079181841548
-0.022808018614892824
-0.02398060428793887
-0.025766241462448148
-0.027066836458907537
-0.0272677523580537
-0.026871860311660212
-0.02636240110966311
-0.026219757413282002
-0.0265298409180439
-0.026682749098312423
-0.026777211542646374
-0.027382057670645197
-0.027825472130690383
-0.0276766694430218
-0.02739730672808475
-0.026874773615600124
-0.026362603923086838
-0.026727168475285317
-0.027814157588528402
-0.02808425996688332
-0.026960182457586395
-0.02538055159337046
-0.023401362518724055
-0.020684731582621484
-0.014168963636031717
0.0028487607280812976
0.02740277017737408
0.041383656564912316
0.03871052004535659
0.035611822700659324
0.040807009894812736
0.041283266957651436
0.02444668663555068
0.0053273054871971195
-0.0013677445621618441
-0.0019438527580830586
0.0019334294248975175
0.005918868036575765
0.00380807595005418
-0.0013372207883435305
-0.004953969383911822
-0.008143979162734984
-0.015476188788288426
-0.02053805481523386
-0.015924794309479146
-0.007540605347900746
-0.0069994719691919526
-0.01412656089359216
-0.013543086620738611
-0.003446486679757908
0.005394634569640555
0.014160473420032845
0.020128758216166862
0.01795643781772857
0.01908180895317224
0.027054117085860762
0.03059319120391333
0.024482890498338992
0.016774561267995716
0.019135694062617673
0.026627778118831706
0.030801129259474886
0.03687678664287375
0.04432237039290317
0.04953661121465856
0.06678524217624253
0.10098047659985383
0.12806035718161393
0.14174487597390656
0.15381093052240336
0.15331822183555235
0.1401668620043677
0.12932448443093447
0.12647433407415448
0.12415405246417209
0.11154874488886093
0.10584146438404979
0.11574099080792458
0.118101216111424
0.1147573590546408
0.11980929070111347
0.13295910975291225
0.15413054529859113
0.1711657372887267
0.1961192475996163
0.23479888715047886
0.23487832033683198
0.17108564591354025
0.08571377027519758
0.042182272583338454
0.07034677118182808
0.1333654987840147
0.1786929124654521
0.19437055621833624
0.19868509843372478
0.19622159374709677
0.18190826188343315
0.18473013705041663
0.222197634533239
0.2480279445586032
0.1932976641857277
0.07613936907314019
-0.004799092278506578
-0.022024072653038514
-0.007472904438014957
0.02664361466457597
0.05680150983598279
0.058243729924345865
0.052948502336969086
0.06302124177609686
0.07975158606241213
0.10051352641843249
0.12248426262543397
0.1253827177371349
0.10910398354077823
0.11417920473669475
0.1547788902619804
0.19576941408773085
0.20990603052717394
0.18542567043356728
0.14461815607988932
0.1401393294379693
0.1694974476824784
0.19199673625626418
0.18079157225488768
0.1374022739385393
0.0928846434787621
0.07079681706158805
0.0856965157673444
0.1172412978515106
0.13065404499497577
0.1342855419577191
0.1271583215736917
0.09714500020494492
0.08557240102900547
0.11108691878515865
0.12337299531471675
0.11106449492988403
0.10993950176494395
0.123129653889244
0.12117185722774357
0.10387855231336948
0.08890433880148282
0.07676540399552631
0.06533888749091012
0.05468499953814068
0.03948733850330806
0.009121681847318557
-0.03328641489275611
-0.07877383621925266
-0.10690464163731714
-0.10141920475944281
-0.08823335451793748
-0.07379898936395077
-0.03933573578011048
-0.001649017930251827
0.026972238417256048
0.04952818437536068
0.04648684240659268
0.012079307981022048
-0.014024018707891576
1.4488324412046396e-05
0.021625714984004674
0.009078812113954247
-0.017156480676915616
-0.024060665431855525
-0.02745536018549404
-0.05494776771183856
-0.09271590889542103
-0.11133088334696378
-0.11429388245016148
-0.11915516963446321
-0.12433340632049697
-0.1228316711000495
-0.11818237041767689
-0.11104910717289487
-0.09557534948691575
-0.08762803496098773
-0.09845443202567151
-0.10473863261754532
-0.10301539522706674
-0.10312242529783681
-0.10456762067303153
-0.1067237001151771
-0.10600178719741128
-0.10464517349852735
-0.10581955850122407
-0.11174925609215604
-0.11937640520487938
-0.12142047447578533
-0.11846371758700859
-0.12038493190994828
-0.1308038885352664
-0.1436839074256907
-0.16010605590543622
-0.16907350348554392
-0.16192422676257195
-0.1589314467847132
-0.1636288495565456
-0.16290699182511828
-0.1492754830081792
-0.1290943081598313
-0.12287590936143857
-0.13051393749681073
-0.1361784211371696
-0.13019610555549058
-0.11847865199938312
-0.1128355526432514
-0.11953165112566874
-0.13355458619561764
-0.13804704976784296
-0.1382471767945772
-0.1436274783104173
-0.14364843339715977
-0.13788653788908733
-0.1370810581665721
-0.1391003901514147
-0.13136264731902927
-0.11663863701020045
-0.10746912688601747
-0.09472747291053984
-0.08077949301737475
-0.08617183903015999
-0.10072184082033972
-0.10781929710514247
-0.10974651976952918
-0.10623839881850176
-0.10002101725449075
-0.09806554490318209
-0.09468821128515222
-0.08033518761895139
-0.06409845857199269
-0.054968792295809234
-0.04833250089757373
-0.04677942371113838
-0.05262010678250208
-0.05782864628949811
-0.053604960655043325
-0.05100688104463089
-0.05189752874868402
-0.03869064058316099
-0.030339680756508343
-0.04221272524340221
-0.0472958819177166
-0.029285570195503874
-0.006502993963627145
0.011188441152312921
0.018121957571942286
0.0024285752778624428
-0.015473410741246526
-0.01644685604312338
-0.00723585775266992
0.01664904125268156
0.03672255105277917
0.026957087625802865
0.023363526341653843
0.040352887259374616
0.038812194998883734
0.029524111488058127
0.030212854221614568
0.02218528072380064
0.014835653540521514
0.02672124221928558
0.04698495565314151
0.056483739298092236
0.0630578828381578
0.07342029284820883
0.062030524651134886
0.031784197920176394
0.031469826829185144
0.063901177089446
0.07590042325258163
0.05101774463935803
0.026489725124522526
0.03237701390403794
0.05424894886235344
0.07097843476506512
0.0743239095156859
0.07291020178204305
0.09317024328750366
0.1128973634227349
0.10337860076955296
0.07706519962729236
0.044675260410384665
0.028433813424530305
0.029475890734423082
0.03412003406487288
0.04866827545885661
0.061221868803014654
0.04900576011652168
0.025514071004064363
0.021330173609107533
0.03082150424271896
0.0261359221418574
0.0007112675937539568
-0.015828145406576666
0.00013872956419595626
0.02443968075716727
0.02694726051016663
0.027995043236717622
0.03653738334492737
0.020217716974429135
-0.009037270662698474
-0.011962584212737375
0.02057985855176556
0.06079951338573281
0.06320382698177943
0.032063440261671954
0.00703496675485106
0.0007446657762962012
-0.013951160159013338
-0.06633322423832015
-0.12166812562955226
-0.1355889419860407
-0.11674583732423806
-0.10428996194620696
-0.1291378879717961
-0.1631175044862824
-0.16823215412530426
-0.1562181290770548
-0.1582680154276228
-0.18030198192176053
-0.19913637403559736
-0.19017100034855403
-0.14198594340745851
-0.07389196041886181
-0.010772769347629841
0.008457224948810595
-0.03619499357421169
-0.09540969982666117
-0.10505271520297058
-0.05226910387220652
-0.012146328635895572
-0.031886398847980675
-0.049239266245582544
-0.02637610250753564
-0.015614616663230652
-0.04694159779945568
-0.08487517314576457
-0.1098674749753315
-0.11691415851930402
-0.08888144470286424
-0.062208833749992525
-0.07087571885101324
-0.0712755895304482
-0.05532729422317291
-0.05158779967526722
-0.047086946261546775
-0.020807118940773334
0.03099477634579035
0.06520253243486324
0.052317340960037685
0.031106399570898658
0.0095776104686336
-0.02587962594452947
-0.05452390759208987
-0.06311279390155862
-0.05915523625592379
-0.05822273215693203
-0.07383269538719787
-0.09875519305014012
-0.09966023475896865
-0.07624250197451557
-0.05971889497716595
-0.056708559981133506
-0.07311296032882972
-0.09026376191490801
-0.08839051562919906
-0.07287686223076999
-0.04498733290725932
-0.013257523895628776
0.012238125030279238
0.027875583063726606
0.04487545103895403
0.061715835911273435
0.06392614938827287
0.05211112975774676
0.04609708634680728
0.05833990441575623
0.06596858302274343
0.045138071486115455
0.010750434046379284
-0.006829679508429478
-0.0014109804728766422
0.025171536661008364
0.060031057795775035
0.07262666121820309
0.06123587846785272
0.049251358006088625
0.04322601623911593
0.03758657349188659
0.03899369635279052
0.054202395800332905
0.07763159902548333
0.09622682455608464
0.09969117286400508
0.09521244672914549
0.09066531890002441
0.0855021682210491
0.07715835347587541
0.06728940274394489
0.06532213085741854
0.07956505134064208
0.09945329314159616
0.09833268006193091
0.07816303741609977
0.05525510812569739
0.03474592870001917
0.03817857464415132
0.06391962152222726
0.07383436423189672
0.06268921318093551
0.05833235429838056
0.07324324318561903
0.09944379627775328
0.12176717975534293
0.12251913831208278
0.1048672935331289
0.08817922797638854
0.08516379178413522
0.08643703025895434
0.07306275244157007
0.058697846961795856
0.05973780679247851
0.05951069527470871
0.04779842636853863
0.037685329968209454
0.028631785188041547
0.01996337827986463
0.02812165492365809
0.044787283823295526
0.044099627249569145
0.032370392733014966
0.028303001035161927
0.026307824936956974
0.01723583916082216
0.011838591532479445
0.020153373474577813
0.03523025949109561
0.04399395736106502
0.032568498126960534
0.001964483151412863
-0.025540661233515307
-0.023902379037826788
0.0037188502038177284
0.021281089842537407
0.015100504460723755
0.0024078049784891486
-0.007684202658990527
-0.01852757935307931
-0.028530557553630626
-0.03510113933807233
-0.03614382918595303
-0.02502792380794704
-0.010998520426567628
-0.014291968576249073
-0.029149097847000687
-0.030813962201936156
-0.007220385311626314
0.02467729134590307
0.033502776677965286
0.018009152874750734
-0.0019675677736271406
-0.011614249453466672
-0.0008682974915593829
0.016193113037813765
0.01574513732030446
0.0015706473890737427
-0.0028639336860521647
0.00729044358920601
0.017546186839819074
0.018987268719241012
0.007957736135870414
-0.0007371964404608791
0.006512106911389762
0.015010438703108748
0.01642537820780387
0.013468530367880758
0.008972703581285685
0.0134723113048707
0.027294441529890703
0.03817417669833256
0.035740566887836674
0.026175078000273314
0.024309280428001873
0.024228295533774133
0.01540222200819888
0.0006879008866200408
-0.0021260020500660755
0.012609328467863924
0.029338422655937255
0.043238973288651276
0.04392435496418061
0.02300339621834369
-0.00023244936360005037
-0.005442641698294134
0.006693660260364031
0.019265137911852036
0.018635154783110574
0.00012180085686114915
-0.017468277030973648
-0.011815699607721804
0.0029876314854400078
0.01380525841099954
0.013080088032853222
-0.004705303255093581
-0.017830022826996833
-0.01611353960239811
-0.014453419656571187
-0.01766035051075957
-0.024720573893893195
-0.0335663365084522
-0.03156253810093772
-0.02049114400584517
-0.023496966330783554
-0.044317908042598594
-0.06204076475052078
-0.0608598329731877
-0.046491457082010704
-0.03682359976106641
-0.032352918101652965
-0.02981858673745073
-0.040770372116548374
-0.05532085893463767
-0.055055834322492066
-0.047895368253057034
-0.04662284864064747
-0.05954020219287761
-0.07924703659086631
-0.09607285874061992
-0.10916543363074861
-0.10261197409218958
-0.07982257088805837
-0.07249314904093958
-0.08536582754412382
-0.09632835236280785
-0.0895188365844713
-0.05947270138079387
-0.014116295236794764
0.012191251014528
-0.0038384315906691297
-0.03309193039877033
-0.046658420173141285
-0.05210761722423928
-0.05483940978878323
-0.041527064907030606
-0.0214215401542831
-0.017029211373614555
-0.028017042088120895
-0.049005671198058084
-0.058652572304886366
-0.03775013425738275
-0.007007984855819261
0.013157186576333165
0.022534909328772352
0.01857148047259978
0.01104043392776624
0.020101500479337727
0.03549364502150898
0.04145028135943317
0.04452122462234897
0.03753997184409981
0.025902460731674348
0.04199823639033879
0.07756294859840814
0.0909545877501439
0.0730298708005593
0.0452234581860092
0.02248668630931245
0.011328078101056344
0.005238618600551545
-0.007251374610429087
-0.025309063795406293
-0.03402350774635856
-0.022488664046010496
-0.01577202126289389
-0.03185912903892022
-0.051462505065205055
-0.05451033834983751
-0.041239055756368076
-0.028668532212474052
-0.028122585856248397
-0.03018813418700331
-0.01426356399994353
0.012781273162287426
0.01857027079691811
-0.003995634639231531
-0.037841311179776044
-0.05881052653372954
-0.05309157196196462
-0.03976344107936047
-0.04096071145899916
-0.04098371689650959
-0.022827516925990103
-0.022574025430939025
-0.044261949324445396
-0.052087332386352776
-0.060281864151442904
-0.06306228785290839
-0.048630419932430974
-0.04997961315479408
-0.07193415863885999
-0.08974874683719616
-0.08699655343366777
-0.06897835674684995
-0.04165230773208303
-0.008960616107006993
-0.0008370973612351134
-0.04040395361657711
-0.10232164413802868
-0.12975313805134067
-0.10937896337840065
-0.08601375040087249
-0.08037444244215337
-0.08121886614528827
-0.0847737492851761
-0.06999996779194935
-0.026866660012233715
0.013980943240958995
0.032266535189428895
0.02994629491302816
0.0198535720330277
0.009535278831538931
0.005459701073654388
0.02866480091128626
0.07049397283104235
0.09124957899059459
0.0810211859506225
0.07860194522782288
0.10070212117075028
0.11428393290584418
0.10102004729422873
0.06714190203021003
0.0523102149374776
0.08961990068911567
0.1308525003858749
0.1228933185625909
0.0946126782530972
0.08568147986813059
0.07580368953283204
0.05912489613044809
0.07385189649461608
0.10714590989205931
0.10433933335150615
0.07450760092052365
0.059085719793541214
0.061836393737781145
0.07852938315202086
0.08637547242201293
0.06665934314768593
0.04959977558524217
0.051034082803204005
0.04849871276794224
0.045133359814497995
0.061396782183468626
0.0828068693024066
0.0913195768062402
0.0819524340469702
0.06876326256605726
0.07305210991065367
0.08556133972384891
0.08995980341020857
0.08630726619967609
0.0837549131169754
0.09006540692911898
0.11507350255635547
0.14258130126963697
0.13867991919444994
0.1210110259106949
0.11794003554281643
0.11426506783986774
0.09916759098544839
0.09902917159232609
0.12274074709427278
0.12537662105404343
0.09306942203225411
0.05716717941564008
0.030300209903872947
0.018254576679105922
0.02870715954028347
0.053062924470079875
0.07317993861853891
0.07965254164238622
0.06641494837883286
0.04314195600967901
0.034602911519803256
0.042091349546993034
0.05523835054903964
0.06738026148680902
0.0652865714836642
0.0427064883937018
0.025464719054630484
0.03883396297242295
0.05461070796972185
0.041478325875522054
0.02123220173596966
0.01549294499818299
0.009352033566729328
-0.002247099802907568
0.005586266119614421
0.04466234482210232
0.07395848108714823
0.06318317885990843
0.04289096824375761
0.032049686098978084
0.02002294164961088
0.004267035442144402
-0.006172837755271272
-0.0018980871270939872
0.006282227837120527
0.005913974322879343
0.007415755356046573
0.019836166699072073
0.03026654086266961
0.02278576526149133
0.010879532952401445
0.010508794870404082
0.00868004787454785
0.0001364948755114388
-0.013801221894267222
-0.03584161436905842
-0.05526418615335628
-0.06043298518074341
-0.04640941071843408
-0.02808476559279173
-0.03172951244783616
-0.05113999511561034
-0.04933072602590521
-0.021142997471963486
-0.005890163077538129
-0.019348802430329607
-0.03853318889037707
-0.04659353805819861
-0.04531336815024063
-0.04039260217066727
-0.03259964252951602
-0.026076940077379422
-0.030416790202935143
-0.04444749859447125
-0.061802093957278335
-0.07771442405253214
-0.0853939577596342
-0.08530367412656677
-0.08351857918743946
-0.07926028312444316
-0.06912141148371745
-0.06453142115374083
-0.07898450215873683
-0.0968677023645915
-0.10003133781131417
-0.09185107498274836
-0.08123280188984028
-0.07598483599615746
-0.07367838254058054
-0.06890214041247845
-0.0668785478594656
-0.06510814227233236
-0.05189187812720842
-0.0354230817114431
-0.029281551484195527
-0.03421515502618867
-0.047326773466162174
-0.057710706982121475
-0.0567854281144455
-0.04590245937517023
-0.035988135637372284
-0.04234382445903759
-0.054093550892140185
-0.04921199553813991
-0.03829438729735587
-0.0349935289272571
-0.02925138054670021
-0.016762590314363134
-0.006024436398983537
-0.0061759791496822465
-0.016868017367358913
-0.024409538970819922
-0.019343443693438614
-0.01146670853964919
-0.015780254370402525
-0.030979443212901324
-0.038412131173104935
-0.029173916875566978
-0.019073825623468918
-0.019386570847749127
-0.018040364254739233
-0.007824320863854635
-0.0004251058871898289
0.0009247659883088853
0.0034228161974052766
0.005503260005451723
0.0014625217600686988
-0.006463837320468033
-0.016556004264541097
-0.028938285066848323
-0.03108611181779101
-0.018742054662362374
-0.011969849615930601
-0.016131364707984146
-0.01692030982914724
-0.01107536349778574
-0.0035347076878617678
-0.0018338234082295902
-0.0034935320578957187
0.0016241793360248999
0.003451071822562587
-0.009647901534732366
-0.025554108868277324
-0.03136238009293486
-0.022119002695248344
-0.0009773481100800543
0.013531416319701482
0.011543916036415677
0.004781188212843371
0.008167171341810183
0.019700237548275677
0.028372555290321278
0.029535491459701163
0.026225311161205224
0.024047471634070554
0.02681589613468901
0.03850642474084634
0.04255386851121743
0.027128176599547957
0.016013721355090882
0.01936051140766594
0.023426344828612656
0.02536713850372896
0.028827017126315985
0.03188025670106495
0.03263594945789711
0.02904467900142228
0.0203749120778296
0.01305187236785434
0.011685674669365544
0.012108230435030664
0.009080006752850098
0.0031308975238202655
0.0004770470699310945
0.004802456361126342
0.014005327057626074
0.023351763459477818
0.027604194988824358
0.02656195386394465
0.023356072716110895
0.016867963573138967
0.008074737185202446
0.006558236518751557
0.015080803333137466
0.019258892257123017
0.008051803071469894
-0.006883469656204532
-0.01263759612763501
-0.008707314501340602
0.0020148536809702325
0.008650988977475358
0.005832924904176246
0.001971480791713769
0.0036644384025619225
0.011744219394409254
0.014383154747311803
0.002602522352401642
-0.00987331765484305
-0.013939094915351929
-0.014139579387127356
-0.008326106492224709
0.002323809096859056
0.007289719817452031
0.005889608329150637
0.005882442608991977
0.008070142203020183
0.008228080131432844
0.005881202358098951
0.0006772609912003185
-0.00599186193221785
-0.008554332756202796
-0.005610023223038842
0.0004511964651059021
0.0071655108911822096
0.009132682790512745
0.0038942143454651235
-0.004239510467937407
-0.00822727646812038
-0.004982951390698649
-0.0006124175227843149
0.0025932620062559114
0.006851751435014433
0.009525408604601708
0.008567288594753676
0.004197140148624256
-0.0026363081435075027
-0.004275387665206227
0.004588006950787407
0.011869094413511675
0.008373725483298665
0.0026647416609334573
0.004968023695958286
0.012255775033023527
0.011871637178328695
0.004580370435212728
-0.0003898485757386214
-0.0031848593294009605
-0.0057624649051364425
-0.008743701935834507
-0.010298956138534687
-0.009621545521582042
-0.0070293313743626335
0.0018832973193954286
0.016510025730956814
0.026954639815345387
0.02712210344533722
0.017860446155072367
0.0017669980508151957
-0.008231597801300686
-0.004411875790222731
0.0011729499667615798
-7.281935885100555e-06
-0.0021179716995779266
9.194182796208994e-05
0.0012068285506380131
-0.0005157787377622045
0.0024539927450960195
0.009103185253978293
0.01221245536499009
0.011084124701623609
0.0043835188038634405
-0.0026923867832339215
-0.0004099230966490478
0.003522063566408289
0.0007504979263784685
-0.0029197782234334784
-0.003857120243529991
-0.0018760135015761482
0.002577537408271175
0.005295100138431196
0.00616488919321808
0.00832436751568625
0.01139074333535207
0.01083005981909672
0.007215737867200794
0.007947348780194366
0.012014113927514117
0.010542696576716503
0.0010351159491951052
-0.00808105499338962
-0.009159310721373975
-0.00270487108639546
0.0051947601717142215
0.00835080896499866
0.008380352324472852
0.009260938037068258
0.010762596454975465
0.012939411044447532
0.01664723067883206
0.017656762205822785
0.009579207905466075
-0.0032901789582973776
-0.00975484091019898
-0.006659067759326018
-0.0004863412342293274
0.0014440018610576688
-0.0006459736117694153
-0.0018676452772835607
0.00015368350131371263
0.005257102085215163
0.01017194912446091
0.011159746364019651
0.008602985455779468
0.0038005819961338502
-0.0022132550323778837
-0.005332947611908886
-0.0011143677676964123
0.007654237927277552
0.011261477376162751
0.005569374131732569
-0.0010287754497153795
-0.0007049973855985974
0.005311204363720445
0.011464568386737314
0.010288977507226623
0.002673925596993197
-0.0016645224870461108
-0.0018325616771717025
-0.0011714040831647305
0.001509436487317874
0.003115357039449615
0.00026283396584869916
-0.003401139322409173
-0.0042270853683764615
-0.0036750461505202516
-0.0025825762909249357
0.0002458813865064077
0.00319130216776528
0.003874512565363202
0.004083855488395651
0.006125318307876631
0.008287932076277064
0.008608504791391783
0.005278228975123305
-0.001759692618072179
-0.00889551960329629
-0.010667294986007587
-0.004398572546864163
0.0014273174703062603
-0.001144031912330064
-0.0067513748723324815
-0.00871634113959196
-0.006651140801246028
-0.0020251876154126322
0.002592729049724654
0.0031088769294529777
-0.0028954546047636463
-0.012206556464142307
-0.015666703945440494
-0.010540862393374475
-0.002133610620193654
0.007192177109903643
0.013321343285426897
0.010087538586721486
-0.00031120317031109836
-0.008385887450986434
-0.008638267599239354
-0.0033369412610249173
0.0018950639437361665
0.0015941032954526057
-0.005502387014385144
-0.011261408758327558
-0.007941713994969544
-0.0009976322429091685
0.0007208328635172703
-0.003282966363827529
-0.005800012914097228
-0.0023592674503831843
0.0020104253752353104
0.0017273374334810685
-0.002370982333070812
-0.005018988201415823
-0.0021079347084123207
0.0026804667505709004
0.005962398843477241
0.010012176093533451
0.011522553318084015
0.007160641107792447
-0.0011812544445082864
-0.008801979635141736
-0.006408986520370333
0.004929666569374537
0.012884808087266664
0.01095062686881953
0.0010453767414728447
-0.0076234379758564185
-0.007129650180557865
-0.0014503289865886561
0.0019978157377050555
0.0022574337886755638
0.0006859527972910968
-0.0021758481495333898
-0.004373986921386695
-0.0028185022888819423
0.004081528148520652
0.011968973317687098
0.013980556383490567
0.00973290047884602
0.004425128577995563
0.0014647964614325408
-0.0006873386179294677
-0.003953483669588505
-0.0054103712122388825
-0.0031790655006117587
-0.00031547829707303886
0.001254632737070882
0.0007164461682617162
-0.0016855918560225577
-0.002658173014560157
-0.002011007646828072
-0.0026635132383144963
-0.002141551771096763
0.0003665538047507934
-2.4294232055789726e-05
-0.0037091671923053017
-0.00671445307612779
-0.006540317547115506
-0.0032136853234923917
0.0021100485640920966
0.006468854481988842
0.005931925682443476
0.000778354117093193
-0.0029782628252772543
-0.0037746405337917397
-0.004107170850806601
-0.0011261267460538928
0.0036470594627229826
0.0032009253847524372
-0.0027631623920218633
-0.009790638799832883
-0.013366144351394176
-0.01150001179866673
-0.007251350256779387
-0.0038963782215319658
-0.003151476849914912
-0.005368881134206405
-0.007326950254455496
-0.006553693663041594
-0.0028682868289008016
0.0014622451580784733
0.003218710153974963
0.002811277033982982
0.0008008208532829178
-0.0017374656111061359
-0.004480678128570069
-0.008129034453359446
-0.008779142106936652
-0.004992016677233198
-0.0005848779128507061
0.00164047779994646
0.0013731376627054257
-0.00031881870223892663
-0.003362007834139151
-0.006192267686363958
-0.005425273449395313
-0.0020628794545521664
0.0008410414167240564
0.002210264500554843
-0.0007254691924468975
-0.006818247516327741
-0.008142461019280074
-0.003146333910295145
0.0026346597506223374
0.007062330038915471
0.008740059540571563
0.006243142716585928
0.0023627008969543373
-0.0007130941002860185
-0.0012356768713178688
0.0009588764342393388
0.0033820461033490226
0.004640235541032154
0.0033658753386781866
-0.0009259345058702591
-0.006420532557797514
-0.008858201510985476
-0.0059119534564599
-0.001668664251873669
-0.0001451044111217127
0.00015414342837053336
0.000588034154332009
9.308636909138058e-05
-0.001427473514057309
-0.0021354963360600897
-0.0006248311270136461
0.0017279607309063632
0.003328936292251394
0.0032922723617509544
0.0013623302769579086
-0.001004032870166487
-0.003251073298705164
-0.004338804897271633
-0.0019270582427669135
0.0023282327375726514
0.004457337010833265
0.0032213898272752763
0.00010133454756598854
-0.003633629530075784
-0.006972198025919336
-0.007165022033121088
-0.003675375025417345
-0.0002532150716728201
0.00012695509616859646
-0.0019073969290899118
-0.004510012898202232
-0.005515498500547497
-0.0033748911518732575
-0.00020452541820593326
0.0016957681292173539
0.003219510919428265
0.003592171126699421
0.0015887158677346566
-0.0010272516083474747
-0.003356528438661582
-0.003768887248123502
-0.001364897146120879
0.0007623493285920498
0.0009268684566760087
-0.0006707896800101891
-0.0036521673694527275
-0.006161285354626628
-0.006218991209484061
-0.0038444282000165923
-0.0012769166556826435
0.0004445205635244841
0.0017630092788815954
0.0011290092221191716
-0.0017969248762684117
-0.003490125217799737
-0.0020668918692849105
0.00031081650242364446
0.0017960280596997157
0.0018555419241176852
0.0013077630375615775
0.0011434599027629715
-0.00023103417411442855
-0.0025014429002658805
-0.002308538853767792
7.373004050173973e-05
0.001975072241470741
0.001448417818463383
-0.0015215478292466655
-0.0032883384005591636
-0.0032738179238594135
-0.003720584028859694
-0.0036192269498009186
-0.0019902476450198467
-0.0002142373763380049
0.0003355655068734377
-5.676853892391876e-05
-0.0006125144936256089
-0.000992029621935834
-0.0004602850674704924
0.0009581028134312396
0.001979830394527553
0.002346462171302493
0.002269791498233037
0.0016849868080636564
0.0006939502354811536
-0.0010085822060591253
-0.002109610772261306
-0.0007732269691221054
0.0018088159953889827
0.0027204160889705
0.0007443749829297694
-0.002377679752500508
-0.003437736542152798
-0.0017212453923457446
-8.530580542614631e-05
0.0002836146871538762
0.0007555188647613529
0.0015184804614104782
0.0011348279193780456
-0.0006317695940370461
-0.001923892448780558
-0.00123209027096917
0.0009438632500548671
0.002381662107220114
0.0015673031015704887
0.0002918055893691331
0.0006559124917618938
0.0007820360049737981
-0.0006774074151394072
-0.0015369141302705106
-0.0008443836544674196
0.00040281102684706883
0.0009958461274044116
-0.0003484346484132856
-0.00244853754346475
-0.002604877116802349
-0.0014287144182616657
-0.0011659508218109435
-0.001213008059268214
-0.0006110845761975549
-0.00011443557902234789
0.00013182427650161853
-0.00013189079623732305
-0.0011420485454511065
-0.0016324395713049678
-0.0004469536500034197
0.0013015526753191221
0.0013757067684886488
5.2308921650587285e-05
-0.0004628992450228563
0.00014711262550265209
-3.0585402083891816e-05
-0.0010278546689438245
-0.000781771853565868
0.0005339185098096628
0.0009231543144060468
-0.00010563883350407378
-0.0017315037318812944
-0.0022624853160538257
-0.0006378674441293417
0.000594612909328259
-7.847846770929698e-05
-0.0003815616848541997
0.00042043440531572295
0.0007527006986936516
0.0004655286245817672
0.0003190841536171346
0.00016678189625050414
0.00045793451324453206
0.0016618376192253934
0.00230134717041133
0.0015026613667637005
0.0009470900311353913
0.001162988100706965
0.000691469699080609
-0.00013560110650880398
1.3596730901174343e-05
0.0007969502783897711
0.0014071599932876596
0.001208877699939463
-0.0001087456751497189
-0.0012630479163721284
-0.0008952884150994255
0.00035129442729077014
0.0008563252601189418
0.0004005050979872273
0.00015969770755821464
0.00036028357816200415
0.00046642553816809724
0.0003128018536666086
0.0001412880460441731
0.00044668799333613896
0.0013170827063997941
0.001726874603262007
0.0006245897863386176
-0.0005716794200302099
4.3393184172015274e-05
0.000942631540451265
0.00013134088824881594
-0.000739731464091089
-0.0004469129562681015
-0.0003377652651730495
-0.0007219574918875368
-0.000946448781533038
-0.0010208319412720746
-0.0006492880024966648
0.00010019165153331245
-8.563548164762013e-05
-0.0006873928303856316
-0.00016622940121473195
0.0005228058903232571
0.0004909492220972042
0.0003528220497450655
0.00012744542019145095
-9.902067375854613e-05
0.00014693391037366385
0.0008222924531834418
0.0009308733383036422
8.33457929633457e-05
-0.00035322958511488367
-0.00030696239507028544
-0.0005699630856865959
-0.0006799555088995031
-0.00028480374100122677
9.695065049031968e-05
-0.00022546114509292228
-0.0008215878390901201
-0.0010371928251552366
-0.0010292804287046985
-0.00040227973883539956
0.0004900290757895677
0.00034165803706343777
-0.0001560036903973053
-5.696937602560689e-05
0.00016137809744377709
0.0003795969151985356
0.0006192583790485141
0.000677003226066789
0.0005642417520444309
0.0006930055642747377
0.0007677642710748699
0.00011737405001864158
-0.00018754139457255592
0.0004258988557865468
0.0005559008315754662
-1.3115817012868217e-05
-0.00016040627361702908
9.949733542152252e-05
0.00015856711667306243
0.0002049655188755199
0.0003659502475512098
0.0003463953936123742
0.0004762194037317237
0.0008148552094997609
0.0007465608600939924
0.000590193783596981
0.000857096822119738
0.0010829921129358727
0.0010429961135391154
0.0009556227865961672
0.0008469133424213388
0.0008539630693077827
0.00104488393462798
0.0011890362899439745
0.0009411124218010432
0.0004841327159379192
0.0005181726734932116
0.0007692035408005022
0.0006492965021972556
0.0005647826904041452
0.0008171030657355491
0.0008389454381492594
0.0005319499034494237
0.00048796396798466525
0.0005455699497157815
0.00048808801992753864
0.0006703431755612091
0.0007908906435704838
0.0004925619753811132
0.00040287360919149704
0.0005314690099992573
0.00037565800624482607
0.0002857851793931057
0.00030009227738812214
8.728567225386621e-05
-4.6319598973197316e-05
2.8861883978218334e-06
-9.547638759077826e-05
-0.0003630778470553634
-0.00045058836354038196
-0.0003414181170224396
-0.0004363996513565458
-0.000535156523717829
-0.00045711463524392176
-0.0004626442182741434
-0.0005144354906745634
-0.0005192309365345978
-0.000543221845909841
-0.0005866446683898006
-0.0005474372402988352
-0.00040613539748325016
-0.0004223342440684798
-0.0005477943480508195
-0.00048720857691156126
-0.00035880771518379955
-0.0002592893583322661
-0.0002201952162517986
-0.0002943207678447874
-0.0003026739228845529
-0.0002455453670574972
-0.00023344823475845883
-0.00025107369850401183
-0.0002192732109479039
9.407682403379614e-06
0.00015053042070672934
2.460867571604329e-05
-1.39526484950283e-05
0.0001025219637569664
0.0001226052790959157
9.476674039592344e-05
0.0001827781712265986
0.00023545362375731497
0.00025336511298853847
0.0003868478475010859
0.00044643693409999156
0.0004297224552447781
0.0005594524230185898
0.0006478384140578564
0.000571818145166022
0.0005889441936967704
0.0006775595022999787
0.0006993988523865997
0.0007792010645409832
0.0008052857142172453
0.0006753117988876409
0.0006052401589204094
0.0006239641370409253
0.0006530271783691068
0.0006626111707255517
0.0006533798936671262
0.0006309729367250444
0.0005714997305354786
0.0005426544200977893
0.0005732121282453728
0.000614138324523041
0.0006454901286286197
0.0006522741155167397
0.000648193892224306
0.0006186489637368008
0.0005767308492321159
0.0006305286195836073
0.0006946429548497587
0.0006868020901568691
0.0006503511870006308
0.000555791132797603
0.0004860070118444122
0.0004742179493564631
0.0004354514324666486
0.0004032071790251304
0.0003745278734741871
0.0003267856960710466
0.00022040182794891327
4.965618645652526e-05
-1.585405070113647e-05
6.997029518982954e-06
2.370927521093449e-05
4.391505636734551e-05
3.943347345661375e-05
2.359503892818737e-05
4.1538904262183024e-05
9.597516325101277e-05
0.0001281874948847198
8.938864800720342e-05
1.9883732612963807e-05
-7.173837466854403e-05
-0.00016085848860614553
-0.00018338254786272087
-0.00021509918563442117
-0.00027071346679842544
-0.0003075663983115149
-0.00038958950410608855
-0.0004879815925625133
-0.0005281991177862466
-0.0005411766724808316
-0.0005196778827930535
-0.0004906437163091404
-0.0005067962083498555
-0.0005502093628178418
-0.0005865764765407935
-0.0005875351769750461
-0.0005522675907769462
-0.0004917002815796473
-0.0004650517440273173
-0.00048762064648750613
-0.000500280312818221
-0.0005033922427809525
-0.00048797115365050304
-0.0004334574655854167
-0.000406278824714205
-0.0004136432034103773
-0.00040687130514765893
-0.0003909027028120455
-0.00034947798277531583
-0.00027298055937918493
-0.00022002180908173318
-0.00020996308763951996
-0.00019686869405398833
-0.0001676150945787141
-0.0001142694023725775
-2.7518268518661004e-05
7.903348612794505e-05
0.00017101648822370332
0.0002478227028986897
0.0003192454315313639
0.0003591103538181893
0.00039532535490737825
0.0004563557957678514
0.0005029418606088993
0.0005191239325132683
0.0005093108695718355
0.0004676955571528316
0.000424424005475112
0.0004186428031240977
0.00046901319808782945
0.0005361757640807233
0.0005813051552454103
0.0006036057981153534
0.0005963023153380165
0.000583558705872395
0.000582332744440721
0.0005610174126824977
0.0005239260880689755
0.00047406060835124167
0.00041611892046966993
0.0003856184858154933
0.00036211129064303143
0.0003221401073573452
0.0002710828139550211
0.0002232603646131793
0.00017220370206328452
0.00011599303369799504
8.579457290839614e-05
7.261529662026539e-05
6.85800381247305e-05
8.522730632552865e-05
8.839109512964915e-05
7.446437243203832e-05
5.9307205669373716e-05
3.153776952026556e-05
3.519452821970602e-07
-3.173654674734344e-05
-7.489559031772705e-05
-0.00012136049186268794
-0.00014280842702537244
-0.00013956501603845065
-0.00014008703155822966
-0.00016574691713798481
-0.00023671108308329645
-0.00033837111066693364
-0.0004143904616175249
-0.00044369597063490294
-0.00044068064176025707
-0.0004246843781667063
-0.0004346197549964503
-0.0004900078588052026
-0.0005466763322829268
-0.0005391587617787247
-0.0004563460940287858
-0.00034100415997494524
-0.00025158127822821305
-0.00022333632364434343
-0.00024396691218403485
-0.00027599717135759857
-0.00029633491805069155
-0.00028877412209840175
-0.00023691830568982366
-0.00015955002754490606
-9.65016322857434e-05
-4.449175854571187e-05
6.0358389142310174e-06
1.9313782044769142e-05
-2.1459053903872447e-05
-9.605028959082077e-05
-0.0001711327574438163
-0.00022007995330947672
-0.00024779296221283815
-0.00026930709606417304
-0.00029909988555742306
-0.0003580863874720362
-0.00045968166883684407
-0.0005876452809486865
-0.0007246385896007956
-0.0008895834066481582
-0.0010656345087501386
-0.001162605494746681
-0.0011083461618148927
-0.0008925055715336807
-0.0005463248204169533
-0.0001277037205459997
0.00027993869090274715
0.0006122527918910985
0.0008674243286293353
0.0010573461670817259
0.0011994295448097313
0.0013572749165466455
0.0015941348003881486
0.0018568824619188838
0.001961453124621888
0.0017860777639162866
0.0014362919618522386
0.0011385414510676896
0.0010144308760530643
0.00100177196174304
0.0009791400904392783
0.0008861583686715797
0.0007334354866190517
0.0005785887474785038
0.0004521729632664194
0.00030078710512931205
6.503777921708548e-05
-0.00023837404219181264
-0.0005396264418809967
-0.0007662373292247364
-0.0008610905098559065
-0.0008087385374984292
-0.0006786821283652745
-0.0005827565317722804
-0.0005766316560873727
-0.0006102160223641755
-0.000564031596006938
-0.0003832457714574589
-0.00017486919887700647
-9.240802194364521e-05
-0.00015967018150387857
-0.0002949633670608978
-0.0004524017720720774
-0.000636923943700237
-0.0008176170431732708
-0.0009127146573488946
-0.0008432489522901389
-0.0005971663428933505
-0.00024150668294068878
0.00010313199823247506
0.00026367939663590463
0.00014513028989830844
-9.815794487745647e-05
-0.00020321143728435124
-8.860597994146354e-05
0.00012623546336908582
0.00029838918550733457
0.0003266215109499072
0.0001360867450899901
-0.0002872604355972663
-0.0008515268642679927
-0.0013558413081715722
-0.001624522694708258
-0.0016783151683312375
-0.0016665112161290136
-0.0016796364876348752
