0.0
0.0
0.0
0.0
0.0
0.0
0.0
0.0
0.0
0.0
0.0
0.0
0.0
0.0
0.0
0.0
0.0
0.0
0.0
0.0
0.0
0.0
0.0
0.0
0.0
0.0
0.0
0.0
0.0
0.0
0.0
0.0
0.0
0.0
0.0
0.0
0.0
0.0
0.0
0.0
0.0
0.0
0.0
0.0
0.0
0.0
0.0
0.0
0.0
0.0
0.0
0.0
0.0
0.0
0.0
0.0
0.0
0.0
0.0
0.0
0.0
0.0
0.0
0.0
0.0
0.0
0.0
0.0
0.0
0.0
0.0
0.0
0.0
0.0
0.0
0.0
0.0
0.0
0.0
0.0
0.0
0.0
0.0
0.0
0.0
0.0
0.0
0.0
0.0
0.0
0.0
0.0
0.0
0.0
0.0
0.0
0.0
0.0
0.0
0.0
0.0
0.0
0.0
0.0
0.0
0.0
0.0
0.0
0.0
0.0
0.0
0.0
0.0
0.0
0.0
0.0
0.0
0.0
0.0
0.0
0.0
0.0
0.0
0.0
0.0
0.0
0.0
0.0
0.0
0.0
0.0
0.0
0.0
0.0
0.0
0.0
0.0
0.0
0.0
0.0
0.0
0.0
0.0
0.0
0.0
0.0
0.0
0.0
0.0
0.0
0.0
0.0
0.0
0.0
0.0
0.0
0.0
0.0
0.0
0.0
0.0
0.0
0.0
0.0
0.0
0.0
0.0
0.0
0.0
0.0
0.0
0.0
0.0
0.0
0.0
0.0
0.0
0.0
0.0
0.0
0.0
0.0
0.0
0.0
0.0
0.0
0.0
0.0
3.4402936895404595e-07
-2.4657334203496917e-06
-1.1718204951180134e-05
-1.8738116822328096e-05
-1.625712322580218e-05
-1.3165303084811545e-05
-1.1491043974523225e-05
-1.0232978513039492e-05
-9.376656184334716e-06
-8.703482262597554e-06
-8.206813368444717e-06
-7.774052983545377e-06
-7.5186887953639555e-06
-8.109194836086788e-06
-6.324071746294701e-06
1.3889249945609435e-06
-2.166305076709254e-06
-4.1244603025708524e-05
-8.638549046178687e-05
-8.538064599880741e-05
-7.735826237679402e-05
-4.926310751792263e-05
-4.7982580549613275e-05
-0.00023302634575997057
-0.0005840702507827341
-0.0008636304106137337
-0.001061861505473373
-0.0013322214894255656
-0.0016477384761422467
-0.0021626869740692866
-0.002718516685046553
-0.0030177722689986967
-0.0032816570051358964
-0.003832922229686992
-0.0042484437236321474
-0.004377181656738655
-0.004658650727153778
-0.005169160586780391
-0.005223818768636448
-0.005061838386089908
-0.005241854362607194
-0.0054075030355542715
-0.005295694679947352
-0.005392263308589626
-0.005301330036525232
-0.005044045558854505
-0.005105719454749183
-0.005363218957514779
-0.005485908446339221
-0.0052683499476155575
-0.0049936113460467835
-0.004975232065966447
-0.005286986255034988
-0.005945682569274907
-0.006453558892812358
-0.006653635650539299
-0.0067248216533375964
-0.006630226893339741
-0.0067648228252966
-0.007212565308963045
-0.007589277875555611
-0.00790619426847256
-0.00832121300531003
-0.008782344577977514
-0.009160236139206973
-0.009700402607688473
-0.0101339341882665
-0.010297120508760093
-0.01068079556056419
-0.011188804148329765
-0.011492717996574824
-0.011839962605074885
-0.012374274115782409
-0.013079168466177607
-0.01377181535114393
-0.014336433030741018
-0.014428667737757148
-0.014320172124421753
-0.014225061212233473
-0.014493563032800976
-0.015313441300735718
-0.016129076640629188
-0.016393795825865812
-0.016099338696857188
-0.01690632952385628
-0.01849126836392292
-0.01961963550004386
-0.021015018644826074
-0.02212454725921847
-0.022608087114743162
-0.023956605095320386
-0.02582116854967443
-0.026971892189964687
-0.02742644421287131
-0.028034817228955212
-0.029526190674364277
-0.03054578490102274
-0.030647476042369844
-0.03142892154127987
-0.03252550192912219
-0.03280257225802873
-0.03197312990973856
-0.03190010412512007
-0.03287709460590357
-0.03247714587927333
-0.031466439948269885
-0.03233220733973717
-0.03345967210995346
-0.03325028951361632
-0.03323199523823107
-0.033277566963198446
-0.03321654114077914
-0.033835995416577606
-0.03398255857721849
-0.0319959088120124
-0.030926450499366508
-0.032256574433231065
-0.03433249384888886
-0.03697092648914494
-0.040042655013245866
-0.043145829500069836
-0.045731919618127614
-0.04755425048571842
-0.05037327638423951
-0.056749865878245424
-0.06536380198231698
-0.0710769549969741
-0.07266427780126448
-0.07785198455715116
-0.0950864908549459
-0.11583062336162622
-0.12173508790558389
-0.11263551470028743
-0.10092778290026215
-0.091397919967153
-0.08053784327498964
-0.06368329177595679
-0.04737506891622075
-0.03182383600552138
0.006111220541494825
0.05634038536318781
0.07641624922170857
0.07702658906094653
0.13567598968409275
0.2719126631202103
0.37339390627009095
0.362896359439534
0.29350437142595515
0.23228418353150634
0.20670688940340304
0.19042461402290586
0.130100825289564
0.05808733429100255
0.018843875874845883
-0.01411508238133897
-0.038998204657589325
-0.019347090630134886
0.016683286889514353
0.014179907121709018
0.0049018271621795876
0.00812115056672127
-0.010124402396351232
-0.03233722199603044
-0.0321152730821701
-0.034789723484358825
-0.05694458368300892
-0.040834960941169424
0.024209010328284104
0.054780060146087745
0.038688765359106064
0.03446451218747955
0.03745861666521894
0.021956453268227205
0.015160715962982607
0.03731511813582684
0.06861333530699702
0.10391400660478417
0.14679582949896788
0.16613837691986974
0.16741421039158255
0.1768899020838176
0.15141338660186704
0.11235461931831733
0.16178866317766133
0.26574119866067597
0.3174891143990625
0.2838984171631016
0.1880040894783741
0.11785001259006164
0.12996690102068267
0.17271994491231207
0.18368768054547427
0.14424570256606806
0.09210055562931359
0.06543940168305992
0.04923351656104604
0.032598854478717444
0.022536648829046293
0.009502134103348964
-0.016522593135220878
-0.03912538160211962
-0.0282365192519368
0.010968161613497061
0.046355922869826115
0.04804097378599948
0.01089298063354248
0.0028852472354975577
0.04022791883742501
0.05847088602986315
0.058768955481084545
0.05826491622256181
0.03652178936378537
0.0167269683492911
0.03484708671945743
0.03674225199586117
-0.0028086670614473784
0.005532817215967858
0.07563639361952575
0.11498378218609775
0.0931322481396629
0.06993046335728662
0.08228065235601259
0.1020126364874195
0.09022038024034801
0.036404872394762935
0.006845383097202326
0.03832737467357893
0.06425694448067015
0.05511431988566119
0.05219551009405558
0.06602151015061498
0.04791427656509438
0.007687873452912271
-0.0022489304166458607
0.01007908865115211
0.017739103789551777
0.0025949011377793666
-0.05939282070393656
-0.1440571316196791
-0.1725397502804096
-0.129744773055235
-0.08638203782485071
-0.09640759796929868
-0.11434644521855149
-0.08766487155658381
-0.05763602791725891
-0.04017558901204185
-0.013596099246786649
-0.002847907846509888
-0.019432380240673487
-0.037757442384180856
-0.04812069823181231
-0.06466188324646391
-0.09243929417771897
-0.10033338853579594
-0.07784686683450348
-0.05826962991109345
-0.04457899446549974
-0.027732564796709568
-0.022021865634778818
-0.03720046440116148
-0.052392509287375225
-0.03108599680387364
-0.005757858320028795
-0.026905114042319746
-0.06197508051715645
-0.07178179928628221
-0.06410918655666467
-0.05304497911397554
-0.03309914705755837
-0.00451550875570053
-0.00136301582660703
-0.04473058291605176
-0.08418006612710487
-0.06110990386172188
-0.014782408278524672
-0.01374302777281023
-0.03965322179554615
-0.02747010528572645
0.021033971192779263
0.03409727952158925
0.0058685437950209
-0.028558461493144463
-0.04373107019810318
-0.018220652239754557
0.009115510350437792
-0.0016766043308002387
-0.02764331399877842
-0.0214265908672112
-0.010528136226861239
-0.017981275758289766
-0.009951226979938646
-0.0023181530522014275
-0.0029350978241490786
0.016220088324728828
0.015177168999249273
-0.03686659016054664
-0.08042566965616145
-0.08493613988401347
-0.06998867782441513
-0.07104050454035457
-0.08687331352785438
-0.07618061266254034
-0.03997736782150776
-0.020836229135427188
-0.043889407145260836
-0.06345042769317705
-0.03969254972294678
-0.012631693856456006
-0.012548010574682595
-0.004771967718328067
0.0360869081922729
0.07373037651554719
0.06621519330439957
0.042136285462518686
0.041488549982376166
0.04697368217669183
0.04901561156060934
0.050267750196554516
0.050876965106866075
0.07187561922692415
0.09034568756520764
0.08488713733876545
0.09907308649758599
0.12607036196153262
0.12008800838690775
0.09751016530492042
0.08942146519291873
0.10126080516681092
0.13337169172175548
0.16553114287553883
0.16415021504919505
0.1338495462508548
0.1011849197236287
0.08020838423100275
0.10284756612266822
0.1544594269842207
0.1548474144671179
0.09293339885757515
0.037942169748018964
0.023379784962383833
0.03765967345643958
0.04647307749794839
0.021824116686893113
-0.016795299982195894
-0.028033314138395465
0.0065173308259083886
0.031897341470188426
0.005655934661557703
-0.027008020107732
-0.040801761881581904
-0.048726255105514246
-0.051647511621380156
-0.057339916782522836
-0.040744334620532265
0.009336072299152967
0.033455592537724226
0.010492667325051783
-0.0007498362583208659
-0.008183876860786412
-0.0551602158360778
-0.08569276450011433
-0.08797608037614299
-0.09206344956844663
-0.07486510830037728
-0.03925687736308994
-0.017442802818151696
-0.021961480852980598
-0.046916390925772954
-0.06687504277609811
-0.06347978057657308
-0.05786238410519577
-0.0654134216579918
-0.0706735021181931
-0.06360536836595673
-0.03687674512449624
-0.02057979035878618
-0.06695841425312718
-0.125081101045455
-0.12012088984781501
-0.06622342370671505
-0.022007008995941477
-0.032227744663674236
-0.07850832350806305
-0.11547715712936184
-0.11304141550663345
-0.09163634851710593
-0.10189441653093372
-0.11546137665466531
-0.10828481160541746
-0.12750641526441914
-0.14921572317150164
-0.129903166543089
-0.10824828110494307
-0.10668995628081723
-0.12411016762624241
-0.14996672494708252
-0.15328294979217558
-0.14280370384354613
-0.1376870900793068
-0.13427412929868104
-0.12052220992897578
-0.09717934058833635
-0.08710004839006394
-0.10109132759307828
-0.10784352470079792
-0.07146756371672335
-0.028452119011024332
-0.013409356001083601
-0.00886966259526604
-0.011735130950443482
-0.025190623673786952
-0.048049943632198104
-0.06317757733843349
-0.04089601921534035
-0.003945393692566867
-0.002278293418676483
-0.02241598340835851
-0.03615459595161808
-0.05358457450076277
-0.06299419883106486
-0.046433903966425015
-0.02265647467253148
-0.004230215337730266
0.013554339688343933
0.007308496206548323
-0.02459619463607485
-0.040414907297650834
-0.03214154910646223
-0.017483722793512128
-0.0032914621943169794
-0.0007722815681754483
-0.012179836833261121
-0.024059635009152737
-0.027739702845002125
-0.018538384337142246
0.006485243512936479
0.031197693528618446
0.027363422875296972
0.006319228032282765
-0.010799762438952
-0.02240772626432264
-0.015542410407248113
0.008900652145813412
0.028594225316011343
0.03172227432271796
0.030324661502310148
0.03646265456993199
0.0419681534275207
0.044980888000082216
0.05168778230485582
0.0620169157446388
0.06879496223649602
0.050874344600697445
0.015061585800922936
0.003529131493884539
0.021208495992590844
0.03749064959550399
0.045329324898068755
0.05172586067806145
0.05568269232667582
0.05598316494272955
0.050196289613238965
0.03719151433300847
0.01615777492910475
0.0022480769553148076
0.017453774916074197
0.038679596101201884
0.033512935805223215
0.019930059093205235
0.021063592385793355
0.02897486598356161
0.034703580947586965
0.03094838828340355
0.01886305551643021
0.014989795641363492
0.010483059772080543
-0.0035138101271196868
-0.013304014856234858
-0.018668745342803453
-0.025118963169349518
-0.030015802103110265
-0.028807224001978358
-0.02514540906550317
-0.030997864245339807
-0.0460345110051092
-0.04768977900543555
-0.029996858869334522
-0.012592892168954354
-0.007322814481148452
-0.021342113796824533
-0.041575694638093026
-0.03685614599520073
-0.01784999724296408
-0.02359513857752538
-0.042202795746323296
-0.035783125079623515
-0.021688755621358302
-0.03175762075924506
-0.04610805394836801
-0.05092416341913719
-0.05853608237172855
-0.06087352370243852
-0.058549577685798014
-0.053530085606016346
-0.04027235800845256
-0.03289208160115817
-0.04035473186995018
-0.05406320769182477
-0.05599953859027306
-0.05037590393453474
-0.050917258775766076
-0.05199774100416635
-0.06018982496923595
-0.07041497509939904
-0.06440526476754499
-0.05078703514415365
-0.05395553960520911
-0.08414821147534245
-0.10112501784815786
-0.08290802543829737
-0.07259950204784493
-0.10063073790200265
-0.13432562996228656
-0.13119036775010248
-0.11373572224795417
-0.09746251219688239
-0.0666770456192157
-0.03590411645292014
-0.027077786049244823
-0.04024110555326465
-0.05999906626972539
-0.06342251341225962
-0.029545483017937448
0.02958585007211515
0.05837978175573238
0.037642922962547815
0.02142240477606248
0.03689728590458104
0.042350334541121255
0.02394620429763175
0.016252069411844105
0.016022368576492713
0.015888551283818927
0.028430875544630904
0.03709900377373606
0.030898795846442877
0.021157631470617267
0.02346583473768497
0.03361309731142879
0.03302049956946054
0.03675344798862666
0.05691282439372833
0.07538014686303837
0.08304751709353532
0.08490583700505851
0.0826928978852402
0.07986992626645495
0.08252357930733548
0.0872366685292794
0.08717184390892024
0.08177136996567623
0.07334425849883056
0.06527425367423992
0.0590391649253986
0.057978109876667766
0.062133563944188466
0.052006499718914245
0.0364063196025003
0.044457618112090584
0.057831746649843925
0.05944114741798397
0.06384671623399954
0.07228239440942369
0.0806812635003491
0.08065143582600315
0.061990904644885284
0.040420628951560164
0.03276850897534416
0.03942931729077572
0.054510897106762726
0.05989814613980524
0.047212971969050395
0.0362559492628983
0.032788389384648196
0.026734423646282583
0.024386804685543884
0.02826916332332553
0.0316508254253085
0.02564063085013773
0.008715982078579885
0.001838431893714106
0.010909299440670595
0.01873439686822652
0.015570835583942264
0.008042836396197675
0.012392726723941577
0.019287785724310502
0.013392026326696536
0.007265178554716131
0.003537806257760112
-0.003171803162588931
-0.005700472377061749
-0.0015155546517659478
0.007814840264361229
0.01589638765724251
0.014987716215037201
0.011107241607083217
0.009256811516312722
-0.0009247690199186242
-0.011318796812906855
-0.009227118195221614
-0.013270004849506419
-0.02157066891989965
-0.015041239293861083
-0.004818025204032388
-0.004728875092525939
-0.005128432708631496
0.005157960907354163
0.015182019237895507
0.012946378510769624
0.007382296316698731
0.006282274975891496
0.005704112960101314
0.007007105736318832
0.013589135652967984
0.02138281526147616
0.022956473753075354
0.012433710540707856
0.001058718693318347
0.0009973973370272016
0.0019643480848958034
-0.0022348808559133153
-0.007031744447659327
-0.007199595622491285
-0.004939759567315485
-0.00706314569618931
-0.011551100380209813
-0.01735246816393975
-0.017928421987257893
-0.008303884016573344
0.0006677629906372307
0.0012601054327828108
-0.0003248248557573156
-0.001347423345562869
-0.00940499538583789
-0.018036327993038236
-0.016943058433040045
-0.009051068105772869
-0.0010609420663628087
-0.0026535718163923773
-0.011532212919287363
-0.009777047113626078
-0.002066881888026841
-0.0052137492765268
-0.012934193611242728
-0.018739903116566963
-0.021284989828191114
-0.016742157295861548
-0.011763386191888003
-0.01527502608546892
-0.023133348701249192
-0.02321214617725179
-0.01347364567388058
-0.005727179123493528
-0.004962922762323983
-0.006614003682174688
-0.008258079293940936
-0.006354346015102819
-0.0011070205882978091
-0.00011654605813479879
-0.0060157973735320966
-0.012941423416367972
-0.012014649289338954
-0.0065383993977670704
-0.010518522992634907
-0.01668179474918424
-0.01700012735746219
-0.018373893258959426
-0.015679486020106357
-0.00962447189622117
-0.008921731046712523
-0.00976671660707921
-0.010588726498814089
-0.015962585678801072
-0.0164790608827872
-0.007881598424001018
-0.005096118022972406
-0.007147112402411261
-0.0038179115893178473
-0.003756116414582084
-0.010198395117992984
-0.010073741938584785
-0.0026481359382703857
0.003404247769655
0.0036707306863583518
-0.0010695834159465223
-0.003982827347031563
-0.001688102208811113
0.0017246192470094944
0.0002658017326160737
-0.006612257145860831
-0.009198410738979784
-0.005434577688731868
-0.00332878075019165
-0.0023988484868731554
-0.004332406203587019
-0.0038074792917279013
0.007663012539025317
0.013554693831258267
0.00608003906320094
0.0021196883016879105
0.006118738107761073
0.009993391723828305
0.011074823076713309
0.008196822371431383
0.002977280839484798
0.00046572646209652567
0.0015645030896458542
0.0036238582004976872
0.006765494347852794
0.012587620714719996
0.018691513429623
0.0189685394237439
0.011692595492674016
0.0076766673398921004
0.011373304672986013
0.014147333418691404
0.0119252942707155
0.005744757640915522
2.7602985003212232e-05
-0.0006888086510167179
0.003383236378961474
0.007981813781804126
0.008090507875760006
0.009165040125538131
0.013892466710785936
0.00961638630289841
0.003157374394230027
0.009456470613501773
0.01610385464755799
0.013920042298239952
0.010393646934093961
0.008323086587767805
0.00727441618372835
0.005297778933887159
-0.00035237002982248965
-0.002049497726180512
0.005617153830581908
0.013021934418051094
0.011362345417735998
0.005559890462644621
0.006408700522511479
0.013902976682382955
0.01655776408187828
0.012531704994507545
0.00962597231395492
0.006920614932538805
0.004796460040374256
0.005364273031662386
0.004346405782556153
0.0029556308026425664
0.003562963658346045
0.0042890250404758945
0.005742068256269644
0.007201762108440821
0.007868588756611455
0.00949812543939364
0.008667315744894618
0.003746661946724227
0.0010553396569473784
0.00270122266650503
0.0037020096147027514
0.005735288007403508
0.009124837952210675
0.004623960152954494
-0.0026616523585117516
-0.0007282051214137932
0.007044120064917024
0.009857568752036097
0.004774067451356542
0.001115593571209297
0.0033825481880421287
0.0031746991572261913
-0.0005695904064266642
-0.00012107937465349425
0.0026028542030351633
0.000807512940157242
-0.003934376403761864
-0.006099146074359456
-0.005071531261588363
-0.002728770565221175
-0.0014184244748620372
-0.0017432392392522141
-0.0006986895749232557
0.0020301472594264425
0.0025790687321331895
0.0015772375146804395
0.0037625724061860883
0.00585851515417761
0.0038224054858565512
0.0017658892981252136
8.843285172245067e-05
-0.0033547370664834147
-0.0033986565350484625
0.0004128082202938829
-0.0002937035192690311
-0.004305814270523767
-0.0041186871309113445
-0.0010741797675123373
-0.0010752699499380815
-0.004612815379163405
-0.0069120719657433
-0.00569712952973782
-0.003468309544587982
-0.0018647688742990819
0.0007905919241324286
0.005242418225310726
0.006929463575947323
0.0005242400724157422
-0.007888410990561354
-0.007704657440203966
-0.0007886897747613908
0.005480809636074907
0.006165600705673411
-0.0004877061403634857
-0.00716395285146918
-0.006659638546125242
-0.003140403995900732
-0.0007772205229243386
0.002175550788742947
0.0038297478531536906
-0.0007261454843899408
-0.008583941600718912
-0.009961934297329415
-0.005459468310120984
-0.0017088511203664856
-0.0004333845648465073
-0.0029552766014001985
-0.0052665925431217
-0.0013625404704243045
0.004394678876888794
0.005591052347181159
0.005903415321812596
0.006947037807758303
0.004612824520795894
0.0021669435949678464
0.004693608865277887
0.007362766598633716
0.006575685919429501
0.005879923999640429
0.003654142861417401
0.0005303081474035611
0.00038454156251717245
0.0005977483541920259
0.0015288481073634263
0.005005767818146137
0.005464730250422813
0.00257268895560568
0.0035888800237020404
0.007337101975602382
0.007277881280360506
0.005139220536749807
0.005663807845955713
0.005130446774350902
0.0009103814668480223
-0.0016631228905151993
0.0005320106025105133
0.004883685017279471
0.007136363302161018
0.004602204682450555
0.0008993517532389866
0.0022634576927307018
0.006587544548123239
0.008224698191609252
0.007309132605296903
0.005165148683703071
0.0012357579498712336
-0.00196566235062487
-0.002312253404221865
-0.0023862138605255556
-0.0026181786641830333
-0.0006094607348855365
0.00027632447910152006
-0.002351774052271523
-0.0016864826530766223
0.0048671457823457566
0.008899270576726386
0.0058362225468827555
0.002104837794439885
0.0014529601559285425
0.0017793813807760056
0.002455310855584595
0.002639183730485366
0.0012750096485307165
-0.0005494456060152736
-0.0015588194961301423
-0.0026919431611280367
-0.0030065797338078176
-0.0005985656945049918
0.0018670754354438205
0.0021742209210270183
0.0007323134149738414
-0.001604645767765878
-0.0010239666609555152
0.0028942828925740656
0.0031879101079040654
-0.001405288060129787
-0.003987733688437979
-0.0025193528415483365
-0.002080742028270848
-0.0034666417050139113
-0.002840441618098826
0.0003223574320140594
0.0032877566848136955
0.002436754125152954
-0.0002821025287671549
0.0009164471504164858
0.00438449332936858
0.004019239325017304
0.0007763210041892035
-0.0013437553796406987
-0.0029326282036046957
-0.005089177145053568
-0.006324900919082741
-0.005135903055470118
-0.0030332502942904483
-0.002458826436233964
-0.00225007879114934
-0.0008023105765491452
-0.00022807928644955327
7.442082850501253e-05
0.00205534815110092
0.0029283087167759425
0.00017634778402135932
-0.003653504447167169
-0.0036540924877404976
-0.000979336898905841
-0.00014778216252494175
-0.0011792506447330787
-0.002974539129522162
-0.004455354143754935
-0.0036870815387323778
-0.0016881748539196708
-0.00015387647975412494
0.001107208177527952
0.0012064193627210743
-0.00039506913689848653
-0.0017421895615571303
-0.0016105168724674067
-0.0012237422036063261
-0.0008177761975135062
-0.0010685134778641839
-0.0036966765976229046
-0.005946201949873127
-0.00413503522675269
-0.0012348617347983624
-0.0009284500572336536
-0.0011387467541188463
-2.7277826871417904e-05
0.001119936886433334
0.000579776115789597
-0.0009117485945333781
-0.0011459916255690834
1.5168761985232674e-05
0.00020323094926847455
-0.0020297067221062433
-0.004040554567478534
-0.004103966501830394
-0.00345279968234722
-0.002533402874598291
-0.0012102405240184166
-4.75878808552485e-05
-2.1142991800985894e-05
-0.0006221849579004761
6.992408854974974e-05
0.0009496554133922427
0.0009424882050591395
0.001672819415330584
0.001544457882875697
-0.0007601769954967012
-0.002643965803123416
-0.0021280077453232752
-0.00017480745201448408
0.00073718323012444
-0.00017418251101715637
-0.0013382975848777359
-0.0008940770625782705
0.0004241056047991664
0.0009115831213482935
0.0012446469805684325
0.0017382200215603739
0.0009552036810989789
-0.0009357657088093663
-0.0021329600332467844
-0.001947759027525972
-0.0012348376740412234
-0.0011639766764053904
-0.0019929370098073266
-0.0028615407758464215
-0.002881233176187174
-0.001764008831970141
5.983036188945869e-05
0.0010750880199849747
0.0012596707689645711
0.0009226068489883586
-0.0004384025446121517
-0.0014520304437753756
-0.0016587567678128837
-0.0014337483903398233
-0.0009786531981953307
-0.0014768402792855238
-0.002448429824927216
-0.002671582321584622
-0.0024971389672695512
-0.0020808408172620697
-0.0010668564747867424
6.213470449626617e-06
-6.440934655311532e-05
-0.0008070192854712305
-0.001077351203918896
-0.0011478770347306709
-0.000974760761877935
-0.0009142711343861841
-0.0013883486705952132
-0.001580305149900434
-0.0019100538506678817
-0.0027548772471270443
-0.002589516356120646
-0.0014438892319531698
-0.0009614414965412874
-0.0013967403294741045
-0.0017175006045435579
-0.0013820017543223575
-0.0009271915424350062
-0.0007186895234285696
-0.0008194427359901686
-0.000968205479338827
-0.0009245585196499365
-0.0011987889329956735
-0.0017481581737740918
-0.0016926128333075215
-0.0008290315434828802
-9.86341760931211e-05
-0.00030339087317845945
-0.0008105459776120307
-0.0007679740749645359
-0.0001955056187166236
0.0008692390111070181
0.001529774379938402
0.000992508023522915
0.0005332748567060197
0.0003785515568870546
-0.00035812259986790854
-0.0008217638842332712
-0.0005488356228792921
-0.0002699859230816713
-0.0003132910039906132
-0.0006880884640268582
-0.0011841463618221363
-0.0011811528785625703
-0.0005004485304131584
5.932268251572418e-05
0.00017016872287170756
5.294034911977167e-05
-0.00026425942837644936
-0.00035681632191867854
-0.0002348106356895283
-0.00031587731942497204
-0.00040369076454793435
-0.00031905325919717877
-0.0002231087186497315
-0.00021090252790751147
-0.00012756174972627476
0.00010507344196175024
0.0005914308887400391
0.0009201586834615493
0.0005588517262537114
0.00013097214556399267
5.733337895774338e-05
0.0001246771492202834
0.000264984326345689
0.00039083721640154653
0.0004627327617366853
0.0002815051303373973
-8.147296538112791e-05
-0.00013017906832418148
4.9607549827370226e-05
0.0001318113583976122
0.00019363324707921006
0.0003106521289275369
0.00018571293991629685
-0.00015072486878061071
-9.1491324326509e-05
0.0002904925863480214
0.0005079820033807716
0.00030380544092619815
-0.000328362853872337
-0.0006646437703010927
-0.0006155436757792733
-0.0007451100388247964
-0.0008433729549378897
-0.0007987383691466357
-0.0008287944518633438
-0.00084142884560415
-0.0007109407404950916
-0.0006012228440081071
-0.0006260075736670461
-0.0004923416420800654
-0.00026241979279520374
-0.00021048750101457432
-0.0002161088611428983
-0.0003168414606112514
-0.0005313719322111285
-0.0007399802257581674
-0.0008176681630598838
-0.0007383699816164035
-0.0006971802531987338
-0.0006731644307547903
-0.0006957816252267933
-0.0007435527770704263
-0.0005244645058772587
-0.0002664536449534134
-0.0003811707847304565
-0.0006789066327580464
-0.0007473554823055792
-0.0006823858429338906
-0.0006507594595562023
-0.0005001731769711094
-0.0003545145374621979
-0.0003550902788796468
-0.0004588660737460439
-0.0006130136717965438
-0.0005982000615750985
-0.00035699040723283037
-0.00014961285466761563
-9.583760967669784e-05
-0.00015106762991077367
-0.0002658390514350855
-0.0002628430946452825
-8.235651646853273e-05
9.867675146597539e-05
0.0001440878795834629
-7.27626154288547e-05
-0.0004553520056903541
-0.0005636518217411466
-0.00029735609197704277
-0.00011015143036411052
-0.00018154630384384487
-0.00017390813883678705
-1.993450677656643e-05
6.134940982125955e-05
9.83138499660919e-05
0.00017103459759765534
0.00015707932653894542
2.799781533995874e-05
-7.119553563763903e-05
-8.602019435348386e-05
-5.3275980037750586e-05
-0.00010335109808896401
-0.00032027147489878
-0.0005405651173713207
-0.0005414696419095525
-0.00031388324527635244
-8.413663656093115e-05
7.0379831385328945e-06
-4.404613794737609e-05
-0.00013157872416891372
-9.520286641912343e-05
-3.342111230388252e-05
-0.00011068324197154051
-0.0002660109336427789
-0.00041049197958392745
-0.0005103085539127364
-0.0005251122540867649
-0.0004825989041540797
-0.00044315740110071803
-0.0004618793274991896
-0.0005651455627358429
-0.000632873278200053
-0.0005643684790786787
-0.00042294342040905984
-0.0003108101554176861
-0.0002665309697017678
-0.00022641290971661733
-0.00020258002143341803
-0.00023024831264216388
-0.0002505922889585115
-0.0002084318480826239
-0.00013980364397505007
-0.0001534979634011665
-0.00021299312715324345
-0.00022047056560659756
-0.00017676436121931394
-0.00011866900068243889
-0.00013248809769212367
-0.0002268815412430969
-0.0003249442937693657
-0.00033797987208921396
-0.00023154867061209207
-0.00020306311142414567
-0.00030923604560600455
-0.0003160884723964066
-0.00024765828977602684
-0.0002306900993177382
-0.00013886536373209388
1.2305152875982752e-05
5.29217333313349e-05
5.986814736685278e-06
3.670225957032568e-05
0.00019725128140750948
0.0003397919472058954
0.00035778407176756334
0.0002677994953764967
0.00011994026753256909
2.965276601101157e-05
7.439395307062081e-05
0.0001903073957864514
0.00023315986430734773
0.0001432984122207296
7.629143688864645e-05
0.0002165941713418236
0.0004931328526965602
0.0006959975066389333
0.000728245589717341
0.0006546014975666815
0.0006124798567878945
0.000673759104520825
0.0007838645313929265
0.0007982944615050927
0.0007362631042124778
0.000731134062239877
0.000741385951968854
0.0007590871646111248
0.0008217563862677623
0.0008581539419188952
0.000847133831250645
0.0007837948076212518
0.0006756951140777757
0.0005978067619289698
0.0006053464528931752
0.0006502312729702197
0.0006885895800478693
0.0007116874070873861
0.000664493551057153
0.0005997002613733406
0.0006080084942157398
0.0006846756046675083
0.0007394244440900652
0.0006587445492200896
0.0005339995540738683
0.0005266308747815603
0.0005552847531174207
0.000519001893227755
0.0004460544562666142
0.00032526057828327273
0.00019838844629646555
0.00015428869899006612
0.00014348973589034032
6.042800197700407e-05
-6.340182650411252e-05
-0.00013679557794908095
-0.00017457575025261478
-0.00018193153601809165
-9.183544806694949e-05
2.837740400072479e-05
2.32125145362437e-05
-6.309641350781498e-05
-9.833720075712684e-05
-8.288748754460879e-05
-6.037431014406224e-05
-0.00011067922281303534
-0.0002601768883289016
-0.00036393569019791
-0.0003441493528011628
-0.00029000158689897594
-0.00029657473104109205
-0.0003491002646176346
-0.00040312567821372834
-0.00042394108399210933
-0.00036556668446978657
-0.00030956939563790703
-0.00031139683674703405
-0.00031485060242681306
-0.000316438715340685
-0.00031347005936774037
-0.00030255064161923697
-0.00026133542848665264
-0.00018882118604442914
-0.00015038066321295236
-0.00016232481632112676
-0.0002120669204139856
-0.0002773223056320243
-0.00029906436285819486
-0.00023484369730640033
-0.00013447240879759656
-8.22008556816386e-05
-0.00011614177943745604
-0.00018556132478818674
-0.00016453994290044512
-6.276062189665948e-05
-3.4793463583102574e-05
-8.437422348952902e-05
-0.00010830295537763404
-9.246292096294745e-05
-2.392684367634552e-05
6.536516622502765e-05
0.0001032408777732948
0.00013315761699284759
0.0002094952944525901
0.0002721934029575941
0.00026430071970292586
0.0002366174472534261
0.00021948146923555964
0.0001538347938525303
7.813663144375053e-05
8.989913422986981e-05
0.00014404850750246087
0.00016748189018343177
0.0001683574798326815
0.00016524815659849277
0.0001833803017180549
0.00024929441391557814
0.00030721729042700556
0.0002863316664417705
0.00023675548341012956
0.00024105288225016258
0.00030367130129983386
0.00037807236217326227
0.00040894745942466416
0.00037869253824487334
0.0003351687415154658
0.0003197581624988061
0.0003165792909951606
0.00031445475783043586
0.00031359481627067
0.0003230619338164624
0.00033038227224915285
0.00030305799364113505
0.00027883632929737195
0.0002951306134911437
0.00031405617990725793
0.0003212034538527649
0.0003446853779097271
0.0003445242548440458
0.00029762157881133727
0.0002573309395940715
0.0002529182877469053
0.0002713531007141054
0.0002535594222651706
0.00018101690278755241
0.0001398922483774756
0.0001626419711591822
0.0001720745924747562
0.00013509861181213795
6.389916230772452e-05
-1.8206633819638916e-05
-6.062910980431382e-05
-7.634729907636783e-05
-0.00011096347369273457
-0.00014416592923737818
-0.0001471984451690743
-0.00013412362611142975
-0.00011620662912337039
-7.433357311290764e-05
-1.5831076423857295e-05
4.031016107281636e-06
-1.7083922387289702e-05
-3.7310732182908805e-05
-5.9430152381460076e-05
-9.212869258019841e-05
-0.00012067590392478702
-0.00014476467499505944
-0.00016703937062495375
-0.00017364493062739292
-0.00016930146227306188
-0.00016709274685302493
-0.0001600540994307852
-0.000144869754143705
-0.00011742907434899172
-7.734799587312588e-05
-5.442731999288666e-05
-6.57902751789792e-05
-7.300699421749598e-05
-5.81763678156372e-05
-4.8606474642127083e-05
-4.695054614212238e-05
-1.7566980834580816e-05
7.183418213677303e-05
0.00017045501691194558
0.0002004530964972687
0.0001670776535257659
0.0001220906145555935
9.088835161649594e-05
7.280491089791835e-05
7.063396342263106e-05
7.28257868206549e-05
6.611858160608684e-05
6.477029716085014e-05
8.166057799071894e-05
0.0001071965085768559
0.00011844133959268553
0.00011996792046490274
0.00014399779367003986
0.00018169089220110033
0.00021446909405856103
0.0002476235169579346
0.0002724243058303365
0.00028531772118449325
0.0002926777745046869
0.00028434682955029986
0.00025460750839352954
0.0002206085031673959
0.00018428536693849298
0.0001336421248404114
8.898511295488956e-05
8.211663687451237e-05
0.000102073555292587
0.00011766609204177234
0.00012609568763550773
0.00012026027349992795
9.477325571287361e-05
8.771325000238389e-05
0.00010795695498682974
0.00011674403291481308
0.00011023617428528376
0.00010291842679452215
8.123871254446912e-05
4.442921891344974e-05
1.640572171050858e-05
-3.883921295306434e-06
-1.4012789271198094e-05
5.29023222471299e-06
3.513104543868069e-05
4.759393849596984e-05
4.864028216807664e-05
5.565878381410258e-05
7.174297633137239e-05
8.349180008433188e-05
8.281797114441452e-05
8.079877186521426e-05
9.038755770507398e-05
0.00010449586047320459
0.00010377991996990878
8.441468206030641e-05
5.773319784022498e-05
3.722669256255326e-05
3.304543686326943e-05
3.825609342416904e-05
2.5692744309971323e-05
-1.550826845158778e-05
-5.167162505303635e-05
-5.8289904005307776e-05
-6.122079233058503e-05
-8.260535762417218e-05
-0.00011563434892785492
-0.00014717021068081482
-0.00017215739513908355
-0.00019124160743292265
-0.00019365608401456102
-0.00017286338361457518
-0.00014069036739088034
-0.00011780323715514217
-0.00011431074187115296
-0.00011457378134098727
-0.00010416771941234198
-8.939633682131816e-05
-6.818942933689452e-05
-3.083972618661067e-05
5.887812515500193e-06
1.748482985482518e-05
-1.0777819043511547e-06
-4.1160284220497254e-05
-8.094311517444461e-05
-8.836933497264048e-05
-6.016370198273423e-05
-3.787376880321835e-05
-3.628868170297033e-05
-2.6567428135958267e-05
1.3683314149431871e-07
2.9040704315931182e-05
4.710320666806407e-05
4.705555495391645e-05
3.936705169081603e-05
4.157407538296465e-05
4.77664585285707e-05
4.067336185979345e-05
2.7313046395137865e-05
3.248361258302898e-05
4.851434977097688e-05
3.923831883644107e-05
6.459282885284398e-06
-1.4076269733262763e-05
-5.043437517137319e-06
2.6351029916811872e-05
6.491974491307196e-05
0.00010159067006101168
0.00011835703922178778
0.0001034673633827954
8.722334687947617e-05
0.00010203604144470278
0.000136541305142259
0.00016389552005328212
0.0001796280237508882
0.00018081283341688827
0.00016225015890131156
0.0001320086637599584
0.00010395203739389066
8.882673747316723e-05
8.200193359440507e-05
7.372803320816291e-05
6.668216331447991e-05
6.313594966713581e-05
5.145440515405647e-05
1.703904854063731e-05
-3.8981663618035955e-05
-9.224766462228825e-05
-0.00011870005643546779
-0.00012467031666289164
-0.00013303356614922308
-0.00015750629184542954
-0.0001779070276587856
-0.00015733175648153944
-0.00011082042691977842
-8.692545168646191e-05
-0.00010107470522104523
-0.00012354332688799786
-0.00012258305196266985
-9.854763539784937e-05
-7.404302781149789e-05
-8.207868238814325e-05
-0.00011739851107201837
-0.0001336570970140622
-0.0001221632158322185
-0.00011670884812123052
-0.00012342899851147782
-0.0001218971943202887
-0.00011921442568860385
-0.00013107118535856977
-0.00013778604318969153
-0.00011230464015818792
-6.208344666425224e-05
-1.8081231209581607e-05
-5.656262415956771e-06
-2.3228112048406945e-05
-4.018500079303353e-05
-4.2185736804796e-05
-4.020483636479573e-05
-2.4918169393652667e-05
6.864977429080176e-07
8.129143101216962e-06
-1.4640635885594453e-06
-1.0229592529829562e-05
-1.4145059932598768e-05
-7.997920923735428e-06
1.2264088540477879e-05
3.03660866005411e-05
2.170800712091224e-05
-2.5255710132099562e-05
-8.281914700050706e-05
-0.00010723602804880891
-9.847811721863419e-05
-8.323654937927185e-05
-7.704889363186809e-05
-7.806846984098308e-05
-7.399687563692286e-05
-5.7643709508128454e-05
-3.829867047436445e-05
-2.9338013030440292e-05
-2.3632605347925876e-05
-2.261454193044228e-06
3.7415342451735595e-05
6.61000978932754e-05
5.973014997472564e-05
3.164964651965012e-05
3.3504848945468356e-06
-1.0480918384394659e-05
-7.630243474625259e-06
2.8130141268092453e-06
1.254391250953715e-05
2.032718796913101e-05
4.0503731012968225e-05
8.083881886536529e-05
0.00012001569918345847
0.00013915050905082923
0.00014212564753203298
0.000127840581168261
9.9294288694784e-05
8.72963200520633e-05
0.00010704575468143727
0.00012959822406626525
0.000130390648910157
0.00011108707382837016
7.705398300269043e-05
4.227588058154649e-05
2.6867479712746013e-05
3.452935380403773e-05
5.675342905183778e-05
7.837194596907808e-05
7.607457388430567e-05
5.460647207107214e-05
4.692804595095804e-05
5.2954601958978406e-05
5.1486601887098235e-05
4.799081294190201e-05
5.408806783840758e-05
6.294790983859886e-05
6.669966524869629e-05
6.913601952403547e-05
7.037147956977986e-05
6.39640687991184e-05
5.106394354425366e-05
3.697493374885269e-05
2.9415346432428848e-05
2.9852166866349875e-05
2.0345845751004294e-05
-7.112172768218906e-06
-3.740278812119256e-05
-7.039655768605339e-05
-0.00011339965484895775
-0.00014840581503515587
-0.00016565122891941674
-0.00017608986632040234
-0.00017642817851728183
-0.0001677630790678144
-0.00016618305042039402
-0.00016636257232189518
-0.0001587482875435946
-0.00015852130617596325
-0.0001772976928308902
-0.0002007420245077398
-0.0002160595949249499
-0.00022331426698863645
-0.00021120993383744174
-0.00017678140177628806
-0.00014465607527148014
-0.0001285601893757073
-0.00012148389747716596
-0.00012063068339020406
-0.00011898692661098617
-0.00010170693822101086
-7.359630017863122e-05
-4.9008148002898276e-05
-2.366187760939403e-05
7.99755101558677e-06
4.036865922472037e-05
6.1943061293779e-05
5.7194541033259834e-05
2.8579194172936646e-05
2.0092917398198315e-06
-6.648498822364419e-06
-1.1253610106798609e-05
-2.734497593695977e-05
-4.127919597891816e-05
-3.770418415826279e-05
-2.6541112143291793e-05
-1.6890784661756468e-05
-1.020332066796751e-06
2.024862617349458e-05
3.3016787619249115e-05
3.147804531034418e-05
1.5842967337831614e-05
-1.133572540665843e-05
-3.851937229095805e-05
-4.759122675574548e-05
-3.187521512917572e-05
-9.430572043798702e-06
-4.1767115096784915e-06
-1.0153492348175964e-05
4.47252832512179e-06
4.50864600754937e-05
7.935691798068401e-05
8.983173048413607e-05
8.622159333194728e-05
7.683452551634678e-05
7.749533218780431e-05
0.00010828445011423897
0.00015788913499797708
0.00018688019452663119
0.00017625837826884191
0.00014091088451725935
9.579729553401365e-05
5.8981747789253015e-05
5.187472357393596e-05
6.787094747455464e-05
8.562921689781288e-05
9.526878603599818e-05
9.294203683140433e-05
8.585811504479798e-05
9.110393147662092e-05
0.00010257568231648905
9.85951944467168e-05
8.212435918716278e-05
6.07030982187621e-05
1.703855836150996e-05
-6.054350996946149e-05
-0.0001500120825029526
-0.00021519785574634665
-0.00022691433904827902
-0.00017617764868656417
-8.955556907923372e-05
5.524957257022339e-07
9.415659566923332e-05
0.00018447604489206022
0.0002290765675515094
0.00021390665901441304
0.00018128629923239487
0.00017685433926217006
0.000212201346470185
0.00026393849366307046
0.00028777105862845016
0.00025344156776869217
0.00017259895150448996
9.293928825197783e-05
5.307057430582248e-05
3.6840260617884586e-05
8.781497058912535e-06
-3.258180235445792e-05
-7.630535894942865e-05
-0.00013249837204188004
-0.000207264363038205
-0.00026625570225943666
-0.0002715368977697169
-0.00024852937064327767
-0.0002708400800502976
-0.0003770752249424645
-0.000513842761811448
-0.0005759724650289881
-0.0005204540941803411
-0.00040602119716039555
-0.00031479387489932644
-0.00027484947074930214
-0.00027555586671420195
-0.000311591445766125
-0.00035801032702887644
-0.0003546664801598096
-0.00025947099544906187
-9.528747144293383e-05
6.881008101107388e-05
0.0001775293271936301
0.0002048580241733402
0.00013997388186684945
1.3976931996936655e-05
-9.314011030971086e-05
-0.0001350539678144002
-0.00015731599536040797
-0.0002085036789730131
-0.0002695062867613605
-0.00030992262705815824
-0.0003213090347705036
-0.0003146882319061094
-0.0003073412758932256
-0.00026122893656674507
-8.261680894840155e-05
0.0002647361632219842
0.0006670570096593418
0.0009490065448860911
0.0010931798302778613
0.001276858621592353
0.0016239818313313174
0.0020167910779362763
0.002209715182548035
0.0020807417218182025
0.0017355075632225722
0.001357673889644804
0.0010442544220982952
0.0008182895779995644
0.0006464726007048895
0.00043946879227155754
0.00014275094828129526
-0.00022394158190961825
-0.0006294224461735523
-0.001079098607020877
-0.0015348199726673932
-0.001825547064204167
-0.0018100587519652587
-0.0015861568870555972
-0.0013947590317679595
-0.001338939384495122
-0.001361135309487072
-0.0014775139923011752
-0.0016943244810971928
-0.0017626632989377023
-0.0014635406237104279
-0.000994518157854212
-0.0006567439990318501
-0.00041936723893160256
-0.00011591724911032487
0.00027968603469169994
0.0006836669311894619
0.000960544074753099
0.001057587826561902
0.00112363827219389
0.0013346997889486566
0.0016117799495342594
0.0016664441320650995
0.0013823091679796408
0.0008859723143353099
0.0002175376092025539
-0.0006337143725913146
-0.0013990088481193438
-0.0017161133809677875
-0.0016580178000959816
-0.0016923045409473927
-0.0020047933322578535
-0.0023058027671113038
-0.002468832026423915
-0.0026646087498179627
-0.0028658735166424303
-0.002841301620769311
-0.002530352908751518
-0.002142778180681812
-0.0018432349313433096
