0.0
0.0
0.0
0.0
0.0
0.0
0.0
0.0
0.0
0.0
0.0
0.0
0.0
0.0
0.0
0.0
0.0
0.0
0.0
0.0
0.0
0.0
0.0
0.0
0.0
0.0
0.0
0.0
0.0
0.0
0.0
0.0
0.0
0.0
0.0
0.0
0.0
0.0
0.0
0.0
0.0
0.0
0.0
0.0
0.0
0.0
0.0
0.0
0.0
0.0
0.0
0.0
0.0
0.0
0.0
0.0
0.0
0.0
0.0
0.0
0.0
0.0
0.0
0.0
0.0
0.0
0.0
0.0
0.0
0.0
0.0
0.0
0.0
0.0
0.0
0.0
0.0
0.0
0.0
0.0
0.0
0.0
0.0
0.0
0.0
0.0
0.0
0.0
0.0
0.0
0.0
0.0
0.0
0.0
0.0
0.0
0.0
0.0
0.0
0.0
0.0
0.0
0.0
0.0
0.0
0.0
0.0
0.0
0.0
0.0
0.0
0.0
0.0
0.0
0.0
0.0
0.0
0.0
0.0
0.0
0.0
0.0
0.0
0.0
0.0
0.0
0.0
0.0
0.0
0.0
0.0
0.0
0.0
0.0
0.0
0.0
0.0
0.0
0.0
0.0
0.0
0.0
0.0
0.0
0.0
0.0
0.0
0.0
0.0
0.0
0.0
0.0
0.0
0.0
0.0
0.0
0.0
0.0
0.0
0.0
0.0
0.0
0.0
0.0
0.0
0.0
0.0
0.0
0.0
0.0
0.0
0.0
0.0
0.0
0.0
0.0
0.0
0.0
0.0
0.0
0.0
0.0
0.0
0.0
0.0
0.0
0.0
0.0
0.0
0.0
0.0
0.0
0.0
0.0
0.0
0.0
0.0
0.0
0.0
0.0
0.0
0.0
0.0
0.0
0.0
0.0
0.0
0.0
0.0
0.0
0.0
0.0
0.0
0.0
0.0
0.0
0.0
0.0
0.0
0.0
0.0
0.0
0.0
0.0
0.0
0.0
0.0
0.0
0.0
0.0
0.0
0.0
0.0
0.0
0.0
0.0
0.0
0.0
0.0
0.0
0.0
0.0
0.0
0.0
0.0
0.0
0.0
0.0
0.0
0.0
0.0
0.0
0.0
0.0
0.0
0.0
0.0
0.0
0.0
0.0
0.0
0.0
0.0
0.0
1.2805387915358616e-07
3.2265755067475503e-07
3.400009125080853e-07
-2.7911069645840025e-07
-5.39345549063525e-07
-1.1483999939362674e-06
2.16483022893274e-06
1.573209118341811e-05
3.206082854634189e-05
2.1177802928895674e-05
-1.3190075183165636e-05
-2.0467729157928703e-05
1.2456164978872014e-05
8.932400761901437e-05
0.000204740738284786
0.00032036857868296376
0.0003631223461242246
0.0003005530675931565
0.00020759268728543311
0.00014205954146402852
0.0001526685188532324
0.0002087849801387269
0.0001923540861815616
7.652718793044446e-05
1.7371622914534024e-05
8.409228001249508e-05
0.00017482698561532205
0.0002391517424323834
0.0002809203384562939
0.0002929061655828167
0.00018526062334795496
-5.900820705833165e-05
-0.00037282870062607285
-0.0006297520813846933
-0.0007224678350467908
-0.0007396780307378665
-0.0008332802792041426
-0.0008926990022784987
-0.0006020298199276484
-0.00020454674430132817
-0.00047269533303644936
-0.0012564561874846521
-0.0014130893149673024
-0.0007763453247959647
0.0003206640673032581
0.0015017807106472935
0.001717997910729447
0.001170089754903262
0.000640997032400137
-0.000360448296584671
-0.0023368317536618193
-0.0031298938720578902
-0.002014866852503521
-0.0015146347784209726
-0.0019214492736910301
-0.003830866045451019
-0.005646197171215334
-0.004165732315886695
-0.0015554118957903807
0.0005862593811844729
0.0035857606596409047
0.002867650797327552
-0.003841719361009397
-0.009134645204204579
-0.009067414118634237
-0.006494115892352503
-0.00435023676061082
-0.0031475665712746717
-0.0015425006937342255
0.0007046543795914857
0.0005620525422635554
-0.003790682918003603
-0.007874161317405166
-0.00814958773919711
-0.007465820156125609
-0.008834780934717072
-0.010039784256405367
-0.00858586616189482
-0.005585557264486614
-0.004585823361109898
-0.004644841162767696
-0.00316475591308384
-0.0013734010239235949
-0.00041111714435388606
0.0023839077393255173
0.005776633541909406
0.0018811559989766443
-0.003980824104235567
-0.0023968373531215773
-0.0017612076807844745
-0.005685468656242686
-0.006518811276298874
-0.004187907171589729
-0.003751109333228583
-0.00481488194883825
-0.005469587919397623
-0.004783230608182094
-0.0022867671347128935
-0.0006692261843837698
-0.00312035310885296
-0.004970218860263226
-0.0018414433669546573
-0.0003623392325814217
-0.003141078455290011
-0.003317574365416594
-0.002007181551640454
-0.0049699583571776946
-0.006932770299137516
-0.003915747694431568
-0.0035672317154852545
-0.005762726001895094
-0.005844381433485153
-0.005217642079111496
-0.004395073478042498
-0.0049050349061683365
-0.006975508674058884
-0.008763986974014992
-0.010603823138381442
-0.01116600719924529
-0.013681404357097516
-0.016789306258345398
-0.016426057703670793
-0.016795566685205033
-0.021092510661653713
-0.02338051303627068
-0.020346888698444324
-0.015188589882963536
-0.010355594717750195
-0.006522227536464403
-0.006272136004479427
-0.009775647428454208
-0.011703522728873483
-0.009039376785853134
-0.005886614873552061
-0.007749689221494001
-0.01075723958085051
-0.006228106282194026
-0.00011923757721385629
-0.0024832000103065673
-0.00998060325785615
-0.012611702307780357
-0.006019700562567295
0.0023381340916392703
0.006036372546655167
0.0039920489982458885
0.003861313417992644
0.011375267819452455
0.010534236140028099
0.0005769166364379062
0.000547577719915908
0.008364128036026425
0.007389271905172349
-0.002897117540686727
-0.010087721090555214
-0.010962471254134501
-0.006522764814411799
-2.509226067682416e-06
-0.003149875712754209
-0.014763701430893767
-0.017844721724884834
-0.010991512623886698
-0.003565853210002748
0.0027890951470793224
0.003340948446359395
7.8969101509607e-05
0.006272612236661632
0.011128708762413756
-0.00041499346476849984
-0.012327957741429895
-0.00962733991245409
0.0009724219524090253
0.006230900615918088
0.001757848153581469
-0.002646903184327221
0.0023499510530914404
0.007994236232169372
0.005786091192297485
0.003920820299867833
0.006671572117437366
0.008147263431545293
0.00817914591042134
0.007643203498510889
0.0014535862713104222
-0.006259449740643327
-0.003719104432088055
0.003905459642872293
0.0023148301302288094
-0.0017788611327149817
0.0012535254230519113
0.00511757983556805
0.005244380074752074
0.00435291165772915
0.008408686913943005
0.020308124322002418
0.031817495454684604
0.03363522973083673
0.030283213098355403
0.03025036203356937
0.027533284514174316
0.016265706575024286
0.005361106811533546
-0.0016959071534012296
-0.009025330489490082
-0.014458349745762884
-0.01431310648836594
-0.01032504233979187
-0.0075769870269920435
-0.0015143115007530072
0.010672654058972138
0.018330936248411558
0.017567715522298726
0.015486741631961164
0.017683046242370954
0.02067627472798671
0.0170248524219973
0.009606634889975308
0.003889385474672165
-0.0013900428973558823
-0.004532861108613324
-0.006720724519570386
-0.013102387637536074
-0.02030576868582358
-0.020879198980722994
-0.013980319156880094
-0.0038418689513157775
0.0038273188466464506
0.004542031281696288
0.005338657646730958
0.00953780862411992
0.009353263441027191
0.009174130820121073
0.0109307952399759
0.005338013611295092
-0.004127897926020411
-0.010034779978367445
-0.01609955191115037
-0.024554311864525624
-0.03251244063462773
-0.03867722929705389
-0.04067542157350447
-0.04054047969839463
-0.042292717442633174
-0.03962853585651299
-0.02955136752181499
-0.022380896989569358
-0.020671084818162752
-0.01789645719819105
-0.01556717837167984
-0.017227394873113734
-0.022353474754297387
-0.03254750572799711
-0.04675889858205526
-0.05548048726894748
-0.05542473430268894
-0.054215331996008934
-0.057172881623493224
-0.06148563213788444
-0.062489293565954625
-0.06008211292669833
-0.05459891514449118
-0.04485666009165016
-0.03445015744048177
-0.029928325499281972
-0.030128800736349465
-0.025081954938962824
-0.017652848352654456
-0.02060838475311549
-0.028792410332496556
-0.03128344963053761
-0.027389031792678875
-0.0233735139475233
-0.026963127308588644
-0.03772232750403747
-0.048456534661363015
-0.05191188456633776
-0.04750728181723412
-0.038416471473734656
-0.029595332328122156
-0.026554602435091064
-0.021295626496883137
-0.007516276757733792
0.0016839056583426817
-0.0012948717493516653
-0.008434602986957857
-0.014030208768825575
-0.016021618371682197
-0.0196556304655752
-0.029759877298761582
-0.033644051156831424
-0.02038919921027439
-0.005330155341695159
-0.006361291873862728
-0.014223014832448982
-0.014246930318928134
-0.0017241944395149846
0.01960766323489827
0.03507066700438728
0.03477118063308846
0.019834004900441467
0.005006464315004897
0.006961696370233792
0.013944644532699054
0.011851215506308228
0.010421804792881817
0.017865509328198245
0.023237338973860933
0.013977117643973325
0.002656987372228695
0.00529457433938589
0.005413584433332333
-0.0030617560665824905
0.0001852584773762988
0.0102732415474091
0.007161786079824042
-0.007010086073901956
-0.0030067724700222186
0.018725644900233766
0.021142442518432808
0.009306164745548101
0.006540265624213381
0.00682426525267691
0.006284407804890523
0.0027238018391977955
-0.007562440051810925
-0.015073366443841024
-0.017081964758771908
-0.018816813093038808
-0.020028494010644052
-0.01846063618167757
-0.011826529832854695
-0.00922957517861483
-0.010502510633584948
-0.003148174707688162
-0.0036781864845989464
-0.018657332211140937
-0.02372865556293421
-0.015864819158136773
-0.013300586132994452
-0.015420188365888357
-0.013061771125158448
-0.012873492928469402
-0.021396388695198935
-0.02843385892552446
-0.0277452983914343
-0.030530391745590375
-0.03203667565556449
-0.016536404463846757
0.006358689942559297
0.0107515312902647
0.0033998649559080045
-0.0010522640309009036
-0.006744382555156583
-0.0096625387694054
-0.004396845808111229
0.010625147877065881
0.020333994857031294
0.013958115125632149
0.0011948952622229739
-0.010106836985941548
-0.008673554812609233
0.004311823460215341
0.011517360369580846
0.016619860366877532
0.026310335727165134
0.017446006123064704
-0.007264519412979411
-0.004941542472524899
0.027396876165365534
0.04777995938558324
0.04632319937825321
0.05046156536308401
0.06178088069299383
0.070326460214979
0.07491936587650798
0.08215773897997641
0.10758998541209903
0.12575291781169026
0.10157746888870438
0.05596001926146033
0.033770132238128844
0.054543075094092404
0.09122720169849821
0.11238236417575005
0.11297029604955756
0.09716815063516805
0.08591759614586568
0.09194774718542448
0.09340584671124365
0.07675709299422966
0.062432973821735085
0.06599373561777586
0.07724781212933331
0.08193712955668864
0.07717403892155753
0.06691739691832504
0.05952111419283014
0.06307182899948213
0.0653974948374564
0.05789689280022744
0.05654253956257709
0.05868937620338578
0.05486212930396157
0.05743934982982168
0.06484577907507677
0.06472750396514586
0.06972966998490537
0.089554986252165
0.0946395425499298
0.07473755062119103
0.05429255152291607
0.03884892281952632
0.027198167814364425
0.019002081126041348
0.006947949078111433
-0.010447405175274588
-0.020499690611045406
-0.013265613995162314
-0.003651043145906512
-0.0014722571079229076
-0.0012705388168038937
-0.004178956085749746
-0.007302066179659457
-0.010347286916560592
-0.018949775256324384
-0.0206451041720354
-0.010944353587825442
-0.008644711104147608
-0.011401610022075803
-0.013564791098929753
-0.022360322478768044
-0.019257288721100593
0.00607610135539284
0.02089645602290459
0.015556362447201072
0.020410295474241384
0.030527150230558645
0.020604456792014655
-0.00143852743815478
-0.016515044837774794
-0.019624410208190897
-0.017061902237393116
-0.011497363037560214
-0.011044259845306104
-0.015942299780349427
-0.010166967008219447
0.010032418447148693
0.033735310072672706
0.03480012975502712
0.014158657581862726
0.005738401039859145
0.01438353695982765
0.023373573703258682
0.03696085761613121
0.05463846351096292
0.059462717622698266
0.05948781196500426
0.05722171626746776
0.04527796351788381
0.04217804052735862
0.056043403411081126
0.06618350359540905
0.05374406658471497
0.027015162032391675
0.01836416180903724
0.03631481693222112
0.043524637959349244
0.023843724622378815
0.006213326283896192
0.005323094044944387
0.0019328992249675536
-0.014050515407547514
-0.018723128386738785
-0.0023128316251345756
0.007860290960523993
0.002558292544716781
-0.009373541028319573
-0.025238579724792546
-0.02906689991138391
-0.011986084016027796
0.01108382138341184
0.028241668400085844
0.030582243247223133
0.013039749734084947
-0.012828901922155321
-0.03152762409428404
-0.0362757568914473
-0.033840658394508095
-0.03074776140252649
-0.026358143448811783
-0.02754036782242687
-0.04377368094744355
-0.06133177811086598
-0.061314910114390525
-0.05723977688408679
-0.06141855169060684
-0.05981673193911726
-0.05049489278173019
-0.04564603657164994
-0.04829888074094968
-0.05996612827959306
-0.07431108585750558
-0.07261659021276862
-0.05176567963471368
-0.037406097852591844
-0.0451839345450266
-0.05481927426771418
-0.04778754716086593
-0.03658091041413353
-0.03873540545440543
-0.04535108803200835
-0.038472192501485085
-0.020598970317594296
-0.008377861450835817
-0.017529441489495413
-0.044004113025162564
-0.05383924009510934
-0.03305055116760073
-0.015058079548901593
-0.02004757613592477
-0.030763947411789255
-0.03649879288592638
-0.03751321397978796
-0.032719289288184836
-0.027023614321687935
-0.022664518980637767
-0.01849581558365234
-0.017459426801712863
-0.019549480144969673
-0.014042814224811873
0.010923498842574717
0.034966813389122546
0.026930807097993774
0.010410507550478055
0.02488693637530206
0.04856004840285607
0.04321989610113325
0.02732965873698342
0.02653187368004332
0.0319270657424049
0.041260473030515894
0.0507668600058745
0.045887249507631046
0.03841433484900451
0.04754668700855502
0.0570387737673516
0.05464094772572532
0.052695892173340184
0.047579786334796106
0.032431923923338116
0.021280238104371487
0.02887658385077433
0.043234745379680195
0.047709426124717916
0.04607397888763056
0.04466309843849735
0.05010776033102601
0.05976472960351929
0.06661834280420492
0.07505786963329521
0.07500373642252935
0.07016107690361682
0.08124515068541205
0.08865055242301752
0.07067063460065771
0.050756255121957694
0.058681633759638106
0.0762072510434736
0.06863759005979303
0.04479714087785408
0.028249656343687972
0.01867242979926176
0.011956546398799912
0.007339651175397642
-0.0014775415831318143
-0.009686530627441696
-0.010905602758834813
-0.005811947355350771
0.0016747510989919695
-0.0005993005527674257
-0.008244244390414645
-0.006756236783731663
-0.0024058014039807134
-0.0022184781324161218
-0.004213358399846269
-0.00817413270086629
-0.01186147375213413
-0.010702639125962235
-0.0023797763572252027
0.007698518762481276
0.010958094257216113
0.0018385108696953323
-0.01569209369231562
-0.026048210379042272
-0.026843892024486175
-0.03339109511955985
-0.0465015661475181
-0.060816742065129575
-0.08125180809929973
-0.09603496383328056
-0.09006141000651091
-0.07935510307721072
-0.08221586628691924
-0.08913019824028871
-0.08544244855489709
-0.07419752042506773
-0.05999117806489953
-0.04492713431332509
-0.04042991982160532
-0.04255148331733769
-0.038857445340496205
-0.03928142156090919
-0.04983322809985673
-0.05565742857147341
-0.054117187728602786
-0.055630366361943184
-0.06070569125091192
-0.06747377101857475
-0.06908279641077526
-0.061916773560663246
-0.05485602663510736
-0.05652502268331408
-0.06558773995543112
-0.06711976018373879
-0.06159564721429954
-0.05743658573188342
-0.05119069690358716
-0.05138259099061601
-0.06730760493170225
-0.08175656128903157
-0.07999816882880735
-0.06635359668646924
-0.04275919723471826
-0.026690609157923255
-0.026654472968776856
-0.02967896737740832
-0.035762965566569264
-0.040173443265375725
-0.03460379430914235
-0.02581286346347436
-0.026806862129987303
-0.03141128585997009
-0.020266786784428784
-0.002110966456438674
0.0038543776112298714
0.00169568364683581
-0.0010840839066876401
-0.005555546728126027
-0.00709170830086197
-0.0022941181041856397
0.005057735740422319
0.01005713722974693
0.002874388585097462
-0.007719598199293548
-0.004283657827102435
0.007449618963258019
0.01005513120509433
0.0034154771365603603
0.0030240746908497137
0.009544561433255196
0.010888432965113461
0.00158715731500283
-0.008477544773868828
-0.007582372773694463
0.003084646016135307
0.013290597901849964
0.02175819401450845
0.037911633502186314
0.054618897760555105
0.048197452009846244
0.02603440740577281
0.018370070834937923
0.028985031708049003
0.04497839787335405
0.05503271895818953
0.056570080805893194
0.05223888293052334
0.03442850201373089
0.006411634261896722
-0.013124994621573474
-0.020624612087241347
-0.021547528149024983
-0.014682186797876275
-0.0037002687184986335
-8.103834938494106e-05
0.0024517978923395147
0.013004262360800475
0.023124361598188713
0.027445934310002577
0.0278973938000234
0.02951285709822568
0.0315428182179261
0.02987816553264864
0.026869868236807204
0.0341882909125432
0.05066794517705606
0.05285965649214198
0.04546060040806607
0.046546713122707556
0.042539974153852904
0.026379172022420974
0.017417969013976145
0.018709680129042235
0.014585633231982345
0.00503006000237097
-0.004844501846216762
-0.016568293178182484
-0.02207431052664088
-0.009343068015315566
0.012244925882814948
0.01937965181672567
0.012942526983518686
0.014609387998288637
0.025830577664395865
0.03083550190196169
0.028494590893311304
0.025279855044734355
0.022625568331745557
0.020525439076294658
0.015513810857345088
0.01045387298284149
0.012120460334822069
0.012661940950147882
0.006274428282570998
0.0005046482043304006
-0.004816021732011826
-0.012241217919889419
-0.014162553777917107
-0.011755196444709771
-0.016675285283664566
-0.026109157617644846
-0.031266617225749464
-0.0349769759361062
-0.03941974924527937
-0.03955747929730628
-0.03178219711073172
-0.022595414822390324
-0.018095222361969813
-0.017139315105111578
-0.01870854510636185
-0.020796827054423612
-0.024306661959982125
-0.026617361776555343
-0.025036503631279683
-0.024711489299915988
-0.029079620529762967
-0.04096208328541664
-0.05472944374781762
-0.05978412861571412
-0.05626918320894089
-0.04622808268616894
-0.033545164714972216
-0.02964007915323044
-0.03612661681325608
-0.04518788870489845
-0.05406517836236771
-0.056438468457131075
-0.04928278946076615
-0.0425073630946859
-0.03891627897805276
-0.03532033403671275
-0.030425260099977126
-0.024280024000111953
-0.025282326298441085
-0.03076950033145411
-0.031486971005117964
-0.028080833156673347
-0.019684117371234062
-0.011181545913778604
-0.01098136757868456
-0.01922232046736222
-0.027751580980090076
-0.025105688765874816
-0.01532079998651523
-0.011455942530200195
-0.012159858515800454
-0.011010044264822298
-0.006003301005143428
-0.0009895536908335347
-0.00046231431309042985
-0.0005388084582234145
-0.00045827435236207517
-0.004241261149386727
-0.005898389476513209
0.0065306612493882255
0.024969711882575775
0.026291450937533316
0.009220110116022754
-0.0050301562388837704
-0.004589325402833365
0.0020157413054051896
0.00826391448531917
0.018250665177834503
0.026588103413926725
0.026297252548553824
0.020775247673060708
0.01568212770342208
0.015765034655656904
0.02038629324329472
0.025515469018885538
0.02528234955225229
0.020745516601367302
0.016804286633745728
0.01110769300628136
0.00930960739944096
0.020462044429597686
0.030947120333285498
0.022444923295954353
0.009760945961245228
0.013253910223637344
0.021950800759758547
0.020801340580720737
0.012421491612859539
0.006016108089147477
0.00829149931677454
0.014656894275429952
0.014419608257779984
0.00902687196383683
0.005832650276285752
0.006553917663245306
0.012236235697340182
0.01977853007231357
0.020294157123803218
0.013498051254025823
0.011499163757241304
0.017990594770255202
0.022186097179886836
0.01876629302039279
0.011813027146999647
0.004331230089671375
-0.0032238780798608136
-0.008533377314377859
-0.009521349740618816
-0.004952199807171886
0.0034143046644892023
0.0078092508584584296
0.0033878802212599073
-0.005065105732543108
-0.010050245454385117
-0.009774053328432473
-0.004695326039268179
0.0012561615070680507
0.0014246975429104674
-0.0006902504740048496
0.00234147258781827
0.004902422508115027
0.002256724733391837
0.005148174859549415
0.013734564178906962
0.01097549097420221
-0.0008660311832518722
-0.004169735857598615
0.00042698434120162586
0.002305999433670053
-0.0026077025127896757
-0.009361805163769391
-0.013339178987494312
-0.01693641750254632
-0.016953380920267665
-0.011486549635237328
-0.006081179469027517
-0.002980202497654728
-0.0007828106553216966
0.002451633806007065
0.008281069585065826
0.011076530662133162
0.004283482998208305
-0.0011632859819020879
0.004881153395403504
0.01149730822935757
0.009909609155341491
0.006808421574174846
0.009340908592580596
0.014105550990740531
0.014995404675992897
0.01247241116826348
0.0068552237959018545
0.00013946328823023763
-0.0006692444902749267
0.004069023578070675
0.007612200841881952
0.006431058807350791
0.002036714873642852
-0.0012263383232019502
-0.0004371620056053966
0.005471687571937153
0.013255932958317515
0.016343242618144464
0.016566062466613237
0.020732912982129648
0.023905370885500606
0.020527769093859737
0.017856130827595604
0.019212440062805883
0.02126626133515732
0.022731019508301604
0.01980457902651702
0.011258901541941207
0.0036680738462375358
0.0037128709765369755
0.00795703802578472
0.006223854945720485
0.0006717758617065034
0.0017269216170430182
0.005891901421759608
0.005888936089621246
0.005389767644194906
0.0056027112584464125
0.004329384011210518
0.003193027697785757
0.004981569682835776
0.010512570690871468
0.012666640042672279
0.009096917049389702
0.008126788881261431
0.010236111797025204
0.01091450520162938
0.009343216653132876
0.0066886740104806375
0.00623393559979967
0.006575151269038554
0.0026459900181113978
-0.004173997187428335
-0.009891857412161276
-0.012029878465388425
-0.00773079286225203
-0.002188614276348649
-0.004194222655197904
-0.009569331844910397
-0.00988039532770896
-0.004745341335501298
0.0004370022814602953
0.0007306560422439218
0.0002488845872449332
0.0023299439834176994
0.003607584518968985
0.004803967429266204
0.005371047817355014
0.003015739996723569
0.0011322363695822116
0.001773093058056281
0.0032130689098054453
0.004110404223084829
0.0019142608250143237
-0.002316671574691106
-0.004932743559380336
-0.007370143242416571
-0.00903822021692967
-0.006969975752507007
-0.002051619162005774
0.003188414822148546
0.00426123186682344
-4.523859678257581e-05
-0.002826222519261846
-0.0007241902127013353
0.00293597001156145
0.0055475786908377
0.005555130071022234
0.005018121917928925
0.008023434580400087
0.013273566137648182
0.015868790120423793
0.014577181688921581
0.011854888121934321
0.00955813768368793
0.006315774873672753
0.0012056849153841245
0.0005951583357400141
0.006354536553839243
0.008630548350785161
0.004553600219214854
0.0016333216363632994
0.002994882712738027
0.007256581108938218
0.010118047677594484
0.007126439112011719
0.0014774409076063586
-0.00018125354045475005
0.005062635235909338
0.011386745487416083
0.012422180361746601
0.01168439990582401
0.01197724121742772
0.010115173807781033
0.0074117947458584256
0.006106642674423306
0.004524833133356745
0.002447113330562875
0.0015949285120903285
0.004759371357369699
0.008046556497583046
0.005217455817679424
0.0008122348344610139
0.0003515697170544541
0.00025979076001303886
-0.0015226962585960773
-0.002165846692897657
-0.002329720302252344
-0.004316533833494989
-0.004715879325063812
-0.00018766808725801445
0.00341761273127608
0.0015468955697180795
-0.000948448538258669
0.00020438277190829197
0.002176480575199427
0.003050045728271432
0.002481964564845521
-0.0014622672762302307
-0.005816546604730398
-0.006413028782484322
-0.003357848392558325
-0.000900351851106902
-0.0023366010956940623
-0.006136782810839525
-0.007761474066209914
-0.004521649674658189
-0.0010939661142541383
-0.0015154658550869718
-0.003883229056783643
-0.005572819124434142
-0.00621719025240345
-0.0046187457188683586
-0.0014373937564323615
-0.0007531657283441157
-0.0027015446289847095
-0.0036004625149515463
-0.0021414854995767695
-0.0012019975697883122
-0.0008637726858680549
-0.00019982218138311634
-0.0010656781912248708
-0.0025218697992334615
-0.0013221316055672808
0.0023178116497820514
0.0042677478555931386
0.0028364264520233853
0.00023468609792488812
-0.0005255159378552117
-0.000496050202960386
-0.00236747052278657
-0.0030266711119066483
0.0002301593196942891
0.002874021415236748
0.001532537676105902
0.0007646085298481034
0.002680202209532408
0.005232906504198849
0.007108628220298322
0.005983763101978176
0.002969504667136273
0.001723275062201296
0.001979440992239277
0.0015071612754729636
0.0014045299229456757
0.002981967677002226
0.0046992752316330775
0.004769738345285923
0.003722355502216284
0.0038531803199680467
0.004303508042503353
0.003861620921829675
0.003689336489138801
0.003306195700250247
0.002641717680560565
0.002205083884807257
0.0011682503469355292
0.0009129444728642941
0.0015138658506207614
0.0008816356483912064
0.0004078687301921578
-8.864990015256819e-05
-0.001257019470246449
-0.000987371782854769
0.00017613587524312372
0.0006832187755999177
0.000559605666217726
3.408985083849814e-05
-0.00031343483121945174
6.037826401518171e-05
0.0005613499048409014
-0.00047160346435879395
-0.0033807917822911812
-0.00476772307030719
-0.003056787123912913
-0.0032015513262960713
-0.005265224726611881
-0.0035203694239767692
-0.0006589517000509262
-0.0014994316978406514
-0.003742722406630397
-0.004483556168507512
-0.004312544535386269
-0.003783898544874473
-0.0036894248617304723
-0.005695576419240938
-0.007679421455917871
-0.007079211987499711
-0.005011366842203382
-0.0032849036110852675
-0.003055711922229379
-0.0042239312389401465
-0.004665013987541319
-0.00279066609984697
-0.0004916822902185279
-0.001088475974359673
-0.0037461935971500808
-0.004575279146498357
-0.0028619145446488114
-0.0010618408074872133
-0.0012992632732724723
-0.0027918191723534705
-0.0029529320004781363
-0.0024124485657884224
-0.0035037456271266526
-0.004005035543752025
-0.0013292733798043203
0.0005566891259366627
-0.0011178626989241842
-0.002481348244393325
-0.0008163844307068038
0.0013827794153520694
0.0014067408967195073
0.0008973926530373749
0.0009564164190806711
0.0004951182096180822
0.0006032274136987246
0.001367153411255403
0.0015626902170912816
0.0019563428573173692
0.0027546869887939435
0.003075820385067432
0.00298217992275068
0.002948853893636129
0.002694880477093423
0.0018981588556238485
0.0010732954924984612
0.0013813479856912747
0.0018590789244246496
0.0005677190958391938
-0.00031491981856725926
0.0004091452977594788
0.000849832295480652
0.0010472962188185155
0.0018042383463513013
0.0025850245065744066
0.0018655759743224172
0.00042154068996363205
0.0007316435804581995
0.0021575605728246646
0.002645699186560644
0.0019101782291509007
0.00044793436550858784
-0.0005004178214612047
0.00029173060714778666
0.0010476203664547903
-5.001579934177352e-05
-0.0014414289428893985
-0.001881471802455601
-0.00223425442262492
-0.0022641619182551987
-0.0014952707949393929
-0.001274552731269718
-0.0024581008180338377
-0.0036336365383753794
-0.003227605338855945
-0.002484386682376507
-0.0025276898052877636
-0.002773196807861294
-0.0027760410076356303
-0.0025311816438146105
-0.0026689323570097544
-0.0032155963467658567
-0.0027506919041537163
-0.0013007765462379728
-0.0014080676105853046
-0.002386461944292759
-0.002257232508956471
-0.002216506449511304
-0.0028673279309952902
-0.003776433835562142
-0.004066974433433503
-0.003419898875289789
-0.0028818379299666145
-0.0028146722051747607
-0.003350935377219784
-0.004050444392995008
-0.0035552083973993585
-0.002781630603100149
-0.002649364741297743
-0.0015990930483588419
-0.0006225190832643229
-0.0013737063134546758
-0.001968425558392303
-0.0010440005220425264
-2.660060347715698e-06
-0.00015560354708776824
-0.0004193233436992816
0.0003728656533731776
0.0008132411088591154
0.0002605240496997717
-0.00011754138996622078
-0.0002768468445027389
-9.975431834733208e-05
0.00038378422725658293
0.0002643238427249217
0.00010839993701074236
0.0006814157311873795
0.0009988762408945397
0.00022968647510591421
-0.0005063647736057807
0.0004049853482769373
0.0016538552800026277
0.0016029876624486274
0.0015978018619657198
0.0018893580580769914
0.0019529811174780825
0.0022334775951068976
0.0022790223706904474
0.001992304141311224
0.002155451182757515
0.0026865250126815224
0.002615908583481057
0.0020005164167443286
0.001476350138051123
0.0010560417474234697
0.0007577155480563865
0.0007828955779211797
0.0010531731360487431
0.0009919514219107759
0.0007594308807175912
0.0006020377137489076
0.00013536810391590656
-0.00042260249250843497
-0.00032192381571236457
0.00028042710333981243
0.0005903128548551383
0.0007449334865535018
0.00033806276852224045
-0.000430855003001539
-0.00028994055472649394
6.933284890428712e-05
-0.00028481918553672223
-0.0005794456098026788
-0.00015677896908796878
1.0271213884815e-05
-0.000940619033156036
-0.0017991513128084375
-0.0017917761823919571
-0.0018290874144895838
-0.001957527266049335
-0.0018757564945454464
-0.0020212370147755553
-0.002291062757042199
-0.0024494384863395047
-0.0026130655512604265
-0.002641498569987764
-0.0024643439755457734
-0.0020609165021669234
-0.0017267387202929395
-0.0015239382445956474
-0.0012778390059068358
-0.001613498366052389
-0.0019012682152350269
-0.0014284330343603657
-0.0010542889999521246
-0.0011399792254528605
-0.0012825234936589805
-0.0009624232440950014
-0.000688396733785754
-0.0011883766212423975
-0.0016759449760855236
-0.001316831553279867
-0.0007847943601202177
-0.0005872308413874716
-0.0005229041960082991
-0.0006935459077074779
-0.0005863717942848102
-0.00012493847582796286
-0.0001204594016070663
-0.0002932018594865647
0.00020891997802134193
0.0010892780622048395
0.0013131974752525336
0.0010635773881970754
0.0011281692898188918
0.0013456703139581158
0.0014984694570607962
0.0016649198993974677
0.0017853406333789889
0.0018896491259763866
0.0021430151449123103
0.002049345224891522
0.0014706014355001646
0.0013475874887737033
0.0016482031937989489
0.0016295928844141162
0.0015144470456447054
0.0017341727659383665
0.001788708353628274
0.0014369451395782262
0.0012987090226483878
0.0014772192584542744
0.0015867259669162554
0.0016125160034208385
0.0017700151383332108
0.0018947968629657527
0.001788362165281641
0.0015743298439185509
0.001246637133555852
0.001125390783547203
0.0013693786715270493
0.0014626822310995222
0.001082596823010227
0.0006809356976810026
0.000728225056916927
0.0005841700189342589
4.640482371894926e-05
-8.760454697668333e-05
7.400568467040218e-05
-6.666689774806246e-05
-0.0002713232905861782
-0.00039933443757531864
-0.000625102047518353
-0.0006402395752387065
-0.0005675926991106977
-0.000757282910994044
-0.0008903465131962646
-0.000723142498009891
-0.000539002387004743
-0.0006827154019055612
-0.0008846733084864795
-0.0008940865385715083
-0.0009727255847396379
-0.0010481314916346352
-0.0009622889825850225
-0.0009296329607356242
-0.001072225824430258
-0.0011395351258417907
-0.0011749856308664731
-0.001416433584318716
-0.0014837632920566316
-0.0012899344733795152
-0.0011853663006095056
-0.0011311313452383011
-0.0010225176137892483
-0.0010298833472559017
-0.0011056367272782844
-0.0009554807412824857
-0.0006836901540461027
-0.00054576392362082
-0.00041436603665644226
-0.00014429516287445648
-5.434207188254873e-05
-0.00015229817694033617
-5.772775465487799e-05
0.00013921786381597274
0.0002840228917339328
0.00045916607567501687
0.0005704866662272591
0.0005005191612955144
0.0004989909289928388
0.0006978017979653535
0.0007382084924135632
0.0007267497396435271
0.0009554338575436044
0.0010625300155569259
0.0010168315919180935
0.0011513106042087416
0.0013175374336521983
0.0013632340221991757
0.00144463797671515
0.0015524079770708433
0.0016404529448021553
0.0017288787957079734
0.0018089042842465044
0.001899120767156683
0.0019182787903157916
0.0018818880893750596
0.0018400643240195226
0.0017626080622971873
0.0017756898230729247
0.0018381877537801475
0.0017518754201623252
0.0015667042142333012
0.0014796292689217947
0.0014486830327655076
0.0012739818049852527
0.0011410999529364123
0.0011879609419377158
0.0011676587662375541
0.0010453026909051063
0.0009117360214580652
0.000762374307658632
0.0006894848883602754
0.0006795534180538397
0.0006301632213798226
0.0005352712796209773
0.0004381927205756855
0.00037650349081806966
0.00021387310271898195
1.09966462887855e-05
-1.7545198203334573e-05
-4.634862806536616e-05
-0.00018475552428433038
-0.00031290133209912937
-0.000437428366970895
-0.0005773953473801369
-0.0006765025918825696
-0.0007331341022713606
-0.0008271119476374078
-0.0009058121210741032
-0.0009068754298529106
-0.0009768662956301112
-0.0010557282635919412
-0.0010050491449168032
-0.0009705247020078771
-0.0010016926880977344
-0.001004195472685666
-0.0009668539018849497
-0.0008998818655730948
-0.0008617344521841798
-0.0008460788512736958
-0.0007844538750297683
-0.0007485096931353487
-0.000732925995676391
-0.0006999942245865072
-0.0006614522573345172
-0.0005607259626345154
-0.0004587505847775763
-0.00044117803675357487
-0.00042040097736340714
-0.00032239819390398494
-0.00021510584126400767
-0.00016085678893460647
-6.461714497226021e-05
9.369606861340907e-05
0.00019461319042306504
0.00026087427315632587
0.00033687366884464174
0.0004212708717124431
0.0005542233643046926
0.0006848620949462901
0.0007674578106102516
0.0008458277115777921
0.0009176128178793984
0.000979419998517036
0.001025593243911874
0.0010723554964535463
0.0011596519706556744
0.0012253793520967914
0.001239031913148388
0.0012603504303930848
0.0012836118228304184
0.0013027642219187812
0.0013311951454035703
0.0013447933095803637
0.0013487466191719538
0.0013498703967083194
0.0013456989584697304
0.0013285731401091161
0.0013039486475017856
0.0013053014725895376
0.0012913000970398208
0.0012414156117670093
0.0012066428507781445
0.0011759699336802423
0.0011423028015874557
0.0010859988958463265
0.0010083605411443646
0.0009523356260299169
0.000871256390807697
0.0007742610300397021
0.0006917494192789747
0.0005918081504692677
0.0005035233366686426
0.0004078867619594188
0.0002807199016027634
0.00017671716057298455
9.92249591393059e-05
1.611527837662128e-05
-7.458604135663591e-05
-0.00014555132832016836
-0.00020714453435737755
-0.0002965546255864982
-0.0003810790078001894
-0.0004488657140480723
-0.000509332502612722
-0.0005405962756449242
-0.0005771873216367756
-0.0006329832330369025
-0.0006753069481285874
-0.0007122284864056809
-0.000747099177505398
-0.0007711953287747185
-0.0007906215122836759
-0.0008062318144409797
-0.000822808076789537
-0.0008374640555402521
-0.0008447380439392673
-0.0008511064961989052
-0.000852369267957263
-0.000842580688669975
-0.0008285813164504658
-0.0008067631942156741
-0.0007829255980671918
-0.0007597674481133122
-0.000716421668322773
-0.0006514662984107213
-0.0005702638373316822
-0.0004881493469474403
-0.00041896136368674823
-0.00035070939435537105
-0.0002807956853418204
-0.0002077912143872825
-0.00013621247341615185
-6.808885375568013e-05
1.5290911208260102e-05
0.00010069176287453751
0.00018380233362002885
0.000270744145508093
0.00034448731102803876
0.00041800732241972733
0.0004973186189033383
0.0005687710311779898
0.000646276985653563
0.0007365517322516694
0.0008329989253845005
0.0009302849423334826
0.0010092352058476309
0.0010583590588516864
0.0010887103865314489
0.0011203773529079807
0.0011518630166439212
0.0011668831739546808
0.0011601146078266834
0.0011160184445255228
0.0010356426904386431
0.0009579344925676015
0.0009059348673696055
0.0008901087219562954
0.0009019519208835257
0.0009001500057460995
0.0008704690098492158
0.0008168643749294453
0.0007358642130598735
0.0006460021772910507
0.0005778097886512193
0.0005453984839009871
0.0005425645950894795
0.0005632165266141949
0.00058906218628011
0.0005686535853322191
0.0004822706476089912
0.000375285848733295
0.0003070823959961351
0.00030786635586317016
0.0003425829057458125
0.00034701769555369236
0.00029302893987251047
0.00019480874902710497
9.025692833175603e-05
-2.1183278485954258e-05
-0.00017246633250713305
-0.0003582138358646533
-0.0005538030159808494
-0.0007431940521738969
-0.0009223465483949034
-0.0010801055886646362
-0.0011620840948358129
-0.001125583286932001
-0.0010139638684987411
-0.0009224209834134568
-0.0008862022334807167
-0.0008717796265324661
-0.0008491999955021653
-0.0007824356234066474
-0.0006531849886415706
-0.0005108526772602812
-0.00038670408052491093
-0.00027019566608825035
-0.0002019018032328304
-0.00023178226418254388
-0.0003315022431475991
-0.0004283807780600884
-0.0004637155928747173
-0.00041930912452895673
-0.0003403737984687257
-0.0002952342263976267
-0.00029392352173762904
-0.0002886030179496628
-0.00025542849703405707
-0.00022810744135317253
-0.0002380337729320751
-0.00026738925162789906
-0.0002848377160415251
-0.00030000677917701914
-0.000347698297687914
-0.00041909742294992124
-0.00043901379934851265
-0.0003545595015104919
-0.0002133512622081194
-6.627503696172495e-05
0.00010217022936371432
0.00028349282623571525
0.0004599853478065307
0.0006626604348341035
0.0008947202985250707
0.0011209634163844447
0.00132053713218417
0.001453365798971377
0.0014550097538177788
0.0013107483440363697
0.0010752936755997115
0.0008134733142577013
0.0005762748343736097
0.000401273973804651
0.0003054172057888243
0.00031002454178120963
0.00041046242785772755
0.0005160774022773807
0.0005361031817489812
0.0005093369853861266
0.0005429280112631288
0.0006545600215608915
0.0007667506028129154
0.0008124560530530581
0.0007701458457268565
0.0006321584824484564
0.0003961384328612028
8.823464648227265e-05
-0.00021491625900434572
-0.00040053738197933826
-0.00039218677038782015
-0.00022164620085350433
-2.7919806632253975e-06
0.00016401664157309094
0.0002522935077059313
0.0003104605769514268
0.00039317381761184105
0.0004752819585078443
0.0004776134744676822
0.0003532295258831473
0.00010765594938285942
-0.00018745697370509826
-0.00040790945078699625
-0.0005351129310641458
-0.0006822753519112958
-0.0008379639779267097
-0.0008314189369333037
-0.0006343567070699423
-0.0004419981409128413
-0.00041021583980083517
-0.0005014981420091354
-0.0005792239360699788
-0.0005351715379651239
-0.00038228187857810436
-0.0002629361024292987
-0.0003244350576661669
-0.00056496025225151
-0.0008201585556989317
-0.0009621433155647736
-0.0010338641482438556
-0.0010789000400200147
-0.001029903750247197
-0.0008556281848451637
-0.0006668902664257984
-0.0005941804695225268
-0.0005702882891363827
-0.00044097778706074487
-0.0002101655732195966
4.30903889353167e-05
0.00027317221265038815
0.0004644710337611148
0.0006361768157427447
0.0007831073882388049
0.0008703358427767525
0.0008916528875072161
0.0008736944410935826
0.0008665481848605433
0.0008989262312856966
0.0009053816861173969
0.0007912677750007973
0.0005862506662272485
0.0004282865387461345
0.00041118198741361907
0.0005121668813339304
0.0006306585399322819
0.0006281010101609198
0.00042283142890022017
0.00012632553264745183
-7.507945352525844e-05
-0.00016233107886608685
-0.00020427865484701015
-0.00016664048437031173
-1.0515873753692948e-06
0.0002034902070453168
0.0003071106801491991
0.00029823331393272716
0.00026300643010930617
0.00025321188958675526
0.0002541191482268868
0.0002086826437016815
0.00011051503930805713
3.6980000838316106e-05
2.316484276656577e-05
1.3244181409962517e-05
-3.9700006957259526e-05
-9.688813768995977e-05
-8.462160066731389e-05
-1.0849627107800951e-06
6.543302569062905e-05
2.966909225857419e-05
-0.00010227010236432183
-0.00023924935492388547
-0.00027969967530398873
-0.00019411197226117393
-3.484738694152907e-05
9.017390902977007e-05
8.265069811388162e-05
-3.0040496143094318e-05
-0.00012659749547622317
-0.00014894490345722193
-0.00014144685027368592
-0.00013898316234971225
-0.0001237229302992549
-0.00012287652893627825
-0.00017865481456574552
-0.00024418148322079367
-0.00027242206211653243
-0.00027980284156773087
-0.00028125467208961794
-0.00029704025994862023
-0.0003582081854221708
-0.00046385606597335646
-0.0005879997044942833
-0.0007446393829850885
-0.0009807463503837776
