0.0
0.0
0.0
0.0
0.0
0.0
0.0
0.0
0.0
0.0
0.0
0.0
0.0
0.0
0.0
0.0
0.0
0.0
0.0
0.0
0.0
0.0
0.0
0.0
0.0
0.0
0.0
0.0
0.0
0.0
0.0
0.0
0.0
0.0
0.0
0.0
0.0
0.0
0.0
0.0
0.0
0.0
0.0
0.0
0.0
0.0
0.0
0.0
0.0
0.0
0.0
0.0
0.0
0.0
0.0
0.0
0.0
0.0
0.0
0.0
0.0
0.0
0.0
0.0
0.0
0.0
0.0
0.0
0.0
0.0
0.0
0.0
0.0
0.0
0.0
0.0
0.0
0.0
0.0
0.0
0.0
0.0
0.0
0.0
0.0
0.0
0.0
0.0
0.0
0.0
0.0
0.0
0.0
0.0
0.0
0.0
0.0
0.0
0.0
0.0
0.0
0.0
0.0
0.0
0.0
0.0
0.0
0.0
0.0
0.0
0.0
0.0
0.0
0.0
0.0
0.0
0.0
0.0
0.0
0.0
0.0
0.0
0.0
0.0
0.0
0.0
0.0
0.0
0.0
0.0
0.0
0.0
0.0
0.0
0.0
0.0
0.0
0.0
0.0
0.0
0.0
0.0
0.0
0.0
0.0
0.0
0.0
0.0
0.0
-4.451767790133386e-07
-2.053842455484267e-06
-5.233476652959098e-06
-8.727022362370868e-06
-1.2430207313050576e-05
-1.3096242138064156e-05
3.753473997090292e-06
4.242173868628527e-05
6.60369048026834e-05
3.019199727354131e-05
-3.1472398644572295e-05
-5.619817743280957e-05
-5.614464690110405e-05
-6.250489135384108e-05
-8.074843849572375e-05
-0.00010701833266965366
-0.00011753869493949336
-9.148801739408902e-05
-5.334131758008419e-05
-4.6156229081333326e-05
-9.678699058361907e-06
8.257494038519591e-05
9.637903777080105e-05
-5.654038094479647e-05
-0.00032024604456552846
-0.0004459446168475565
-0.0002713316675178449
-8.015288117731907e-05
-0.0001925554570988703
-0.000635438881352274
-0.0010478233867779925
-0.001163753303094925
-0.0014008055557617144
-0.0020487006398749326
-0.002737509522141169
-0.003380062530800796
-0.003990236576348064
-0.004682758261418189
-0.005780099802531912
-0.007004804149034565
-0.007899996879232792
-0.00836745016340746
-0.008885143994508689
-0.009912216294368103
-0.011164242746019036
-0.012417021587160607
-0.01328617103298781
-0.013554890845988323
-0.013872340141962782
-0.01429247351534579
-0.014705938966608387
-0.015522198036873023
-0.016912854079490728
-0.01830997339039694
-0.01884560124811307
-0.018710096941528174
-0.018881174974054827
-0.01983378768908507
-0.02168902948878127
-0.023807775310815644
-0.02554633033278035
-0.027141580647957537
-0.028731600739530953
-0.0297407969964127
-0.029443972929101975
-0.028691894577321377
-0.029950720063816515
-0.03384695297254571
-0.037499749964846785
-0.03847944023653411
-0.03784022061085912
-0.03693604338088369
-0.03597298135335071
-0.035160032193142544
-0.03309846430925051
-0.027329688253169754
-0.017428739177805422
-0.006084258568586248
0.0031747436680547524
0.009223546482719164
0.015568356138186693
0.03465841195368115
0.06950530662415004
0.11379840731054262
0.1686731950444778
0.21711477251471878
0.22430658755531768
0.19141739471919542
0.15795523858961916
0.14267378809657558
0.135438979357823
0.12335442857612217
0.11082998452250241
0.11226960534103875
0.11766412374379594
0.11176368817449141
0.09563406430597549
0.07287058251763845
0.04057847405607296
-0.001909824876486485
-0.019156174451032144
0.023210573559657454
0.0754106206207851
0.09602839326371947
0.11047386194904664
0.13431335678016404
0.15482418623834804
0.13512805084146373
0.09619903061786694
0.08912332874451386
0.10460752936454583
0.1277149833824927
0.11555882044286643
0.08034065203570309
0.08914708596228958
0.08955024220027118
0.04956253651697432
0.04266904803028926
0.09083468761137196
0.1386393548295971
0.13176780276772224
0.10293337229905701
0.1208355766242528
0.20120349548269414
0.3410647794660966
0.4514564274585576
0.46259493468845087
0.4507168828602145
0.4351636415376217
0.3939267020791485
0.39714891226469046
0.46926054372721676
0.533513657067063
0.5490779706144288
0.5186299660774804
0.46149166117858964
0.4311158215146051
0.4193884219264674
0.3483198890141328
0.238565150079257
0.18168824591190197
0.13636405382479408
0.07583086216260931
0.10181623659019501
0.19959085758996567
0.2676539959171073
0.30921079371403903
0.34603428049064555
0.3232621356929581
0.2322523992667578
0.15894353387936253
0.17024207125871496
0.25947602822529786
0.3266547997900391
0.2967894396648153
0.2564344435126179
0.27768641881994804
0.31440205818889255
0.3026038503166376
0.26713809659541804
0.29303577026635114
0.3383208521976876
0.3140561039658826
0.2665480649596681
0.28909296581155264
0.3607195445637196
0.3792522321462708
0.35597321331491355
0.420112481504204
0.5695103907504262
0.7099523740679271
0.8000284878169542
0.8326752897623454
0.8188254882785282
0.7446562705884784
0.6256798723321119
0.5298184994571233
0.527430029093777
0.6026170338903459
0.6429204423031539
0.6232701986918245
0.6098484814191538
0.570354636168443
0.4451033395999876
0.3001745900117513
0.22952169695194133
0.20612585389752613
0.16908131222472106
0.1991953752691889
0.2886617460555207
0.28946155499936405
0.20794904176722098
0.1257781137700659
0.09208816983193871
0.11246214764102855
0.11369070749978752
0.07217065916534757
0.01947301417339679
-0.04480229190730639
-0.06577607257960011
0.009930285331790701
0.09384421574143409
0.053537421335385936
-0.11099546865185592
-0.23880073845054017
-0.23832548026172448
-0.17596357981441033
-0.11323629789469823
-0.0842687028600447
-0.055078715366953045
-0.0032688207551950783
0.03101189317782436
0.07446387015003175
0.14412117985015957
0.23978986853215012
0.3628193506127894
0.4815775475294653
0.5525843754957359
0.5518125845178247
0.4815643987512249
0.40883320603761364
0.46134161035872756
0.6469475292965904
0.8130562770372377
0.8868995666522738
0.8459577490801414
0.7338104787725569
0.6785390263281879
0.6948766048536561
0.6720573752521195
0.5902137544852473
0.4901400807058109
0.41206250181378373
0.40221361371454156
0.46394758620840615
0.5749895301683606
0.631041618950425
0.5323182741960455
0.3736016932235053
0.27015516890472924
0.25721660508117833
0.27148726421889235
0.19267761885403817
0.09682044118179238
0.11947220927231306
0.22820103962133817
0.312545894501451
0.3042446838202352
0.25656589444242006
0.24772053123144616
0.232214345516155
0.17611235331315345
0.17600726920283322
0.2521422019015629
0.28146580754320893
0.20985032491197092
0.08857848403345059
0.030155811741797964
0.08281846505791671
0.13440635009734797
0.13910808944464656
0.1172812952007357
0.059644041149361296
0.05199334107236856
0.11936020120125984
0.16804394214196677
0.19832494229243694
0.23326855079260878
0.21959804289070056
0.12444239169355036
0.020800298675887934
-0.032620835609849415
-0.0917889652571413
-0.1696506002528721
-0.22066199862385794
-0.2584408310181483
-0.27540674723471453
-0.2516232050092183
-0.19414096022099672
-0.0762233882216033
0.05377828867728226
0.10548622073163066
0.08311608854621746
0.016167484788645475
-0.056006168303542145
-0.07098143178601214
-0.061767840226778725
-0.07753711155214008
-0.10012592482794863
-0.11481913603432319
-0.08133116593955199
0.010219381348779331
0.11122363765647644
0.22492223376538029
0.30796360378764015
0.26278859464226056
0.13740750819213016
0.05507639265587732
0.02784367726010726
0.012793017188972083
-0.006582527598468096
-0.057568704201281254
-0.07963576829032142
-0.022847847751207254
0.019355256849612118
0.01650245656679228
0.025649864759338642
0.061089736326262266
0.06572172987290366
0.04481388550515517
0.06503574647389818
0.07281947305092497
0.06316073867337868
0.08612842974588723
0.0815234840964099
0.0421523267588343
0.061625845382330666
0.15078623385067075
0.2063056690673543
0.18160328126619735
0.09430088681694694
0.011497250206585326
0.05580242378021595
0.20931715040154641
0.3292103045086716
0.3450835439391767
0.2609831954966726
0.15685225702495914
0.1146041812875908
0.10761059557693507
0.09234850650509067
0.06555333588631676
0.05725973742605966
0.08427353153901372
0.08168744911156442
0.06718181910949282
0.12171799513084564
0.21741668806891987
0.3170241171561743
0.3620187237269508
0.31925555928198995
0.27115319231707485
0.22843124504557322
0.17554164905711106
0.15535346375233533
0.20882777472591962
0.3416080204650794
0.40837313814142384
0.3120038122978098
0.18485208520628188
0.11624679425297446
0.08410441575131303
0.11817741205065081
0.18323626371334864
0.2090291066943701
0.21418922797438497
0.17490394424924
0.08505893166368682
-0.008684292884524035
-0.05741105233493294
-0.03835716757468076
0.01845422723880517
0.04970504665244077
-0.011516729318991706
-0.0993138622413044
-0.07621178663758096
0.0044328627837104395
-0.009730134999956492
-0.08509747203718644
-0.1324807617473447
-0.16569804108482591
-0.17426964824827143
-0.11635458630433848
-0.012052697788233094
0.09544087198941342
0.12224352494574219
0.05628852141961909
0.003328561646279246
0.0153347645152785
0.02957166657172905
0.058462339152166656
0.13544462764304308
0.17418423234495115
0.1274808253215056
0.07259744608842654
0.052269807002475126
0.026975125873826947
0.019031475365244094
0.06227210347099134
0.0738702621057754
0.024043868162007282
-0.00396501314666
-0.0414887265939092
-0.1300272386511964
-0.21697279019698568
-0.27958066561317363
-0.30663367338487807
-0.2982273649297086
-0.28873444528371633
-0.3168268544598556
-0.3654024792004969
-0.37241591152722126
-0.33407336058973386
-0.30919473087353144
-0.2977863021926707
-0.2873611362636681
-0.25315183038484684
-0.2003231992349146
-0.19889583441271252
-0.21287465598272276
-0.22190310141638928
-0.2515260323752011
-0.23468683900977455
-0.14405997812695592
-0.04967449145437584
-0.0004358207883986534
-0.004170002386003904
-0.05734003208948328
-0.10822482212242777
-0.06376273965327824
0.020214165356810004
0.005453106535704598
-0.05591760362131518
-0.07629129407438673
-0.07810485932725536
-0.06333261190462425
-0.01964433651298298
0.03673962230533827
0.06845835170161839
0.049982607848002215
0.0006851523629614596
-0.002828357314825539
0.08017160412449312
0.1679239955737691
0.1882041779466461
0.1538642245796027
0.11377877010491398
0.12168635570844447
0.15691306817889764
0.13806399066325703
0.08859996702940186
0.0518321529390222
-0.03805972933667014
-0.1386446031569672
-0.12705117942479677
-0.04816561774589913
0.015046270783280717
0.07207597796450889
0.08598901323910252
0.036136486968567076
-0.010296166479904348
-0.05311121028840824
-0.09131207814389045
-0.07795856814615744
-0.038446057721924304
-0.03287018038542213
-0.0782376315797747
-0.10606304937792163
-0.04365825364106951
0.05812070689084828
0.14202366734541472
0.1739362914784647
0.12446031046281913
0.06380637882588619
0.052619092735195785
0.08569743756585387
0.11645818929560174
0.11588117953620523
0.11930935164444023
0.09896415796432767
0.07033139511338368
0.0875432588811513
0.1134370597636798
0.13797542975866844
0.16313409952177163
0.16305010217269256
0.14048201536629962
0.12019537237598515
0.08529412005944852
0.052619930097303286
0.05771806139446004
0.053533752119059454
0.00014744205159277404
-0.07269008082238061
-0.10444768573544971
-0.06930201242477092
-0.024786878936240608
-0.03742584950317138
-0.06698836978632826
-0.0641390848136474
-0.04893103242326936
-0.024102800001186444
0.011688011781489966
0.03625420221532279
0.01841039988342527
-0.024403096115144452
-0.041594111316264525
-0.04776786708952851
-0.05454237030493669
-0.0418886882334301
-0.02275879182109348
-0.012644022621377477
-0.021859166671807935
-0.03626495349679282
-0.009673234802261467
0.05366714070673176
0.12467502463091627
0.1284570364273318
0.03810354265632586
-0.03328126509066715
-0.047120699388584514
-0.06094506482712172
-0.0702657908377686
-0.06278323870993725
-0.0659047020009573
-0.07926784668378711
-0.07608891211320332
-0.03922071472586714
0.020584073553123663
0.07683495348908606
0.10498101182524187
0.10357455176486102
0.09812376761935616
0.08279444838154189
0.026414318485334144
-0.02731086302556597
-0.012698450080347786
0.02940005410602638
0.04028282250910948
0.019754438863053343
-0.01624453073931501
-0.033669679143771315
-0.014474803585177273
0.017180035387148
0.027520915670311688
0.010976837827221005
-0.016991588353846582
-0.05919448809311551
-0.09431942327412197
-0.09237783340739218
-0.08600855581594902
-0.09645811425675632
-0.0937183578341198
-0.060774489933295546
-0.025010881964602525
-0.006044399985481719
0.011003167533896302
0.038433203646780864
0.06850876497445957
0.07578719037274667
0.05914820045101242
0.03694695063207728
0.011984960365873189
-0.012850550401405862
-0.025750764394369983
-0.024922357335536497
-0.005043662595771573
0.03145701669186161
0.04915091359568721
0.034363462140519045
0.03796422426179676
0.07700573377571789
0.10885445284207926
0.11634358671589366
0.10846258903363332
0.11319171157372276
0.12795074892407943
0.12546267348501355
0.11619246679278482
0.11859313416544459
0.13337616939820116
0.16449304977143714
0.19843751573603732
0.21453701331103822
0.22081077099118673
0.233099703090566
0.23312164360325133
0.1964360567208365
0.15324016107681762
0.13350377832229
0.13099263666299008
0.10563516784113519
0.029798781918870115
-0.040803313682187876
-0.05404844371707658
-0.029361774889043672
0.014383395943292935
0.06278398355939892
0.08023836940342254
0.07510560543105013
0.07296809063144005
0.06691232106795636
0.03581338682199033
-0.022764414402080095
-0.0625788050862076
-0.07267763332479513
-0.06397625199540934
-0.021192429025492628
0.01939731526745647
0.03552291422417564
0.05259130277889521
0.08107694506117166
0.11403682833890773
0.14500901916378034
0.17692374217927684
0.20424824422919513
0.20639088310013978
0.17175709653627744
0.1234737272737333
0.09005929984273989
0.11348680529497827
0.18192033872853594
0.2151786875605019
0.22890534456762884
0.22404093020616386
0.16501925575493306
0.1222512648362966
0.14421270340432396
0.20408658349731104
0.27359705608907453
0.3114569669266824
0.26387918751922185
0.168976608103816
0.11776678014413253
0.1309868949654026
0.14231888245395372
0.09180775835130016
0.033868305997849006
0.026214606781448404
0.04287416988509494
0.06636145765366079
0.09099169441204197
0.12174500221083519
0.14705693675125073
0.12542565139875994
0.0844478862481898
0.05600673864733032
0.03729585467630014
0.035393509094368836
0.025486704756385512
0.010224850021992827
0.0517884505195726
0.1430158903196407
0.20490130300413675
0.19840086362607584
0.1989836247489648
0.24967880327514141
0.2764164888741349
0.26884678319767097
0.2612116178848059
0.26310589720679417
0.29070185404821336
0.32262025415266676
0.3092995776301028
0.2656556524594607
0.2570117059597585
0.2776763724782796
0.24920689952315161
0.16793234478625044
0.10122970873008547
0.0607216290681718
0.028326119697922085
0.020585142301016164
0.0647987536825679
0.13519507974108222
0.15313801185247483
0.07416990614500525
-0.04161263216951285
-0.115771098303532
-0.15193519003752975
-0.17035989176284047
-0.17686468251952234
-0.16452616317654756
-0.14135799424474502
-0.12767438918703575
-0.10669401744302776
-0.06916115330518605
-0.0143533469044079
0.032074865624267215
0.03334217635833526
-0.005647989907705841
-0.06441514392577194
-0.09639356134481047
-0.04628211998353782
0.05935250598427372
0.11852306733635892
0.10669177362734061
0.08875653807031667
0.08022569110254568
0.06730070521231458
0.06308568075638704
0.053848640129923214
0.044152803480129815
0.06684622783672303
0.10511850164765259
0.12340920099964367
0.12579661060440697
0.1355115395664716
0.12188701501752053
0.0747602513347723
0.04723164413869182
0.048584908304372766
0.046942500051761295
0.021970496148291038
-0.020305983581574667
-0.06703835482738092
-0.0881259572426749
-0.06704473755657235
-0.0544131208162329
-0.062408100966357426
-0.06311831322780011
-0.06770005375501625
-0.0971354272401772
-0.14470224073892354
-0.15556936446873873
-0.12413978064969679
-0.10786348899079506
-0.10538280087650266
-0.09933747654857855
-0.1002734638614014
-0.09686449964264596
-0.08698875513415255
-0.08234069998054341
-0.08825863475851348
-0.09834377473246354
-0.10151335731406219
-0.11459721743897033
-0.13274489332547185
-0.12682629501286835
-0.08946691901541132
-0.04857208497316082
-0.03665090273798448
-0.056561407025323765
-0.08254377699379532
-0.09494962620285012
-0.11199068484390798
-0.135159415491919
-0.13419627238070853
-0.09008466370263764
-0.036563566378081995
-0.02961617751504204
-0.06206923355820727
-0.08568050033762077
-0.10151540891796951
-0.11508665725364303
-0.09814669460465217
-0.05254130515342428
-0.015694625501526734
-0.013803141591439055
-0.04181999500190515
-0.08083879705045591
-0.08988783590269606
-0.04493559697641194
-0.0060935606985227375
-0.0317723655890318
-0.08027729218298371
-0.10642276649640418
-0.11375048208110167
-0.10858187496349724
-0.09400929330969253
-0.0686460961599573
-0.03592556616750789
-0.01275662921849484
-0.02168641399383407
-0.06312448392673176
-0.09661084382465042
-0.08883478983462746
-0.0600752495011263
-0.049072368340828246
-0.06823120771242466
-0.08540455590405346
-0.08553797211434945
-0.07993758134911534
-0.06071466457157694
-0.0372567629906276
-0.01409611781797374
0.009359345838558285
0.006615912093540281
-0.02717347758126273
-0.056125863190446726
-0.0639923633452452
-0.06694803754197214
-0.06299937870423766
-0.03600537220987435
-0.007556596108188077
-0.013055136713604172
-0.03359653369327817
-0.04889605026493476
-0.06261219886241084
-0.052728040890168006
-0.019633846531267856
-0.0083492643052838
-0.026821096201236915
-0.0370366649120664
-0.032301915616941825
-0.023310557586403286
-0.003961355565580667
0.01906620123480708
0.02836518381644672
0.019055621547860026
-0.007061085618770479
-0.04104991447861821
-0.06763620687001472
-0.06862271955297342
-0.04098395743488085
-0.00780339241315983
0.020569318485416956
0.02439392848099093
-0.002057293399807115
-0.019890021192788283
-0.016098648823275143
-0.009091039760702956
-0.007529717407489167
-0.005589075866870173
-0.004065459969748033
-0.009595655168877422
-0.021489238764884126
-0.026400974534020447
-0.012820914658099841
0.013229170972313119
0.037272166330386845
0.04187216239420097
0.02206827931002963
-0.008715674197157016
-0.029264724481271372
-0.02902020933837181
-0.024155742268834275
-0.026647389359334483
-0.023069243354825384
-0.008809461803683406
-0.00539855374191874
-0.021446386847822827
-0.032743289684602286
-0.02957793044809196
-0.017896542730299253
-0.007596723413897518
-0.015459386841942153
-0.02199316228336193
-0.0007585402380168501
0.025876622530393304
0.0247768626671296
0.009371469880114475
0.0073195747337977705
0.009507620198299949
0.0014594927223251532
-0.013942199772325777
-0.023851312498490002
-0.01503401415959127
-0.0019625594685989383
-0.004837120623358698
-0.010070292782482402
0.0011226984829378463
0.019167251196551587
0.013549338952624558
-0.012932250834558342
-0.02367423826108569
-0.021366373893692
-0.02676540013926436
-0.034025611415046945
-0.03389900986656302
-0.0220640463044451
-0.009513961814076544
-0.011248162285446502
-0.008218648369250927
0.014067521172822462
0.034484936321503734
0.027936485923881666
0.0072122728846062585
-0.004822703971091643
-0.016809508667063783
-0.028780158416206854
-0.02486500875937749
-0.009726430577535352
-0.0026762593944833373
-0.004345984006581986
-0.011024320111218374
-0.01941027618341795
-0.01182115693197279
0.012234251124114576
0.029393606052480193
0.02867177297047457
0.013880015875009954
-0.007773973073864627
-0.014757626724530341
0.0046582957741326475
0.020902473438556446
0.010163234791668333
-0.0015759712065883903
0.002921021620049966
0.005359979974249966
0.0056319331103266085
0.017774042252687833
0.033254019739572496
0.03489912208139904
0.022143066485405434
0.006669178464890778
0.004141215473326849
0.020693732182609406
0.034615424786134906
0.019672007807676067
-0.009645574239862916
-0.01974497703134918
-0.011660971790243977
-0.0018907227399663825
0.007640047473173469
0.01739806606257509
0.025578943871060838
0.030229277256096802
0.0206496414530688
0.00808437970722828
0.02482569095471356
0.051710718805887734
0.04575555260731552
0.012549129780599683
-0.013639976499637859
-0.019651893149971535
-0.011939223070157833
0.003775811820359528
0.014898133311974046
0.015626997425133862
0.013818355093854597
0.005370070341232009
-0.006663830307199265
0.00107378549007789
0.016768205695018874
0.013727612210867228
0.001953929729576829
-0.014824851000765268
-0.032892581474276934
-0.027691432658107206
-0.004152819221454051
0.010364626175698288
0.012881202245832264
0.014888848211322235
0.01724768209205198
0.017160511144443606
0.02246723562601361
0.03211999836809879
0.03155687642623773
0.020932507714277983
0.00530669150295635
-0.012937986702223406
-0.01751837517538928
0.001087320462212439
0.01656451235700197
0.008038277350766915
-0.005913448413065904
-0.006698906328377436
0.00027056005997902705
0.00990912748542932
0.02202548615031388
0.02687677821904418
0.02499779515011388
0.022793059032513777
0.015789452191965488
0.009931217712878072
0.018847223674060765
0.032790036860910275
0.03063776960343511
0.013652792522983377
-0.001313649775373904
-0.0028628579268031615
0.008883682847437116
0.024473091013760107
0.030361383124332765
0.0231543957088225
0.012840406370327004
0.001835420238451913
-0.009373310299904276
-0.010287760768826013
-0.0036632059270219996
-0.0026603758364682367
-0.006736142907011749
-0.010327584428179529
-0.012111917604738523
-0.008147407971626455
0.0019594353258065482
0.008940180360796277
0.011015324353465973
0.014248822450000698
0.017094152748630593
0.016822519818160214
0.014397905006904127
0.012475317481090363
0.010022003792912865
0.00404360132178082
-0.005183585788328681
-0.01039490952324852
-0.0004781793594819388
0.01565196708985759
0.01818476599871039
0.006233326813091029
-0.0045229725168812055
-0.0019035418132925593
0.007325165190564174
0.01122892316217931
0.011453730465969853
0.012063286098071155
0.009670573703807151
0.002056836610888173
-0.004909703134284924
-0.003362955306157454
0.005209677216117547
0.010173243118623469
0.005925462495180395
-0.0015081196538759395
-0.004694986272386194
-0.0037654121438062695
0.0008580188699305129
0.009979133676265954
0.014747830557998465
0.010632916415397386
0.0019415459336206945
-0.008263419349031968
-0.010960444808229365
-0.005077717558868853
0.0005428409469644106
0.0033419780560684006
0.004375418608845394
0.005449123251920324
0.007825037704633265
0.010293455266893946
0.011165579319791428
0.010375610871096742
0.008341267245163876
0.007274067853881779
0.007331286096095771
0.006296117959223891
0.005652347698740785
0.005531771590332526
0.004210307296638987
0.0022570557147838168
-0.001039380291480825
-0.005310203435836274
-0.00517143778970843
0.0023499621904383805
0.008674965619342815
0.004271247591970493
-0.0053646343412048665
-0.0077623528268981005
-0.0018071936017908974
0.0025959217285429926
0.0022040280222380662
0.0034346944765317705
0.007791536090765348
0.008033895227684195
0.0042314777562433535
0.005012220846621198
0.009795135408350563
0.012429791359972681
0.009955467445445617
0.005654887603791416
0.006389116672043348
0.010688795354349327
0.01202477442426658
0.009295241543812552
0.006485496369470705
0.004444634862597809
0.0021072363640601338
0.00044991686751969645
0.0004501915328772202
0.0024320261227254642
0.0044912251964998404
0.005149885859715684
0.0042440489569296625
0.0031980307642227967
0.004169457705547878
0.005423265393177296
0.005201992513868156
0.004002545830289093
0.002918305031516499
0.0019334126893642408
0.0013617234181725593
0.0033430564106457857
0.005470416681628757
0.004908535938385282
0.00356012558852195
0.0030440170734372914
0.003274241834061963
0.0024424312788951393
0.0007695792231056213
0.0007566581060988749
0.0020135384092084974
0.002151354615712247
-0.00034184076420208854
-0.0029801557230430217
-0.0018055231423202206
0.0011315507575785267
0.001255750206895121
-0.0006229008111622251
-0.001145218778082131
-8.742512146763085e-05
0.0008017415650864818
0.0012061041116242519
0.0006580431938395702
-0.0006976884016873926
-0.0019720322869359345
-0.00355807951379919
-0.004086334302577206
-0.002472294916800787
-0.0006643400698052946
-0.0010612850488185162
-0.0037636227841866795
-0.006506869380544448
-0.00691227707015416
-0.004876258464708491
-0.00267626743844599
-0.001712340731997463
-0.00132374327149842
-0.0010306731687096814
-0.0003442519702419893
1.2764303118068259e-05
1.9973003610515092e-05
0.0013043019141006026
0.002381875141930421
0.0017740666326037122
0.0007067620140641023
0.0007300755179792087
0.0009428802620774779
0.001225279404449185
0.002632747838579685
0.002964876852745237
0.0015316018367336783
0.00011228246162212042
-0.0008315012947757845
-0.0006959646820332807
0.00010820652885713614
0.0005474889366153076
0.0005695429537317777
0.00043895941516407797
7.650824319579139e-05
-0.0005951877728568347
0.0001562315764087674
0.001967119165571897
0.0024301793666507607
0.0017966342545872825
0.0016037085268734222
0.002109521770344297
0.00271997263715311
0.0037006424105994443
0.004684194791269686
0.004635467148501214
0.004224273155358673
0.0035719529560479554
0.0029671486548649016
0.003763047424499643
0.00476267270520623
0.004340367542601976
0.0030910618443390054
0.0020072969683316098
0.001382687065560042
0.001839434104533122
0.003197391045289229
0.0034865017382027146
0.0028499857297156553
0.0024160078076293444
0.0018694012688982927
0.001739418907045936
0.002037198600036195
0.0019428946300070373
0.0019487029872045046
0.001923869135313873
0.0011086269587451646
-3.302696133969754e-05
-0.000393155797982923
-0.00014617005854189715
-0.00020976287170811758
-0.0003718786114045772
-0.0008836855699739443
-0.0019281046412386086
-0.0025582349006857494
-0.002741185910850405
-0.002805160742774101
-0.002707930266914643
-0.0026227643331024316
-0.0025933791519107893
-0.0026160328491855226
-0.002572479280728281
-0.0025007116597923844
-0.002181534169468148
-0.001534635535726238
-0.0013102563178812112
-0.0017309771189436944
-0.0021357376250387664
-0.0021675720685486125
-0.002070385722174322
-0.0019136616086100646
-0.00183700840575126
-0.002318398430339337
-0.0030046717475060683
-0.0032572289812604557
-0.0031603781737590915
-0.0026929752073910555
-0.0020363330054191018
-0.0016692318390453752
-0.0015945042750214527
-0.0015444271628743712
-0.0013800785629685508
-0.0009276923807457265
-0.00027602885490653114
-1.6949358787127703e-05
-9.655120435428799e-05
-6.468658813918346e-05
-1.82910789010348e-05
0.00023368686587882712
0.0007115984646483233
0.0008380413696273442
0.0008069072560554752
0.0009643099322100343
0.0009770508831056651
0.0008196775255392371
0.0009460736357754425
0.0011982742826209178
0.0011813165447020957
0.001131833439946152
0.0009932455383085475
0.0005620306238956794
0.0002346656264695923
0.00020039875590771393
0.00028187448504808844
0.00038375899571520684
0.000468544443071995
0.0006047748554101386
0.0008260623442831734
0.0010571165886931778
0.001047843254915206
0.0007612009338813814
0.000527844364311495
0.0003584407318487403
0.00013335560000845266
-3.273009258331477e-05
-0.00017415014140697478
-0.00036469657748180713
-0.00046507784057047964
-0.0004100761368082873
-0.0003267575517306327
-0.0002974886433839086
-0.0002666242552532471
-0.00011845844672337603
0.00010042351618490432
9.205128601031195e-05
-0.00019897674560702232
-0.0004246734701655904
-0.000487876105350784
-0.000627193303681206
-0.0007754246905927804
-0.0007336100196137513
-0.0007594805017667296
-0.0010520828341203361
-0.0012334811615226258
-0.0010838018832084705
-0.0008814863872579006
-0.0008734798051102124
-0.0010894943776465701
-0.0013539196510965299
-0.0014055756577478478
-0.001250396441219613
-0.0011693059428356247
-0.0012144763878276716
-0.0011902802032468613
-0.0010758831691206928
-0.0009857025634855887
-0.001031812761119186
-0.0012766952759693257
-0.0016491590928120843
-0.0019000015949649787
-0.0018399193369446076
-0.0016453460782478973
-0.0016536426507896551
-0.0017788205252637264
-0.0016983607370556078
-0.0016324811913956733
-0.0019960899748876783
-0.0025162493989502087
-0.002725698197385488
-0.0026391766135733644
-0.0024404893152683927
-0.002188748269404873
-0.0019497562546736135
-0.0017847733214655414
-0.0015790662947345099
-0.0013453819080768298
-0.0012014476153135883
-0.0011457519481788123
-0.0011735763646214543
-0.0011744997698140537
-0.0009281601331237435
-0.0005698343733894682
-0.000415785276338337
-0.00031110891369452064
-7.432966106332119e-05
2.2073381836466634e-05
-2.535969493238785e-05
0.00012729696565702756
0.00038995737060338866
0.0005212590410506192
0.0006384318953340466
0.0008973187761804498
0.0012532622139752902
0.0015707303219981471
0.0016609806985857635
0.0015242104751204888
0.0014944490149877297
0.0016676111911391235
0.001758733913095044
0.001669104701145471
0.001596211494142626
0.0016789107712172472
0.0018132534274089747
0.0018804067684012507
0.0018187491470850357
0.00156029100330976
0.0011737252864036738
0.0008511315132750162
0.0007187658504187093
0.0007054226422130652
0.0006562657449889384
0.00048633774434822297
0.00028308055260234177
0.0001775916150383921
5.324142117311609e-05
-0.00013745459289111735
-0.00021088471051573142
-0.00019346086129069
-0.00024555653239605825
-0.00032671786078645597
-0.0003652519025842874
-0.00043643360742228555
-0.000585393094852269
-0.0007150884222645095
-0.0007881399524940037
-0.0008030287163946373
-0.0007377286363507034
-0.0007321320041579469
-0.0008831074135208219
-0.001018381838664982
-0.0010414859266842146
-0.0010984447679817883
-0.0011296629901835513
-0.000973206543837717
-0.0007825669870576608
-0.0007241362930697877
-0.0006595895405709865
-0.0005144436426373635
-0.00045855436304393613
-0.0005555596698448432
-0.0006849344136232938
-0.0007089976845595813
-0.0006619833764324012
-0.0006465024762396427
-0.0006500060897867872
-0.0007070912602859181
-0.0007981424074713955
-0.0007875973127401971
-0.0006919161098381971
-0.0005975090111175252
-0.0005406932730290507
-0.0005318630898133251
-0.0005191728898795811
-0.00046831373066298025
-0.000416622494079879
-0.0003563668497805939
-0.00023034046360760968
-4.686098982775465e-05
0.00014271840647358595
0.0002882298647486702
0.0004021881244233131
0.00046064867339266777
0.00042446789634068135
0.0004058539596238889
0.00048597544842365675
0.0006455150153502005
0.0008111692493405837
0.0009192719970753067
0.0009924297165018509
0.0010294214308758072
0.0010300356105643386
0.0010416350301226172
0.0010510526118744526
0.001080961690849048
0.001161429877285819
0.0011409828424401934
0.0009917602158804272
0.0009109104977854171
0.0009159229478944245
0.0009492476637428881
0.0010641573658817394
0.0011626291948177597
0.0010800557943292407
0.000887538152184935
0.0007590353668164978
0.0007169310689972996
0.0006802430890787571
0.000641727076587152
0.000659986221831736
0.0007618866138272338
0.0009089712845744705
0.000970635748974199
0.0008315762895591151
0.0005650049297395223
0.00038448820621266727
0.00039130348794853636
0.0004515961154627885
0.00041505905622166004
0.00039552595506421476
0.0005361396258997932
0.0006780974376043883
0.0006748835447186054
0.0006064516388843202
0.0005559398940907688
0.00047981883805093395
0.0003180440448821068
9.22853770002788e-05
-0.00011140101215264391
-0.00023104831388535982
-0.00034898519692397876
-0.0005802301757983105
-0.0008510990362689195
-0.0009449819699947415
-0.0008994831094647239
-0.0009666227627911466
-0.0011767215016842015
-0.0013774231137253107
-0.0014617176032029762
-0.0014776967563706134
-0.0014922797998007044
-0.0014400289393433688
-0.0013236783292194505
-0.001196993378913939
-0.0010312525294064324
-0.0009300734559469062
-0.0009533655223507805
-0.0009290030719383515
-0.0008531171014990606
-0.0008001211813691881
-0.000688095968295293
-0.0005936846923210871
-0.0006302228760437885
-0.0005826628399832777
-0.00030973515899622775
-3.5530292631517935e-05
8.286195943330681e-05
0.0001430961411770019
0.00022007546611664043
0.000281624439467644
0.00035589489829792605
0.00048381419531584314
0.0006515296947973905
0.0008659691745601199
0.0011199971028678216
0.0013302073497608903
0.0014013105158901943
0.0013795920541963473
0.0013755027289437357
0.0013685109650941496
0.001269591902735342
0.001145944409039859
0.0011239124206041341
0.0011011639416485803
0.0009402654006637377
0.0007272864790571866
0.0006121842737320758
0.0006289469899510078
0.0007215345440027936
0.0007877037026233587
0.0007887123438945796
0.000785065752443471
0.0007735010551857803
0.0006735620144277174
0.0004988207317236593
0.00040556427659349054
0.00046675403917436134
0.0005867469544111753
0.0006326461084907655
0.0005444078712019871
0.0004050343577076316
0.00026464577724519386
7.841446034935836e-05
-0.0001240736184096505
-0.00032542877160998646
-0.0005101652045042035
-0.0005577673785328274
-0.0004972147696488863
-0.0004721556801775446
-0.00048396416464525373
-0.000539482230676158
-0.0006526028251214561
-0.0006865001259969734
-0.000597084829307734
-0.0005422980690795085
-0.0005552774608565229
-0.0005301066238243289
-0.00047375737154932765
-0.00044079290670072775
-0.00038183958522145287
-0.00025906943218359925
-0.00014063369463985877
-9.1606414283373e-05
-0.00011799177723681481
-0.0001909918111156333
-0.0002680095419446558
-0.0002872290064539761
-0.00022789166399807384
-0.00016963383216278178
-0.00017427515458735861
-0.00019553350315133121
-0.00016495343769801286
-0.00011987277236955523
-8.924670154815668e-05
-1.1019576300732736e-05
9.783723733839215e-05
0.0001410193593132205
9.281297518677307e-05
1.3754457778673014e-05
-2.958914767507183e-05
-6.510988109505554e-06
5.3079396948599266e-05
9.045693312916739e-05
9.677363281746934e-05
0.00010951149974882854
0.00011730411365141758
5.5775550795925e-05
-7.599139147013114e-05
-0.00019068117939888916
-0.00021110186501072377
-0.00016976583274749387
-0.00013052224242484305
-7.505613434516171e-05
8.543539390462458e-06
8.437200969266542e-05
0.00015421633921262537
0.00021655706085412323
0.0002653867918318937
0.0003409141774810658
0.00042937960533528664
0.0005008692807647786
0.0005960207485725634
0.0006921196040579207
0.0007152647682229449
0.0007051735817397283
0.0007253516899756874
0.0007299430805473705
0.0006899597839369018
0.0006729341382933269
0.000678843909783065
0.0006219996129568461
0.0005055973470121571
0.0004024613106739275
0.00034845567988347445
0.0003479737431327952
0.0003874693495959695
0.00041562752094412715
0.0003773838255943009
0.00029290915077711827
0.00022970265430719526
0.00021114890187133714
0.0001806204175711617
0.00010552969562608424
4.852340941468201e-05
1.1655889129222573e-05
-7.39121476295494e-05
-0.0001984899928648609
-0.0002973906678685342
-0.0003613636544193461
-0.0004260862473660946
-0.0004999012345985364
-0.0005783119397875673
-0.0006695276667162006
-0.0007715845947141036
-0.0008730119300930232
-0.0009751022594308212
-0.001062937959943471
-0.0011140996300800451
-0.0011492448138376967
-0.0012058214062074695
-0.0012588091288395606
-0.0012419423135831685
-0.001166671694148769
-0.0011061073264209257
-0.0010854587338367404
-0.001097118696749758
-0.0011386957365921966
-0.0011706410527153506
-0.0011656488441576102
-0.0011391007240514044
-0.0010900574163927297
-0.0010365132161643325
-0.0009901616807918546
-0.0008992601286199782
-0.0007720625972314985
-0.0006967271352863298
-0.000684152939220168
-0.0006661750284367562
-0.0006154436153528043
-0.0005388443690021081
-0.000423535586961925
-0.00027597171843828463
-0.00012704032896051118
1.2157772958176195e-05
0.00013067969877071994
0.00019270133687127551
0.00021179748678779172
0.000269203087201866
0.00037220240445104256
0.0004512188720348039
0.0004963225999694755
0.0005358189287496645
0.0005791390948648202
0.0006155628705733534
0.0006243731297463209
0.0006156542378262079
0.0005903924278650702
0.0005401545249061559
0.0004965374222640006
0.0004770674327314924
0.0004571723171865258
0.0004086149550207155
0.0003406886517505801
0.0002955522588965397
0.0002874198837066351
0.00029016898654147296
0.00027873111943508384
0.00023032863990020915
0.00013393477222336774
3.0429406246315114e-05
-2.9330236770045294e-05
-5.869100036676177e-05
-9.473109281839552e-05
-0.00013526016321102857
-0.0001725362141690957
-0.00021472273924659065
-0.00024846122778433155
-0.0002634098942147031
-0.00028720522814372853
-0.00034088959155188146
-0.00042070949084592143
-0.0004936239270687457
-0.0005088568446994469
-0.0004816149008142112
-0.0004814876918180685
-0.0005100615767569992
-0.0005196947766692061
-0.0005153797674931704
-0.0005214288080508326
-0.0005255665415286472
-0.0005243842967336154
-0.0005463203111201796
-0.0005884503462043661
-0.000607616664013805
-0.0005969857962521814
-0.0005945567121887764
-0.0006181735998934892
-0.0006447676967948233
-0.0006467537468594208
-0.0006325838860808172
-0.0006277924017853526
-0.0006188380906408061
-0.0005797176702174011
-0.0005228930262245449
-0.0004673540916741049
-0.0004112678502281754
-0.00034425252259739344
-0.0002685293832106522
-0.00020821913691053195
-0.00017683452367253265
-0.00015996719378494386
-0.00015039550619839865
-0.00015220605624203336
-0.00015429957351029106
-0.00014659962717319887
-0.00013058296457621213
-0.00011813447923564478
-0.00013161930838001236
-0.00016973161206358285
-0.00019943111671956863
-0.00021028176242814117
-0.00024031866581025014
-0.0003113416097519933
-0.00037863560162057004
-0.0003934695444071638
-0.00035481698634923714
-0.0002954853303417981
-0.00024809406203137496
-0.0002111776965418335
-0.0001652026965466391
-0.00010563120776339672
-5.5681358871622765e-05
-3.132472664577734e-05
-3.2633140261449794e-06
6.941885362892616e-05
0.000181294946935338
0.0002933680808413811
0.00038626313282023075
0.0004546484001595313
0.00048413951730733637
0.000479168146707998
0.0004894254222307526
0.0005565717994303725
0.0006546086636568904
0.0007220412624602822
0.0007472060301308979
0.0007685036902241802
0.0007932657245633836
0.000805049191868825
0.0008026254673220151
0.0007945598756540151
0.0007875324102306852
0.0007729824469438943
0.0007503510688370093
0.0007251833364472548
0.0006882814083275979
0.0006384198968591528
0.0005876506422911925
0.0005360023240182602
0.0004671661805580953
0.0003749019979284292
0.0002816046174145657
0.00020602294886894507
0.0001315967526081406
3.529433373719287e-05
-8.210243769282973e-05
-0.00020569273343223627
-0.0003159271150799446
-0.0003982479757173251
-0.00046354367879686243
-0.0005432415982440093
-0.0006494046387123554
-0.0007538461602585907
-0.0008366038326170077
-0.0009084418252430698
-0.0009779609646942886
-0.0010599019470893304
-0.0011492313011659595
-0.0011972543920683461
-0.001192656015229012
-0.0011841852546663496
-0.0011893503655316863
-0.0011746083914874127
-0.0011307744877310753
-0.0010740126234176765
-0.0009915705494202686
-0.0008724047134691438
-0.0007474672320465039
-0.0006484314924012498
-0.0005735462465345627
-0.0005100547155410701
-0.0004468669362000745
-0.00037154371841494386
-0.0002878878139256356
-0.0002105155330686811
-0.00014333953294767254
-8.438741499927456e-05
-3.363684799871938e-05
-2.1132542008619492e-06
-5.85751262591888e-06
-3.306878346804486e-05
-4.818984156180744e-05
-3.18160580104672e-05
7.377233279977111e-06
6.725485037471122e-05
0.00015573082273938446
0.00024248516377864155
0.0002958611514353825
0.0003295958961252959
0.0003604698151206597
0.00038710314046543466
0.00041245591263428796
0.0004467037545002385
0.0004844250935381116
0.0005130985394857313
0.0005395833494426118
0.0005717250595567833
0.0005940888195318995
0.0005818466263767133
0.0005294816762111495
0.0004535849418610641
0.00038833650745088695
0.0003676788630857202
0.00037661383873054913
0.0003601434799717512
0.0003044075913569603
0.00025765515053257813
0.0002490360961642304
0.0002547341986929013
0.00025421712560555953
0.0002579447962723263
0.00026559363735758295
0.000248369355965755
0.0002115778593528535
0.00020434927508495733
0.00025050086487731236
0.00032150954808364746
0.00038016776756646893
0.000429102510669355
0.00048151817180237745
0.0005213784796709813
0.0005222664722882806
0.0004683448200526792
0.0003670626794721516
0.0002549676527491972
0.0001716689349840933
0.00012372689042400046
8.909563699618849e-05
4.409997962404413e-05
-2.0923644044271608e-05
-0.00010246319856719534
-0.00018806314264437887
-0.00025835606131628284
-0.00031545604954768153
-0.00037556792092344085
-0.000418531359939431
-0.0004109946646578032
-0.00036469672651527
-0.00032439127918382807
-0.0003256828961626306
-0.0003780791162777626
-0.00045768976993724
-0.0005288348781300668
-0.0005676488929937773
-0.0005540985567739644
-0.00047322148350493933
-0.0003374668562421713
-0.00018942263176483973
-6.654139488510649e-05
2.418996761517813e-05
9.19506227732065e-05
0.00012876760674517137
0.00011530108581425535
7.29299141077882e-05
4.261427763278445e-05
1.3922851565594024e-05
-5.258832059631365e-05
-0.000135646517672683
-0.00016132013795211494
-0.00011592867845621366
-5.703086766281692e-05
-3.3006225174385365e-05
-4.963002412271916e-05
-8.535436428612242e-05
-0.0001145411539991672
-0.00010123905085667031
-2.0528596519360075e-05
0.00013043332668719837
0.0003467904689794672
0.0005915950665696753
0.0008134972830838634
0.000997861630926168
0.001157561858360125
0.001311011921627678
0.0014777219577287825
0.0016460907919810233
