0.0
0.0
0.0
0.0
0.0
0.0
0.0
0.0
0.0
0.0
0.0
0.0
0.0
0.0
0.0
0.0
0.0
0.0
0.0
0.0
0.0
0.0
0.0
0.0
0.0
0.0
0.0
0.0
0.0
0.0
0.0
0.0
0.0
0.0
0.0
0.0
0.0
0.0
0.0
0.0
0.0
0.0
0.0
0.0
0.0
0.0
0.0
0.0
0.0
0.0
0.0
0.0
0.0
0.0
0.0
0.0
0.0
0.0
0.0
0.0
0.0
0.0
0.0
0.0
0.0
0.0
0.0
0.0
0.0
0.0
0.0
0.0
0.0
0.0
0.0
0.0
0.0
0.0
0.0
0.0
0.0
0.0
0.0
0.0
0.0
0.0
0.0
0.0
0.0
0.0
0.0
0.0
0.0
0.0
0.0
0.0
0.0
0.0
0.0
0.0
0.0
0.0
0.0
0.0
0.0
0.0
0.0
0.0
0.0
0.0
0.0
0.0
0.0
0.0
0.0
0.0
0.0
0.0
0.0
0.0
0.0
0.0
0.0
0.0
0.0
0.0
0.0
0.0
0.0
0.0
0.0
0.0
0.0
0.0
0.0
0.0
0.0
0.0
0.0
0.0
0.0
0.0
0.0
0.0
0.0
0.0
0.0
0.0
0.0
0.0
0.0
0.0
0.0
0.0
0.0
0.0
0.0
0.0
0.0
0.0
0.0
0.0
0.0
0.0
0.0
0.0
0.0
0.0
0.0
0.0
0.0
0.0
0.0
0.0
0.0
0.0
0.0
0.0
0.0
0.0
0.0
0.0
0.0
0.0
0.0
0.0
0.0
0.0
0.0
0.0
0.0
0.0
0.0
0.0
0.0
0.0
0.0
0.0
0.0
0.0
0.0
0.0
0.0
0.0
0.0
0.0
0.0
0.0
0.0
0.0
0.0
0.0
0.0
0.0
1.000131469109433e-05
4.3201075043963416e-05
-0.0004934335028020057
-0.0017576674145091716
-0.0009555149461121276
0.0019509392880460229
0.002109143881450318
8.557848749094269e-05
-0.00047136929217336083
-0.00020710379604631425
-0.00012781526586380434
-7.642394392810798e-05
-5.290483876321305e-05
2.67218945939507e-05
1.9180784422246826e-05
-0.0019393285994175223
-0.007333415259699971
-0.010611801706375622
-0.008147752803025654
-0.003950923606068569
-0.00013511812246178555
0.001583781597880727
0.0025606357394173836
0.0023772199058867977
0.0020580017496070104
0.0027558062944453027
-0.00302989474133661
-0.0025979079792456203
0.007232983914374161
0.004723088351963646
-0.002601567580173687
-0.0012451459744747817
0.0019228703616754814
0.0008493843539339359
-0.003610971399700038
-0.004283072085642953
-0.005435344532029408
-0.005485752923527229
0.004863173516827905
0.004363284497879292
-0.003508653198867933
0.00528438173593729
0.010268241941490284
0.012142928054918421
0.026418479842393094
0.014455929189847637
-0.02635370711879538
-0.029309946563666228
-0.0028573233183682442
0.0019911770682161187
0.008253524046815494
0.017312474718800777
0.0014848188380259591
-0.026347103335129747
-0.02937157778683567
0.007246343993091929
0.03308147663547678
0.0008092795590731987
-0.040101017389613115
-0.021557855681138625
0.020630475738894705
0.02335613895247583
0.0032766278306442607
0.02065459214107658
0.06417009830913994
0.04922979384362629
-0.018067782423513548
-0.04223961873620993
-0.018240231856629856
-0.006384220005939819
-0.0025225370646475963
-0.0049983408517914486
-0.021677086479616275
-0.023596137270224547
-0.01936332244915279
-0.017444439041404417
-0.0005523947263128305
0.019289009582053297
0.014592870441757534
-0.012356907925045391
-0.022167273294936563
-0.0020128774221623257
0.019198498412243428
0.010130435448032427
-0.009588664214495243
-0.013003503282542052
-0.02404302540056771
-0.028115284893098575
-0.0029609876342161986
0.008563720237509002
-0.01032666076172098
-0.016884322954658713
-0.00029295336906941943
-0.009040951199714264
-0.0396989792185288
-0.02590752808241427
0.009046857347341536
-0.007833283355990553
-0.04081949082291171
-0.02357936833482359
0.02254176027914749
0.041781592349466046
0.0017888644999792258
-0.04634117654004749
-0.043158417897197696
-0.02471486142871762
-0.013625567312034154
-0.006741062119078267
-0.011633479855443385
-0.017415327932492564
-0.012399415030424715
0.015910845364051962
0.05841240262015021
0.059370212863693164
-0.002506049392074383
-0.03959294028233169
-0.012719877064092527
0.029987965997708643
0.051873099686882335
0.023796405659101183
0.0022069889374376345
0.020295736483463306
0.01574710109239333
0.013169139359869367
0.019763286544774904
-0.04424774001454042
-0.07554192325931955
0.014944568739030217
0.047684782247464724
-0.0333431434970253
-0.07407399776166762
-0.0418885179664244
-0.04756484462719848
-0.08944046600075742
-0.06935570083044382
-0.04677851615589329
-0.08185356036198244
-0.06830447481747831
0.06293954939340307
0.1914421944728298
0.1584371740591619
0.022119394930701114
-0.059253444850503684
-0.05423674465010353
-0.024634577309092742
-0.008391152423376264
0.008887038060336583
0.009921970964950427
-0.026146452868996445
-0.05341845344536306
-0.027940087057194196
0.05545889284895236
0.11527705124634463
0.02026735864013171
-0.11014163357727119
-0.07086400017896904
0.0221445595196475
0.026466727893897035
0.05441988415643553
0.134966039630558
0.10612442293614574
-0.03845921953781786
-0.12878845148921758
-0.06270259357417834
0.05627786952796163
0.05752215465208432
0.01809738495928709
0.07205252043459683
0.12801316580669664
0.061762295005536816
-0.09535230510104846
-0.10778365415850724
0.06961779219729866
0.08467617488440751
-0.10705416795134805
-0.16537580762972903
-0.08989770588009313
-0.041049665110602596
0.060906499954901494
0.14455194149345035
-0.000708581933473923
-0.23358269293731215
-0.20531647802271014
0.08106012473698995
0.18574917855417628
-0.022710516131276698
-0.038613179218074584
0.14597166700379444
0.018469318319452643
-0.1287158412547933
0.032870639896669884
0.07955360299788139
0.036950808883582625
0.14957327630347597
0.12552517417486075
0.019054146282514756
0.052750679696627924
0.0469800566319909
0.041863736406244426
0.07618478059057335
0.08772536163179276
0.1513837368020306
0.11316277547454537
0.045152373410157653
0.2079030751658396
0.2322684442952212
-0.09529020105987185
-0.3119105336044163
-0.27112134527833387
-0.12395402133725757
0.025095823625115338
-0.007936737796230553
-0.12302211067941572
-0.08912460658008331
-0.029362874078264115
-0.028157714704741914
0.06861291398790881
0.17328438785209668
0.13698564370376867
0.020037004530921
-0.21183585848748998
-0.44047828517542875
-0.3879493813636422
-0.07671702893493243
0.2534703750324904
0.21624628459108125
-0.1326193475545605
-0.1583541486251746
0.14980695785706322
0.2713365617844891
0.09095327287158195
-0.1646137765047069
-0.20925360539297103
0.1363877776476612
0.5744560728235991
0.6101507105429832
0.39841229680269197
0.25657056857683247
-0.009149480895913498
-0.25293980392924575
0.10829189110108739
0.5682307956710773
0.15549763481194234
-0.5535988649927105
-0.5137096082962981
0.023866659719191774
0.21082896871254564
0.11273244215990352
0.13347143207394196
0.04893765185620891
-0.06128764560385258
-0.14207237638161596
-0.2520887452294289
0.010721114792612618
0.3037780752414486
-0.045135327165071515
-0.44624615031928494
0.03059867160713936
0.5384363632470929
-0.14601845439999572
-0.8603941500891812
-0.35046980907080894
0.4591379677897738
0.7823632351972002
0.7010707784777086
0.08011363035305619
-0.6754183431662286
-0.8060371042763586
-0.5212601377986646
-0.35297828629488315
0.025727097333931304
0.9635192567488261
1.2817140208545765
0.04682611766237288
-1.026120021877828
-0.4042472252923752
0.6228358037285906
0.5549354291310136
-0.10329337628320479
-0.4297841065946959
-0.22869147147413715
0.39362638448739906
0.8371305226245691
0.8019286281188456
0.6914507911815482
0.10247706078498098
-0.9925451034507349
-0.8365560605362257
0.6769630133916085
1.276189357286598
0.2963330477031145
-0.9572994591585031
-1.3746862654069596
-0.8450705094598753
0.07326110470029257
0.48395404316283963
-0.14048796827729626
-0.5739172652995377
0.03930510367055906
0.34996439207329016
-0.3267723889062676
-0.8025677373056826
-0.49422256022680755
0.056109651510031736
0.5586918809122629
0.5640930535027234
0.23022133237006454
0.5273220031146677
1.007073887615313
0.7187445978729894
0.17878811967883035
0.09757630530541328
0.13885656365574928
-0.09148689624629647
-0.22386957109783667
0.10456765107026
0.47495201015571875
0.3997011191491744
-0.028161239718765607
-0.20056598664493874
0.03970042139029806
-0.4044193338058
-1.421722997403476
-1.072572791519344
0.4202886649201807
0.7641473662014161
-0.13641017034047143
-0.6644311826475251
-0.5721121659319883
-0.3655354804031838
0.10282031896211541
0.4959853223155581
0.06857758773522582
-0.4798523362986417
-0.4175149009299355
-0.32200435057358506
-0.17363609838052696
0.21963367215691404
0.17607499605900412
-0.012150943058126418
0.08110328718694232
-0.21635003657227175
-0.49197055827801284
0.009163818914330574
0.49777184661742624
0.22730843456796992
-0.23350745337343765
-0.26131587432746506
-0.07475035214245482
0.35044643424580435
1.150585039856337
1.253728537887047
0.27196639333040595
-0.3343618670170283
-0.42175376045216595
-0.5969146947851253
0.02246271434609337
0.9532017315155848
0.49671810250916093
-0.4818633208664096
-0.3978791368041432
-0.1329887641184999
-0.42829765080755555
-0.2580897651926718
0.21761208675585253
-0.13807664127230368
-0.5616057507845431
-0.0807688289494316
0.2571058692682075
-0.27993738940971835
-0.6697086078976806
-0.24353760621593096
0.332138057917324
0.6145659553409235
0.5875563206233609
-0.06777030855461363
-0.7453285449903109
-0.29574437863805275
0.4150928442294071
0.10339470325945488
-0.23079595504998612
0.16512965594184553
0.177613524837471
-0.23276358130741026
0.08191696684207395
0.23407527656068772
-0.7884021141803835
-1.2549567674412874
-0.48345223707237606
-0.3666322553768089
-0.8998180448005431
-0.22970236150880718
1.112795238390663
0.9292538211730026
-0.3798800549513622
-0.48164470255966224
0.16935169911550718
-0.13999625754886125
-0.43613084520794776
0.2593505049631867
0.8427473510423793
0.8175193274325331
0.7123535934422917
0.5412795305963015
0.44446395895725554
0.33472679290537655
-0.48378224320695323
-1.3619421637753906
-0.9555582654557508
0.2236836148163572
0.6006659218796929
0.032526705368777914
-0.3683248606366051
-0.2648189299624438
0.07511433421847422
0.346165921118868
0.01416768752240724
-0.441534293944873
-0.5016490863527853
-0.5903256456450485
-0.7363224410590534
-0.7812736471907022
-0.4108104564908852
0.21600950272326958
0.07201978552088217
-0.4652518919246311
0.011499564884387858
0.7493644215671214
0.29168042888015067
-0.1252534730949184
0.38615535199280826
0.6642891562649659
0.6277057026164725
0.39519542710480976
-0.5060112718864312
-0.9396953847078684
0.2689652227145053
1.308118436605251
0.5448854326223698
-0.550327692721126
-0.7220042887074649
-0.25308372637361076
0.004785708479789208
-0.40070264582647896
-0.1508411187148263
0.8190948807446388
0.4769937372241828
-0.6605931024145439
-0.460001417283878
0.5323121036395217
0.39709920474856675
-0.7009320357393309
-0.9611105224229816
0.1947461187290167
1.0093260991799
0.28648079224083633
-0.2748224151598534
0.141453879286635
-0.01868560358537985
-0.7071071653756303
-0.5494519346395036
0.07254008985638727
0.09163353741503233
-0.011788898013750604
0.44373589488395715
0.6399801670292976
-0.0017930548752850273
-0.7208011822459625
-0.7692936825379036
0.05463435823002105
0.9842820653703603
0.8683009781266822
-0.0064926458332790205
0.04412286274088051
1.1052910521430324
0.5600141050915297
-1.2833259754654924
-1.1390606723375738
0.224914893878721
0.32705183309433195
-0.15794051321651126
0.16453466213368906
0.7647359848664894
0.4257570080374587
-0.2605131190902353
-0.4423211319684826
-0.6921454658237856
-0.6396267445041908
0.5280120999077569
1.2053795681059776
0.3149557838554753
-0.0835897358444205
0.35607357071375517
0.023731276579422433
-0.37955712252050267
0.06009588841547597
0.3330284693956593
0.31311982852413844
0.7298146219558185
0.44029431270980707
-0.4781425180433524
-0.12181686986604812
0.5723635598248636
-0.04312927216301321
-0.6201501145836066
0.2375547660416022
0.9511879668628929
0.19364363502083093
-0.37904057952108827
0.47643873309893325
1.277463150657346
0.4800354576910526
-0.81007040145493
-0.8116207106260569
-0.06564599692026851
0.17837138848240186
0.315515680359997
0.8253763980348627
0.41019271336361074
-0.926961107646342
-0.9991281688476426
-0.04257858070306608
-0.03616611478531295
-0.594454015787909
-0.23936456284537844
0.2814388240220643
-0.26283248608726484
-0.8192735342911789
-0.569041268603351
-0.1101154388770798
0.2809561200139719
0.19454635464286457
-0.19281900919876338
0.13446370614625536
0.4156463396180728
-0.034343928356801556
-0.016552320921495445
0.08664961352974193
-0.19150669548283183
0.49393014313950884
1.2738485813167297
0.7030368698444767
-0.20302538835171324
-0.8932255612548985
-1.4076249310616558
-1.3388893043841918
-0.9937267935374751
-0.43757605252889076
0.4192644630091329
0.9260553379293814
0.7548366639749529
-0.28798875829075277
-1.5002340943792025
-1.0244212727131856
0.6954154556517892
1.0343910821961138
-0.3896870948053831
-1.093074427733039
-0.032140402787659283
0.7277623429807707
0.12471654535260468
-0.253496227380166
0.19339106390812733
0.2973518876617871
-0.0762522527370858
-0.0005455131938749691
0.5129781155202002
0.31825174514207366
-0.48226842683802545
-0.13714051690199336
0.767499425653726
0.3653506706548503
-0.5912725264550398
-0.9662321506858846
-0.621234701047455
0.24565794968651067
0.6272825372998622
0.13374028004292515
-0.19780913986339055
0.6070519783658175
1.5503630756308082
0.5615600089745012
-1.570268835776345
-2.0178007138787466
-0.12404994914623824
2.0839757686737173
1.9511489527475323
-0.7512002119129912
-2.6939265522729174
-1.5283831449622198
0.25248655635448447
0.1209386241443029
-0.13517714717899865
0.8981768735585648
1.3951718495907017
0.4668038931974005
-0.4497159350069986
-0.3436019048786259
0.2576297180174246
0.14880762466088227
-0.33406601548987336
0.055109794307657445
0.5930892089922316
0.3510552764480565
0.11752817656835585
0.1913850610368747
0.3000686798377742
0.6774629960164658
0.4285205776182625
-0.4009660045658228
-0.219490239217495
0.12748183789147965
0.006050801758439417
0.3752077908059933
0.4144673467420992
-0.32191753197593953
-0.6994071695508469
-0.5289279393648313
-0.11811894284008301
0.533552879030194
0.8842145073622321
0.6929570214767059
0.7988054718012844
1.1860624685429022
0.6355906030515328
-0.4992695063360537
-0.646928671245222
0.015195100611615109
0.46404578419667875
0.735269154970541
0.9418136221239575
0.8318318115964107
0.30983989179374216
-0.6762442726824052
-1.7001635587801849
-2.0253312701200255
-1.6730924400110654
-1.1377646881467975
-0.12340464300439863
1.1018269845466753
1.0112336077727988
-0.07644798213259962
-0.5546271627298076
0.019522264795662214
0.8236342064552806
0.7439870497319617
0.3175568487752325
0.3534215141096444
-0.14251087784523087
-1.4244507174693157
-1.6589311675614273
-0.5063008605454564
0.4311354004000021
0.6279679717894066
0.02345660774825839
-0.7893032837057126
-0.6048433495580505
0.07186919665854152
-0.0443368771228177
-1.0449786751181003
-0.9351083188062375
0.5453869213414412
0.3022495904737521
-0.8548057185817387
-0.1390809301865168
0.6966706591342038
0.17973909952598843
-0.08749424915728998
0.3396863914362428
0.3663780650071834
0.24297557004758302
0.17777273313070363
-0.6329718979797352
-1.0629977343516512
0.06070568291986933
0.8509846628542935
0.12243956216333007
-0.015886252718742555
1.0674374240970128
0.808246511043909
-0.9778707124661989
-1.6115217117725138
-0.45338993180578147
0.8047383458967975
0.8405399442867112
0.42342616007940526
0.6668668130947015
0.4670616402009339
-0.6139193163614209
-0.8687004643653283
-0.14408912104434762
-0.009400552577319754
-0.40389969793999825
-0.41141879366909295
-0.09920043098444042
0.5674841769011401
1.1712796974411372
0.653820293646124
-0.3884059369371794
-0.5588598572241078
-0.02000965342868133
0.44963576050745574
0.392098095262861
-0.2688874627072427
-0.717051896072456
-0.16465612131967206
0.6762055000707559
0.3892179108048779
-0.5217831614442976
-0.6883184686076734
-0.6006989783188652
-0.5030644635844431
0.4695743282215391
1.7475400083178168
1.8447048553977785
0.47634050258743366
-0.9292881823838509
-0.9856275432071118
-0.5027909585593052
-0.532477066473723
-0.18448645193081709
0.8731561052611432
1.0788312662964834
0.0401681710066627
-0.8390803362426271
-1.0601800271814046
-0.6235716790646706
0.5852003998364897
1.2293494638009106
0.2567983687850131
-0.9159772509549504
-0.7747527300004015
-0.04201611831303831
0.08539150111865867
0.13201347672183122
0.5003063456043814
0.33465154934133623
-0.31784805504544184
-0.8895440299745112
-0.8962778260934761
0.06344002680324123
0.982305842245805
0.8104856999251417
0.014090359496201604
-0.2645650137324773
-0.07832588896622134
-0.3010506836566217
-0.43326042104003026
0.008835284982895875
0.3565734543070701
0.16503958787930595
-0.15344485253643608
0.05486207472422577
0.2874220931024071
-0.10600143772293869
-0.5566292133579365
-0.506176862152924
-0.15118296235204332
0.07922239226997718
0.2770010345658749
0.5047691381208215
0.5397364958359895
0.3021557554576214
-0.3147605678806623
-0.7347412131528964
-0.28949223173050315
0.563305195139898
0.8752215881428809
0.296625395552765
-0.43910005254829665
-0.5636680333776566
-0.2206141316994819
0.1835206339722264
0.4707468812927447
0.4814270553211886
0.1256671896336575
-0.11035241459468241
-0.04242297695040441
-0.1867782446623964
-0.114885931922759
0.5043862313303901
0.5712027031065662
-0.10900576045024846
-0.4400786626040715
-0.19156233582118493
0.006792058137897919
-0.07963358100950194
0.02714128383866811
0.42434488713234353
0.3679314401517867
-0.08296071305531749
-0.09227005789773945
0.06721048775360106
-0.06663024539603007
0.04090467028647138
0.2170835900959312
-0.10245218450306526
-0.262862844446721
0.06413822583025913
0.09897686520361898
-0.2942083820190885
-0.41478770507393464
-0.03415320392260984
0.4147537257097867
0.46642798574634237
0.043345841654453876
-0.40107611730011195
-0.45045512194032267
-0.15512844790690208
0.2001586392741705
0.313516707216438
0.2024351486279069
0.024740821989918005
-0.1294604573932879
-0.22101550302475842
-0.3999144758923296
-0.483524904646383
-0.00849580110359549
0.616926961754116
0.45537016596691604
-0.1919968393163341
-0.2886375523529593
0.11541721407182008
0.2643845702125075
-0.010743335503081153
-0.12433892192413268
0.14960355460352803
0.18335043031347267
-0.17217255107555163
-0.31816833167846004
-0.05782410218330067
0.20955698282777535
0.2052674828494029
0.006244416318916063
-0.27882548459543577
-0.3048460944505103
0.04480660796557623
0.17865554790506621
-0.008258115108073172
-0.050718371354524526
0.09086410056711125
0.21629650463874675
0.07908338394373005
-0.24411007794364487
-0.2348385066545128
-0.01719629691060567
-0.08816312226440975
-0.21407112724744026
0.0444328274124013
0.4241803254906742
0.4427463289493118
0.12631857521158407
-0.2631672563982236
-0.43344948088320695
-0.21883703887571143
0.08784291876123514
0.15606462576069224
0.02468765032733356
-0.16198911281228867
-0.2511236951991798
-0.16278491901540082
0.04397524173107559
0.18392513592478066
0.05390257168841833
-0.08321417273981364
-0.031422830175073385
-0.18751255081010618
-0.34215650052932234
0.04105747071929189
0.465830051006228
0.39919417140570235
0.06777060906293011
-0.22967787769770723
-0.24557418125791397
0.06693858266396152
0.1737159651510883
-0.05326552030356832
-0.014991672326794353
0.168990401098197
-0.004821563960541918
-0.2095885811628261
0.01482879651468888
0.25622855816916057
0.14441889926833196
0.05588129426252676
-0.038803154740717764
-0.3074876919266799
-0.2082456419169875
0.28887255101112286
0.45095912141155303
0.13201481090942446
-0.1902892736601987
-0.2091394619342123
-0.03341538086560189
0.11624706317645933
0.14138849207147852
0.07073758866766511
0.00961090790374422
-0.06945304191997273
-0.06586502420593429
0.18703432567051423
0.29581303790936314
0.03453400893402958
-0.12460747970167968
-0.11893539826524957
-0.19561953391507073
-0.12926935521595173
0.08006860967489002
0.0431191960403321
-0.09996132936966558
-0.03452973509857599
0.016758039739884004
-0.07978610754362882
-0.010303523029523087
0.28038839492973217
0.32365515455854227
-0.010463249837163291
-0.3322042105865737
-0.31220940837770594
0.001485849656225044
0.15019465535951937
0.05103486681250148
0.0063984096526926715
0.011423788312133754
-0.05145275989355702
-0.21182930515404172
-0.23251833225320298
0.12584638050482863
0.3487103652098679
0.02636938355795229
-0.26715942739907095
-0.16133541240957874
-0.02408264669768315
-0.03485887309018167
-0.0002858981920185605
0.06096407722632296
-0.0023338156177075756
-0.033863721540754586
0.08712914672407271
0.06037929267796991
-0.12354761875611531
-0.0328718364936858
0.2127296508173446
0.2032858875417415
0.0857477510443567
0.04416242641196724
-0.12092598355237344
-0.2595643989856311
-0.0809600868382585
0.03989793452887357
-0.1324335137160398
-0.2110976791588915
-0.056483407895040624
0.058094083196831764
0.031909967181306814
0.07410412949645062
0.19784514110725354
0.1444602930030145
-0.03394737972175625
-0.0890593460161849
0.00494847413994871
0.13049868764480074
0.08052388744697295
-0.12289396162532852
-0.16515312103653407
-0.029614269437116328
0.11319453000590513
0.1557392968790432
0.03875397097610424
-0.021278496183488926
0.03310714054869815
-0.06382435111637907
-0.18618253053205974
-0.059055395415326103
0.095442073640396
0.07255734329572358
-0.005525913399989164
-0.1005459447334083
-0.1659039730459152
-0.06564494866951373
0.12903014430608864
0.1487276536718177
-0.010787720600724826
-0.04569128996335451
0.03924726924195899
0.07778631095861949
0.12672883479882843
0.14972740186052097
0.033786314181106586
-0.09675475295015577
-0.12963803026531798
-0.19401029658275662
-0.18275693699435402
0.03648994121278313
0.11243951409041213
-0.06990316473833916
-0.13938112200574104
0.04052342984441466
0.17654694643634192
0.06757160734108586
-0.03634250931504941
0.04147884363510259
0.09132718442955298
-0.03412248442741703
-0.19155478022996303
-0.10726097303589638
0.13690892597426213
0.1636762302588641
0.039356797876638025
0.04350376437147552
0.0515309693262633
-0.04518292445626223
-0.05596606039694971
-0.007044198670344309
-0.0204690558835208
-0.010462678707211924
0.0033621242172143344
-0.0562674108177979
-0.10514735071486872
-0.004289455022316962
0.10894992633979149
-0.01615016520128814
-0.15674585520779627
-0.01885413581396963
0.165370522155771
0.14797019502869074
0.0791324753468273
0.02535051844980861
-0.07696668269638146
-0.07836873201885618
0.065228370407233
0.13572421821303904
0.012862410144061531
-0.1469592410280001
-0.1692973979900883
-0.08458590692973934
0.036706330159573586
0.09325738576756501
0.022409330734751296
-0.011840199908625733
0.05373104439233399
0.05548703999097713
-0.03299945672383935
-0.07611912279643539
-0.011900110522282802
0.010540410402721604
-0.07689860282949078
-0.038890377643523794
0.09068817950763601
0.053461234256494315
-0.02258767652763663
0.03266517220750912
0.05343387990346445
-0.023684317614089685
0.009162749879786047
0.10678092303846927
0.0002622531238677672
-0.17412869757621496
-0.14591860505562224
-0.06496846933356695
-0.04320442029823238
0.011038169836440848
0.04978418329916779
0.03602012244230624
0.0010779104440107184
-0.023005298523311894
-0.02542903336808383
-0.001748933293737709
0.08364887759634258
0.09700818576700843
-0.018842248596104796
-0.033622894859149696
0.0361443531508473
-0.022737841989056533
-0.12939021461295816
-0.07690972722213792
0.09360927300830926
0.0966122878091679
-0.06617941323165244
-0.0680685970379044
0.0328994292766534
0.030506955785700153
0.017168184513579494
0.015797078921850255
-0.013713083650452977
-0.014045052224150305
-0.005122582609459296
-0.05603511110834741
-0.08768551353181142
0.0046535306709316465
0.07876899233105758
-0.00014694043651659883
-0.023382827070492967
0.11185719262980737
0.13176650005201035
-0.006639644126242779
-0.04061101768482267
0.030417761139556587
-0.0012643767556059075
-0.07755842118150442
-0.03226362340743783
-0.003021515611089244
-0.06110818132086146
-0.03778435447110369
0.03126384915630081
0.035388648752901465
0.05242120553055909
0.07383174697794637
-0.00580288299329309
-0.06125185012032114
0.023443402536715327
0.05995872851042961
-0.013053301843336185
0.002121455250202329
0.05707877382175695
-0.009354058551288347
-0.048119489266851945
0.01341789719763779
0.018590174509743467
-0.015782353575802044
-0.003058137019338922
0.035352989509155136
0.06110590969314206
0.02109307078920898
-0.045407964076904804
-0.04456599760313626
-0.014215393206566038
0.003920817721160968
0.02371177633990665
0.0013620083150229917
-0.060659679739516185
-0.06648501426085666
-0.022457102242365135
0.004052583054698314
0.04852424277027677
0.10310359722004138
0.08838838282397843
0.02386897524110601
-0.03032272825908315
-0.05394936193835151
-0.04299769099470704
-0.019228753273956407
-0.0045859375968351455
-0.019117190001240427
-0.04424311051227964
-0.019159399995682495
0.03050659009306793
0.014297869267149238
-0.04990472937227483
-0.007734857246362813
0.1035279354067597
0.04992269443040409
-0.07069726360869112
-0.05233451916760306
-0.010706085917527794
-0.012865563710010058
-0.008831804595497424
-0.028764851932468662
-0.01522249982068382
0.0552048293864176
0.05076459100541246
-0.021887816803163308
-0.04025712111691056
-0.004568382797489612
0.0010869365379468365
-0.019686859912350134
0.015832358002340497
0.06243296958569487
0.02555101400664149
-0.04684468278092782
-0.08996666103556837
-0.08209418206221464
-0.00275110010948236
0.0686109103717277
0.04731566577000126
0.002988544584036905
-0.012167346459585913
-0.018763637350805183
0.00679460192780916
0.04784053130138931
0.05872401483374398
0.039661604123911585
0.004861000705318693
-0.032341276333028544
-0.06118198344914339
-0.04699627809295797
-0.002591589755392712
0.022498684483020292
0.032273858862596226
0.018976041558164607
0.003962902380508506
0.0322736712545958
0.052061177391912586
0.006044548673505259
-0.04884112075154235
-0.033334632222271086
0.01247497947480439
0.004063477393230347
-0.021375181673732195
0.0013867019026599869
0.012879701945612995
-0.009494895120776095
-0.012748679283635003
-0.009866755595692722
0.02229298496343511
0.0760699449164479
0.04583158852470758
-0.028327396752951733
-0.040136246737403375
-0.016802244860025024
-0.003098928870220438
0.005739140198475091
0.010847785302223448
-0.004911727052590534
-0.027690733316516017
-0.024211403635721343
-0.021367653696563373
-0.01758142533714154
0.015501132912533504
0.04133949917579882
0.039041940850153216
0.004087046377991838
-0.024949137332262374
0.005337855034590982
0.024912939563325055
-0.01712497375580602
-0.045722542730613755
-0.020954708896586308
0.003416893052219613
-0.005061894741285801
-0.01577240627705654
0.00250286954629882
0.023523833785720528
0.010936366689396059
-0.008712624917507397
-0.010807983939808512
0.018099209981036552
0.050815988556617175
0.005328179176140515
-0.06566880479740894
-0.056056698059923665
-0.013197531696852921
0.0003356049025596136
0.012083877751266077
0.02507331406547554
0.01297270242261855
0.0027598115947647904
-0.004709237725873384
-0.021267125006380776
0.007064273888809258
0.056274787666895976
0.0373226968748257
-0.028453430504804506
-0.04543715701079095
-0.005428880715107545
0.013973222652244197
-0.004948604410085128
-0.016565162438276628
-0.006759793665985125
0.0035409681430216625
0.007742777633390173
0.008853280632530509
0.011566273867561885
0.022092273712322155
0.016546654058266948
-0.00964454356845616
-0.010969075260891744
0.008995497284856345
0.008912453144899267
0.0010991829011512506
-0.002797031604150465
-0.02453034406149337
-0.032655116749474904
0.0043345503403393795
0.02902816977372028
0.019041841332598664
0.0187959174482827
0.02729173583344313
0.012313631943676205
-0.023134185207239692
-0.029656880689056874
0.0045054607458419535
0.02635410970009027
0.022475040667219684
-0.004416044210987281
-0.03984701214442965
-0.036108938795704267
-0.0035327582857513887
0.020646154171425977
0.02463427612551656
0.022173392962319214
0.01177809361485271
-0.014539043445160226
-0.010196375131223855
0.008961010144098353
0.0023975536500965462
0.002444579849030168
0.002200040047321567
-0.017466107742379874
-0.028600047340486316
-0.007009279146941851
0.020394197145485207
0.007820082736251836
-0.02010039940911563
-0.015432076184028148
0.0067314473676907
0.015517143639842872
0.016339647232589564
0.0036064047144897544
-0.018526359221032095
-0.012354361946109397
-0.0010004077469647282
-0.015633084791292686
-0.016279786790726315
0.004697648807812673
0.006949150558089635
-0.007172178335361967
-0.011704754571973508
-0.009093627495392947
0.0021726124761875833
0.023652984398989885
0.02019101953079286
-0.004381329299488236
-0.0012384155820354863
0.005561228494482292
-0.017489404563416966
-0.024093614408727745
-0.000632611330807175
0.014244936455798631
0.009671909373367907
-0.005848623326170836
-0.01511141765429719
-0.008572054139809075
0.00454600134305588
0.015010068415304148
0.014046789929413356
0.006095966765467658
0.0020646007352046157
-0.0025997259173729096
-0.003108242792086119
0.0017430021562550965
-0.0008497261038657557
-0.005896714161218027
-0.004578204763434221
0.0025869552119130073
0.003953963908539579
0.003606944232831829
0.012270627568962779
0.008893084659274395
-0.00587484485565715
-0.006970885034870462
0.008497083092883361
0.01896039725671945
0.00980727854528182
-0.0019092295344197222
-0.01183052022491822
-0.014288802110356673
0.001102793666671771
0.00885497727832683
0.002272285800359741
0.0009524642600204931
0.007084818938501863
0.005958677554297369
-0.00010403047464459247
0.0037159193482471514
0.00323240235442605
0.0012224026636173044
0.007460864132305747
-0.0006153814039731031
-0.011069694088830722
-0.004894311639621285
-0.0003958678101840963
-0.003770549388000321
-0.005433949422227103
-0.0018391210884409603
0.001690189710265598
0.0013708808208135748
0.00011823824644024636
-0.0012532728609045817
-0.0007782134533561094
0.0032118780361194334
0.00377688208572588
-0.004646581389836658
-0.010825272259117894
-0.0009305040398577026
0.007148809974842545
-0.002590014123262944
-0.00990777392580631
-0.008424260108965433
-0.005697953198413956
0.003980832170613262
0.00928826614251738
0.0004755762275977333
-0.001803614933858597
0.0015412736905958857
-0.00660884233488165
-0.010451078921516756
0.001670391242838189
0.007547922133923533
-0.0023734514991552444
-0.008768993285522522
-0.009052531615660527
-0.009591661901283787
-0.0014627802105151213
0.007167953752469194
0.004620772325108635
-0.0004477834329659116
-0.002745790078712826
-0.0032549864000525567
-0.002701754159137551
0.0021372754136341366
0.003994907606081545
-0.00332504689376829
-0.0019570572319056387
0.0029992513065971813
-0.002968612895184415
-0.003604866767531018
0.004046763697506979
0.006601531801044513
0.00341927273916553
-0.0009426632229744773
-0.0014732514223846516
0.002982944161580482
0.007452699687324793
0.006439536880287994
0.0007124609205705185
-0.00041939645078544266
0.0027143637350457153
0.00031560197880958784
-0.003637768052796022
0.00044529494111925376
0.008534231399129115
0.00705175428306956
-0.0031338898273646255
-0.004211930814340894
0.0019116966258484057
0.005402305853589349
0.0096555095190822
0.006364031140249105
-0.001975718417461636
-0.0011642670160445252
-0.001275539014581271
-0.00426649042870101
0.0006239918829825438
0.006416757479122705
0.0028355418605384604
-0.004596040357634225
-0.0038687184170033105
-0.0005788972894527327
0.0007984289355809672
0.005309647161906244
0.00471718843294543
-0.00033471240688201336
-0.0020625153497953602
-0.003304566714141864
-0.00282964250870669
-0.00033186473092354334
0.0017213006961116634
0.00041102143112385463
-0.0032620080026371113
-0.0013923385723911604
2.657104592081183e-08
-0.0031855065969735898
-0.0016350596570334115
0.0017399240061315869
-0.0001853088053962006
-0.004215721231767078
-0.005695862780738883
-0.003998224873762703
-0.0013355960655218324
0.00023642329202178098
-0.001430837705437814
-0.005022858976303046
-0.004575719187766322
-0.0020177582108377523
-0.0022998877794522124
-0.0014746364310956493
0.002206902190866007
0.0025733020417795663
-0.001923175673591005
-0.00469909344546177
-0.0022837363755577964
0.00046487767072297265
0.0017992052820038577
0.002635661834481995
-0.0008638695062860389
-0.004139332452616478
-0.002130693342830491
-0.0014827531215418407
-0.0013060169849722844
0.0023827831226288457
0.003264333385516318
0.0001291700016199087
-0.0011558636631562296
9.912262216815043e-05
0.000830601162336143
0.0020363990732060865
0.0038430234595734592
0.002077517710040268
-0.0009960481138800055
-0.0011590321843973905
0.00039950069019071156
0.002830777325144619
0.004283238773811539
0.0025487526439787103
9.428610936902497e-05
-0.0004749166748449507
0.00027980687888217587
0.0007438412500621653
0.0008203714116403423
0.0019203134620983174
0.0024139273124029804
0.00044969719691698466
-0.0007356733431875407
0.00029514109678777534
0.0015276441035709637
0.002328425071060411
0.0022332066515400885
0.0016360509608495588
0.001005175705651732
0.0009258276759360317
0.0015142669582325205
0.001522012496273639
0.0021955756902446687
0.0028910851038078875
0.00070880057979247
-0.001633385721489973
-0.0008283096229881812
0.001264165028652918
0.0016107827124643617
0.0004591909969683429
-0.0004822954233582727
-0.00144833905859682
-0.000941798806437813
0.0011044085283613819
0.0013697124437033262
0.0007962726814058404
0.0005163123271664672
-0.0011840077506783432
-0.0025313587200280017
-0.0020262145542131373
-0.0017963560313695344
-0.0022246674590029394
-0.0015982198086630928
-0.0007679824703846726
-0.0017399698243219506
-0.0029931632981838735
-0.0026988615594325882
-0.0018828806865886672
-0.001636742452436733
-0.0018187361498098386
-0.00224215972363036
-0.0024561206228198955
-0.0017998145389410947
-0.0009249760367830836
-0.0005504375748419717
-0.0004382398840679421
-0.00044868159116134235
-0.0010531413360139333
-0.0022542250814674833
-0.002147439690220558
-0.000557496209718289
0.0002592544977051657
4.654935373527361e-05
-0.0005571083798097867
-0.0009887889730686023
-0.0009561456942385037
-0.0008094166483422795
-0.0003978622822597387
-1.3126135711364478e-05
0.0002973697801190601
0.0002967652782265885
-0.00042212066353189415
-0.00042685593861190724
0.00041398515794746626
0.0006799255645000626
0.0006535125612781613
0.0008065905960804344
0.0007482134206124487
0.00038686253143598547
0.00046170096500452486
0.0013268431626635496
0.00214188367378802
0.0022585239512491993
0.0014662182728349378
0.0004164963226197284
0.0004944215467470488
0.001313869365813384
0.001663101385486258
0.0017821595320686608
0.0018151147910956513
0.0014780567478275307
0.0013571921144552692
0.0020438596572768613
0.0030737405258648614
0.0036262773762215793
0.0032359733650630823
0.0020312772316161487
0.000942636843234439
0.0005707558413779006
0.00029492252262573737
-0.00013617868622625186
4.5105272224468806e-05
0.0005690217354752721
0.0005517967891168728
0.00016238756296225142
-0.0001881844181809353
-0.0003464761513967442
-0.0006221977315053698
-0.0012039773379109572
-0.0012901632595506557
-0.000898488726025267
-0.0007157519994299552
-0.00034151709592076043
0.0004817728164733222
0.0009655507752256267
0.0003840348238461338
-0.0007048518395840891
-0.0012899703519334603
-0.0011421714161302526
-0.0006026085817742114
-0.00028267370365680274
-9.8930649293269e-05
0.00026593488033046803
0.00011875842862115859
-0.0006877925191568334
-0.0012280029237062957
-0.001202561391684183
-0.0011033008899412268
-0.0012636209734021818
-0.0015923494992081632
-0.001964960166950893
-0.0021579265813428715
-0.0018141497410606767
-0.0012187202488909143
-0.0009540336914877795
-0.0010098844826501442
-0.0012865266590851663
-0.0017060643184512655
-0.0018949614429849618
-0.0017127185099962425
-0.0013771057163940968
-0.0010841034565517733
-0.0009727119196581485
-0.0009794632263477182
-0.0007116056034768194
-0.00021951426932067218
-0.00022857988152287859
-0.0007159039410132295
-0.0008531760814419215
-0.0006024768936752339
-0.0002677346878064927
0.00028068209428961863
0.0007828485254623829
0.0007523921628067049
0.0002637534119390803
4.868299339194637e-05
0.0007648779094367123
0.001982525178922094
0.0025918407226916346
0.0018041392007326967
0.00013974102726184694
-0.0005423310541290225
0.00031163762887633645
0.0012097071720594535
0.0012616025208520626
0.0010405866502812386
0.0011155387354409773
0.0011882842382197204
0.0010502868912606964
0.001156358523852439
0.0014150458407519672
0.0010201708836006145
0.0001708851982376764
0.00031134181930970496
0.0019040246631571603
0.0034550407718942555
0.003674483409112532
0.003278911212232002
0.003293886599607534
0.0032334968398322287
0.0026316601604939177
0.0020703629708448378
0.0017218652298601287
0.0010081282507891625
-0.00030352247577601285
-0.0015744849005218005
-0.0018491986374148117
-0.0010168139658486633
-9.240038495239057e-05
-0.0005115275282816766
-0.0024732400859035514
-0.004033064140062205
-0.003960667285629157
-0.00367666733317353
-0.004306005334611908
-0.004667159849542546
-0.003349592921146092
-0.0006395460963844832
0.0019368355375593686
0.0027992898859313755
0.0016687607909964253
0.0002109194972014772
0.00012817994154366096
0.0009581692812147833
0.0010732040172315334
0.00011099490926367174
-0.0006423570586389126
0.00019898453786090916
0.0024042037865036787
0.004133556843276627
0.004108382480011691
0.0023302287358273775
-0.0010352740419850388
-0.004708096159441696
-0.005888902395120753
-0.003208107665532061
0.00141068242205625
0.004493351092766981
0.004134105296972638
0.001248600269123809
-0.001955758691982887
-0.00413644237421362
-0.005901161755771914
-0.008466736285188117
-0.011218689766106151
-0.012039705932569086
-0.009635645506689659
-0.004893661483326723
-0.0007365162928355852
-7.988120663327339e-05
-0.002230521542066353
-0.0025275282358004914
0.0018727777526172905
0.007841684603528964
0.010307376492404052
0.008233393375496521
0.0051113873537706345
0.004564597054160834
0.006710569956622766
0.009240289622686151
0.010064477106823757
0.008728344754928084
0.00666082296099528
0.004778527875451912
0.002231908653035717
-0.0005325689609027157
-0.0019960087944386907
-0.003478299439602749
-0.006424046312584763
-0.0076573639587492635
-0.003972710351271933
0.0012976838356244047
0.0022114539608690193
-0.0006290018443516681
-0.0013465090348908004
-1.105848857911422e-06
-0.0028810511607575045
-0.009881944787628189
-0.013766004431199599
-0.011635291064785752
-0.006467871097274203
-0.000599452996356678
0.0051095151325562995
0.008321308807450785
0.0059624245950562265
-0.0013772699670557415
-0.008063182777393436
-0.008130379460155965
-0.0010021719511758512
0.00832705585146059
0.014468304089292597
0.014818231659371305
0.009740180690380427
0.0036118129230683733
0.0027773493222857625
0.007911524531194128
0.010109309636991668
0.0009279250837699836
-0.013556768279030336
-0.017534013369678927
-0.005865880357982
0.009053858831779046
0.012446693626004271
0.0029748099309785305
-0.004018469510573815
