0.0
0.0
0.0
0.0
0.0
0.0
0.0
0.0
0.0
0.0
0.0
0.0
0.0
0.0
0.0
0.0
0.0
0.0
0.0
0.0
0.0
0.0
0.0
0.0
0.0
0.0
0.0
0.0
0.0
0.0
0.0
0.0
0.0
0.0
0.0
0.0
0.0
0.0
0.0
0.0
0.0
0.0
0.0
0.0
0.0
0.0
0.0
0.0
0.0
0.0
0.0
0.0
0.0
0.0
0.0
0.0
0.0
0.0
0.0
0.0
0.0
0.0
0.0
0.0
0.0
0.0
0.0
0.0
0.0
0.0
0.0
0.0
0.0
0.0
0.0
0.0
0.0
0.0
0.0
0.0
0.0
0.0
0.0
0.0
0.0
0.0
0.0
0.0
0.0
0.0
0.0
0.0
0.0
0.0
0.0
0.0
0.0
0.0
0.0
0.0
0.0
0.0
0.0
0.0
0.0
0.0
0.0
0.0
0.0
0.0
0.0
0.0
0.0
0.0
0.0
0.0
0.0
0.0
0.0
0.0
0.0
0.0
0.0
0.0
0.0
0.0
0.0
0.0
0.0
0.0
0.0
0.0
0.0
0.0
0.0
0.0
0.0
0.0
0.0
0.0
0.0
0.0
0.0
0.0
0.0
0.0
0.0
0.0
0.0
0.0
0.0
0.0
0.0
0.0
0.0
0.0
0.0
0.0
0.0
0.0
0.0
0.0
0.0
0.0
0.0
0.0
0.0
0.0
0.0
0.0
0.0
0.0
0.0
0.0
0.0
0.0
0.0
0.0
0.0
0.0
0.0
0.0
0.0
0.0
0.0
0.0
0.0
0.0
0.0
0.0
0.0
0.0
0.0
0.0
0.0
0.0
0.0
0.0
0.0
0.0
0.0
0.0
0.0
0.0
0.0
0.0
0.0
0.0
0.0
0.0
0.0
0.0
0.0
0.0
5.505166546768287e-06
2.2594092804979766e-05
-0.00023208872948789964
-0.0008249716020059057
-0.0004250410046092979
0.0009579601774892966
0.001008951109302802
3.077968861185933e-05
-0.00023215221297321142
-0.00010274329800948622
-6.34367153792274e-05
-3.801026242232696e-05
-2.6261864816493725e-05
1.3321349617638608e-05
1.3523607403794016e-05
-0.0009175146694955234
-0.0034661719243536107
-0.00493168084925023
-0.0036115410664758125
-0.0015278873746743882
0.00031924479460290756
0.0012283966900772615
0.0017384627628100812
0.0014943116488002417
0.001246924555789672
0.0016972015904828342
-0.0010215456098568304
-0.0008449981977850414
0.003903069290497916
0.0026937925341706413
-0.0008188449126719795
-3.985949670436617e-05
0.0016077366220453716
0.001189819047063472
-0.0009819042131787306
-0.0014715494302378047
-0.002032202293733788
-0.001835662285779718
0.003236927260854435
0.0026028771767008085
-0.0013179410369985537
0.003194056715760611
0.00506724892607348
0.005371064546734467
0.012615803819322677
0.00762405421226597
-0.01129248759661661
-0.012755012104838015
-0.0007126479767301311
0.001289400598972024
0.0040542272834753834
0.007964581731890508
0.00015945461164183772
-0.012571157373237487
-0.012741769396306259
0.005360027430511708
0.01657247980887406
-0.00022871056981238046
-0.01881603655331144
-0.008414868437881206
0.010477105492411622
0.00916668333884444
-0.0005343631011152346
0.008899553863265882
0.02743915062170193
0.01861260390361448
-0.008638108834678665
-0.014889267415634712
-0.004409680300937739
-0.0030580565959943892
-0.0035227457998086645
-0.0031775532276330145
-0.009237391422689988
-0.009899918700136236
-0.007180857592712994
-0.0058645581671915815
0.0007098176268806357
0.008223691878076634
0.005961545284194833
-0.004714189036614992
-0.007648721018854848
0.0015347983889058526
0.00894618092987554
0.002767414962927134
-0.0055027628082497705
-0.00536859766060132
-0.009181906186067252
-0.011239489829912467
-0.0014738902737322836
0.003516325593620232
-0.0038164057949349843
-0.007180687699600296
-0.000801911243162692
-0.00420083759844516
-0.017302365748482817
-0.011128975765316018
0.004160745192127498
-0.004812163850793673
-0.018471322121599913
-0.006062537481632678
0.013757149938768864
0.01683046534381989
0.0016258716011092363
-0.012856920366655023
-0.011118027629485962
-0.008268615352101077
-0.00828937920171284
-0.004671223723693128
-0.0044677909418770825
-0.004926794737802671
0.002310039770185443
0.015087435558707396
0.02527112482578194
0.01862831630014949
-0.0042048152388487435
-0.011842265754881304
-0.0007698193694115688
0.01530551294815398
0.028157820509477374
0.015374270924036593
0.002537212906663388
0.013922611323900729
0.013904776122719818
0.0054779200727082655
0.002782234652326245
-0.022594438842751984
-0.02698331402380294
0.022235284896020596
0.03413561085774233
-0.00876037750870718
-0.02238427099900397
-0.002587294573380151
-0.010355851698276285
-0.03314321752950139
-0.02058393391554076
-0.009718926776037258
-0.03560467932752214
-0.038046844943725636
0.027420482026871383
0.09444835571777224
0.08423207407527285
0.024053532954029733
-0.0204835211178974
-0.02579163976401628
-0.008509429046616272
-0.0010827418914227446
-0.003472415734380308
0.001084951132283218
0.00577679919756364
-0.005979899637752986
-0.01660191668697199
0.018020435997169737
0.0607254941261377
0.018361833119213463
-0.05324501281322301
-0.03647094218974855
-0.00015031042255184493
-0.03067117717072832
-0.04223762056363604
-0.007217724759214849
-0.011294149801663704
-0.05242014558752567
-0.04255619543872067
0.030242643954824573
0.029981329557707034
-0.012675065194162165
0.06646899826521559
0.11487967983084238
-0.03231755004417627
-0.13354111091425952
-0.04278240887640932
0.018647068179620307
-0.004497405487816797
-0.01829854799381446
-0.008950775190689292
0.047724148308944635
0.04898443152204987
0.04048333885464918
0.11750386263417983
0.03686424704758197
-0.11329981094265011
-0.04173692126948414
0.05864419353548076
0.020991229165574422
-0.04049094252938141
-0.04866113033271029
-0.00754237806731723
0.002755418464291271
-0.006784301415378032
0.03834613958114296
0.06095021014078768
0.015922458469927275
0.002491088246533206
0.090355605320493
0.1543185775909927
0.05591554730130112
-0.028745383150622805
0.08822193992683935
0.15847210996805472
-0.004662928493195606
-0.10220618462087569
-0.036291686541886276
0.04502827536991136
0.18044654471105406
0.3002952876327536
0.32266574055099156
0.2561717032222264
0.08930555949609464
-0.11568229069549218
-0.1943232938041669
-0.03397252563816344
0.039284085821157944
-0.2007882123351149
-0.3135805179588559
-0.06699764294708838
0.08767117820132936
-0.046926581726290995
-0.18687029874711755
-0.4232905385157063
-0.8155508879211417
-0.7652511033672124
-0.06203417415603618
0.4627603416843176
0.27653473844682397
-0.07164442624889378
-0.09661790270839266
0.09529020996082521
0.2875174070609287
0.3362511140279063
0.2349031143904533
0.1974043589713694
0.36491869089363405
0.38928210393277085
-0.05263366249898016
-0.6494900380466178
-0.675091300165509
0.08599808968413597
0.5586785616956869
0.15682769423818907
-0.13604870374114236
0.05105757587480475
0.06220822480417057
-0.17203782982585997
0.00614284930977807
0.6352997537707666
0.7646420477300797
0.18686727791376123
-0.2946452993831492
-0.39745304985077323
-0.35640939127023435
-0.19689609605102165
0.2383826583811371
0.6670813884557115
0.3037124720477069
-0.4743906028580385
-0.600934938644256
-0.4669061655620402
-0.34065332292721195
0.12405201449693876
0.3985966057056514
0.4340097448123325
0.5062714667187881
-0.1821012470781625
-1.3239427763038805
-1.3079769111726405
-0.33431989921501826
0.2800910567005538
0.26662309709104626
0.11268968679482505
0.1074807734366281
0.022911942248909356
-0.35169401008483947
-0.5942477704853868
-0.07730349490274735
0.48699443671730547
0.06513589460981983
-0.30652978688794574
0.10785717602161982
0.1348659837043491
-0.1404377915114119
0.2774709020190642
0.6766528729831287
0.3593987222484646
0.21153008392879924
0.463128300532499
0.3154838661181366
-0.0996653786694045
-0.30042285935821694
-0.4398152546434711
-0.6902472950050009
-0.5345124066981608
0.23683799191266747
0.8196761299478672
0.8918761315581845
0.4230293761042959
-0.5186318545431461
-0.9474394000281653
-0.544579298387985
-0.1830862973332189
-0.1535086103926614
-0.03456697401815645
0.18524869630960872
0.09307601097401397
-0.265481137280174
-0.24341593422165464
0.16645084063288074
0.31630036522820737
-0.029866464602723686
-0.7270627009177748
-0.7300162504387929
0.46063448464819234
0.9189486082509926
-0.1403882242883423
-0.7452277175839939
-0.1234403043066058
0.5461857271735849
0.6200907216674991
0.40528184761305586
0.2744057715527848
0.2891115331465467
0.1488764662062295
-0.28564139730466015
-0.0824864832489151
0.7943047835820018
0.5357422384597736
-0.6936821926017459
-1.1224525145279176
-0.420302376102907
0.696015721040556
0.8529479704456157
-0.1470533118589242
-0.49742338236270456
0.21434931214075692
0.5091302106150487
0.013150589748122832
-0.32066445539713206
-0.33563736809749106
-0.323902550512872
0.07574612734991601
0.3650132617868645
0.2964038272203761
0.6652494746657589
0.7240953593104622
-0.22948864978006478
-0.6770564105306816
0.5056824375157188
1.3252316994407076
0.2546203766238233
-0.7820463029643917
-0.9042829674441034
-0.7675891980718335
0.047283559771410744
1.014898510181184
0.9325723220458081
0.4077456619428085
0.17971431454549625
-0.13941660988420645
-0.3740320730103506
-0.3299581552493741
-0.4545462952961705
-0.49244826702245975
-0.006101117704760406
0.37107656541872563
0.011693569092592337
-0.43310559101492907
-0.204784162357541
0.3736539618101675
0.5427361632566226
0.029419402411754336
-0.4515351411154219
-0.5192132031867145
-0.3560812482416539
0.06186103838497117
0.08255455839480977
-0.1756042779429072
0.011440282299244237
0.02405889737667513
0.051074241394546555
0.7929934515052335
0.768945535542449
-0.5839991146038979
-1.1301867861938286
-0.2142894230037879
0.6675575338367157
0.9605565460447335
0.739151771073089
-0.04994758520604936
-0.29566200272826904
0.38438627396205227
0.9043591447536099
0.5788742648895004
-0.6951349881993301
-1.8250081715580833
-1.7780370357773838
-0.7428576487358058
0.4505983133840231
0.7150792134415995
0.48291028624145793
0.7732859491355137
1.0221963136735572
0.5010647115681504
-0.5260257258116703
-0.9557069515671496
-0.17601721432938566
0.733469488731363
0.8239552000684103
0.43429500545762423
-0.1038368655163171
-0.8167891222381891
-0.7374298310158257
0.21645680806606116
0.14539940692058395
-0.7024078260324522
-0.6251677027661063
0.1556817035254529
0.8369255840766741
0.9876977785476854
0.25598553590719075
-0.9638745808885055
-1.320353998655536
0.04109339748807306
1.4256035132471612
0.8536497295346923
-0.5002911916098096
-0.9924499280781441
-1.0367306449317164
-0.7935342437422515
0.26016799606080665
1.0891346978063356
0.2649875280713669
-1.288219308478717
-1.5453552365106389
-0.30034261920986316
1.1709278975611308
1.538850917874462
0.2447122679600324
-0.9199257749746579
-0.2739610461132854
0.5514776685643481
0.20392414071102558
-0.17674088491987702
-0.10412732095304437
-0.25236808373526787
-0.2922784420808098
0.14720019969477335
0.31903984818405273
0.18490068808490165
0.09527365237582613
0.060668080435469146
0.3156353296795579
0.17120122349111105
-0.624791637706733
-0.9173295498445007
-0.5988727392315781
-0.01820875674772543
0.8292508156523835
1.129170665256354
0.7235989747803774
0.5956397100896162
0.621278582698528
0.19218572248142984
-0.39146860716710186
-0.9227571571209016
-1.164901358861002
-0.661760317948995
0.25339092932938706
0.8158187593963473
0.5595757792056452
-0.3583469878999679
-0.9843458718933679
-0.5758313576637502
0.15984480225750214
0.09047934145849978
-0.0007489590125117213
0.5225249352809013
-0.06350076066593316
-1.3508009987774543
-0.5798780790997589
1.4101779937730847
1.481727301545471
-0.195178346706417
-0.9618311287226029
-0.2662773891608266
0.03176795229489132
-0.8498052626125316
-1.1990004779516168
-0.15124115526708004
0.5099895445699969
0.27217516054112667
0.0922394061902928
-0.23541935001493886
-0.5244522765357752
-0.12396884940549957
0.5899620852453952
0.7040324828346785
-0.03621599426886579
-0.7381641359145787
-0.6303227871797205
0.19275251504907764
0.7565873647458594
0.3251945462882371
-0.3164555586779375
0.014030748695520234
0.7486327874914447
-0.14675072507392484
-1.4466753412526052
-0.7972320646507287
-0.15717666991357082
-0.501084113336886
-0.21775582044958552
0.2515415027529255
0.3003102714436281
0.2969892100384457
0.19379771811394453
0.13298939461955706
-0.1916307971757889
-0.8662546132100786
-0.6958238508322436
0.1820000797829091
0.4609037022545075
0.49426083156773437
0.7558492382785567
0.8084656770899928
0.4504294628365454
-0.2755062517474177
-0.43123081756071857
0.3620112728775893
0.7527103580434119
0.2842782666704122
-0.23039095263200515
-0.36174093080079106
-0.13251655907605286
0.10579574509053968
0.0409465538922289
-0.009609880637868606
0.0639655888488152
0.08795013758861359
0.4074412851060194
0.5477735228520011
-0.276253480519424
-1.0177470075505555
-0.4337952011484655
0.3503981509867089
0.04340572875382509
-0.10300161518490414
0.35877455704445904
0.24169813775479132
0.04783126032424079
0.27168075872652203
0.2692778223937876
-0.05229920501611274
-0.41712647678052106
-0.20150047248283304
0.5198152097634268
0.5170385493835189
-0.29022983426514737
-0.7128370920335036
-0.34367817159130215
0.22115848662800408
0.5383099011449183
0.3353839461930688
-0.264018540760361
-0.44845171017364666
-0.028288760071244035
0.5023359200680702
0.6880826177761994
0.5452513495329087
0.23650054582462043
-0.3161840566433802
-0.21663236330387303
0.6581740261865665
0.692865415269482
-0.07855532729179171
-0.3462283495260452
0.19181698418142568
0.9046392921861478
0.5188491242572981
-0.603890432596141
-0.6263409398893737
0.08979226705997168
0.019846509176855043
-0.5647740922590955
-0.3842778585644798
0.2599165511129131
0.08905487413501079
-0.3403779689247798
0.03263038066551932
0.449542196001506
-0.044656393636148095
-0.46221605523396153
0.24050319682235632
0.48769260460633673
-0.6748191582303842
-1.1801608377622061
-0.1667251896878024
0.5481738541281209
0.005593876304391787
-0.6467203615917679
-0.4700423330094485
0.10025290217870297
0.28359415182849596
-0.18093863113649322
-0.4492808908422112
0.23950156489151664
0.8945249955716135
0.19528681396667324
-0.9180048751543306
-0.6573083173697565
0.2341336887040707
0.6728188712957323
1.0614418723724586
0.9227511573764337
0.07254807196240876
-0.33911123386965963
0.12259071898508678
0.29436166975351147
-0.5823363029477201
-1.032528044954119
-0.3589634336374481
0.4323240452191926
0.7630481214599096
0.34855138232647703
-0.10770890729340643
0.33648816703153944
0.48796414531812915
-0.5746522138128008
-1.4389543984715654
-1.1646785761842895
0.09410679840903435
1.2395403106418725
0.7201537638727056
-0.2625656871775806
0.3097403287770773
0.8310304601167067
-0.432319570304425
-1.286808763263219
-0.5730040523465452
0.23257170143767458
0.8234038743311043
0.7829322150425316
-0.026085964831755737
-0.475046911927988
-0.19724965526823096
0.3902226601907953
0.5112874797884137
0.001445256911188686
-0.4046687709348582
-0.3107867783464162
-0.04746252099383297
0.006831161278334719
0.023978761695362172
-0.04683741899566565
-0.2683178463899665
-0.17052774809408214
0.3692629994990336
0.9696652477899581
0.9039837038303895
0.06144829568308785
-0.5180668582527342
-0.38813667993623324
-0.10467459409053448
0.09000262420740346
0.24947425352845842
0.126872091914092
-0.22846072783304328
-0.4208979423126699
-0.44939206600221504
-0.24252000729757964
0.3127101602709711
0.7335233690710113
0.805494280984264
0.49511533465586355
-0.3436442643863895
-0.7983737936612413
-0.16509961652758087
0.4422601936292093
0.18032771761704225
0.0938528920637407
0.5067284632959975
0.029762329886295902
-1.0018390666800845
-0.9896067457516983
-0.24154555175226894
0.36028932974637473
0.7236059541450821
0.6084085912880256
0.10073004100360927
-0.15505632126888735
-0.03915707863306794
0.02859562022971529
-0.07059644466052473
-0.15034190767104427
-0.1856111958208453
-0.10027071919618646
0.19560989756729752
0.3363970318869357
0.06899115936008982
-0.16981902009840033
-0.169598582164314
-0.33609672918450983
-0.4011553997813109
0.13307375439654534
0.34947026693190164
-0.34203444118707255
-0.7163542172736594
0.014794041733520225
0.7847169189306167
0.3597757281908115
-0.5112717795411774
-0.4515007655344698
-0.017242516466241642
-0.19062037324076586
-0.343045082932289
0.22538551510468025
0.8030140157030995
0.49226189049006963
-0.2755392717442011
-0.4974257578831285
-0.475387608311329
-0.6535263626024395
-0.36242878212910046
0.24068248922023328
0.3713612026957497
0.138501226051303
-0.10532865465612712
-0.3118463709418668
-0.32658691270157664
-0.11551870351926605
-0.09219401769269453
-0.28538810091782396
-0.3034081611259991
-0.09868561810733845
-0.04364850732481296
-0.32395962950058355
-0.34593857879609347
0.14720759487746748
0.4722449238158969
0.28262213555644156
-0.16271449103345326
-0.37544937931577504
-0.02638714699684641
0.4470564529670623
0.4236857612148558
-0.06053303152596656
-0.4092898711111935
-0.3986620213270071
-0.4200511900334384
-0.39979012946183845
-0.09386585490680921
0.19702670664488076
0.24553396641087155
0.21326699637213808
0.18922682167576843
-0.002947307461691362
-0.22753835055921323
-0.2644990614859807
-0.21208838872666025
0.08180342442018373
0.47116859498459973
0.4609658294292115
0.1406009941378762
-0.1824757062143817
-0.25178981359119945
-0.01618973749875241
0.1463493811054145
0.04796569501639092
0.0452497240005344
0.26215555029671944
0.31429934865098375
0.15618890741147234
0.03488037651156195
0.07502526012111038
0.07831495796922833
-0.11229830997625834
-0.13618575876155664
0.03525341051701836
0.22404356322724878
0.33322016163243756
0.10320996706835475
-0.06820133394552726
0.19101337652154535
0.2874373809444009
0.02660658188550044
-0.02868771481576765
0.211576605426148
0.2295821960301214
-0.15459626329963583
-0.373797357548794
-0.0893986955236415
0.17719510802932403
0.10613996304465718
0.09926493820785293
0.1288880703386237
-0.05486646024857386
-0.020203729660624087
0.21524933074823346
0.18805375765156948
0.15495264318688168
0.19537521950850906
-0.04436235962565577
-0.34309979871276636
-0.34589051322963627
-0.1015874909843967
0.1978590059071542
0.288248537937176
-0.040816902860869475
-0.48131244287519426
-0.4758310746094018
-0.010398954855628945
0.40085826458681584
0.36857420813327346
0.15810873503915043
0.09586428418814674
0.03128650801339494
-0.09852741663873105
-0.20728990316867263
-0.30044437231520815
-0.22322762174559352
0.04890451935636765
0.10782631500053269
-0.044472111018743765
0.04862702346942209
0.2328431908635657
0.09531815294783441
-0.13779187197448148
-0.013986300735824547
0.2923013881230122
0.24468587681234824
-0.07757156834328477
-0.2098267178589899
-0.08382915998144203
0.023940091832121174
0.0068857861084269945
-0.07425086438034742
-0.23335752164332635
-0.19608493614051267
0.09588889955229657
0.12181872390128483
0.003758222733606778
0.1822222053710767
0.3206296153063663
0.18249882671724965
-0.0686827877187075
-0.2904601310903837
-0.2476290876122699
-0.05475574376224765
-0.02871983680063521
-0.14357603560645932
-0.1411419606181683
0.09317301540808581
0.26351509359030817
0.13839089619869505
-0.08230985841187863
-0.10742834922446745
0.029412073799007205
0.04969083547288375
-0.07445044200001748
-0.10155365867804463
0.03156077103586745
0.07693533480186897
-0.06860454859999818
-0.14696448581033367
-0.0929659693256824
-0.13371334100920712
-0.16398249268404846
0.007354263359898805
0.07285768390533165
-0.07041190194496216
-0.07820976282450881
0.038224906457367674
0.10090798206962134
0.10594990257550133
0.04175181584383091
0.025700063590294003
0.06500972864106376
-0.10802133462127567
-0.27813689217506904
-0.059648342013165795
0.1869878553029471
0.10370124692927889
-0.026158243112694726
0.06030202134037311
0.1174978867542369
0.009622869614272632
0.03158421653589735
0.12420663865134364
-0.013264399477641131
-0.1655856527165667
-0.020407118440833334
0.2060627679796166
0.17291735305343073
-0.05688676899979715
-0.1756741745155243
-0.10635771894811445
-0.017621079858724218
0.011658315181661369
0.01337762372545307
0.007395983475759075
0.03478119044736951
0.165220015184803
0.2781512871644133
0.09520452835352028
-0.22508124825118359
-0.1918208628438488
0.06505342501097071
0.06854977460767293
-0.0864491283314406
-0.1195544411959151
-0.11098562991753869
-0.0947701033505791
-0.010436483670804561
0.016012649643977528
-0.003455017899869871
0.09103862300479122
0.18126166186039422
0.02925737703068979
-0.16251006071912838
-0.10459204122906138
0.06784616732095833
0.14801660942555903
0.022417099171451654
-0.17302084859209904
-0.1422197692331006
0.0374045013154432
0.08355081680019681
-0.06318821913317696
-0.13996045014848862
0.0776441170992296
0.20980199339706562
-0.03784944038464721
-0.2064698921798602
-0.03388071901360052
0.14019664878275576
0.07351939729696741
-0.09739244701319133
-0.1512796286248544
-0.05472645873543665
0.10250993916469363
0.17887854095172123
0.03084082904994216
-0.1506379922803947
-0.016980836247328573
0.2360079141663241
0.17871449465675204
0.01734509423452857
0.07525641329715664
0.019345242675198396
-0.20969032967641524
-0.171673370044793
0.019629622729853365
0.03706684205399398
-0.050641902238490834
-0.08168667298601989
-0.06619395979486521
-0.04211896509230195
0.09776310136105892
0.23764318537471407
0.14656465261651622
-0.009366415062545694
-0.040303936932628834
-0.005293878773364374
0.06693779409361088
0.0908227944376504
0.004986797292144879
-0.04899948548659519
-0.043211786792700574
-0.012413876219930287
0.012711745900632648
-0.028950218464122324
0.009188074574099647
0.09331617010486204
-0.016955112363661762
-0.14579275956992205
-0.0751483346700761
0.01144669458245285
0.03015608444043312
0.04165881305405683
-0.03538037222040902
-0.1204629089369586
-0.055736558811489915
0.05618129749342689
0.0542847050980657
-0.0069693651902310305
0.012905082585656008
0.042889447141122757
0.0274071875493389
0.07829330230266086
0.12709332951167157
0.039691567345161216
-0.08837808870604466
-0.1550740996191181
-0.17493084779597817
-0.09465443165095103
0.04038288293928667
0.039126694033060835
-0.061611349078102506
-0.07872711478564608
0.015643292967098384
0.06651575733869548
0.0054393343161298
0.004401274830845268
0.08172437474610086
0.06794244557979881
-0.0581880927393541
-0.16374818792111345
-0.07369914446263377
0.1052829363180549
0.08463091719494749
0.0013755641812473306
0.05769003505246253
0.03805661905042791
-0.09733997546624536
-0.0998733955154789
-0.04285833053961725
-0.041070745293776204
0.02537653552715534
0.057275720794260375
-0.06194995720195892
-0.13572372479117525
-0.011197009230023841
0.10419796608078584
-0.008400461641625084
-0.1249108773138964
0.010428555929988814
0.1905977703451525
0.17175162218439535
0.06236392126479559
-0.023526552848996053
-0.06955417699894709
-0.033143804566877065
0.04181917662616529
0.07232839795707496
0.009059696599040061
-0.08823702517103096
-0.10629669408422962
-0.055638538542848524
0.011669969365497954
0.05628602495590691
0.05148735960487366
0.025027267782004457
0.024263217617704343
0.045225458234389386
0.0072795942784164396
-0.07822502292373786
-0.06288150045903328
0.001642939793497708
-0.01887098624686949
0.021075534574373778
0.11346446409289218
0.045242329450519425
-0.0341400016970394
0.04449975877702059
0.06393146535083763
-0.02990852983619411
0.018217737479631832
0.13482361401769077
0.013444940018003518
-0.18223431566682738
-0.1535483641747558
-0.06940753866394728
-0.04501981296076776
0.03720447136145321
0.09544615734799441
0.048333431930588824
-0.007867968656335034
-0.003120119245920138
0.005596923621523538
0.00830457397916682
0.08384895650894536
0.10723218798197605
0.0005845537723729588
-0.031192148477536527
0.005274832648159367
-0.0654167000152555
-0.15425203815627808
-0.08589839100438573
0.08088107841015077
0.09299104853983377
-0.04570414473185401
-0.044793279538534334
0.03892699061306206
0.01247478332350342
-0.016374078482335342
-0.006642268553794088
-0.007672912482316012
0.0075304199604097136
0.005676699781818595
-0.059723469619728825
-0.09783738193063085
-0.009207072646302175
0.07032598509591849
0.010628948910949787
0.0024096996553644515
0.12175221033090686
0.11347403407475076
-0.02752827215940175
-0.055519531696309916
0.008692940124191341
-0.01288427375072735
-0.06125078172497954
-0.016829796637714334
-0.015412686376054502
-0.0941587516706859
-0.07480631214364748
0.015489026279156132
0.045762130560096745
0.05594729874280727
0.06468208735457574
-0.0016562009717737067
-0.05685122258862561
0.006530204487773254
0.05461000243315854
0.006004972976884793
-0.0027759273188202463
0.02606323658605434
-0.02215729376114628
-0.0466016125324692
0.007782018805037854
0.006173279926827813
-0.034452276795226916
-0.012984849835149227
0.05043810131000096
0.07462599926647373
0.0197505947811761
-0.029755210293508808
-0.02427148104449477
-0.02668233547402679
-0.021533483605955507
0.016984173224102894
0.018424165962641785
-0.024244701360781017
-0.03681925151688234
-0.022508277610763794
-0.007731825507654687
0.042187318168714516
0.09688481924065626
0.08469028647307654
0.02884313605760503
-0.01711438359095329
-0.037351756376577276
-0.03327498073249967
-0.021366809064244444
-0.00830673493771638
-0.003058908599561075
-0.012565198485669669
-0.0051928311787659024
0.019249978007249258
-0.001834628928814014
-0.056150051462586975
-0.008516365524665653
0.10262791428361927
0.06050549547539032
-0.053604773699297614
-0.046981062261855396
-0.01550597360408221
-0.01746281023118265
-0.0038928349127351674
-0.011794187057336739
0.0013395144738814722
0.05452779527894937
0.03973114122403683
-0.02163901406845073
-0.03438318777921128
-0.004590733473246089
0.00015666334058454974
-0.0253113467445971
0.008275069353729628
0.06468613162838989
0.02908933585849544
-0.04778009194058535
-0.08554172634338483
-0.07791338333825525
-0.013506267207943068
0.0534242431814842
0.04701840237943943
0.014239206705802098
0.001044088682716108
-0.00982918084793468
0.000489678914575388
0.025273253294902164
0.03554044618418933
0.027950613428299943
-0.0005590619725848699
-0.03821199920323314
-0.06336507177655516
-0.04016647369619056
0.007566810565470136
0.02034951999129358
0.018102689832692916
0.010032697538773592
0.0026995898699493197
0.026947068994613507
0.0416488313192128
-0.0035478611476583493
-0.05735268299954065
-0.033491661998684155
0.021406800461640636
0.010588192235466042
-0.014710021032834208
0.007497954292174626
0.013307414597974977
-0.007566730363324911
-0.012208605786247101
-0.01120445802618315
0.029319248665245955
0.08279201970756067
0.041114746270793166
-0.03838391857114779
-0.04721128234258742
-0.02083190245742156
-0.009335956374536002
0.0010665089865482258
0.01552531331222527
0.006889719924707921
-0.013834682388553999
-0.015483554559716419
-0.02227846164071673
-0.020618300459888918
0.017106918159770626
0.04752117090559163
0.044594326451565844
0.005473571860036705
-0.022039716145168455
0.007398381000683754
0.019987017042078045
-0.023356130435225945
-0.048221502449647194
-0.017959035973835937
0.010122618582875182
0.0018675074361514735
-0.006649061802303085
0.014194174156365598
0.03214155550373623
0.011185533126259598
-0.013016277645434771
-0.01262650128796517
0.019796189073460663
0.05341577818193029
0.006116982361409173
-0.06497056918400623
-0.05213647015449074
-0.006723744852145122
0.006288348192961788
0.017161878760620496
0.032469865650203454
0.019192557740094485
9.103232311284508e-05
-0.015330489687753844
-0.03282024836234841
-0.00022394249085236082
0.05195017764950305
0.03479226254717718
-0.027752255877335222
-0.04924294793581224
-0.017390458885706755
0.005178041574167286
-0.005323340721030594
-0.013887075354596932
-0.002207736951133611
0.011395686057843756
0.013035332738742186
0.006534298607099786
0.0031081355335001387
0.010586991721901617
0.009734847958823045
-0.00877546510771099
-0.011180058858442872
0.004665955666972832
0.0067302911819360645
0.0009009280457414166
-0.0064839605852636244
-0.03041898849977384
-0.03773759569830631
-2.408553616181988e-05
0.029280456669195883
0.024581046726300636
0.022552453274740224
0.027912412104413635
0.01125195179591054
-0.02705181641064916
-0.03298329606732465
0.0023993819816938663
0.021360898565176662
0.01690625392170746
-0.007093651399965683
-0.03797064612894038
-0.028507663152803366
0.003230747391688417
0.02173681681010623
0.022957921283599067
0.019443395011075233
0.0100134651584275
-0.013213652033854344
-0.009644878206271724
0.0028706259343207964
-0.004497909006772003
0.006270336575566803
0.013531235881542293
-0.009116701899394583
-0.02557156122201043
-0.006020332810000536
0.022940594707697496
0.013720890971437038
-0.012114951030154857
-0.008984917831564538
0.010370310194834845
0.018746406767022453
0.019095285043902028
0.004142256734453665
-0.01837868312740207
-0.011956629520745814
5.3932972097868806e-05
-0.010647996783271904
-0.010164918707173311
0.007029585070276912
0.007104333532397148
-0.007909845081650348
-0.014963158054533656
-0.012913368552565769
0.002951642143311793
0.02843341142657002
0.023377566950416817
-0.005395407305293098
-0.005503168991775685
0.002227788654168372
-0.017125260276526656
-0.02325490575345953
-0.0021575193134716624
0.01230738075041446
0.011434130861632936
-0.0017892155437431775
-0.015077840553520475
-0.01140950414672393
0.003907674086266687
0.015660760969476096
0.011869109565180388
-0.0005225576089628089
-0.004020819201801496
-0.002795462981861614
-7.102570817705449e-05
0.0020035464394624575
-0.0038922708772917438
-0.006707008940385256
-0.002027578654548198
0.0038205159407092722
0.002177622272127871
-0.0011618834059954502
0.006617563640036713
0.0069125480738641805
-0.005141269792623302
-0.008349186083571184
0.004408952740259475
0.013669890842596613
0.0040809100177328665
-0.005994101613278479
-0.014200961085966902
-0.016316643207912263
-0.0005743029253726922
0.006904049285939975
-0.00011930737717748188
-0.002164425058426494
0.003655219876757656
0.003983080673205297
-0.0016568999150105785
0.0021102807372772705
0.003979180902944257
0.005044999539790389
0.012507793473966886
0.0026096395071086706
-0.010612452568660712
-0.005512849136868566
0.00023728601869744438
-0.00018950200597794148
-0.0008303083647383359
0.0015970433778106329
0.004640183541476141
0.003785173830507373
0.0014455658806027376
-0.0013535228145344497
-0.0025981628321784826
0.0019794007684362444
0.005226494035813484
-0.0015493446970430763
-0.008456947081214864
-0.0005644663024594668
0.008309810812823218
0.0008149226346042633
-0.00741242642881749
-0.00706717928378621
-0.004201733234278896
0.004225095546327171
0.008303375527496907
-0.00045178551914818073
-0.0020367650984099185
0.003260120401589154
-0.0023278387457655505
-0.006183871434700156
0.003260505453453023
0.008258484873642224
-0.0004571690361979573
-0.005675556087575051
-0.0046890223118647425
-0.005190190490704907
0.0014747993081608065
0.008138564563286496
0.004054384025203824
-0.0008451337835802342
-0.0018243040124213948
-0.000587454592965692
-6.423389547132591e-05
0.0021190121278029557
0.0032788607249855032
-0.0026507984927758165
-0.0018131547183334379
0.0013600117333078874
-0.005197834371470116
-0.005169143206393079
0.0029478942665434912
0.005425027125109373
0.0013830129983269852
-0.004301740325391475
-0.005074035617579849
-0.0007568542933773527
0.0028224885921830575
0.0021733801042805867
-0.002080644637206213
-0.0028556987167945216
0.0005089648444873445
-0.0006545152970076825
-0.00413522274416653
-0.0007963682231194036
0.006431662393424082
0.00466534586702529
-0.005189927436216045
-0.00584296306395694
0.0004902080347958465
0.0035287376550736244
0.007440551982436452
0.005114389313083342
-0.0019650809609536063
-5.1492646489333625e-05
0.0006472536525207614
-0.0028658420087274727
0.0010520279195983567
0.006836762596332547
0.003928062938052326
-0.003498008629799855
-0.00403161392301652
-0.0020987587343498574
-0.0011749671554088488
0.003916096935927181
0.004003426392110715
-0.0014733563024904653
-0.0034281431158180355
-0.0030050177643013037
-0.00046409087385027763
0.001996156288177322
0.0023193435157324994
-0.00040480339546590093
-0.00466240731459885
-0.00250035698619406
0.00018035603575696814
-0.001643320747616899
0.00036503879007227045
0.003479885438327371
0.0010886833139339845
-0.003363239190673589
-0.004520495635886056
-0.0018614297082547946
0.0012073964362171652
0.002805414108842577
0.0014669374214365794
-0.0023380365315163317
-0.0029496887575508144
-0.0009654378891098298
-0.00135261265521865
-0.0008453534412571819
0.0030104758840727016
0.0039346231494233365
-0.00018992155442318484
-0.002472610538425901
0.0003025997957761107
0.0024809489986704833
0.002259275594470272
0.0019240676719904674
-0.0012727335652864642
-0.003881361831798727
-0.0016882040231921537
-0.0006010214658243228
-0.00020380520236761436
0.0020162469746651743
0.0006243242171936142
-0.003068617723096477
-0.0030082313915671738
-0.0007103180855537587
-8.47833258744682e-05
0.0007479214253137152
0.002568452894701358
0.0016678630722820687
-0.00038069816924993693
-0.0007836882741496257
-0.0006510582100964816
0.0004420698139349546
0.0019804254911563166
0.0015639516175857268
-2.859845392777498e-05
-0.0003665742298595623
0.0005218415391293986
0.0006810023327078042
0.0005090135382700595
0.0017298007615193119
0.0019816132953932577
-0.000635483784580518
-0.002015519549778009
-0.00036619932782652807
0.001342528910347977
0.001478152720239202
4.0659221287345833e-05
-0.0010019798990436933
-0.0008630931450612112
-0.0005584625476858041
-0.00016058549065050783
8.204889585556826e-05
0.0008715313012017682
0.0014200167940216174
-0.0002500437628273639
-0.0018743844307627727
-0.0016525095262517526
-0.001239417415721772
-0.0015086419802751686
-0.0010533593332053375
0.00042055811783382594
0.00019488495619359304
-0.0008381773164439245
-0.00046806550854064095
-0.00020401385750791088
0.00047236658943446965
0.0016826556154982831
0.0010430973458077219
-0.00012974593011455911
0.00021724324142171397
0.0008682257023179591
0.0007927656814772758
0.0007404628087611028
0.000689280289146107
-0.0002926117688267502
-0.0010539572965949258
-0.0005280107667861827
5.397353827878745e-05
2.877361214808098e-05
-0.000294134461299612
-0.00095222878371057
-0.0011299233311654615
-0.000489851127985836
-0.0003731894347509785
-0.0007388682094050279
-0.0006978138465767616
-0.00037240695039282025
-0.000413854473454542
-0.0013096305526166623
-0.0016182549115081406
-0.0007439015052587228
-0.0002043319995664655
-4.610842016585393e-05
-0.0002284500518363007
-0.000716174597585259
-0.0007528499056609515
-0.00014104220292270736
0.0008337602235172197
0.0011058543604712473
0.000514037075553479
-0.0004564955857380439
-0.0011026516676510148
-1.105277645013173e-05
0.001561456789231089
0.001609379888327273
0.001007793123634766
0.000931700991430522
0.0013780563941173632
0.0016772110192110185
0.0014636343215665476
0.0009965502394790196
0.0007289513579525268
0.0010194494286924261
0.0010725520665949143
0.0005465107983851328
0.00028558254007115397
-2.6081289585564577e-05
-0.0006512311761530747
-0.0008117273169021629
-0.0005837483889245504
-0.00039278491551461765
-5.141123593089343e-05
0.0005313607861677334
0.0009781003347885974
0.0010544951859429604
0.0006910024091665076
-9.113587792431701e-05
-0.00042249468419555073
0.00013823178410170452
0.0005860040830310692
0.0005806908093143421
0.0006140168660811844
0.00047965677775427566
0.00018548677619709217
-8.500319718895803e-05
-0.0005045408135849134
-0.0006002493799004971
-0.0003934966301815503
-0.0006126707180575544
-0.000786721751089682
-0.0003771422724391429
0.00019523309944238006
0.00037728975660494823
8.085427895504396e-05
-9.667521482432722e-05
0.00011850892476939889
0.0003484421857818088
5.209966665245709e-05
-0.0005768750858067512
-0.0004117580686548573
0.00048784751435812946
0.0006863067864422258
-0.0002608573302146891
-0.0013471456531732177
-0.001771706191384287
-0.0016901818379607926
-0.0015620483184031417
-0.0017303735832191647
-0.002002550923411301
-0.0018663304573502517
-0.0013819123973144824
-0.0009423248016230835
-0.0007792265987627001
-0.0008511782236025811
-0.0009686861470897144
-0.0010072150719457919
-0.000749906684880502
-0.00018837282529211158
0.0002775608904655577
0.0005037352202026547
0.000658072543262501
0.0006986543381777306
0.0005385885072729238
0.0005081118694677377
0.0008520945127578044
0.000985076878260555
0.000548950249183998
7.448048530343809e-05
-0.0002419743831448269
-0.000494768003838774
-0.0003440631133910417
0.0002295392423658756
0.0007173327719331105
0.000990137935527346
0.0012837926965631108
0.0017113285473834678
0.0021585076492430873
0.002118923733263482
0.001257108797299324
-6.5437599509909385e-06
-0.0009056514517841051
-0.000936276974506316
-0.0003894608322698458
7.000490360202056e-05
3.052399258310687e-05
-0.0005333584510486418
-0.0010221576306043557
-0.0008917290497484541
-0.00042207407388804795
-0.0003392984094270678
-0.0010771897689764193
-0.0020382531977797304
-0.0017552651221623234
0.00026028908458292565
0.0027191311544253072
0.00416175618937168
0.004019745609823136
0.0028566745115360197
0.002153004410866225
0.0024582054495964917
0.0027640619771727064
0.002416178548503541
0.001801551003178763
0.0011364537255421168
0.0004757815071639634
0.00035871325285260006
0.0007233087571320053
0.0006383742529001025
-0.0001323596957595631
-0.0012571927295558904
-0.0026755140029613
-0.004080807388723719
-0.004960383719151928
-0.00497252486943981
-0.004030864343448541
-0.002810399149656518
-0.0024832071806839516
-0.00298519599336659
-0.0026039671792145655
-0.0007397140469656404
0.0006997006430587253
0.0002205473027196269
-0.0009195477933219096
-0.0004027517286536589
0.002384633478945513
0.005728229692258554
0.0071647458880944
0.006069328874632963
0.0043960571237255525
0.0036649035016679083
0.002909629546548452
0.0010563255712012498
-0.0008719372572932437
-0.0016403946646876104
-0.002465887476160602
-0.004946008138392846
-0.00751254934651443
-0.007243121695336563
-0.004088902506322462
-0.0013037570847114124
-0.001654272489136693
-0.003845828227032399
-0.004253643836133287
-0.001989590378482344
0.0005263486799490825
0.0014841373271358756
0.0010909036403140473
-3.578303263323396e-05
-0.0013259689201380199
-0.0017936785476170732
-0.0014956455722073651
-0.0018955116511736522
-0.0024815222546715823
-0.0008462668374330153
0.0023894095918268014
0.003531453999597898
0.002032498790077976
0.0027386032593272377
0.008145840196243934
0.013028896062655688
0.012567606767648225
0.008608081672034505
0.0046783004867628885
0.0023849536125915057
0.0017291755682185134
0.0010463352782569477
-0.0008169716354775973
-0.0019045451276668724
0.0003267941733984536
0.003527617829665321
0.0014664719123628663
-0.007467250222750523
-0.01709620148353586
-0.02139684680325463
-0.02090604558930458
-0.01700796972253143
-0.007526261936013318
0.004122209167306514
0.00707022080665062
-0.000502421527055652
-0.006375013033023989
-0.0018364032800446198
0.007386388028790703
0.010448434533791805
0.004610393050160684
-0.002732601369121528
-0.0018829560417335262
0.009494610229054987
0.02275322058772549
0.026988792106626358
0.019725351689018723
0.006982890538890729
-0.0011504642210646565
0.0015710559990108237
0.007441313404165574
0.002698582883314919
-0.011499429468707585
-0.019138718006031598
-0.010746998978067402
0.0044598990621165305
0.010733162503590177
0.004119828499877352
-0.009198662766039966
-0.02166649520631296
-0.026717876742654512
