0.0
0.0
0.0
0.0
0.0
0.0
0.0
0.0
0.0
0.0
0.0
0.0
0.0
0.0
0.0
0.0
0.0
0.0
0.0
0.0
0.0
0.0
0.0
0.0
0.0
0.0
0.0
0.0
0.0
0.0
0.0
0.0
0.0
0.0
0.0
0.0
0.0
0.0
0.0
0.0
0.0
0.0
0.0
0.0
0.0
0.0
0.0
0.0
0.0
0.0
0.0
0.0
0.0
0.0
0.0
0.0
0.0
0.0
0.0
0.0
0.0
0.0
0.0
0.0
0.0
0.0
0.0
0.0
0.0
0.0
0.0
0.0
0.0
0.0
0.0
0.0
0.0
0.0
0.0
0.0
0.0
0.0
0.0
0.0
0.0
0.0
0.0
0.0
0.0
0.0
0.0
0.0
0.0
0.0
0.0
0.0
0.0
0.0
0.0
0.0
0.0
0.0
0.0
0.0
0.0
0.0
0.0
0.0
0.0
0.0
0.0
0.0
0.0
0.0
0.0
0.0
0.0
0.0
0.0
0.0
0.0
0.0
0.0
0.0
0.0
0.0
0.0
0.0
0.0
0.0
0.0
0.0
0.0
0.0
0.0
0.0
0.0
0.0
0.0
0.0
0.0
0.0
0.0
0.0
0.0
0.0
0.0
0.0
0.0
0.0
0.0
0.0
0.0
0.0
0.0
0.0
0.0
0.0
0.0
0.0
0.0
0.0
0.0
0.0
0.0
0.0
0.0
0.0
0.0
0.0
0.0
0.0
0.0
0.0
0.0
0.0
0.0
0.0
0.0
0.0
0.0
0.0
0.0
0.0
0.0
0.0
0.0
0.0
0.0
0.0
0.0
0.0
0.0
0.0
0.0
0.0
0.0
0.0
0.0
0.0
0.0
0.0
0.0
0.0
0.0
0.0
0.0
0.0
0.0
0.0
0.0
0.0
0.0
0.0
0.0
0.0
0.0
0.0
0.0
0.0
0.0
0.0
0.0
0.0
0.0
0.0
0.0
0.0
0.0
0.0
0.0
0.0
0.0
0.0
0.0
0.0
0.0
0.0
0.0
0.0
0.0
0.0
0.0
0.0
0.0
0.0
0.0
0.0
0.0
0.0
0.0
0.0
0.0
0.0
0.0
0.0
0.0
0.0
0.0
0.0
0.0
0.0
0.0
0.0
0.0
0.0
0.0
0.0
0.0
0.0
0.0
0.0
0.0
0.0
0.0
0.0
0.0
0.0
0.0
0.0
0.0
0.0
0.0
0.0
0.0
0.0
0.0
0.0
0.0
0.0
0.0
0.0
0.0
0.0
0.0
0.0
0.0
0.0
0.0
0.0
0.0
0.0
0.0
0.0
0.0
0.0
0.0
0.0
0.0
0.0
0.0
0.0
0.0
-2.414273695034344e-06
-8.934134804051957e-06
-1.760116873007371e-05
-2.5597553625934632e-05
-2.090543070481379e-05
-1.789454156550411e-05
-1.5546259510725483e-05
-1.3990434972722195e-05
-1.2818280385704172e-05
-6.576780475204255e-06
9.907421839614421e-06
3.108050132053069e-05
4.1070888539156434e-05
1.8311766227267258e-05
-1.3796123418444147e-05
-1.9709405640899685e-05
-1.4938139581800248e-05
-1.2637975102066703e-05
-1.0637191654414334e-05
-1.6835457966031807e-05
-3.8856646279848846e-05
-7.975189616487369e-05
-0.00013209787465635347
-0.0001902167275371017
-0.00025775926390460757
-0.00031313310344777676
-0.000358286300670752
-0.0004041849225351301
-0.000467536455687014
-0.0005080675036036078
-0.0005319710003793953
-0.0005780309312980686
-0.0007054411497996154
-0.0008287819477221242
-0.0009331651714133238
-0.0010394838879444618
-0.001108767857070004
-0.001204324310700374
-0.0013568968974788374
-0.0014961596706284312
-0.0015937232748358013
-0.0016473784864775194
-0.001695162794450273
-0.001786782609931741
-0.001912138390118797
-0.002026060921262998
-0.0020782470280968036
-0.0018912719743867797
-0.0015585674285130708
-0.0012960002271575094
-0.0011910695576657743
-0.0013312444203109942
-0.0017486470672679296
-0.0019805611763007193
-0.0018443684800226888
-0.0016419107477410638
-0.0014202530098205589
-0.0010614206170991367
-0.0006534878749336552
-0.0005243657294974381
-0.0006705029219324815
-0.0010704272252984725
-0.0015590199443365725
-0.0019962253992244056
-0.002500117284701545
-0.0029428961646648117
-0.0033942956589262433
-0.0037630448236652203
-0.004054568850827242
-0.004373201500735554
-0.004544100217923284
-0.004594291970318492
-0.004492804236969596
-0.004190457060508485
-0.004126180758247959
-0.004779731357706854
-0.0057350157392954855
-0.006174532027330662
-0.005467244021593219
-0.0037612873989875946
-0.0025157607556898732
-0.0020195780813260272
-0.0013678460920814586
-0.0010579199764330397
-0.0016360319957669147
-0.002447716672113339
-0.0030728143724429407
-0.003667211241977243
-0.004316525057566174
-0.005522566674842267
-0.006977404082926247
-0.007646095842474576
-0.007565398994208076
-0.007029138653685595
-0.006226316719164858
-0.005957642459121441
-0.006310869295652131
-0.006526554162629668
-0.006249255203393384
-0.005333508668688598
-0.004323529603049081
-0.004792301794894121
-0.00646419652195211
-0.007905867510789517
-0.008134689567652655
-0.007425257650875904
-0.006697287376961751
-0.006533747231210091
-0.007023295603181336
-0.007487649460993467
-0.007340673385422343
-0.006125907164539473
-0.0052053857611846464
-0.00559171292341881
-0.006427819381812809
-0.007217559134415398
-0.008268529921855118
-0.009766761387856471
-0.010775291470261485
-0.010658961278293069
-0.010376830368646017
-0.009963423136287331
-0.009033506003013256
-0.008771008802286788
-0.009429026666547671
-0.009499579049517027
-0.0088705540596816
-0.009623433064304854
-0.012946687047609939
-0.01650256048040053
-0.016978561396900016
-0.014957371649806261
-0.013130837076227538
-0.012335141784994513
-0.012854926347410535
-0.014090617050927703
-0.014080839340218268
-0.011394319967488173
-0.008602072228194766
-0.008782226949495077
-0.010580338264787235
-0.011057577339674092
-0.010437908618402889
-0.009789436682547866
-0.008409754306103166
-0.0068957657240524915
-0.007996764179880617
-0.010931962183827075
-0.012073654546575828
-0.012304728848803712
-0.014125085073277045
-0.016405344311650118
-0.016364711166643932
-0.014217137955820374
-0.01329429588022891
-0.014749259903580019
-0.01712686185484423
-0.01995323507336797
-0.02239700245918081
-0.023016861655275805
-0.02161702613092957
-0.02009764214569172
-0.020466569815484677
-0.02133896124724394
-0.020807740150119092
-0.01905134885120028
-0.018405957877003266
-0.02022923624821667
-0.02182819833388051
-0.02113382829204326
-0.019803230345605622
-0.01943428277688641
-0.01860792549445172
-0.01648978488202928
-0.01514033111202497
-0.014976477753227396
-0.014705926207392436
-0.013864092265793805
-0.013339335736738022
-0.014062582375233081
-0.01595289711601225
-0.018866406304035074
-0.020431694285082666
-0.018613681256599242
-0.01519831811382787
-0.013537798260913484
-0.014103673200223222
-0.016469497153583482
-0.018553302731249704
-0.019572510664379292
-0.021114275015818237
-0.023351079847562076
-0.026041172319180954
-0.027989609550626852
-0.026793732041424465
-0.023079619743180218
-0.022206691011292853
-0.02544920116855256
-0.028537446269769787
-0.028724473503083388
-0.026390812770938785
-0.024512856584274982
-0.025046880269300055
-0.0257511745324136
-0.026556272537703325
-0.027796385221596775
-0.026471052167442305
-0.023249759169312732
-0.02228480182436037
-0.0230302975838099
-0.022862202607783877
-0.020888157925839205
-0.017744548933191977
-0.016534643801110624
-0.017070479398786816
-0.017257516611001958
-0.01873698150391488
-0.02224343147999124
-0.024717073279130985
-0.025270827541061743
-0.02462142102504992
-0.023663982127650102
-0.023789738360621326
-0.02459412626158866
-0.0250122995779696
-0.026233634451072393
-0.028781326548397906
-0.03191147597603537
-0.035963118107333276
-0.038386108605335326
-0.03874285112542522
-0.03960090503236768
-0.04013950880223671
-0.03940615183849834
-0.037882737570995924
-0.03730566905481599
-0.038184561540295654
-0.03976009378303486
-0.04188320449413501
-0.044730245593503595
-0.04772731879771291
-0.04875549287495777
-0.048471664843397565
-0.04921540925738095
-0.04978655957667216
-0.04773235149176554
-0.044972764261709874
-0.04420782320678457
-0.043999848399556674
-0.043836288203773555
-0.04384556144568535
-0.044233944691844794
-0.04334037826834848
-0.04009777925546118
-0.03901995606243826
-0.04277426920311354
-0.048478566209648875
-0.05117522606727696
-0.04948760302144484
-0.047303073814260715
-0.04639044775570416
-0.043801636032151106
-0.039117588226396535
-0.035783443001488044
-0.032589988160496144
-0.025255459520660637
-0.01798854219304071
-0.016255089389979122
-0.01641791990553202
-0.013155064180915837
-0.004288470273522808
0.007524935202812849
0.013849637165386395
0.011294963453993835
0.0075715890827601365
0.007339980460699424
0.008522632856637605
0.009558043006768532
0.009128520921160222
0.009367760794135314
0.014204116068920974
0.01786389121752715
0.01174056990948891
0.0038053982301649793
0.0035040523863532087
0.005387846945236321
0.00703832455833312
0.013631443349417035
0.02401775920199824
0.034706926340116094
0.04243999563847265
0.045100813110251006
0.043808349466181
0.04349737469388337
0.04124628334458099
0.02430424068821835
0.010906528257205252
0.02181657577149192
0.034103216518054445
0.02890904346865356
0.019251126569894392
0.013716879906930142
0.012692438004686862
0.018429202012034615
0.02008411611996597
0.012554140769519703
0.008694043369925483
0.012270044020373799
0.01409313042429006
0.014943673088748851
0.020888891788044917
0.027708345299268463
0.030438390722709787
0.03367506445517774
0.045209873404789484
0.05951628453506328
0.07393553333906373
0.09027205946377159
0.09425850449996576
0.07977895998904805
0.05646122916958296
0.04123728109861202
0.04653984991854416
0.06221697142032321
0.07440855941574887
0.08104314801420795
0.08427039682389353
0.09019794503857678
0.1015342975190224
0.11417721446078974
0.12384230721857319
0.12179715535483011
0.11396340537350107
0.11095367285748345
0.1078256589958371
0.10290446128001766
0.09439402666129026
0.09201709942188833
0.0993034427867697
0.09278982573351754
0.07715277246376472
0.0807413479233731
0.09598364321184978
0.09049172342811462
0.07011878557113058
0.06774716107202185
0.08772675707158552
0.10555252260840095
0.10452539671369368
0.10180947759072188
0.10288479642651568
0.09782225934871941
0.08574900887118879
0.06936410758863208
0.07643368692723727
0.1035051552547001
0.10334663693668103
0.07794936414132726
0.061246729072647395
0.05250116039390079
0.05823314264934624
0.08540741307204225
0.09353284048423623
0.07790140819065587
0.06793310878062511
0.06477089223772305
0.08024906176549383
0.126887728640566
0.1756460795733193
0.18025821479118248
0.14281413612567637
0.10061575498822568
0.06840789552198534
0.05963164084629558
0.0696289027427229
0.0672138905154926
0.06066797022026785
0.06420839042733281
0.06039344695398248
0.05285559099074946
0.058179053802157744
0.057989714604763425
0.03600644823202855
0.012467825600867722
0.004407947780940781
-0.000846987227545404
-0.03133940597914304
-0.08397833991949616
-0.11311119389569949
-0.08869800318099715
-0.021386421527570774
0.042610750629609874
0.0655845858226008
0.07524803448094773
0.10097159006590209
0.12305458850538478
0.13007086410839008
0.13513374195605035
0.1469035337722784
0.1534048874899284
0.13514295187225533
0.10776061272923326
0.10744772496608261
0.12232777277805512
0.11763485319795175
0.10112940502815006
0.1038876619300691
0.13680978306631736
0.17123929849486516
0.1723962404378594
0.13695422574515229
0.09181746141163429
0.059590461678380814
0.04648329099787047
0.04985623763635646
0.06239302182893579
0.06250797012986405
0.035368565047432916
0.006134913024895467
-0.003966374478892833
0.01734485796415429
0.06113509686592183
0.0772670604338185
0.04898564509104889
0.011594190335214898
-0.0181137722676865
-0.028380711865608026
-0.006898758254205199
0.0037868392850554725
-0.04332214467051753
-0.12347409178562807
-0.1699867251300096
-0.14723071781469013
-0.0688639442748803
0.026298470905258
0.07140143080491046
0.043517407551244815
-0.006229448350095161
-0.03798679291882907
-0.03263054849590321
0.006596552900707912
0.05590050419092942
0.09392408684253097
0.1053940623060703
0.08285097941557373
0.027634467752941764
-0.015612483891198077
-0.01910683186644711
-0.051715616095525156
-0.13340928148635503
-0.18366476863066064
-0.16851606872927438
-0.12701388314049872
-0.09000535855416736
-0.059639727637124995
-0.0669095141019171
-0.11205961469167128
-0.12951010591503287
-0.09445857787009448
-0.03204347214325546
-0.00326543864220795
-0.053837689107748304
-0.13189331217858702
-0.16520999402330247
-0.1553238001420924
-0.13964717130224388
-0.13370488557752855
-0.12954038955085048
-0.11675902363130164
-0.12506605920030509
-0.1789061960372514
-0.22748970000871876
-0.23534734273438554
-0.21223642072098764
-0.15349654121797196
-0.09377788933182896
-0.08236859430919324
-0.08459618525467509
-0.041836911014285265
0.035805008444718796
0.07791281498481005
0.04573903768990002
0.001273545321910864
-0.006672074059937643
-0.022623281524534918
-0.04693550141821636
-0.02060390158960005
0.05014894428598853
0.10379773587760764
0.08000985597373429
0.009088746057049433
-0.0041540909472140486
0.033874081673296884
0.04786760878120462
0.02320112449686576
-0.021712049844201296
-0.05891947817496454
-0.060932972729660285
-0.0123909376625618
0.07626515002485185
0.15071709927522597
0.1554206616835607
0.11335237751408542
0.08145797249036002
0.07147433418175761
0.0805065733806322
0.0795021956757784
0.04591314505261273
0.02097719468114854
0.024688451171509824
0.01914100631322496
-0.01740216925090595
-0.05191658406243541
-0.03924321374613431
0.013631979286909287
0.05802903814547151
0.055248729867784806
0.008218148064102739
-0.009543654423629758
0.04153056485091902
0.09089521397510958
0.1049573540621961
0.10592368216289894
0.10110609839732437
0.11744642239708973
0.15690736281513287
0.16789931426963417
0.12240584150654504
0.05017702238571081
-0.006782776272863199
-0.012795790288058695
0.0282935968682833
0.06039491860881287
0.047667528137387824
0.00574491552108821
-0.016194948148813774
-0.011012222102126908
-0.015904223643720287
-0.018678545910888716
0.007249137503778517
0.03218882679237096
0.02519219236361555
0.00039159055998684117
-0.019943740602145675
-0.04848381645971705
-0.1127096810248461
-0.16986922561598172
-0.16672212554385962
-0.13805663796605758
-0.11605087027753341
-0.1067587742806614
-0.1086666499159501
-0.09878097522410444
-0.06568922056178413
-0.03280142287656484
-0.0484291184631718
-0.10376082674941449
-0.13600954632493867
-0.12006487629240728
-0.06716957156859925
0.001684653132772436
0.0595477025816649
0.10604640133257744
0.1402559903752073
0.13430683907022753
0.10376927937642322
0.12341924576726715
0.21652816685862958
0.3041531004793844
0.3096172743823023
0.24568000359322126
0.16897841265077393
0.10984947919168409
0.06584168233702059
0.033933522015285454
0.033429563458035425
0.07456342486568274
0.13274565507059
0.15740089356292816
0.13807807869096927
0.1295296365429489
0.14298995824278588
0.12501996737365365
0.06047011908158005
-0.040661413255034466
-0.15999314103230453
-0.21659210811094393
-0.17636551349129084
-0.08594084850858165
-0.025791105061780326
-0.06297543122281545
-0.14103770884256536
-0.17709923901456487
-0.1681124967250102
-0.1370586682119949
-0.10461975051906856
-0.08337245960649305
-0.05254109242378793
-0.020372198006168574
-0.032067682048270735
-0.07015810465027707
-0.09278255823353895
-0.09946970059896869
-0.10906771244438676
-0.11614378617998045
-0.09007579765361444
-0.038501979875477134
0.02080257283390752
0.05392222313224927
0.008048629111711078
-0.06948923441551405
-0.10574133051695771
-0.10788988635309683
-0.11080141618519518
-0.1170899600730547
-0.11481462979104018
-0.10667176835129649
-0.0877124134593242
-0.05330360862317127
-0.0171925750870409
0.0003265751821639634
0.008626272408823047
0.0027075657138147034
-0.018862401076349226
-0.014931436094962613
0.004609965760209166
0.00016429639040330387
-0.003131610415977098
0.039281976719064485
0.0897306839480619
0.09039118217073212
0.0566915015874518
0.03922980073200927
0.03942879870294647
0.023172776989785236
-0.002193634145400518
0.01075215600793277
0.07473630283005997
0.11040953384397419
0.08826029877072128
0.05133014782878992
0.005172490178817651
-0.03862185670016526
-0.08555650405731162
-0.143959310484147
-0.18427549122521478
-0.18997881222828314
-0.15918311708645289
-0.12836001762071111
-0.129285346168868
-0.13366009968400872
-0.11690340070857023
-0.0771872452159603
-0.03985121659752954
-0.020513337784153707
-0.009502885465796229
-0.009370163310597108
-0.013512786843494771
-0.015118630570550911
-0.035997591433257654
-0.08351549954363705
-0.104427689199723
-0.06011503341719679
-0.0079679977544609
0.009141487934377189
0.021852023847454025
0.023307538686505827
-0.021653654686091338
-0.07725168689986593
-0.09292292225071984
-0.10309683444166473
-0.13914234569828224
-0.1489341071107054
-0.08912631372370691
-0.027234237259200333
-0.04231513081827072
-0.08509105095733316
-0.08811468536183893
-0.07586327682285285
-0.0757859536859448
-0.08664660802930257
-0.11383515040544553
-0.12220708047956745
-0.07687280553858206
-0.042453918432342835
-0.06453164448227916
-0.07923238651663961
-0.0615744547817808
-0.04162553009616486
-0.02446360458823332
-0.011955063526060659
-0.018045243034005554
-0.042033937861905166
-0.03622703882668806
0.010813740543193782
0.047807649597750995
0.05424926263694035
0.03972275087314591
0.018943255448660067
0.0009133392701543171
-0.022210194155071524
-0.04956328789076833
-0.059925610166768555
-0.03949506710554114
-0.0068756668550402
0.012712606710530252
0.02095572480264481
0.023102876196792667
0.014811632029443113
0.0098610898516373
0.017711200705812218
0.03454354797771096
0.066957086370816
0.1046969257836866
0.12915185015732442
0.13100893569214642
0.11202281507318818
0.08499174051537596
0.05693216723035076
0.027509425415645807
0.0046075191741296855
0.0026976311237952035
-0.000502473617681471
-0.027622573981244968
-0.05371631355028353
-0.05483431302563778
-0.033876688571404676
-0.010857817855570306
-0.0047923517506363155
-0.01143827702162445
-0.017179269391292107
-0.023077231234804887
-0.028471081508206243
-0.02409618947437328
-0.010160000748507106
0.0035505409165052775
0.010759425809223047
0.013706684393002608
0.014313542496583643
0.017815598688252377
0.03600910282118186
0.06078626860478663
0.06315427675906249
0.04948485974774985
0.03930624544899323
0.02518597007380929
0.017152190570250504
0.027781301374413224
0.043987546548516956
0.057845682372525374
0.06505471515468184
0.059811298850926606
0.035046891183307206
-0.01244188895526609
-0.055922016462978584
-0.08039649072468147
-0.09955950756488077
-0.11700826369540954
-0.1235021335372762
-0.10479595802510455
-0.077467467470814
-0.07009843409126905
-0.07133785050170706
-0.073537173076767
-0.0862848536138109
-0.10076203372177708
-0.10304412732254356
-0.0925086263020581
-0.0730669899189248
-0.0472041333835333
-0.02105987188765724
-0.009435753167744736
-0.018659709407037765
-0.03048248284605347
-0.03308219444066557
-0.029117358732171045
-0.01281378434491013
0.009953443996896884
0.016208545137328417
-0.008334692961631345
-0.04799639291118985
-0.07030654237332333
-0.07813350682254379
-0.08266534412084457
-0.0732771733724171
-0.05712139910767852
-0.04007170582851786
-0.015750893539387547
0.002242059760049619
0.0027292756272040766
-0.005108389406731614
-0.013282641724380215
-0.02007100678365873
-0.014199649215652657
0.010651676458519973
0.04481152260069509
0.07393280731196646
0.07194288685015438
0.028108843781120538
-0.021117521670595836
-0.041445844527759595
-0.048528095592105254
-0.05880797247895509
-0.06109268068061183
-0.05693844303246273
-0.06628908546634503
-0.09417162631161113
-0.11871400837093538
-0.1307924569599638
-0.12722765621926121
-0.09436726806328292
-0.05347928822907699
-0.02234969734479727
0.0014249337524614475
0.007126204719608906
-0.0033143856270213476
-0.008228374584131452
0.012379214657821411
0.037980241292990644
0.04043630328443927
0.029513939780190325
0.015869118155541758
-0.003604255879257373
-0.02678419884300174
-0.03237126511264445
-0.01739388042002093
-0.0013729714411963012
0.006793458137336432
0.005466281958583431
0.006748256617595486
0.012640487963982708
0.00507261045547553
-0.002437369144845102
0.006599784160411088
0.006307530769842133
-0.0036373074791524974
-0.006879981081544917
-0.01665116658906522
-0.023641158758898575
-0.0035693941248943054
0.025968489250433144
0.0325817712062189
0.02228083676819088
0.014671823096590137
0.012091574751615694
0.005514992312246031
-0.010101236098178673
-0.01541043718315152
-0.010091798222338253
-0.02000319129026699
-0.028147382810797456
-0.008355367458790059
0.017736082554465762
0.025762901336046102
0.026093044600843916
0.03895249569688818
0.05543471926355046
0.058816721542770824
0.05443817058630854
0.04840040721050113
0.03229520010737993
0.005631196536832506
-0.009958737980003619
-0.0021334244301477547
0.01757521272357875
0.03245286096904328
0.0358331506512138
0.0298090426790001
0.021468142735463006
0.008643755353793409
-0.010340708958016467
-0.020978548383493258
-0.022549109172458774
-0.02604388162278413
-0.03177907169102806
-0.034570115266398624
-0.03240187435837479
-0.027876728033683542
-0.0217421634331968
-0.010397841389426706
0.005094440392006545
0.014780149085615969
0.013902447685597518
0.012603590937021873
0.01620339191280113
0.016589710105775785
0.009929224863768833
0.0011161725812465217
-0.003505342198700495
-0.005878348458871783
-0.009083131713427665
-0.006056259006296178
0.006948155040117054
0.021771768172833005
0.03020634597726251
0.03306306750547159
0.0346053912601747
0.035915356311503485
0.037250362315210866
0.036385807641080396
0.02847597837638848
0.01731244101207576
0.012469846240563477
0.014854083376320772
0.018371204286728053
0.02010054322597068
0.021473295422560348
0.023854632922134796
0.024594263361322224
0.023694882077588145
0.024303747915026024
0.023564106636036496
0.01989382856069553
0.012884510716219731
0.0023858739081019887
-0.005542505658459163
-0.004791385353713855
0.0051913465704915744
0.019629606414016114
0.030887529887907106
0.03298140330048571
0.030571541962736
0.030991191422553233
0.03157002149436088
0.028371605438477117
0.021744413851742535
0.012756172695561167
0.0036522847896820936
-0.0016127597188831738
-0.0019885559564759674
0.000276652599649717
0.0030076756531614104
0.0063159648502896055
0.010700480596177512
0.01365746538308261
0.015302281778618318
0.017741559471851468
0.019128787005425085
0.015410923602033232
0.008455683313906946
0.005800694148283888
0.007805098864137862
0.00938264518810482
0.007829547676785184
0.00331579639419016
0.00034505278914122
0.0029392896650104784
0.007999111525999452
0.010122618699081614
0.007625325764979302
0.00271150337419176
-0.0018147821693214497
-0.004751323869480638
-0.005798482785389239
-0.005694751663663379
-0.005477497997329122
-0.007325021792161412
-0.011117688297035083
-0.012953241433218732
-0.008253035291843404
0.0027122473114741938
0.012097998437912937
0.015919773078733615
0.016866152535853055
0.01630346473405414
0.01345039766722736
0.008611690544452226
0.0031069436902897703
-0.0026487799748528846
-0.007882596642140652
-0.011316195034245139
-0.012656017943329635
-0.010070358043007146
-0.002470472108063354
0.004550304062128361
0.005458040733301188
0.002082099114529495
-0.0005672044857734569
-0.001326370446987624
-0.001779910741139086
-0.0022483554298828117
-0.002615752230049132
-0.00219328842073808
-0.00042569498359108917
0.0039321845202154124
0.01095218622234094
0.014678771725071831
0.012066225873643774
0.007743401558288561
0.0050727941722037775
0.006290540154795336
0.010044108611512434
0.01013934134202376
0.005574005919901556
0.0007415976588396226
-0.001106010936923708
-0.0009104972603640451
-0.00041126243716723364
0.002143366779888902
0.006416376480113809
0.007158921257936731
0.004746633984763885
0.006274828742335477
0.013091005779519395
0.020610859724694466
0.023847868908735352
0.020952142332874978
0.015450921072032721
0.011425089683221262
0.01126357092991591
0.01403089004008151
0.014951079392863838
0.010991476132069283
0.0053692336279300215
0.004465599453158658
0.009102463412720545
0.014220457350912636
0.016559112356807935
0.016023836904050466
0.013773774796047274
0.01194909011002183
0.009922728054109268
0.006543629341171413
0.0052377346757972705
0.008167165480792259
0.012307458653751964
0.015075271960888785
0.015947665722033374
0.01598045413439271
0.01790180511710987
0.020248159674885788
0.01788851701771472
0.01134744152033564
0.00776074886136955
0.009378354899599109
0.01011751573757141
0.005878315836704442
-0.000233712064191803
-0.001860532912845871
0.002951445070582402
0.009188402479086578
0.01133453418650351
0.008692532073944341
0.004113891819112245
0.0008527800552704415
0.00011478470554387337
0.00176276293387251
0.0053535985212870615
0.008888839256259254
0.010059551391137792
0.007293499600677322
0.0014931447820442738
-0.0030514812963606075
-0.0024917818018893386
0.0020022553870829417
0.006010270760582249
0.006109026676071604
0.00037447801223920534
-0.007092534289775344
-0.008282403180185624
-0.0030889541060419006
0.001500418260182115
0.0011982889626110972
-0.002625211451568207
-0.005961941918855474
-0.007170330657039949
-0.008011456714534192
-0.008928236245610921
-0.006951478720854027
-0.0008996924294732209
0.00481608819559786
0.005958110385716319
0.0033943286467116958
0.0001469010722635817
-0.002481215445886709
-0.004295324357860169
-0.004825231070189966
-0.004230035971104613
-0.0025339090047337884
-0.0008317472170054727
-0.0017172195123259847
-0.005231616804831102
-0.007730883958573909
-0.00481955988924987
0.0021214484765033283
0.005663265627500711
0.002662393132582626
-0.003147884345350561
-0.008064246933783843
-0.009729154092689778
-0.006228248700135984
0.0006866414872033341
0.005394426684982194
0.004559736788071491
0.001761538486051725
0.00022051564395510854
-0.000676714123684262
-5.92197798722055e-06
0.002209380867157186
0.004605667420411039
0.005897007653433833
0.004453296181335718
0.0009816933203539912
-0.0014631355849886133
0.00028647585057768994
0.004286650194542223
0.0046788482106967875
0.001849035440919746
0.0009392578991015955
0.002167649463818908
0.0024245602033161184
0.0018105417461958967
0.001994664238952308
0.00319558551395786
0.005294504114914871
0.007605219867481514
0.008131078369536747
0.005591462443131682
0.0014637953860375853
-0.0011882014693303739
-0.0013817445249412366
0.0009120017888288242
0.005152003214262102
0.007688420182061219
0.006188364496640499
0.002649255258913109
0.0007851799378043895
0.0009205100308261854
0.0015559840063953162
0.0038350776311205886
0.006088872086545781
0.004315205882606114
-0.0008295396928230828
-0.004534740134692198
-0.003197155617515083
0.0018428746785791171
0.006678259239272111
0.008376957255876508
0.0057386889585321595
0.001215545576764661
-0.0008454365073143392
-0.00013044418101463477
0.0012657072013117488
0.0026613789119136924
0.0034968731056587905
0.003147196485058085
0.0013104310260411381
-0.000734797325188618
-0.000836230046912216
0.0009899351845635252
0.002917471700473343
0.0026049482953674607
0.0003008235780137093
-0.0009124893654201644
-0.0002094949501940355
1.6709702467436168e-05
-0.0010733694835141161
-0.001624749404010937
-0.0013301058216919372
-0.0009101669117008347
8.845292538179362e-06
0.0006807689236682059
-0.0005297852988796835
-0.0030710861108329
-0.004200611044542738
-0.0021313132373875984
0.0007869373185042245
0.001492347804891655
0.0007066346146576758
-0.00013474851770518882
-0.001443250996944775
-0.003348383810785986
-0.003866214205952104
-0.0021814099661454193
-0.0009975044429776038
-0.001476686996770811
-0.002007137208549632
-0.002424685013913205
-0.0028825337847280547
-0.0026538548407894122
-0.0016203368088265353
-0.0004175390687796115
-0.0004451373595284701
-0.0021401261013474157
-0.004012344454198925
-0.004985475438225381
-0.0047230443130207985
-0.00325740208336005
-0.0021728564828871815
-0.0022562531324682115
-0.0021770163427927863
-0.0016210789391654177
-0.0010533729119674715
-0.0009506419582398495
-0.0016380932338002576
-0.001958564432189994
-0.0017593391917644066
-0.0015871993978657578
-0.0015177525174099472
-0.001879175064952976
-0.0021512103813791975
-0.002547591955397147
-0.0036151713653159124
-0.0037725499199590747
-0.00197577098256749
-0.00017365590131968847
-0.00018604119986587384
-0.0013835278531010853
-0.002330317191018258
-0.002766821243454107
-0.0020087082911522934
0.0005459132895066325
0.0018361592263601407
-0.00012685331612999757
-0.0023183944369324677
-0.0024678131709433217
-0.0018274032481760405
-0.0011523842838798357
-0.00011913017194012039
0.0005826465909673093
0.0001843128579514526
-0.0006211835685605785
-0.0009114989181788328
-0.0008272935731561936
-0.00024075542532051527
8.179518570636662e-05
-0.0011460419251683102
-0.0026057415803880084
-0.002975718824122923
-0.0030164989847200853
-0.0026012014393946977
-0.0015673084736689445
-0.0012569085673839239
-0.0015564165110287785
-0.0010486404472576322
-0.00022654785580357139
-4.10167533593216e-05
-3.5288167928700667e-06
0.00031201870914365087
0.00035692763509503553
-0.000743261491427623
-0.0019042743465788959
-0.0016292808810382058
-0.000526239713063478
-0.0002357663215776971
-0.0012829522117833608
-0.0019605155764192903
-0.001557666955226911
-0.0012736783098308052
-0.0011668086565511662
-0.0005061092371733871
0.00020918862458869925
0.00017533454617318166
-0.0005935047539037524
-0.0015277016741220273
-0.0016162934875783017
-0.0006462715574668608
0.0002180551910137348
7.007018653142286e-05
-0.0008109792495596427
-0.001516020407996902
-0.001269776154345136
-0.00023275950327945544
0.0005856953734450211
0.00046639840979670566
0.00016877063508279652
0.0002445300442720144
-0.0002625965116361634
-0.0010467939784882224
-0.0012527682067585066
-0.0011769923352981787
-0.0013359268311938035
-0.0019131985004533644
-0.002341908465603285
-0.002144003417863854
-0.0015358762681828295
-0.0010549692506080033
-0.0008076879711573615
-0.0006454222164073397
-0.0004970546517144565
-0.00013171842188140694
0.00035257151491918757
0.000367078315701134
-0.000200017185641446
-0.0005847465671588152
-0.0004137204437263261
-0.0003796103678646585
-0.0010336802763761914
-0.0013912649385720028
-0.0009916311855829075
-0.0009195826678352323
-0.0012714255139436273
-0.0012981499914978764
-0.0009895072233821528
-0.0008278322382059641
-0.0008135437278117996
-0.0009793663524861208
-0.0013326289195139177
-0.0013664195824193005
-0.0012632631015014116
-0.0014050057290779295
-0.0014058174748831406
-0.0012521966770608843
-0.0012213907779854562
-0.0008533488404507839
-0.0003868384435346449
-0.0006212271759171323
-0.0007486253489073337
-7.648106555826966e-05
0.00020303423996920986
-0.0004705886876348718
-0.001042029236375286
-0.0009130821518392539
-0.0009248907375013956
-0.00153070637275862
-0.0020426047758501696
-0.002161019626114737
-0.0019267128553881738
-0.0017254935527646449
-0.0018723991844091707
-0.001797787892531256
-0.0013873978571770508
-0.0012338879914400584
-0.0011345237209032626
-0.0008504507597650008
-0.0009213300436413171
-0.0011899503688808989
-0.0012242872011860057
-0.0014553517754232954
-0.0019827389374283974
-0.0021830385844297377
-0.001626775518378796
-0.0009255396861482083
-0.0010201850923129924
-0.001575219414222827
-0.00182893323544592
-0.0015814819329422606
-0.001260580369069663
-0.001141630008656447
-0.0008703012945212745
-0.0007977097072811407
-0.0010756159978870185
-0.0012056574890662202
-0.001253794649832628
-0.001041390698548309
-0.0005212940511947056
-0.00017933408944478176
-3.1595540867482635e-05
-7.058833933996952e-05
-0.0001287997314381422
0.00022569094638799137
0.0007019731972767042
0.0007875354975340044
0.0005053967908654681
0.0005169402434651117
0.0007626349417244431
0.00044047415392014843
-3.711825625404728e-05
-7.972128561980347e-05
0.00013579128442249629
0.00023989422396028507
0.0001145947219125026
1.973462136593799e-05
0.0001959161594902571
0.0005865935859178362
0.0008157851545074362
0.0007671265161552087
0.0007014290176340581
0.0008054156540375067
0.0009547245222086335
0.000979112285254605
0.0008539256447226882
0.0006229508063834102
0.0005809073602231025
0.0006433207535253014
0.0004846519969749639
0.0003308985035096386
0.0005690060320171757
0.0010806055193546711
0.0010212412216890501
0.00019866243303160846
-0.00033248667910111557
-0.00012646182124665891
0.0001860810510969737
0.00021410683527095333
0.00011565955047909087
-1.863076633639027e-05
-0.00019584113216520566
-0.0003226588681593421
-0.0005280580802938461
-0.000656721438872609
-0.0003310461166009602
0.00014719342664544803
0.00020277572629906354
-0.00012282517754497375
-0.00036782132587928726
-0.0004127341182939156
-0.0003218531091429341
-0.00035006630382127825
-0.0006113327654592224
-0.0006800867933311916
-0.0005642506703261775
-0.0007483135833623008
-0.0012438787097346284
-0.0015868244356750936
-0.0014030332380210444
-0.0010136755406608686
-0.0010615344522877232
-0.0013912839043566673
-0.0014399345450897536
-0.0011109304309917475
-0.0008400727131912612
-0.0009126635382428726
-0.001168505260120325
-0.0013080778828115844
-0.0009741120293907012
-0.0005780650148164834
-0.000667582171315584
-0.0008139151810249493
-0.0006336674141522555
-0.0004433354954227157
-0.0005588966977182386
-0.0007852683740572766
-0.0008278873336963789
-0.0006631782729964877
-0.0005434578309095694
-0.000825289122170978
-0.0012298569266327435
-0.0010068620346591777
-0.0003743910553521836
-0.00012635484055092082
-0.00024756415827784144
-0.000263263278663139
-0.00016398846537428
-0.00016650190620871405
-0.0002976337478613773
-0.0004069400621558213
-0.00010013788086274943
0.0006958336647042146
0.0013050278797245001
0.001194473864121393
0.0008334564743903036
0.0007783055087289721
0.0008222004729465073
0.0007003653602030727
0.0005186254605030854
0.0005942580339561628
0.0009716802179078856
0.0012156116612940771
0.0010719179573424325
0.0007587506701252078
0.0007992095694100683
0.0012636199155647463
0.0014683728763339196
0.0011720115941816973
0.0009573590016044335
0.0010996485665060866
0.0012264781102156236
0.0011038215173135965
0.0009129012620939205
0.0008699173953512369
0.0009871330962729025
0.0010201179838288973
0.0006639926432442436
0.00015861291747333621
2.97367925250705e-05
0.00016265170342165335
0.0001254902226520662
4.897553144368676e-06
6.540584405995428e-05
0.0002277814845951688
0.0002575673458113425
0.00010594885329558764
-1.2210779833110578e-05
0.00010771137655606763
0.00044782503882619253
0.0006777092871292524
0.0004811298622883254
0.0001236351944026188
2.647346698439221e-05
5.6945090989550974e-05
-2.7675856490621128e-05
-0.00012352382362930994
-7.5893127679003e-05
2.3212548003997202e-05
-7.011930234095185e-06
-0.0002292121872118956
-0.0005998579402905177
-0.0007679080574074508
-0.0005268787474434537
-0.00024920041746613825
-0.00021464661842700883
-0.00026990435060068825
-0.0002317526846239074
-0.00018348872857395148
-0.00019981342576952895
-0.000213088375452624
-0.00021090666690164387
-7.895193536566366e-05
0.00022909842820450683
0.0004890929352086938
0.0006647616009410847
0.0007899360148494722
0.0005867522547945366
-3.574249580930125e-05
-0.0006199903017234525
-0.0008230572718751639
-0.0008107064442637201
-0.0008091148143094592
-0.0009138683463891375
-0.0010948394223178858
-0.0011222109933482043
-0.0009469420063764004
-0.00096796510644043
-0.0013629071370282544
-0.0017030080981157581
-0.001623061774065908
-0.0013055527673838504
-0.001033782715503716
-0.0007881244395944592
-0.0005034533974002874
-0.00025585681256381435
-0.00014834161337804366
-0.00027021758313801444
-0.0004609749780042795
-0.00032621765665921156
7.572274502865737e-05
0.0002881101415221718
0.00028811128649384863
0.0003543427025581175
0.0004695512883852151
0.0005330399265059233
0.0006022319984116861
0.0007331324949504729
0.0008902499568077294
0.0010277743874654713
0.0010678117775199238
0.0009399678562744033
0.0007552293707466655
0.00065060104731245
0.0006104276274922626
0.0006031722381870259
0.0007125235282802009
0.0010208006264482452
0.0015117231120232257
0.0020045988802624053
0.0020369821761474305
0.001323251200334438
0.0004028453141223034
4.559458923688374e-05
0.00029548329709674453
0.0008179626702145107
0.0015203793951179066
0.0023326044865066573
0.002946784846598542
0.003045698913874545
0.002616988606472117
0.0020029823895802625
0.0016173252463259056
0.0015679238053180615
0.001616304970451274
0.0016027996554628323
0.0015866350187366072
0.0014867672937162388
0.001033891299584852
0.00013119778685768117
-0.0009288332651946319
-0.0017456695547923703
-0.00215566272303779
-0.0022021010880484116
-0.002095752444961691
-0.0020232731262519073
-0.0020110604177026536
-0.0021503196225961534
-0.002376541808112089
-0.0023901089807099167
-0.0021400631901816996
-0.001769912891382692
-0.0012909638149357996
-0.0006674564719393581
7.451538985344759e-06
0.0005992249651474968
0.0010193128905617583
0.001194457651103453
0.0012380097750408477
0.0013421694283333725
0.0014232114693544715
0.0013766760038196014
0.0013037813984829462
0.00119823004263122
0.0008358409755775295
0.00017562867594809908
-0.0003930973754249268
-0.0005012847280584713
-0.00016540014974690824
0.0003919776347376884
0.0009400889088150471
0.001311070027922314
0.0013305458488957064
0.0008500707151385319
2.58898200847043e-05
-0.0007069511846184062
-0.001034601933832481
-0.0009718120577123542
-0.0007643818601250026
-0.0007200566324039456
-0.0009441963478945941
-0.0013330156031712902
-0.0018606436407610488
-0.0025405779279153904
-0.003165727632227615
-0.003380812106941252
-0.0031100035483910037
-0.00260644049751705
-0.0021509438213180502
-0.0019215894170040557
-0.0019461321011051615
-0.0021566975222600754
-0.002331825201154413
-0.002201317116057242
-0.001781399689915071
-0.0012633454447134522
-0.000817590479555176
-0.0005365263606702896
-0.0003346978007638081
-0.0001527766442957788
-0.00010991888847197955
-0.00020424113682846558
-0.00024684993233423737
-0.00015946902178432781
3.726690599126429e-05
0.00038547481990631224
0.0008917625487845247
0.0014138438879499325
0.0017893697577175758
0.002063876839747594
0.002521516982668904
0.003359312759184933
0.004407978213791762
0.005334156554931526
0.005957306163237024
0.006236534096026865
0.0060970262305776405
0.005533046318084713
0.004814315546149748
0.0042984011934029025
0.00410495747683808
0.0040811168259143
0.003945020133466787
0.0034793033983595923
0.0027160289118314607
0.0018123279965761704
0.0007873546991352682
-0.00030717374553474233
-0.0011660324563172598
-0.0015521437768461913
-0.0016313685206105688
-0.00171095959953261
-0.00193279719255329
-0.0023210625853413757
-0.0028298502699008474
-0.003350977021575151
-0.0036611948211869123
-0.0035776190853338027
-0.003239379611615887
-0.002927634613000849
-0.0028022720233014356
-0.002836982619641373
-0.0028983937237843952
-0.0029828162638659665
-0.003137755934685387
-0.003221127423483188
-0.0030704976752508203
-0.0027146027621207706
-0.0022546714795865317
-0.001741307810255314
-0.001228824291127957
-0.0008069030212670478
-0.0005408123034972313
-0.0003462003738766303
1.180457414816906e-05
0.0006213621688606452
0.0012567226587521575
0.0016436201669883775
0.001720611314813045
0.0015509163926690152
0.00119129739533202
