0.0
0.0
0.0
0.0
0.0
0.0
0.0
0.0
0.0
0.0
0.0
0.0
0.0
0.0
0.0
0.0
0.0
0.0
0.0
0.0
0.0
0.0
0.0
0.0
0.0
0.0
0.0
0.0
0.0
0.0
0.0
0.0
0.0
0.0
0.0
0.0
0.0
0.0
0.0
0.0
0.0
0.0
0.0
0.0
0.0
0.0
0.0
0.0
0.0
0.0
0.0
0.0
0.0
0.0
0.0
0.0
0.0
0.0
0.0
0.0
0.0
0.0
0.0
0.0
0.0
0.0
0.0
0.0
0.0
0.0
0.0
0.0
0.0
0.0
0.0
0.0
0.0
0.0
0.0
0.0
0.0
0.0
0.0
0.0
0.0
0.0
0.0
0.0
0.0
0.0
0.0
0.0
0.0
0.0
0.0
0.0
0.0
0.0
0.0
0.0
0.0
0.0
0.0
0.0
0.0
0.0
0.0
0.0
0.0
0.0
0.0
0.0
0.0
0.0
0.0
0.0
0.0
0.0
0.0
0.0
0.0
0.0
0.0
0.0
0.0
0.0
0.0
0.0
0.0
0.0
0.0
0.0
0.0
0.0
0.0
0.0
0.0
0.0
0.0
0.0
0.0
0.0
0.0
0.0
0.0
0.0
0.0
0.0
0.0
0.0
0.0
0.0
0.0
0.0
0.0
0.0
0.0
0.0
0.0
0.0
0.0
0.0
0.0
0.0
0.0
0.0
0.0
0.0
0.0
0.0
0.0
0.0
0.0
0.0
0.0
0.0
0.0
0.0
0.0
0.0
0.0
0.0
0.0
0.0
0.0
0.0
0.0
0.0
0.0
0.0
0.0
0.0
0.0
0.0
0.0
0.0
0.0
0.0
0.0
0.0
0.0
0.0
0.0
0.0
0.0
0.0
0.0
0.0
0.0
0.0
0.0
0.0
0.0
0.0
0.0
0.0
0.0
0.0
0.0
0.0
0.0
0.0
0.0
0.0
0.0
0.0
0.0
0.0
0.0
0.0
0.0
0.0
0.0
0.0
0.0
0.0
0.0
0.0
0.0
0.0
0.0
0.0
0.0
0.0
0.0
0.0
0.0
0.0
0.0
0.0
0.0
0.0
0.0
0.0
0.0
1.3751305668335253e-07
3.2422941819329143e-07
4.2693129113399013e-07
1.919503636382592e-07
7.305882939249649e-07
-1.5130577194168512e-06
-1.3016781262154593e-05
-1.0079365851158797e-05
1.7034180157410494e-05
2.3928453329182415e-05
6.324692867678054e-06
-2.042641257352196e-07
3.47002627868075e-06
-2.1885388365091806e-05
-8.310804929518334e-05
-0.00012958514355243636
-0.0001565089692626444
-5.4781750668065715e-05
0.00018106523935950016
0.0001832707211597734
5.75908628964726e-05
0.0001746179998294171
0.00027984529582637406
0.0002643923930950163
0.00046439395896149784
0.000882097743473968
0.0008870855093625648
0.0002634015689521839
-8.048338565229082e-05
-8.364833275808668e-06
-0.000335689687023638
-0.0006625342197708106
-0.0005452428524995237
-0.0006850113536971444
-0.0010248548790494682
-0.001009183499107441
-0.0007066364222034781
-0.00013500956319434084
0.00036946737809279433
-6.778318570263889e-05
-0.0010639584823237107
-0.0013351551394220318
-0.001218430594406189
-0.0010133160627235887
-0.0003792359355781947
-0.0005740970038463065
-0.001527047949753915
-0.0014041423474740683
-0.000561117345242149
-7.272334215488452e-05
-0.00047059204729220545
-0.0022938704320569917
-0.0033922013480236473
-0.0016159071663643491
0.0005313058226012052
0.0007689401492998425
0.00017590871108446454
-0.0005546920548758251
-0.001891897971633659
-0.0030884871471137543
-0.002324552091336942
-0.0008448553244046354
-0.001331629389375059
-0.00256791088469434
-0.0027353414576822676
-0.0027581045926658512
-0.0026012509349274786
-0.0010460119894881784
0.00047991651027560686
-0.0007257908973744669
-0.004088589387993627
-0.005688134384066575
-0.0049774074747185384
-0.003952055492935164
-0.0017461156542557914
-0.001781014244832485
-0.005341408627392175
-0.00470320676362123
-0.0021941782709210475
-0.0027509164885890156
-0.0012695061224244908
-0.000504686555503335
-0.003800140520229728
-0.004426844759934129
-0.0022701234646620577
-0.0020683164502956417
-0.0023292006318701916
-0.0025321533691387565
-0.003394702627777052
-0.004126981026445292
-0.005730142686510585
-0.004017064057076761
0.00335350611728933
0.005761307098624879
-0.00023213471738348784
-0.0046925396573212624
-0.005872646369805085
-0.005967500034899584
-0.0053673302925019845
-0.006645317370751323
-0.004575790257629386
-0.00020400241798577967
-0.0022946279519053536
-0.004425426119439316
-0.003050821045626137
-0.0029932022888682075
-0.0013535457809613488
0.0011213822722534739
0.0005651708355558782
-0.005188180449622354
-0.012104212062420447
-0.007988963712899033
0.000791342229701758
-0.0020080538441152734
-0.008065097845584346
-0.005149110070531593
0.0018024683130876545
0.003602578906927306
0.0009053168881144463
0.0022261241148947702
-0.0003355040125784109
-0.013011627132760661
-0.017667763096062578
-0.007009310936982885
0.0006551130007091954
-1.0921785530859651e-05
0.001173095444812297
0.003219515211987531
0.0026343425100086026
-0.001378672526365518
-0.00373877691459637
-0.007260441674636603
-0.011830058843710647
-0.004465852710117013
0.002557638923644079
0.004103779277763023
0.011284654532891278
0.008136379969159419
-0.011445854625791688
-0.01650523588294299
0.008992934365818453
0.026445513559092235
8.945172615959507e-05
-0.028124337189624427
-0.01583111248285908
0.002937146290692458
0.006985399576851056
0.007632891146436241
0.001466685559993422
-0.005082522484392837
-0.010689907100666501
-0.01877481912176543
-0.013460585573603245
-0.003904451838920492
-0.0023633535256547544
0.0014863753655420253
-0.004602228517895657
-0.008362149218497511
0.009205143779790342
0.014422059455812292
0.008816752575349057
0.019781193669426267
0.01792616171531873
-0.010955500047095834
-0.030093607363525607
-0.02438167532536023
-0.0056380931770113885
0.012175542322190952
0.013360770822730489
-0.00017528493015189772
-0.009301452550587397
-0.00764814979751291
0.00616555175538086
0.01718150706405283
0.00662015392728571
-0.006237734717821353
-0.0161935450745683
-0.014735613093517175
0.01455522234755191
0.029053639546609653
0.0026208816729475504
-0.020880504517254164
-0.01660162604035867
-0.004100029899032576
0.014013365988831933
0.022530158372984027
0.007267012566582104
0.004098069083088296
0.016949684010060986
0.0067139683979665216
-0.029591187863734728
-0.04812780539445509
-0.03011392313253544
-0.00994935385629142
-0.008418567369927576
-0.012951351675432071
-0.020382256261942983
-0.058704158870174605
-0.09307863085694876
0.006438812101565744
0.22161376362062274
0.3568552615130697
0.28982948528893265
0.0421781055347656
-0.20168351948376534
-0.276859754167163
-0.22975825999571123
-0.06811127279565744
0.17776199576511498
0.2543797875918751
0.18229876610467693
0.1839902911982097
0.06282015471500468
-0.18783355961598008
-0.1374155878783118
0.1674899158952453
0.33381715710721593
0.20141584923158426
-0.12584226529405507
-0.26849099896251205
0.005151132514605583
0.25511642980002514
0.0899108956307978
-0.014325620905203118
0.19776671392489142
0.13288931519009467
-0.22067841726488607
-0.13235409365873108
0.266343779384913
0.2246039667109042
-0.15236334389377615
-0.269467693694053
-0.04459586446365943
0.07818154321080406
-0.22748764688150513
-0.4695604520605443
-0.16622725834096067
0.1514895117963875
0.10597849743918025
-0.029129805218403332
-0.09498929015780681
-0.05396216745150127
0.017924429999288727
0.023003464444570285
0.06347539178390743
0.2415382399205595
0.36819837911657116
0.1597591403993146
-0.1923689319576145
-0.18752108771185255
0.0838059155439364
0.10257634579630187
-0.034074388672009515
0.08599266120451299
0.4019877494572056
0.3846009208941736
-0.14219233552377664
-0.4641344780029927
-0.3517625381410717
-0.19159935185660706
0.14686304262362038
0.47262982240615736
0.3925767333707092
0.2873364258213461
0.27763330660493857
0.03712760963112571
-0.14759525875069346
-0.0029699123737308986
0.048984889188065095
-0.2904659152456691
-0.598913594530784
-0.2761815490165567
0.15750877200818525
0.036413478213468575
-0.06517116680697549
-0.09188724229966067
-0.07368176017690292
0.3146526158213682
0.38624338776945255
0.23935693153810667
0.15079380717102953
-0.3945317805551437
-0.5923903768421867
-0.10043339841305299
0.027523102337121075
-0.17193020618626897
-0.09110478089279389
-0.05800632570867226
-0.28658618519711115
-0.2471012080990767
0.19316885038348117
0.591427218762831
0.45454322827659355
-0.004957757072883484
-0.04380904223405424
0.09809237264881432
-0.10227651688716205
-0.253900927244059
0.005862257350445765
0.34476879638062585
0.32689228799261544
-0.03226193517396103
-0.3021682835333819
-0.16052398728016581
0.16107937057643507
0.31735777839146273
0.2018611133686098
-0.16763714849878308
-0.2799651894899736
0.031402673055178965
0.20063746753094136
0.38489674625140524
0.5640982117697304
-0.030040695102568238
-1.1203703042254411
-1.4697361598536074
-0.7150476258188395
0.17388763495600795
0.6157337918724187
0.7973909469538385
0.6709821131203164
0.31557072632699423
0.14532061211127079
-0.21994858514309423
-1.1057550939475362
-0.7374123054330589
0.6604673464578377
0.20179862540448798
-0.8593951475452867
-0.3506611184908636
0.2855661532708849
0.43204092689257667
0.5763539144304326
0.25733224475723293
-0.5325977279135705
-0.6798020138048408
-0.06922899522547094
-0.34226379176745375
-0.7644130884154781
0.2768410885131682
0.3871814348119383
-0.9490910833888826
-0.6267707864453365
0.7658472647457499
0.9651663839556333
0.3987491039663381
-0.09778006144355232
-0.43517115698818926
-0.6965529517556504
-0.9115975206874961
-0.7058530645335306
0.2761899463184234
1.2597827544663245
1.0084422282418661
-0.123526935739601
-0.538537822515249
0.31332666011583293
0.9303417413622608
0.1250837561714286
-0.786801545984311
-0.41518077005111864
0.36671970427913747
0.3859543245025801
-0.4980740907793486
-1.4930231109617764
-0.6358585012955414
1.682983664884772
1.9880940295879368
0.41747249048778456
-0.4834636827051717
-0.6191671455684894
0.35088924205462957
0.9463192621779579
-0.7957644977525241
-1.3494784092080123
0.9655004575283354
2.266652784889101
0.9325121130241549
-1.032241113043606
-1.9037100481637683
-1.8650505211351962
-1.2542163806189492
0.04292427885078909
0.8661774021960837
0.46739681608691375
-0.1474643738722542
0.19751364363207524
1.0076740307026752
0.671794541957077
-0.25436145513407254
-0.6964589562832139
-1.354058662603769
-0.7936508059608929
1.1799722912201682
0.8389313488372707
-1.1324254562670402
-0.9738601146012209
0.7882150398046763
1.417900746984296
0.3276563648563017
-0.9656886763898723
-1.0467407230063477
-0.050584209142119696
0.9310386457810198
1.1947509186130936
0.8132261855550849
0.5708917317901592
0.44058146248608
0.16681190832282022
0.4352722935927078
0.3457724915407231
-0.8096757808454069
-1.1482601318895678
-0.3343694614844357
0.01663573443120081
0.19408363583500707
0.6581750508738737
0.7673701371910804
0.854228607482237
0.42494532549216424
-0.8942284992558952
-1.5215101583726447
-1.5788867660080372
-1.5875496217390186
-0.3969207017543044
1.1298180548276318
1.2104237435507677
0.08234470231142133
-1.1935251695480826
-1.0550400934619102
0.7268307851653363
1.8532421343513144
0.9901436490321787
-0.6081970608046593
-0.9009441453986187
0.013310597361923887
0.4590779361128802
0.529176362659305
0.3457447647932026
-0.7411934854689224
-1.118404011188638
0.022889149333309156
0.6135054488136201
0.08920204612506596
-0.5972826330118096
-0.79076770806077
0.03737362664725452
1.1611700790923793
0.7563880166685292
-1.1132408264880698
-1.5967934660287209
0.3480023593684055
1.9512032696524515
1.3483692473009126
0.044805915936309004
-0.6122599279194005
-0.8187769807479981
-0.3021951497881813
0.3542700571300379
0.0277982195094693
-0.3412959417975793
-0.09390558698864701
-0.26872302708673246
-0.9601416976744345
-0.9676609784603416
0.05971275528381459
0.4440104880076665
-0.46467451836144313
-0.15985765905114957
1.4062633050413171
1.547055400686903
0.6819038442172192
-0.22015249398437117
-1.2582218582361173
-1.5050419198210065
-0.7945177188525581
0.3725825510891896
1.3293820008635167
0.9754544307989209
-0.35377274243629186
-1.2347084284042578
-0.8217572786347668
0.6195886420264144
1.033828744935983
0.052156748104999484
0.05399784887819381
0.7747351583326401
0.8611742373442144
0.5971427178164799
-0.12517264601462857
-1.265691752936776
-1.370431012728613
0.22712057896618698
1.149175860678702
0.5861364578096343
0.4468450620246408
0.38582083819416924
0.14749156716049905
0.5747695209050372
0.31404289825573894
-0.5392015928489702
-0.1792661537489617
0.29077599355496064
-0.3837316128049798
-0.6256528266350543
0.014146281837587371
-0.4405646490015749
-1.2602043622258283
-0.5373593239767996
0.23829335302252697
0.01692798376329996
-0.24891794960527996
-0.26746127747740145
-0.14548467841299362
0.15546092193439465
0.8405466982573174
1.0655413891832521
-0.191171523286362
-1.1041019952378248
-0.49897368777452245
-0.12178034533444815
-0.10246126043248338
0.4482499100982511
0.4492871218835237
-0.4870908655196367
-0.6637763849414933
0.6290944831881797
1.6626872761565297
0.788048810622611
-0.8129106559848388
-1.1446891366581553
-0.6530144936558735
0.11409232042346723
1.0538269148803063
0.733308298036887
-0.463275440093188
-0.7738326263529814
-0.3241467937297492
0.6307784193044896
1.8009280573788542
1.2586058833039788
-1.1191084534329567
-1.9358248181707225
-0.44831131398004753
0.30335754789787156
-0.04909419548569699
-0.08281803409796862
0.018957924811354776
-0.1750699542897497
-0.4892365593687347
-0.4185206789228759
0.13699760289095053
0.45444925211688153
-0.21975712671830339
-0.78371154034682
0.0934925034062618
1.0396036205343488
1.1077100528551238
0.6811400737478499
-0.12068373467446059
-0.27366772252728233
0.06368981626100609
-0.15076086314379653
-0.21946782016655667
0.06174581256216426
0.30795770971158654
0.6664362430401916
0.32072030103438137
-0.8987088065695065
-1.2825868612922788
-0.19405600984122967
0.8441692460310439
0.42818546303397126
-0.23784688108294655
0.18518029245296452
0.31011694676805623
-0.018488488822748284
0.3461154604565064
0.4955565318577655
-0.06037152479881436
-0.24094922736659619
-0.16990841952011304
-0.5736007875355619
-0.34862539002422943
0.4902320459350089
0.04708782235076615
-0.7048385299985558
-0.12035527649308386
0.44359086661648384
0.18601648045049457
0.19289005691847474
0.4827274367765308
0.18396496903974952
-0.2285419274826937
-0.08262436811232304
-0.11823648682055188
-0.4959375659684207
-0.2811926209782873
0.26273528339606667
0.2550180251466809
-0.21097907795232787
-0.7332588332140189
-0.7340758039948934
0.10227775405008216
0.7172847438404975
0.31916685405418466
-0.20006971403363236
-0.09232379361029633
0.31220267186452694
0.5083453374628693
0.23112834028681914
-0.26999280809759774
-0.4178846554179184
-0.21936051931974512
-0.12018277895387204
-0.2274295219337837
-0.29118493998306144
0.004031895700903121
0.3990019147641096
0.3197922726504083
0.03240580055811667
0.05715475866663766
0.1303316772516757
-0.09559002984778131
-0.21277598227242164
0.0255013744331836
0.10438357197841806
0.010797329624278384
0.13981481604548188
0.22483439460943766
0.05750322148217435
0.010835588529798823
0.10714459887540406
-0.05570505695899031
-0.3005628326140968
-0.12525020839772816
0.15243586158224948
-0.009588890639675014
-0.2682909069549356
-0.2474494973413912
-0.06375518596688193
0.11707887605983024
0.17027208514039108
0.11981582873331384
0.010320427087241887
-0.08224787270825486
-0.10053035019217696
-0.07468049971391363
0.01376352045414403
0.08265245607467166
0.1275669333038345
0.11197176698705134
-0.08073548270979264
-0.15480472929750927
0.03785607700204039
0.0804625060972274
-0.06140466850263493
0.012669456221617713
0.14479093546153607
0.05196262436959466
-0.02829242959508546
-0.017178406104864284
-0.1124685939768639
-0.2354985327161748
-0.0961211150772294
0.21548757965250845
0.31304227789475086
0.1596570547052994
-0.0679160311239921
-0.13342419370971056
0.006875282610582692
0.04320921608968872
0.02711216789763031
0.04479862923553496
-0.04859472704329761
-0.06563664066306493
0.0018890107251985158
-0.05114105463145372
-0.13195005838830015
-0.051796109685824335
0.1651764101078837
0.1926218522237448
-0.05034889466373352
-0.16596227301256095
-0.03494077790127155
0.0867984654454558
0.14060813740434175
0.11656221165158898
-0.023538421123392467
-0.12188501500787313
-0.10624867179549895
-0.0537753130564796
0.005709068208008499
0.08296223561654256
0.1848092326681329
0.15558577367085374
-0.027055793654091387
-0.10243815039023055
-0.05923880698673799
-0.02900044016748947
-0.05355169579959447
-0.09629560604249242
-0.03164288020721747
0.07617310237894118
0.057552001340925606
-0.05858637456625242
-0.11712880862788971
-0.068223420226692
0.0514888215173208
0.2000151331386452
0.2382920015737955
0.09672201640941186
-0.08971362466731833
-0.14639622378241093
-0.06633217190964628
-0.025446241389396176
-0.03473785687778158
0.025464032996896896
0.07149457901084397
-0.024023838092800343
-0.1154232637954685
-0.014856379038205067
0.1351891981339875
0.08656362626778233
-0.14506506670745392
-0.2197676198612875
-0.07297197142879691
-0.04853683090791893
-0.03535307204952898
0.11275671699279322
0.11858386492527706
0.09546588781749646
0.17572689243311954
0.07970474424590049
-0.10847380308970986
-0.08801086777965082
0.04375202787383352
0.048884752791903185
-0.10672175572139721
-0.21953935539068659
-0.1074714570304937
0.04194486067366464
0.03730034853152795
-0.012666577724796714
-0.06989004861111525
-0.11296658398662798
-0.056973784813823064
0.039154566227941084
0.09982467998362424
0.11400594511175892
0.08045849165354851
0.034551838209266425
-0.038370707282128984
-0.14837715671051938
-0.11077717444017718
0.04578806931773284
0.03428513539363544
-0.026138676723313783
0.07000968706912383
0.14621450067838201
0.07662450349301363
-0.01706597912536666
-0.045240769973051154
-0.08396788183746048
-0.13340633658911985
-0.06970869924979903
0.010871869298770306
-0.06434329212034717
-0.1486058192146334
-0.07820364772056718
0.046709391126433575
0.13363379818210977
0.1509437720800395
0.1189690815290553
0.12987432174174424
0.13571974124081967
0.05641683654046975
-0.03532683016276454
-0.09576507650549536
-0.08951386850159004
0.048381345176000234
0.12876683956225815
-0.03796158506601453
-0.20815180192594035
-0.0986771572920046
0.12207068740772843
0.11558995501848784
-0.033329144221088985
-0.03536947354761255
0.009546213817291139
-0.019573767849206215
0.009601562353461365
0.029581258479202326
-0.0627518575589836
-0.07621433488712975
0.07001698359275739
0.12843921403936873
0.007740910084561032
-0.02554661876900887
0.11998475128871153
0.17457875487102306
0.06472539143199851
-0.007936159889227301
-0.020870912396940056
-0.03515889525253432
-0.03734990125671911
-0.06983839206766121
-0.130725170284061
-0.12912312944293175
-0.024763906882958132
0.05828723108078517
0.019776211619767947
-0.01835242645936561
0.012148840488491762
0.06376599949002104
0.11362676547204759
0.09546355111713614
-0.0012068857617606177
-0.06925242910461399
-0.058331525343840535
-0.018577690387168375
0.009288718957837241
0.01989513444018691
-0.007097132510884202
-0.043626481911405016
-0.004535139254155149
0.03394729442319243
-0.04321348851731834
-0.06281317379072032
0.08186516535225491
0.11021397411914673
-0.0894826198676637
-0.2123656020940831
-0.11000201202003324
0.007312973948676131
0.02543848515404755
0.03818395203874511
0.029093708863492548
-0.012813480698643659
0.022630292541522035
0.08488342902489372
0.03802070639192642
-0.037261252028693966
-0.014414847428532898
0.021856838662541945
-0.0014825081277859628
-0.04946558636446353
-0.10212103466624303
-0.08081311420556145
0.022536700731535853
0.05938094098306159
-0.0025850117791488963
-0.06290185027285117
-0.05546288971186721
0.0102678103537681
0.03131571426357842
-0.014385514949598194
-0.04019508364968004
0.001108623473412021
0.10261450714700543
0.09753786438329531
-0.0767663973119855
-0.14254449850553896
-0.013229350803298734
0.11212627696278471
0.1578543386372761
0.10114995356102618
-0.0333335091174578
-0.10484293625334665
-0.07198439713351898
-0.003979572658118442
0.009527748207272549
-0.032621911504933064
-0.009189789784465371
0.04325132933588014
-1.9580091592495685e-05
-0.07582795998223243
-0.07332897869720201
0.023105710067411855
0.13086020825517122
0.13978840533117987
0.06746065707019809
0.0012608745300707394
-0.027168413464122756
-0.022751273641630966
-0.023467644424446023
-0.028427605505422046
0.004427387640731136
0.03184986124389076
0.015399355378181677
-0.019432035067427425
-0.04014474898785252
-0.014970088109728222
0.04225332621865281
0.07685021484123926
0.03919599053670626
-0.025788828606138937
-0.048116211172593404
-0.047257250419995706
-0.030343383405365052
-0.008522448158329808
-0.010339408777879994
-0.009418342334184527
0.037340240672227035
0.0941660314208948
0.06815593955567534
-0.013408218387926746
-0.04090205307967712
0.009891163489668175
0.06736871970537195
0.05611481386885288
-0.02572128949618177
-0.10826126353413007
-0.09893478474476733
-0.026155894262224328
-0.011668661078241308
-0.04114405996193979
-0.014364435440049736
0.03971782157625892
0.036881672468497086
0.005180840192267172
-0.003589898593394862
0.01989995380995757
0.05581070901402077
0.030801333172529175
-0.032864580635150756
-0.037284344629039894
-0.012900822228382808
-0.011061628701614597
-0.02741616652012896
-0.05442273314914727
-0.028522819452938976
0.054030756582139974
0.06705260277322744
-0.00722367713585131
-0.04791899076856834
-0.01995951612971432
0.008140616742998852
0.003419636767105461
-0.004233022128830578
-0.016856548653983235
-0.04988190530351038
-0.07165606579176838
-0.05192298497014042
0.02147582618964028
0.0999114652242502
0.08843586878678125
0.010125124471396053
-0.027992933723568147
-0.010059749192115563
0.021219755117394185
0.03807788230154696
0.02005163330160955
-0.012188307273395788
-0.030018668818653883
-0.049478901600293015
-0.058774796517785145
-0.04846693012733498
-0.03023565402126545
0.016020159725637362
0.0433263951970328
0.024081597846345934
0.010244715442592804
-0.009814061330774337
-0.011784328369877035
0.03156205087198463
0.04399738399166057
0.034503504908914344
0.029543649674084946
-0.030626732503440106
-0.06954477651481936
-0.006958026518200662
0.039053104439502655
0.03354579553976112
0.037492016564078974
0.016309745240985905
-0.0070533449266782615
0.019227223041194872
0.024898404282258597
-0.025903827472992514
-0.05908314177650473
-0.028256029731412002
0.010365710169344181
0.0012311648341185987
-0.0015017686094592536
0.003635082192277919
-0.03906568911698026
-0.03642411920929809
0.05112148921357146
0.08513977910236495
0.04728991364809569
0.023246149814849876
-0.007278864007960378
-0.03212458767040646
-0.009435007906724864
0.011094406421645518
0.024503231182340067
0.02509001323796492
-0.02143253595737498
-0.06376396720601672
-0.06358474600565897
-0.021738768180894548
0.040520617004268754
0.04583556951862275
-0.0014380752964414517
-0.015713941378136836
-0.002559674454885764
-0.0014908676235820227
-0.01896595053432812
-0.02513638067762341
0.014779826461714662
0.03776266402052398
0.010238160601576058
-0.01594574906114761
-0.030204924000185783
-0.019015774042248707
0.031013455052706404
0.050228757184582404
0.017200594904618213
0.006400494036135344
0.0015160417833755269
-0.033362444252077614
-0.04729040504126955
-0.029630595804509503
-0.021767433900049225
-0.029078279811922406
-0.00877746499800523
0.023361991256319613
0.007944939997015107
-0.019401478653880505
-0.016102288706721278
-0.019444650065470186
-0.012178567363046136
0.045731866073996374
0.09066298286245875
0.050521551746442225
-0.040089289687886644
-0.07242987516766351
-0.03108795266327606
0.01764206508966882
0.050123371614025705
0.045903211053181486
0.006872672480845134
-0.03679362236023427
-0.05769529712864155
-0.043032282260110466
-0.00315430957034514
0.04759868790746224
0.05876989363540702
0.008232878599758865
-0.04053865639156924
-0.041913314443889294
-0.018438363279488074
-0.009998972683384982
-0.007772320314587994
0.02173234338097715
0.04706221893889621
0.03710137667190697
0.014382079471103674
-0.016673098273877016
-0.0308170579668938
0.005217804410185843
0.04477742419484134
0.03500632791490378
0.010583691819728878
0.003445683931592662
-0.028590714363412824
-0.0635702937145068
-0.039918145992690286
0.0027276866822402816
0.021528395874625912
0.029467122403358293
0.02307307751124792
0.006426240122772325
-0.006339082387185949
-0.029674005684752713
-0.03757854063362214
0.004101123537562042
0.056643898186953714
0.06805767565684939
0.031228959008404243
-0.026205063961821
-0.06612048037101535
-0.04332982258621039
0.026902202888500624
0.05839930943904724
0.03304754333080785
0.007640771944524186
-0.017507571931297147
-0.05025062126681738
-0.04087944119977911
0.0035420295784105316
0.02668620566646701
0.016724715419236674
-0.008096123909662122
-0.02428985188259142
-0.017378288279568672
-0.0040552147031189265
-0.012450940966663219
-0.023043361735028446
0.0043473651221092
0.042458095728796205
0.04868857927260771
0.028040528052894885
-0.005454408100192026
-0.030974288045223557
-0.03635452492885857
-0.012437607321937784
0.030242026432728983
0.03330295278745878
0.006995501043113857
-0.013543607941947903
-0.04687710978935898
-0.05307340558106956
-0.008762731016527837
0.02147308093008859
0.021690222467303566
0.023244483405183418
0.011472747982940613
-0.019134607933796045
-0.03130070008398047
-0.022466367974766588
-0.005379160545964223
0.0224982322129158
0.039483827541839905
0.022168103947488547
-0.011205527028816562
-0.028252815262483667
-0.027289587140956865
-0.0060361668332780186
0.030612547251789603
0.03914248600328897
0.012410408137773936
-0.017279463639140548
-0.033025983654575077
-0.019344700726620957
0.007889874486411621
0.006512313179740537
-0.007620835832564132
-0.006693368539769356
-0.004182543803518669
0.005609624940235234
0.011148250122988843
-0.006840274048509124
-0.01080240075935129
0.007780629407299934
0.01655337539653879
0.017717222481914145
0.024494107197464116
0.020816924369716938
-0.008592109756500186
-0.03289440108329714
-0.020356665994153145
0.00703094241688579
0.026683220791680833
0.024829292696610314
-0.006872641401616276
-0.02679343416281415
-0.019126149745314215
-0.009960914486491342
0.003832424756267643
0.015374130407002369
0.014938775532352483
0.011688199612503345
-0.0016787340158089387
-0.014350800977626609
-0.009657287972932953
-0.0042217712834327365
0.006688355407162387
0.020306688235119098
0.010969251732883366
-0.0011888809712839576
-0.0021062814332221975
-0.0031079638040757314
-0.002832787127629444
0.0013962663744440298
0.009890692124074606
0.011108217031961269
0.007507844141690246
-0.001491322611980022
-0.022011758624613506
-0.017958510960369795
0.0060854759510824055
0.004474860444817899
-0.01153481469608565
-0.008319790555049326
0.007254330930756859
0.01075049322889525
0.0021160263372894785
-0.012205984117398632
-0.013225209177057632
0.010499881135404447
0.01923564767679774
0.001903157702655086
-0.00430001379263162
0.0003494060732180584
-0.005897496167722763
-0.014872540356189918
-0.011883676804163277
0.003635299631132215
0.01818465274533516
0.010790959486889433
-0.013849497497047107
-0.0221652310908947
-0.004046575424615391
0.007964476472659306
0.0034294697779625617
4.022963541670289e-06
-0.004240622920891811
-0.0028315632361843226
0.003348042639893735
-0.003231035011780896
-0.006724982304405867
0.001033224301675014
0.006125731849386619
0.0070420221861698514
0.0014568513837441887
-0.0016969963348109065
0.0052896785253846714
0.006016681548642743
-0.001736379607749411
-0.0071368271314819565
-0.004267474695232541
0.006681284625071069
0.008554379030689055
-0.0030172045193047527
-0.013884097248491462
-0.010060397736039596
0.004207617871485101
0.0031118779096256984
-0.004174433288024441
0.0022003140731376956
0.00820102407562206
0.0057481582481313485
-0.0014085194191977798
-0.006949596665167398
-0.0019977160118776352
0.009277034205826967
0.009322670106551145
-0.000802105667867147
-0.0011331936758745224
0.0036562245973503545
-0.001805343713781909
-0.005974714666289067
0.002577413188007474
0.00767338708740708
0.005083014554217754
0.0034721353115736873
-0.0036976219033735824
-0.008108517049976345
-0.0010644952379470904
0.005007927828379139
0.0036182998029784907
-0.0008328747891139746
-0.0036281091653897835
-0.005010956790155866
-0.0006527018813367407
0.004635878121517472
0.0011139518311597972
-0.0009273737182822666
0.0022189488816529773
0.004749997184406546
0.0022343414337160483
-0.003399852590644516
0.0009132847945188217
0.006382865693052941
-0.0013109223919456668
-0.007753224848177542
-0.004840308986670296
-8.23345341063016e-05
0.0043191016528755215
0.0021015970118413198
-0.0071981265112083925
-0.007990993067816369
0.0024182520035777788
0.0036156040857710276
-0.005714317823009258
-0.001693394870639986
0.007931213000574245
0.0029643025943710028
-0.003516072832937188
-0.002771539249989994
-0.0005383939859282711
0.0035911109525667067
0.004204801911204891
-0.0020448520290998586
-0.0033062537534625154
0.0022878713312405067
0.0009331890190088025
-0.005330803628013873
-0.00264996333729438
0.004566827736152865
0.0019766261862698155
-0.003782513177358134
-0.0031034267744199364
-0.0033687141980194802
-0.0030030488969890363
-6.650648947322847e-05
0.0004296718383089912
-0.00039131338995211564
-0.002227366851125916
-0.0020209465275802044
0.00045228198243868305
0.002174486095886075
0.0029917558639029587
0.0009110139167504976
-0.0005624997360116494
0.0010730730856187889
0.0013993054646762142
-0.001028887115981148
-0.0016827229124879756
0.0018304720613899475
0.001948361565459483
-0.0031093742227397184
-0.002757621960177959
0.0016428202134907048
0.000974235291634833
0.0002635058899018556
0.0014024807771984642
-0.00036819548072976023
-0.0003491856314960474
0.002125137308337666
0.0018300288509818243
0.0004233217959255075
0.0025371161617913397
0.003628397347811408
-0.0011779979212952056
-0.0024040690420550344
0.001097261968192113
0.001020730373199707
0.0004157036443329957
0.0008152358499914176
5.181271297286351e-05
-0.0002347372680263683
0.0003206595605806195
0.00033063949850075844
-0.0006235791171874865
0.0005640334445555406
0.002633047140954738
0.0001136998862180565
-0.002055057700837892
0.0001944035524100913
0.0008070627935820866
-8.002711468936465e-05
0.0008609062922759949
0.00129422511107063
-0.000510987023154458
-0.0009021865694313802
0.002009648749806287
0.001964039038954544
-0.00033133804240045774
0.0005299431687272194
0.0006458643104164091
-0.0008335464169065207
-0.0005312792074534103
-0.00013187540230523084
-0.0007865250061166477
-0.00026418390241073324
0.00041942714949437
-0.0014705709109029863
-0.002215476662532714
0.0004011087628085991
0.0012267926803585486
-0.0008395218805908235
-0.0007726500107520158
0.0006576147633892823
-0.0005876059196147721
-0.0018044697426087667
-0.0013872003710874428
-0.0012262906355129345
-0.0006542694986152428
0.0002228985264341188
-0.0004225027021723009
-0.00189963696846915
-0.001361785332199014
-0.0001844726236311365
-0.0007315499815533429
-0.0003250459794818506
0.0010047611315080927
0.00040901890184231733
-0.0009681073105179889
-0.0007781665025882343
0.00044217785588123934
0.0005068120481090223
-0.00022239638071710186
2.604957949262662e-05
9.769752123925694e-05
-0.0005493869151361019
-0.00014590783539360523
0.0002470341021291421
-0.00022751025778720933
4.570164970118043e-05
0.00019349489046177571
-0.0008918517161648483
-0.0007762754510911803
0.001009480950418946
0.0005938721378236284
-0.0011940956824223535
-0.0005088443123352684
0.00032161858264840096
-0.0002571026256568375
-0.00020020637291847786
-1.9971257861474932e-05
-0.00017959849675592025
5.936992562395344e-06
1.9656726297440433e-05
-0.00015136503653622032
0.0004394879812193459
0.0009923892812365985
0.00018128211978334302
-0.0004229722984856396
0.00044732064499855995
0.0007548821946426136
-0.00012305934609552508
-3.0676719558388015e-05
0.0009046153615408273
0.001041058955030225
0.0010261749534321764
0.0013146925442856989
0.0010742036566954603
0.000870086626320622
0.0008889399640126827
0.0003307039556306162
0.00023957445427592937
0.0012456124012046133
0.001501217751026494
0.00037004791065905953
-0.00023491410443358604
0.0003224883997024323
0.0005310625416162285
-1.1140100266631564e-05
-0.0005628040662415696
-0.0006250870243497998
-0.00022824441782977106
-1.2143194592021365e-05
0.00021517409760752953
0.0004216741555384462
0.00012583944266844225
-0.00024136925628461155
-0.000658095862175656
-0.0006035124368597169
0.00032087052393477795
0.0006542060019742797
8.55378447931353e-05
-0.00018112280628507617
-3.17079954247684e-05
-0.00014403972420866428
-0.0001498576979705622
0.00044511163855568726
0.0003944027786269722
-0.00043183438702447613
-0.0006292043661756883
-0.000475246093374885
-0.0003992108414959672
-0.00012987463712331926
-0.00029724342081948515
-0.0010706096367971306
-0.0012288799821543427
-0.00023704649115478208
0.00041517450172200566
-0.00010143529289201943
-0.0005736587759056979
-0.0006719806022099798
-0.0008585277924908498
-0.0007098594782733313
-0.0002547561121757865
-0.00032056405657361457
-0.000853837661951096
-0.0009396554847687167
-0.0007146046268521251
-0.0008610098706408821
-0.0008382502957371479
-0.0005050628665828065
-0.0005947773544966927
-0.000841356364249553
-0.0007759026453075797
-0.00035823422043729496
0.00030502742291290373
0.000493024758297201
0.00016354986750103133
0.00011743965751927167
0.00013665896409276786
-4.432963411016072e-05
0.00013611947642948883
0.0005677710261984392
0.0007110524668467203
0.0005123869580563986
0.0001656097451459542
3.966611674654109e-05
0.00022220451316922385
0.0003060502582102856
0.00022623372649006358
0.0003535436183474336
0.0005139627009191747
0.00032430666783398983
0.00017357419884378878
0.00022991487529263818
0.00017612784210341314
5.1397474467410574e-05
3.2218614927277157e-06
0.00015455036621055346
0.00033391044694082764
0.0003538001433835503
0.0004678106395751405
0.0005845508865365487
0.0006887092938693944
0.0010300459135386326
0.0011657723994327423
0.0008698309848840955
0.00034492795204337217
-0.00028977402232748927
-0.0004088627463627774
6.834518733763524e-05
0.0002890357388984422
9.873551300576002e-05
2.318153866035736e-05
0.00026128368116506637
0.0003185817406247142
-7.688903383985812e-05
-0.00030223838298572845
3.3657557107172765e-06
0.000564255307449558
0.0008121245811916469
0.0006238400430924646
0.0005748721353134858
0.0005946569841459985
0.0004171551996331158
0.00036189832504066564
0.000358496979172417
-2.9280242242122646e-05
-0.0006159272299640348
-0.00046193790822660324
0.0003620272560511083
0.00071329452418765
0.0005143915309817554
0.00015303144615136724
-0.00022736148323680531
-0.0002910343622585941
-0.0002711014998221786
-0.0006259790233619114
-0.0011391245378417191
-0.001383519705834602
-0.0012660359987752827
-0.0008855350980321061
-0.000282029626621374
0.00036048866893902435
0.0006860009615563092
0.0005375889843143591
0.0003387325523747449
0.0005128882528849174
0.00071583924441789
0.0004856748269602062
-0.00041450700204823587
-0.00172480084242138
-0.0024768158284978383
-0.0022331224314784824
-0.001606407246113739
-0.0013042822019472215
-0.0012706169383796912
-0.0010430199668236143
-0.0006976794501968651
-0.0005963391288143945
-0.0005408587009756976
6.66201558225752e-05
0.0012017157831208042
0.001949914208468173
0.0014964811918056012
0.00027738862141698357
-0.0004231729022562932
-0.0003521841006659803
-0.00013973712398630605
0.00013541027673441564
0.0005080986701677219
0.0006208462836374148
7.402205010893716e-05
-0.0010025029260461243
-0.0015772306963778317
-0.0009003454955501464
0.00022624080669226589
0.0003837332983631695
-0.0007549899273814704
-0.002510085173394847
-0.003622036138331607
-0.002385802510133106
0.0007459701753551569
0.002581776714037494
0.0016782489124359612
-4.181434360144183e-05
-0.0005303326084769005
0.00012862319211362407
0.0006069798811698997
0.0006719458200007654
0.00140912758454899
0.003346274606456312
0.005731518723079699
0.0070196232535182194
0.00593498134463237
0.00271229727219879
-0.0008659391271962176
-0.0025488605601408218
-0.0016505259828159674
-4.304110063825788e-05
0.000317894921262182
-0.000934666398072468
-0.0032005550806739405
-0.004458279272622795
-0.003198864722381209
-0.0015901255124700412
-0.001989345105788925
-0.0029052627973503034
-0.002112170971006581
0.0005747215890096408
0.0037891758018718472
0.0048560430234414875
0.002923243988038538
0.0009630118775697382
0.0007466229026119827
0.0006652036740513257
-0.0004573980215518232
-0.0021628193949760244
-0.0031358437109546555
-0.002035382178398118
0.0007516811082851386
0.0031750170433839167
0.0030896344136198783
0.0006261097712397198
-0.00016258923078431298
0.0033342818523853755
0.0065949207126497385
0.004673256428868693
0.00013568562618442893
-0.00226365959172606
-0.0022697284671322057
-0.001323534185458412
0.0008631628029607099
0.002580727165996612
-0.0008727348203781985
-0.007198613356234335
-0.006947393478800906
0.000845248471989891
0.0063717295169234064
0.0034355408693624743
-0.004151868108757287
-0.009329563562726394
-0.008456551457133105
-0.0037608306214863426
-0.0009736649999357557
-0.0016818118889148298
-0.002614733176870338
-0.002388996774932888
-0.001353262489352301
0.0006404499393930646
0.0007528165423480535
-0.0032021812808092857
-0.005835205606408506
-0.0019449329377872991
0.005296656676153999
0.009672536010288193
0.007304010388247122
-0.000772252459784786
-0.007118746557096076
-0.006339284689127627
-0.0021238401730334245
0.000855806463142237
0.004445035922413094
0.012092986193003214
0.020113895417023714
0.018162044802842787
0.0037637637703925083
-0.009055191655008349
-0.007161234623019309
0.0022880000500423263
0.003628570522698613
-0.00354156288962113
-0.007847205173947061
-0.006347990296643196
-0.004595097468425688
-0.003814399729201024
-0.002955216733206571
-0.005678410723916014
-0.011699860064322104
-0.010871435969720823
-0.00028054571713635734
0.009209559534123847
0.011451276713631501
0.009683063821849004
0.006117219077047957
0.0019883442686399197
0.0008735393200872102
0.0018128965703508248
-0.002906285549564972
-0.009944561542269147
-0.0023363690533939165
0.016064210952297306
0.01706473095414783
-0.0034885061898040264
-0.017016304245034183
-0.008638966114995112
0.008231714195159234
0.020074454297805903
0.022976632535297806
0.014208474495084174
-0.0038959936448512734
-0.02008026182114371
-0.021575995315213765
-0.010358396444124918
-0.003046526979381108
-0.002644756826702119
0.0002874532580684737
0.004200212203742447
0.00499820794390938
0.0022062128746345717
-0.00536636068323602
-0.010545320660037402
-0.0035217527700820376
0.008351954141976242
0.007602392801823239
-0.0061572071674549506
-0.01953392561336157
-0.026608098800735135
-0.025088706123115027
-0.012945501030430708
0.0033371589110905917
0.011791461858043004
0.006611848244667009
-0.0007081032375241096
0.00799824170971155
0.028648594259571912
0.03635397248091027
0.020640449836670068
-0.001966709376018432
-0.01493498335841912
-0.016419468398222864
-0.010081506886771867
-0.0025626150443783355
0.004363543115714337
0.014624116075912862
0.018577754765816842
0.004761050859663114
-0.012812742387441208
-0.013681074821513733
6.86280568629005e-05
0.01402795941707561
0.018550226149642277
0.017681482315147264
