0.0
0.0
0.0
0.0
0.0
0.0
0.0
0.0
0.0
0.0
0.0
0.0
0.0
0.0
0.0
0.0
0.0
0.0
0.0
0.0
0.0
0.0
0.0
0.0
0.0
0.0
0.0
0.0
0.0
0.0
0.0
0.0
0.0
0.0
0.0
0.0
0.0
0.0
0.0
0.0
0.0
0.0
0.0
0.0
0.0
0.0
0.0
0.0
0.0
0.0
0.0
0.0
0.0
0.0
0.0
0.0
0.0
0.0
0.0
0.0
0.0
0.0
0.0
0.0
0.0
0.0
0.0
0.0
0.0
0.0
0.0
0.0
0.0
0.0
0.0
0.0
0.0
0.0
0.0
0.0
0.0
0.0
0.0
0.0
0.0
0.0
0.0
0.0
0.0
0.0
0.0
0.0
0.0
0.0
0.0
0.0
0.0
0.0
0.0
0.0
0.0
0.0
0.0
0.0
0.0
0.0
0.0
0.0
0.0
0.0
0.0
0.0
0.0
0.0
0.0
0.0
0.0
0.0
0.0
0.0
0.0
0.0
0.0
0.0
0.0
0.0
0.0
0.0
0.0
0.0
0.0
0.0
0.0
0.0
0.0
0.0
0.0
0.0
0.0
0.0
0.0
0.0
0.0
0.0
0.0
0.0
0.0
0.0
0.0
0.0
0.0
0.0
0.0
0.0
0.0
0.0
0.0
0.0
0.0
0.0
0.0
0.0
0.0
0.0
0.0
0.0
0.0
0.0
0.0
0.0
0.0
0.0
0.0
0.0
0.0
0.0
0.0
0.0
0.0
0.0
0.0
0.0
0.0
0.0
0.0
0.0
0.0
0.0
0.0
0.0
0.0
0.0
0.0
0.0
0.0
0.0
0.0
0.0
0.0
1.5733581014413993e-05
6.946932845577135e-05
9.361544575175624e-05
2.9776580627134135e-05
-2.0876601068479485e-05
-1.78560399151675e-05
5.638896987069701e-06
0.00011947266204514898
0.0003655568953444729
0.0006169444443035875
0.0008902894809287534
0.0010673809608485315
0.0010681046215949917
0.0013596571450868072
0.0014917725450807019
0.0009852946367919873
0.0004199851320920159
-0.00014513871022459502
-0.0013471703262942366
-0.0032614190788644586
-0.005101080929742891
-0.005922485683557785
-0.005979085906403869
-0.005883920851281533
-0.006069103000456144
-0.006076011630399082
-0.005875425899352907
-0.005644973425917537
-0.004909947199467311
-0.004263145831572006
-0.003197953630366472
-0.0023949046782729398
-0.0027700838194149044
-0.003178535196638315
-0.0028721903499109745
-0.0031477119025466816
-0.003847286158640901
-0.004261690687295615
-0.004183403422935336
-0.0038624731713923256
-0.0038137766560913697
-0.004126048020218301
-0.0034344559615436814
-0.0016811995866930732
-0.00056839508439905
-0.0007587695854167679
-0.0007391541105980887
-0.00011130551698340803
0.0009932764594655181
0.0027681709216966174
0.0035038531599659215
0.0028901687244785174
0.0021647550609116568
0.0011787197283728197
-0.00025664782646756315
-0.000543376736115372
0.00039450237887865433
-0.00047722038435014295
-0.0022451543992645776
-0.0017406534303973389
8.006590186272077e-05
0.0017286251964059856
0.0038645153619913646
0.006694717766912243
0.009454828519710025
0.01215860278088657
0.01356100289304763
0.01258399130082852
0.012496776062446759
0.016104541491227357
0.019280815444784126
0.018716674812798952
0.017020326232014008
0.015674002680436425
0.012927528339518265
0.008681801339396526
0.0048773617318540515
0.003792388398895751
0.005956465490866529
0.008452588116283636
0.00831451070033101
0.00687082334505016
0.007739416871671596
0.00938020882153114
0.009946113656447342
0.010124227823360898
0.010288546439623836
0.011898998810589487
0.014160051994819161
0.013435774438736491
0.009543345698756844
0.006578937118903768
0.007195397576210233
0.00891726307261126
0.009236591349065295
0.010569126296548713
0.01352296264249947
0.015950304555214668
0.018549369561676524
0.018873233851285306
0.014327796294465414
0.009841166878820487
0.006993539251052269
0.0024574117195833127
-0.0014107705832488585
-4.6849138190211856e-05
0.0021968344488114883
0.0010309181879822923
-0.0003986835542699295
-0.0002778378235952219
-0.0024414776746374376
-0.005670777055953762
-0.006712674366424684
-0.008165859746976315
-0.010835020716971348
-0.01153924150016261
-0.011932957060479053
-0.014625892065040133
-0.016093874827700173
-0.015371113843505951
-0.015164501103089595
-0.016771592548402936
-0.018009702830858856
-0.015448393290405121
-0.008817498583809272
-0.001156245394603081
0.00673470209711255
0.01501639973318891
0.027831908536403136
0.04201248450553946
0.04513091843853796
0.04414208938826961
0.04255332181733447
0.031341698880406284
0.01598284214082228
0.0009756142420586049
-0.013616139793831644
-0.020482425890051566
-0.020896215503659606
-0.028158635033313638
-0.03073619841259727
-0.01181713880676886
0.01867463818091741
0.04820087992602274
0.07545921875150696
0.10673441122580507
0.13260813020248752
0.13821685872635267
0.12095254856826174
0.09293993284931218
0.08331107853024457
0.10110166936545174
0.10680912721080174
0.07419573268949844
0.02482560519485918
-0.009074828826605996
-0.006702982103307745
0.019012832942024323
0.031228832003490536
0.04810395657588719
0.10456891533978308
0.14785199119998618
0.140106170194091
0.10905990827999683
0.08329536809678309
0.10276006949632917
0.15164696197199098
0.15563101879693927
0.11592507055529044
0.07989821666120435
0.04192173692736195
-0.006630817202952889
-0.03242534517240699
-0.015527552942489507
0.027335242202724125
0.07313931051210255
0.09076253710532366
0.08929088475420707
0.10701855944364125
0.12032019885238995
0.11271087403924271
0.12299310118919173
0.14387024913180202
0.13725495134296845
0.11905846902724897
0.10512909951989113
0.06325587857190267
0.02171039623830287
0.03004096514348463
0.04512585284442311
0.05352462204693558
0.07760850847454145
0.09369984178414617
0.10125704343247328
0.09633871568691571
0.07888655660070527
0.08831827947449648
0.10504555134874494
0.08753878747200239
0.054668706418884244
0.04334152245528549
0.04920298120058883
0.0315993037874745
-0.02690719321771586
-0.081078451573088
-0.07296647997069639
-0.025990363930930634
-0.005367480788469135
-0.011686113098239685
-0.009772940749373266
-0.0021473365465706326
0.002068150202442541
0.014129996704290628
0.03324192231223705
0.05242691030705633
0.08485223771140384
0.1306808805623052
0.14242702229226542
0.08288234450446662
-0.013380980294593262
-0.07453350375543898
-0.07824905423112774
-0.04897872933419642
-0.008111910698161057
0.030066430143128823
0.04241744989938611
0.030071785715159782
0.02442540584926508
0.03457591927657626
0.05265913448685122
0.06358601178068773
0.06338773974913699
0.061148309854043896
0.050084786130507944
0.011667663935561205
-0.05391487909837952
-0.0921312231177741
-0.056663156012126924
0.004705517084824832
0.04710223268485719
0.08935404060942881
0.13471750090377305
0.14858462332761782
0.13743959281845272
0.1282624578733519
0.10172430607152341
0.07049072152780793
0.10174633778079492
0.18600641912951316
0.23546111580022341
0.21861955275326508
0.18720282957485604
0.17093763053012279
0.14208327045882474
0.09782395464960994
0.09106272109208156
0.13451851991716304
0.15691924633384585
0.14130075862203678
0.12761608512372224
0.10195470969628714
0.05682468303588699
0.028829488625422797
0.04522068166871246
0.09378762682805758
0.13081017621953506
0.12732075253112293
0.09785950580169447
0.07242332637095775
0.05146541988817163
0.06930928718832374
0.1399909245368165
0.18755130518761062
0.206715292726113
0.2459668413792032
0.28041793565790274
0.27683566811721233
0.25314714863826526
0.23280124515221937
0.20350285728154677
0.1551138216503504
0.11133808497464157
0.07222080345511882
0.02422907476227452
0.00774585765912451
0.03197880600074456
0.01967766276339998
-0.02533127284660339
-0.03530821862032822
-0.005508738787666407
0.03186938075568231
0.054648480503491324
0.06989864130256518
0.07085887589094653
0.07400846705891694
0.11285706019685884
0.1608338437246153
0.18053354571505403
0.18703824931306529
0.19611409228203855
0.1863450053943152
0.1424538629961062
0.08724018771486448
0.045877408358372895
0.004098045077069034
-0.029335151264655843
-0.03693385130821839
-0.041167541738451316
-0.057160909749354755
-0.06630349359603388
-0.054714584313147185
-0.03297910352867033
-0.030281632937714402
-0.06450656020787296
-0.09612930050885607
-0.10281827008604032
-0.09012618941442517
-0.037682209318998676
0.012309275847645051
0.009821000625641051
-0.011103031645600572
-0.02531674792469749
-0.019392601985994906
-0.012740095128901015
-0.029189279842744425
-0.01877492115678815
0.015678661617766147
0.009306950041332557
-0.021814875989129952
-0.026025096104280974
-0.03189005475458899
-0.060578294308145514
-0.062070968901290054
-0.03969733251902986
-0.07025668803121218
-0.15471465310226476
-0.18575575852438095
-0.15237922617395602
-0.13696667941234783
-0.14497504316498835
-0.13873528213958022
-0.12964599683098652
-0.146900113328271
-0.16531896489524933
-0.16993959400504338
-0.18530715782354368
-0.18844737892330302
-0.16031226253269876
-0.1504755093425392
-0.15351171481931972
-0.13691634609713738
-0.1383357856273181
-0.14737549878903272
-0.1130114815697402
-0.051694951789965964
-0.028817612972243063
-0.054339105833623745
-0.07247826329280298
-0.07785583590372341
-0.10640944180514882
-0.13331674949369393
-0.125714984364194
-0.11693104624345808
-0.12373397248381049
-0.11439441901061898
-0.08159219487714278
-0.07611584409840015
-0.09563502853024775
-0.09160320379527684
-0.08311411336469043
-0.06863904421711092
-0.05634008565340637
-0.0911290249991526
-0.09235587942559742
-0.021039031777424173
0.011746955495902305
0.022717573102189453
0.05408428310851402
0.049233221903784395
0.04688126228577889
0.078169399565226
0.07971283869445342
0.03490299138181086
-0.014919413770680267
-0.025945276778109528
-0.006939690295371965
-0.0005103859322120654
-0.0006471988282554827
-0.005814178420463126
-0.03765350236956052
-0.08391480055922723
-0.11033272060368184
-0.09378521602120572
-0.053658621771949654
-0.036827392012602204
-0.06533845090827889
-0.07953917692551865
-0.0249602292902223
0.018190915317474493
-0.013150089487723914
-0.0366104949621254
-0.0014932090789753776
0.011057186837586951
-0.03813896820053786
-0.09201295591375593
-0.1108580195809077
-0.07378485615283722
-0.010040836545397728
0.0031797476523517743
-0.04186806701551695
-0.07312737777225838
-0.05297535746515193
-0.03607497685298187
-0.05135214836043189
-0.06044377081439992
-0.04804697623306931
-0.02930156133213574
-0.02703551207175091
-0.044388099877094744
-0.06986793881655703
-0.06916876802599464
-0.032486511077322235
-0.02505122178843341
-0.04279648995647407
-0.03342437196099455
-0.023756557837694228
-0.03629134539008269
-0.025303827783797972
-0.0040445470093733015
-0.021321350394110948
-0.04487050195827438
-0.03310499793323626
0.00951976011265613
0.01293330945331113
-0.03257660705561406
-0.03436715520344909
0.009747986063299907
0.021690759840620154
0.0015564724795744565
-0.018463586770180212
-0.024426965853417738
-0.015321356767867266
-0.04353774197334509
-0.07102212348180119
-0.03997874644476765
-0.01527624476130527
-0.016550792689471162
-0.015066193397135285
-0.023251309925474997
-0.029046055905182472
-0.0015024707404071383
0.03059158349107967
0.016526819226879805
-0.034380606751417075
-0.06062119812144382
-0.05376990675997348
-0.06340725878738226
-0.07706190948601323
-0.07785646810240922
-0.07646910287749793
-0.0536109352175698
-0.030267981014655873
-0.04547976399063404
-0.07586084603657986
-0.07601841405728027
-0.0410848231827754
-0.008253307093169064
0.0013806437034777068
-0.015981084678822557
-0.05109075302367657
-0.06859552294031324
-0.0620405581018847
-0.04946613002798436
-0.04110420451219498
-0.04350155526806824
-0.055570201338908956
-0.05663192988224705
-0.04317156148024503
-0.038379437245800535
-0.045635276567900084
-0.060190355413431505
-0.07333497207025855
-0.06478198684231913
-0.04564178627234834
-0.047663934909957635
-0.06798432860736647
-0.07750958430503875
-0.04998834500900725
-0.016256413478900233
-0.031166397101149906
-0.04863504084550612
-0.02103648237177379
0.010957958401565148
0.033975557991715276
0.040750255624772073
0.013133476000180914
-0.020314167793448138
-0.03209721258162695
-0.026993243164663484
-0.024359193812997382
-0.026329813761581545
-0.02392675346400559
-0.029427216078033374
-0.04816583855895462
-0.05469313979762568
-0.047170927804169045
-0.05388262926292306
-0.06096835617288026
-0.03846421537139763
0.004284015614172701
0.03019030506219745
0.016340761429561233
-0.003290029258776747
0.00987274258289256
0.0387505526524673
0.04682333678131223
0.03130270393899335
0.023497999842544606
0.02496856407115193
0.01740112953833719
0.015789061070706642
0.015014909846049584
0.003785967393740026
0.0018794372043739926
0.0027996883275214646
-0.008186682473715914
-0.01062030190307763
-0.004803715536351598
-0.010306234664107296
-0.010556978910647602
0.0061586055885244585
0.02281834424045045
0.02550189192156263
0.0186900259521616
0.021743261569435714
0.03161718689597759
0.029380950533377963
0.0292425607317713
0.03473520771761546
0.028379133908937176
0.026802369236130982
0.03981740342292099
0.04203867471157619
0.02859472649036406
0.027980543445400328
0.034301374777945995
0.020996807005361197
0.003450694257493254
-0.013481712197216193
-0.037683685114227934
-0.05142039148320895
-0.04165575024732492
-0.015384044358183028
-0.003047305506597269
-0.01623804269161729
-0.02585557667589706
-0.022876173257967546
-0.017854895469938202
-0.010191420889350888
0.0010500363876953629
0.016883671796814544
0.03258788420774091
0.027510197169234446
0.003927609641786285
-0.013316189460744327
-0.023969528904003855
-0.021167919030538086
-0.007758497562244411
-0.01580019589233288
-0.033857682617407604
-0.033766914581881045
-0.0323456147474549
-0.0441113185541481
-0.0508876515273002
-0.041198455000087966
-0.028370230297360348
-0.022857686252010997
-0.020506492090803723
-0.021197642130862407
-0.02550633769101132
-0.033404387444370985
-0.03984077070430588
-0.03841501048215539
-0.03510766314699951
-0.024068066646463285
-0.008312064538263336
-0.007771588619800926
-0.010853367066011815
-0.0033327774649469758
-0.00698134412612477
-0.024705965381232594
-0.020940366006846307
0.0038277483744301173
0.01043713563812374
-0.011955261058877713
-0.032827490973230795
-0.025644510331811917
-0.00649179740799321
-0.0016473671397792221
-0.00431611297373874
-0.0020748479700954826
0.003052338844945571
0.00952650983825361
0.009976853839936657
0.002722964745107327
0.0019120871229902049
0.012079777644251792
0.024377828044683282
0.029334085478256593
0.02122739450206087
0.011924039637374047
0.008594211383378002
0.0022439270566358828
-0.0005113153645755267
0.00473690515712079
0.010695072461022987
0.014478607284905498
0.015159051981941864
0.01627215603603429
0.018791632143839873
0.023543679884140085
0.024102008136073418
0.0183619874142154
0.02383329393294599
0.032932121906484986
0.029827105935353485
0.020954049940649994
0.009856298844255559
0.0021583514224987814
0.006969569239392691
0.018275119160333204
0.015333355641019309
-0.00029626163655559255
-0.005219155777752075
0.0019745680245056413
0.006625300760721196
0.006894163172566265
0.006676418601145664
0.0019158511054884469
-0.004427990364852978
0.00010008752737394912
0.01657873286350196
0.026591832544442955
0.018561277463895236
0.004982433697385578
0.0009858756347194896
0.005254574143940697
0.011421684194862178
0.014667949640621245
0.008294544582845734
0.0005963532275800163
0.0033929806758493408
0.01055445834342624
0.006467177216208366
-0.007162269002830785
-0.007204197261625273
0.002406809962771222
-0.001179297674730318
-0.01010019844472027
-0.011342091134181434
-0.010072707668544671
-0.0054723985625308716
0.00438254582543731
0.0068041162970552856
0.0017167136227130464
0.0028457270672179154
0.008455446317669913
0.012815596665249541
0.015459151584710097
0.01466542623161582
0.013924549896300719
0.014902368071019497
0.009787152712518024
-0.0005722354563627711
-0.0018137940199008957
0.010627728914369378
0.016691267164741584
0.0034174034761603102
-0.009219640325000885
-0.006079290610078845
0.0013903867308717175
0.009251992547985598
0.019704685465973065
0.021526100040545747
0.01543267611718719
0.010356624401200429
0.010151478365975589
0.01887856547339899
0.02691196648189284
0.027663862307949913
0.02663079108537562
0.021393610925485515
0.014880897562706573
0.016908547694621606
0.021130965660796846
0.018942534618101557
0.01798960727432979
0.02176038499046093
0.02311123325400604
0.020146757799829315
0.0172651418572004
0.013618703854560278
0.007952728257489328
0.0073884558772436834
0.011063082915438928
0.012019516535297776
0.012777151966513073
0.014037407135902985
0.017592578525981263
0.025267213943549634
0.025317771630108954
0.017425646684136032
0.0157266047199401
0.02065681491902982
0.022505442573412793
0.021282837669303837
0.0216098655937659
0.017040350564628895
0.007623397380747173
0.0027002549799443466
0.0005781940842269754
0.0018604736284579405
0.00616253326995928
0.004437237027524681
-0.001254973434415281
-0.003326954492654407
-0.0010181330608553625
0.0004209481617924477
0.003234061058352641
0.010802301593691166
0.012611546033774235
0.0068965419349078655
0.0035086303676908617
0.005637248075271674
0.008242126055871322
0.005426695690108229
0.0011296905196798426
0.0032460892199018595
0.008611197611663107
0.009168319097321893
0.004187650366213197
-0.00020578369136462987
-0.0004628467497312142
0.0010026051697774093
0.0013218677676959476
0.000881514448926925
-0.0004695014104174318
-0.004943957851398609
-0.007316813375876659
-0.002361183789043754
0.0037077558063249015
0.004602906973227386
0.0033649977216208193
0.003329166689986151
0.0050742111914638816
0.008980021636728376
0.01212261681911028
0.011121595439266586
0.008910348572388335
0.009160255548619068
0.009664270886305067
0.009318901987539027
0.008335978813131374
0.007831676801458772
0.007369738508453685
0.003464154297278876
7.47612893789988e-05
0.003114046294360446
0.006688454873068997
0.0064396863704241315
0.006348337495625347
0.00829050206871687
0.010725223220430163
0.010908335682967441
0.010001540664841952
0.01167443452208097
0.015609461599412552
0.016769390415351408
0.013791911929590693
0.012516895336007779
0.013875802109970314
0.012753766331646326
0.011393951843797644
0.014001283375182229
0.016953137069718405
0.015579555522333621
0.009435154690919394
0.005269333823559201
0.005776379502066458
0.006602046528473946
0.007643709945748446
0.006986557719254907
0.004032585297363628
0.001412931114080645
0.001083217128954922
0.004217692089370558
0.006940538643980318
0.006398116434443177
0.0048662931445471735
0.005682422431543255
0.0069662136818287815
0.006541708582611029
0.006765326317846957
0.006233374754518386
0.00426635347027133
0.003146352389110672
0.0019752350580853873
-0.0001060066820083673
-0.0015969980521691855
-0.0020022290836106183
-0.0027008436397609028
-0.004598119390239137
-0.006319801270115169
-0.0061183486589535
-0.004171266447021302
-0.0024969614624764784
-0.0030096039693241912
-0.0034325817425110996
-0.0018291373301702121
-0.0015535610046870775
-0.003004275924520642
-0.0023071468878057724
-0.00011615065976639453
0.0012896030165033062
0.0006545344410091236
-0.0014009034468118625
-0.0016800548264920214
-0.0008658648539119978
-0.00017379549911330345
0.0004153300314512571
-0.0001508668776695695
-0.0018309930032497004
-0.0027869446866975738
-0.0020549153604813362
-0.0016946227775496512
-0.0018561821946848917
-0.001255738327990912
-0.00021393959217748848
-1.5209457036200782e-05
-0.0007736987024266677
4.466648845495748e-05
0.002571562484096306
0.004171696043112519
0.004219948266332879
0.004174221089748813
0.004995202049339237
0.006370973626818266
0.006325695519062001
0.005730669349841764
0.006363714029948653
0.006012435782081962
0.004948877289590725
0.004945335880838736
0.0050390323722145506
0.004045039185589518
0.0031218627014939194
0.00318194546388768
0.0032853579264497854
0.0031757706012212014
0.002973886633748405
0.003372661670095311
0.004210213817708748
0.004119669518083702
0.003637056188982447
0.0036847279459252895
0.0042550665940569304
0.00469511951459371
0.004559181485916491
0.004191568538210728
0.0038152361806476098
0.004042370490845681
0.0036458903385942903
0.002413867201695722
0.0024707926202777713
0.002538852574065118
0.0018523959976706752
0.0012356595125826086
-0.0002780681213274008
-0.0012572330150725228
-0.0004013022914640841
-0.00043775748220930356
-0.0019962299740917087
-0.002597961609936262
-0.0018520018498420004
-0.0013191771721455042
-0.0018936730713807555
-0.002405100941828513
-0.0018460285073868367
-0.0012204316388265087
-0.0012322638324247742
-0.00209155754674608
-0.0024783783459606927
-0.0019270720320691318
-0.0021661440716110305
-0.0029063605202536316
-0.003423180029014449
-0.0037783302996653094
-0.003966650660804208
-0.004354466997918537
-0.004796644018223653
-0.004930101458463731
-0.0047834351086882805
-0.004521990693719308
-0.004660950539783855
-0.0048274937157420945
-0.004622105526501495
-0.0042984139357141035
-0.003672206657778435
-0.0034997311386854393
-0.0037986835657405475
-0.0034146155925939693
-0.0028105144407702715
-0.0026150603846751067
-0.002349850196453363
-0.002179087509396992
-0.0024789829101188408
-0.0026075151617505356
-0.002064323741686885
-0.001546852893855468
-0.0015189755135053876
-0.0015266687007425704
-0.00143050799864939
-0.0012560488494619902
-0.0012294107679138887
-0.0014512337959838553
-0.001074613367428085
-0.0001227342731119949
0.00019825235347274185
5.249535641413648e-07
5.421639578710615e-05
0.0005026837296408376
0.0012331463120408496
0.0015960233925598178
0.001717010976036908
0.0021880472206115163
0.0025532010469674063
0.00257108806016893
0.002261107178331091
0.0019326076594753103
0.002024507168333449
0.0021751177931978445
0.0021770417745366638
0.0017609352941302882
0.001307811844460163
0.0015420902557431154
0.0015140288209886396
0.0009618991651571507
0.0008126246277750176
0.0010271506596433743
0.0011447601652219033
0.000831945114980814
0.0003395512797339984
0.000289218673716921
0.00043977976518599823
0.00032710042938911626
-9.46529248983212e-05
-0.0003292417678817595
-0.00014216581618567558
-0.0002082659165406049
-0.0006676093022075406
-0.0010234933886952738
-0.001311711979566746
-0.001575771622405747
-0.0018387172332010669
-0.002163827959829773
-0.0022515147846248157
-0.002525321384636795
-0.0030988783385312154
-0.0033796914966232232
-0.0035329619082986713
-0.003795495587767956
-0.003961839416645175
-0.004006719582565033
-0.004013671014912076
-0.003987233771417483
-0.0040126096503635324
-0.0042632505068292
-0.004387075992077013
-0.004019981909149097
-0.0038968853874571225
-0.004136557069832784
-0.004042293227337223
-0.0038142887811963067
-0.003877907276317982
-0.004121450093377739
-0.004244409761553739
-0.004053478093843412
-0.0037659041258622595
-0.0037176736565588163
-0.00393292477256198
-0.003932410847028434
-0.0034681238180785477
-0.003214560930429139
-0.0032608875459386143
-0.0030094630993191588
-0.002576693970870762
-0.002295432823134008
-0.002152677882577698
-0.002014295349166799
-0.001659502074394787
-0.0012034579500849701
-0.0009495936962540488
-0.0008882719773078267
-0.0007155171183364449
-0.00034091440442266587
-6.310323014143868e-05
3.7073702270408834e-05
0.00021030458496367513
0.0005113462610673031
0.0007987618116702628
0.0009014190491116421
0.0008719801033641916
0.0010825889320225347
0.0012962606071410098
0.0012446570626475657
0.0012676538949729715
0.001435472200962293
0.0016253599154451048
0.0017613656748318525
0.0017833178206763702
0.0018433069009075522
0.0020145935658658102
0.0021252045433210586
0.0020591544736136874
0.0020269923029340347
0.002138667375443652
0.002053153278719744
0.0017817196879867296
0.0016805449779917314
0.0016729177463004695
0.0015219518372781833
0.0012711649107020565
0.0010264157973952086
0.0008455727206212039
0.0007342860812979161
0.0005827303759720063
0.0003066220025605516
5.5015759015926066e-05
-1.7602177205649661e-06
-7.065127538299082e-05
-0.00028855428984745816
-0.00045784936618066904
-0.0005150227507329091
-0.0006143816426942929
-0.0008574156801921149
-0.0011623646475612886
-0.0013695949392875631
-0.001512265962892633
-0.0017144056456117824
-0.0019405719898234319
-0.00213128033331154
-0.002267869949864727
-0.002397088790554671
-0.002561311326509428
-0.002684942636033094
-0.0027467650518843887
-0.0027990166483196524
-0.0028983247896200784
-0.0030187702777395766
-0.003030933436692892
-0.003014280637115376
-0.0030179738361293287
-0.0029510523611981313
-0.002882069506858265
-0.002809900386928212
-0.002694684648727106
-0.002595381882277453
-0.002491673047772188
-0.0023573727170793624
-0.00222287188344075
-0.002106787931448432
-0.0019860907183120707
-0.0018145179412036572
-0.0016147597691289082
-0.0014207221249771655
-0.001213647130011455
-0.0009662221755574008
-0.0007367006704363268
-0.0005842145027229247
-0.00044757242211083584
-0.0002661943007744124
-8.505015083503573e-05
7.362328440286973e-05
0.0002609453278569054
0.000459700413053469
0.0006438834937412642
0.0008369725997306385
0.001039704207027765
0.0012495944002836963
0.0014655454624428058
0.0016391281351455951
0.0017457392713311265
0.001843142006106271
0.001965872962352791
0.002077855072962723
0.0021625095806590607
0.002227940713076846
0.0022782922396488805
0.0023498566491161857
0.00243998492109872
0.002468016325075463
0.002421174587242299
0.002351661871840044
0.002278934929205308
0.00218501502880343
0.002074826778301495
0.0020125325145094524
0.001980401114800653
0.0018932635462799627
0.0017545804722851918
0.0016236758210633462
0.0015404081320580926
0.0014510608294645748
0.0012982404373695327
0.001154031455706502
0.0010415593234860715
0.0008845453919397151
0.0006991377369615431
0.0005545327018076708
0.0004370108987987527
0.0002829766449023322
8.537085343923904e-05
-0.00011147255781579255
-0.0002917890237533405
-0.00044414159484644944
-0.0005764353986195645
-0.0007334432990130492
-0.0009195570601096079
-0.0010779529565698536
-0.0011685082203501149
-0.0012173911521899381
-0.0012743306855925445
-0.001347511884468254
-0.0014164661677112083
-0.0014747386734661366
-0.0015270616479532225
-0.0015614057671099796
-0.0015832746740420964
-0.0016370655440475783
-0.0017175946914590866
-0.0017739310233567333
-0.0017842450036990654
-0.001774734206991237
-0.0017802164780099045
-0.0017653895470758788
-0.0017066955549281926
-0.0016427581126458198
-0.00156298619848842
-0.0014626598735954879
-0.001361474743084062
-0.001249271188979853
-0.001128103091121924
-0.0010074405213161674
-0.0008799414454424524
-0.0007334611108648118
-0.0005542492592277672
-0.00035680167728599564
-0.00019791861812453804
-8.503620755210116e-05
4.953538972872094e-05
0.00024235487215405898
0.00046487093733311595
0.0006623367503862661
0.0008187606848142196
0.0009732634430034629
0.0011344434804553066
0.00128931770545868
0.0014383664891730447
0.001567587404168462
0.0016783263486587377
0.0017940372107263529
0.0019253413617514505
0.0020426043454632057
0.002125919168461749
0.0022164753386385793
0.0023105495234523907
0.0023784863942697427
0.002454298254577801
0.00254824298348367
0.002619318675684821
0.002658355977412201
0.002682906209741506
0.0026898041690379022
0.0026715823322581976
0.0026320651530902387
0.002587907257692421
0.002545802663365339
0.0024793331738423674
0.0023819379283654754
0.002276714799113318
0.0021744906842213092
0.0020736663764269595
0.0019617030272364782
0.001838962480757985
0.0017211272354066718
0.0016026311995488297
0.0014747783444580946
0.0013284551550535705
0.0011572434303418414
0.0009800666290554175
0.0008041701208217061
0.0006283772439484703
0.0004626808672109531
0.00030309628294844206
0.00014235343185055332
-1.6172333553731324e-05
-0.000178949261170493
-0.0003441329616265877
-0.0004885280836947591
-0.0006122921174078644
-0.0007295043872965136
-0.0008459797907993243
-0.0009686697731811941
-0.0010921684974392666
-0.0012087748025887898
-0.0013096853635075633
-0.001390249053818401
-0.001459577137456404
-0.001514552357169412
-0.0015463832025173227
-0.001553533476775433
-0.001546293294540848
-0.0015365755771022149
-0.001510103766057772
-0.0014594190130104167
-0.0013964568711689511
-0.0013210533145198915
-0.0012459395633850952
-0.001188688239704424
-0.0011284701033487748
-0.0010464915760854858
-0.0009579475437541694
-0.0008678802280766466
-0.0007662371146211605
-0.0006486296814561837
-0.0005101227629748803
-0.00036224520406254965
-0.0002180648784033546
-6.986231660660136e-05
8.246694563856438e-05
0.00023651111364977586
0.00039386707988299486
0.0005495093159553288
0.0006960074848208801
0.0008358935127331906
0.0009863167626765353
0.0011358256449453359
0.0012530886793969246
0.00134473304672552
0.001434018418002463
0.0015277206616607284
0.0016194525165824912
0.0016977872666580473
0.0017675268634022355
0.0018444916185914196
0.0019227574268203432
0.001986250262414967
0.002034682307182567
0.002069867289955156
0.0020934649239462404
0.002109143527849217
0.0021144117581542547
0.0021117732746254885
0.002100845468748062
0.0020721675907315338
0.002027338812274839
0.0019777163170649824
0.0019308252037574197
0.0018853780478421134
0.0018329054642608935
0.001766527150243199
0.0016924160776997429
0.0016164124466159883
0.0015217345980508828
0.0014007217405749037
0.0012772668740350193
0.0011685713506606992
0.0010666762997187096
0.0009594849843133856
0.0008424180361171797
0.0007163594540032369
0.0005847279422315316
0.0004464462597375014
0.0003014572339222583
0.0001631074104368867
3.996704455122015e-05
-7.813762558375524e-05
-0.0002017943237857077
-0.00033287659873707876
-0.00046389767740390007
-0.0005810352221793661
-0.0006771366020042644
-0.0007597523611980002
-0.00083949943336131
-0.0009161647526075082
-0.0009909511919381294
-0.0010681933570489972
-0.0011430619842791837
-0.001203751336838568
-0.0012428523901652532
-0.0012662844573644305
-0.0012828795443100712
-0.0012950628571261173
-0.0012993191109397495
-0.001290665774835662
-0.0012716847377555786
-0.0012484584002853997
-0.0012208889801305128
-0.0011849328936453535
-0.0011415964628348643
-0.0010913627564463164
-0.0010265098392395588
-0.000947479200096848
-0.0008642831551632361
-0.0007704389302688582
-0.0006517058372998793
-0.0005177214380614145
-0.0003885611504724173
-0.0002626129265477234
-0.0001309699144620426
5.5129973103190555e-06
0.00014864010433939272
0.00029515493026805074
0.00043560202077615786
0.0005728089890440296
0.0007090951311387376
0.0008357256916475763
0.000951485201408765
0.001061373331581425
0.0011680722460261893
0.0012795558468055375
0.0013943094137217713
0.0014940821739451997
0.0015728600149506498
0.001642599473603557
0.0017134972891450601
0.0017849277006021897
0.001849421371237813
0.0019008848121131537
0.0019343606377397048
0.001947535238017143
0.0019462770605722039
0.001933412631796202
0.0019027807577286957
0.0018575743788900002
0.0018140361311029857
0.0017759385652548405
0.001727900962945266
0.001661318369533017
0.0015845106714128321
0.0015069560394811302
0.0014271198878995299
0.001338128317132773
0.0012394673715603734
0.0011348238643606504
0.0010223962346079486
0.0008979414910298911
0.0007597152854958553
0.0006092603525893945
0.00045653175608392153
0.0003155579085515857
0.00019064039117193044
6.829810108832817e-05
-6.427243143788115e-05
-0.00019733715522273236
-0.0003146311860001342
-0.00041665466817305847
-0.0005155305824522192
-0.0006184467639550962
-0.0007230953617637289
-0.000822363913550951
-0.0009136219042949802
-0.001001008488377806
-0.0010886111723834458
-0.001170209888388551
-0.0012290237628870594
-0.001260657365966528
-0.0012804914737010317
-0.0013050767387528723
-0.0013313973217030331
-0.001342466973947663
-0.0013363982108511316
-0.0013250117478654537
-0.001310374441274857
-0.001285777710157542
-0.0012498257458534126
-0.0012057091448508003
-0.0011589776537445126
-0.0011134812290365583
-0.0010643012067278516
-0.0010055428592258128
-0.000933567067750692
-0.0008507345397612925
-0.0007672081071023966
-0.0006822175485781145
-0.0005862543644525772
-0.0004783798582767038
-0.00036732439507066296
-0.00026306544824756763
-0.00016078612471916837
-5.185988281501131e-05
5.721757677283627e-05
0.00016043405686180003
0.00025244578425753436
0.00033463503588830444
0.0004244028146185404
0.0005270848066855083
0.0006328158066253829
0.0007309957581943892
0.0008197998998685822
0.0009093537952861191
0.0009969878915976772
0.001070284208219109
0.0011343058484531315
0.0011987394312142185
0.001259677741070242
0.0013101482961172647
0.0013455828416546228
0.0013624235266114686
0.0013667773337913932
0.0013702028835672203
0.001376650731363285
0.001379557806032904
0.0013691435218109982
0.001347474109799261
0.0013241494172021003
0.001302615428946507
0.0012777610314080943
0.0012420102095520302
0.0011947808289711828
0.0011390197020750897
0.0010757306916697258
0.0010034072188602008
0.0009175427966962764
0.0008204454304655614
0.0007235603002458614
0.0006320783914776594
0.0005411368037719158
0.0004418394872583331
0.00033419088530593674
0.00023125454736457792
0.00013434042838221324
3.0494653997380065e-05
-8.049995504986943e-05
-0.00018699597512583446
-0.0002828338535607769
-0.00037015481359047324
-0.0004584858096547305
-0.0005583253891425674
-0.0006693487443534652
-0.0007783282151862179
-0.0008711843086243316
-0.0009481351533233455
-0.001018786031391578
-0.0010836875380952514
-0.0011352240883708957
-0.0011726700361605535
-0.0012017239870599633
-0.0012226508705946973
-0.0012326047089116158
-0.0012327114148130659
-0.0012234843959615265
-0.001209328445343368
-0.0012021681398066072
-0.0012029817149337197
-0.0011984360647823253
-0.001179322852165329
-0.0011468151926205864
-0.0011060798205118113
-0.0010554843263807106
-0.0009892431058956424
-0.0009115927333397351
-0.0008343255446487235
-0.0007626441683880891
-0.0006886984236062091
-0.0006005738103914626
-0.0005003362937923152
-0.0004000293162844756
-0.0003040172526258683
-0.0002164644163685132
-0.00013812417297981417
-5.6465632664658064e-05
3.204311502031066e-05
0.00011756693162014476
0.00020000750540403748
0.00028791891246984975
0.0003827365458496416
0.0004775938241267619
0.0005653006108273887
0.0006455063426183023
0.0007216618758324535
0.0007972520730680356
0.0008728370488135477
0.0009375552453155648
0.0009814669429897686
0.001010162771579489
0.001034211071708666
0.0010545576223145495
0.0010648976313878324
0.0010673033127487075
0.0010691707748871474
0.0010684817606133386
0.001058796895417682
0.0010369704491748535
0.001007651387338572
0.000984990000585372
0.0009732906650752034
0.0009601567620814355
0.0009321369876149771
0.0008832157799553213
0.0008211825119804587
0.0007569122064383714
0.0006868916157837745
0.0006056905035725207
0.0005190041371775715
0.00043718176664512567
0.0003650478880029441
0.00029583183379979606
0.00022244862168572138
0.00014707009378657243
7.176138482668626e-05
-2.9200633394990577e-06
-7.666847669619266e-05
-0.00015220407986232058
-0.00023352523926517326
-0.00032109789839459033
-0.0004075957148424982
-0.0004863050317385891
-0.0005572627482379688
-0.0006184289624106674
-0.0006686444773641955
-0.0007154250378729934
-0.0007634334246947997
-0.0008122052552344283
-0.0008610057855285653
-0.000901905623957649
-0.0009239455017364658
-0.0009293896335258664
-0.0009346303267686488
-0.000952145338130407
-0.0009734671201784076
-0.0009841601625379581
-0.000987799184933505
-0.000991851449547397
-0.000990895017538945
-0.0009759475704829839
-0.0009476506013579082
-0.0009159980472013217
-0.000886708459192634
-0.000855565816712138
-0.0008141786829660449
-0.0007569279289520243
-0.000688921716579037
-0.0006204972493227199
-0.0005570495431719265
-0.0004982658824054722
-0.00044115184688395856
-0.0003853577666753892
-0.00032974656795561094
-0.00026767150147592245
-0.0001949252839518598
-0.00011427754693616668
-3.251697399140495e-05
4.0466420182366374e-05
0.00010245529455387671
0.00016492428898445084
0.0002392003113155083
0.0003269989225175448
0.0004169921352772924
0.0004940581774518187
0.00055828611145834
0.0006156465356906181
0.0006629258256334225
0.0006975940989318345
0.000724998345410041
0.0007536473243732863
0.000790656867169779
0.0008336389183606879
0.0008678127942135927
0.0008831549700752472
0.0008873764973925709
0.0008940353400458903
0.0009059741962340861
0.0009169606733571583
0.0009207375065064769
0.0009130880456167808
0.0008917836520774636
0.0008550198866215655
0.0008069107926680782
0.0007591471406931166
0.0007174998143176426
0.0006802046573595349
0.0006434648282555655
0.000596904369051897
0.0005344019778503226
0.00046394422006934484
0.00039654836600474446
0.0003387000450298351
0.00028588183928287327
0.000229418922708473
0.00016948330038264438
0.00010321991485222408
2.2931630270008203e-05
-6.768151700102767e-05
-0.00015721481756075236
-0.00024061878698040118
-0.0003189045175437498
-0.0003918663690089231
-0.00045903194644102374
-0.0005234739998780071
-0.0005857042211408598
-0.0006398247913755281
-0.0006795394646090162
-0.0007038674301292703
-0.0007156270977916272
-0.0007208478065490419
-0.000727980096909785
-0.0007403647606579469
-0.0007543389707472388
-0.0007671016033880177
-0.0007780570546662542
-0.0007809466233856016
-0.0007693652487123685
-0.0007503706316876171
-0.0007361957672455792
-0.0007253623219486802
-0.0007080766308129752
-0.0006812481826516123
-0.0006464276146079667
-0.0006010093862287946
-0.0005413118103168138
-0.00046948876785301804
-0.00039086303236527786
-0.00031738310211701517
-0.00026252051602568727
-0.00021559831875431567
-0.00014716098808763593
-4.94979628420517e-05
5.214219974310533e-05
0.0001310713822949642
0.00018558158601774882
0.0002352172843657279
0.0002943182064848697
0.0003649439402885514
0.0004519109021109101
0.000552769072389927
0.0006490964003765853
0.0007289271489139176
0.0007955510694193191
0.000848780870094102
0.0008875000611553933
0.0009243050225831443
0.0009649632145387472
0.0009936258379229191
0.0009979806728077126
0.0009804758084027737
0.0009490883610991226
0.0009124981235175695
0.00088066306344087
0.0008654843208631923
0.000868346685313673
0.0008801909887647672
0.000892162667855525
0.0008899823874230028
0.0008614039807795709
0.0008210109104182187
0.0007969489164108798
0.0007918223014268185
0.0007868266559167412
0.0007689847474609861
0.0007392454836527828
0.0007046293941960492
0.0006669222207313654
0.0006312210698816811
0.0006102074284823709
0.0005962757764251514
0.0005654496967493549
0.000511983064352913
0.0004375137271090469
0.00032118501751983685
0.0001400559363627734
-8.894445811423702e-05
-0.0003231276813007012
-0.0005290392599647077
-0.0006751949982268012
-0.0007314546841092762
-0.0007036970514646641
-0.00063309355966373
-0.0005390426791173904
-0.0004029686712858705
-0.00021206789011557053
2.5532565283590054e-05
0.0002854607826263808
0.0005225576475586141
0.0007008532737082819
0.0008291414983570025
0.0009285230514253364
0.000975692002577453
0.0009142631974721099
0.0007143816683421213
0.0004136517577260758
9.996370329797311e-05
-0.00017549450903786028
-0.0004429028205707004
-0.0007384994887995974
-0.0010394390718573173
-0.0012877219186595776
-0.0014532170302237468
-0.0015724211855635245
-0.0016984422599648915
-0.0018035812148441618
-0.0017934454130959685
-0.0016433197508552524
-0.0014375594438792887
-0.0012519080826325602
-0.0010855364121602176
-0.0009321006951527036
-0.0008374859514905313
-0.0008390033006942251
-0.0009018339358921706
-0.0009492729553340366
-0.0009171035136613519
-0.0007927740885181649
-0.0006345209097074691
-0.0005089213749184353
-0.0004069399919149988
-0.00027144791504203966
-0.00012011318110573107
-2.5718849763196932e-05
6.437583661746207e-05
0.0003336506167635696
0.0008599542234158357
0.0014360333463606524
0.0017693700443031338
0.001819043090397648
0.0017355087595271928
0.0016206343875182952
0.0015185179426536962
0.0014694665005639239
0.0015031258141297108
0.0016362965799392802
0.001833565906347885
0.001961249526639987
0.0018437235697811043
0.0014170994385462462
0.0008373448459215561
0.00035693351307759824
3.602461438668938e-05
-0.00024812219136102895
-0.0004815232787734727
-0.0005042775627352869
-0.0003201498901601498
-8.157687809992779e-05
0.0001844695422190666
0.0005373337951552818
0.00097704911577657
0.0014656749418244619
0.0019242837539554616
0.0022131602328143768
0.0022217415110164177
0.0019862840702131053
0.0016179249735599676
0.0011342796558069367
0.0004715795262994223
-0.00035704760470669166
-0.0012250911533962917
-0.002061882141679533
-0.00296137838676192
-0.0039207534130030535
-0.004685915409782149
-0.005065723156949512
-0.005086134596840486
-0.004860376511996735
-0.004525455174238719
-0.00420390619047094
-0.0038920448140238356
-0.003485756282709621
-0.0030453840552464033
-0.0027737584109576332
-0.002631789255244874
-0.0024079633796443983
-0.0020861701011557284
-0.0017602060038596121
-0.0014124466625156217
-0.0008895418835331567
-6.482361771125016e-05
0.0009274832635941884
0.0018214412878850624
0.0025134551842853326
0.0031133872597675564
0.003774672968632456
0.004512177869335009
0.005268752936362177
0.00593770385444814
0.006368653090508577
0.006565215004010659
0.006663234919308497
0.006716374930224267
0.006709158801215155
0.006755995044868642
0.007027618021157953
