0.0
0.0
0.0
0.0
0.0
0.0
0.0
0.0
0.0
0.0
0.0
0.0
0.0
0.0
0.0
0.0
0.0
0.0
0.0
0.0
0.0
0.0
0.0
0.0
0.0
0.0
0.0
0.0
0.0
0.0
0.0
0.0
0.0
0.0
0.0
0.0
0.0
0.0
0.0
0.0
0.0
0.0
0.0
0.0
0.0
0.0
0.0
0.0
0.0
0.0
0.0
0.0
0.0
0.0
0.0
0.0
0.0
0.0
0.0
0.0
0.0
0.0
0.0
0.0
0.0
0.0
0.0
0.0
0.0
0.0
0.0
0.0
0.0
0.0
0.0
0.0
0.0
0.0
0.0
0.0
0.0
0.0
0.0
0.0
0.0
0.0
0.0
0.0
0.0
0.0
0.0
0.0
0.0
0.0
0.0
0.0
0.0
0.0
0.0
0.0
0.0
0.0
0.0
0.0
0.0
0.0
0.0
0.0
0.0
0.0
0.0
0.0
0.0
0.0
0.0
0.0
0.0
0.0
0.0
0.0
0.0
0.0
0.0
0.0
0.0
0.0
0.0
0.0
0.0
0.0
0.0
0.0
0.0
0.0
0.0
0.0
0.0
0.0
0.0
0.0
0.0
0.0
0.0
0.0
0.0
0.0
0.0
0.0
0.0
0.0
0.0
0.0
0.0
0.0
0.0
0.0
0.0
0.0
0.0
0.0
0.0
0.0
0.0
0.0
0.0
0.0
0.0
0.0
0.0
0.0
0.0
0.0
0.0
0.0
0.0
0.0
0.0
0.0
0.0
0.0
0.0
0.0
0.0
0.0
0.0
0.0
0.0
0.0
1.8580580642449115e-06
-1.2609893207658374e-05
-1.7894941285934026e-05
-1.2547249458815106e-05
-9.025815994747997e-06
-7.0695954467442724e-06
-5.771947183356474e-06
-4.91371617233849e-06
-4.190694060632713e-06
-3.868670339351141e-06
-1.6138792054668476e-05
-5.484475925032089e-05
-0.00011822545195846191
-0.0002942197733014402
-0.0007517747706763643
-0.0011287241268549237
-0.0014077376683850245
-0.0016199216412213805
-0.001729206163260608
-0.0018518355550710321
-0.0017645573653615404
-0.001690984761753025
-0.0015356497264678876
-0.0014336486753807266
-0.001326040926378611
-0.0005606877538042742
0.0009614723641031402
0.0035519889441451955
0.008722239711221658
0.014490870482556668
0.016238506594535705
0.014335264792990491
0.011771923354081282
0.008463876724057807
0.005122763985715458
0.0028723054181949673
0.0010230060162057764
0.0006021585617595551
0.0014283039525849897
0.0025030541619392847
0.003357771990876349
0.003974208943578539
0.005009760161603447
0.0054409873072073294
0.005216707652185395
0.00540881600648715
0.006878984059564103
0.009483958372870742
0.011650078235786067
0.013655656894688135
0.015846327191108293
0.01738028908811456
0.018568091147615
0.017328698900681817
0.01459838507819764
0.014852823631180349
0.015506978315689722
0.012951602307192028
0.011472555924718512
0.012524437213731117
0.010791314010046101
0.009724362701965987
0.011844973281051595
0.012380009206409243
0.012843783849554053
0.013235459273796048
0.01055040000012466
0.0067891447273659665
0.0054429548152169875
0.007184499363686426
0.009512173549940554
0.011110553555175822
0.010743313586346068
0.009124191100996295
0.00787044139744265
0.007384521889288827
0.007312185773678787
0.00763385102370404
0.009723518874575926
0.012887127744840828
0.01752038204481127
0.024222915215096296
0.029904174120561795
0.033730726897507446
0.03811934195536885
0.044272054464145866
0.049429363055116235
0.0505520116610585
0.051621937585279803
0.05556937983667161
0.05854236170334131
0.057203423210711715
0.05329332468394889
0.05011555191055026
0.04611082619552938
0.03946291187679024
0.03379471908109652
0.03122109139812585
0.028692277420633207
0.025273315883859535
0.022839600602807625
0.01868179254849204
0.012226852093853078
0.008301784760431996
0.008239384108982438
0.007850233633014531
-0.002578264949453255
-0.016467621074399797
-0.020929195490293425
-0.020853108206909502
-0.012775038496480113
-0.0012588974944486716
-0.001421736279302633
0.008378764626307857
0.03819450808908861
0.0603528365362394
0.05461886040358631
0.04767243796437959
0.061062515426405374
0.057995629689767306
0.03873780810808034
0.028903099374366248
0.019428744093646467
0.009684848851133568
0.0035562685794168825
0.0038132050183932245
-0.009368299893994117
-0.057402282486877725
-0.10456568476447463
-0.09261504673405539
-0.04971481418615331
-0.054374787631907465
-0.08053355630951027
-0.08023187966720156
-0.10023268318113719
-0.14304933636655706
-0.16854328646424502
-0.18029128892840257
-0.16017125635700244
-0.12627014569766434
-0.1194274677141853
-0.11910220776628792
-0.14504490684707236
-0.20672146623270665
-0.23256350552085048
-0.20710213854226464
-0.16919250955196033
-0.14588837344918315
-0.1455612793971854
-0.14297093699213345
-0.14093423948628514
-0.15401034459969953
-0.1791636799407824
-0.17191732516958008
-0.12409304565422614
-0.09411987108485986
-0.10068335871790249
-0.13310506162466185
-0.16746185628235732
-0.20114928498205326
-0.23505422598651268
-0.22592764424370623
-0.20246128232320348
-0.20199845786354528
-0.181627067486496
-0.13417785498416485
-0.10580168373391928
-0.10688744746485467
-0.09064648121148285
-0.03907100933832075
0.017966634134113424
0.05747251200697046
0.09294388010999498
0.13621501174584832
0.17065304614864893
0.18191717877423952
0.17462597771945773
0.150742526973278
0.10772698962877508
0.08454308776302663
0.10479470217512797
0.12314411937030001
0.10523089620323617
0.07442755845664661
0.03906535276444232
0.024321404948834176
0.04512930421879798
0.06360018675463228
0.08340664827459793
0.11533656932791078
0.14166254182278
0.16883636487498577
0.20328963072575854
0.2130696618953892
0.24874109175640818
0.3165423107404361
0.35965403136963775
0.3947152139760387
0.3871232950171985
0.34905961989176265
0.32779354714610076
0.32368280955956874
0.32311769728940565
0.3019087078702236
0.2807536012850336
0.26775912132831475
0.23996207488690588
0.223512642126163
0.2364331329745019
0.21983079818433493
0.2004005953249322
0.2198380333374295
0.2056099349058073
0.15953390706838858
0.11743907801052134
0.12896096784963973
0.1854032074505621
0.20479287793369685
0.24498397509886893
0.3028078361885813
0.28414204118177305
0.27741888919248087
0.3302204113076704
0.3267569614618192
0.27821626977485897
0.24942249190257257
0.19903202502753517
0.14734575160670002
0.1484658719438389
0.19137530216186063
0.2397870301722181
0.23610691920892915
0.1960563996361962
0.1689991167029428
0.125284100785579
0.07310491126638895
0.05459168134859113
0.06099700410910059
0.03679244654140885
-0.040891012954403
-0.12017883445790856
-0.11975179751490628
-0.08102904781416062
-0.07915329428191104
-0.07391095051662529
-0.05689461219500905
-0.04667844321457245
-0.03624661390848472
-0.04167288504085927
-0.06589407514179786
-0.09730797131389503
-0.1086050079644718
-0.09581659354873616
-0.1114484487811452
-0.15727694508256226
-0.1668435292283951
-0.15376765908905882
-0.18336605840310125
-0.22997744471844841
-0.23441328608655912
-0.23016410837042475
-0.26591791446243657
-0.2934696632109156
-0.28449241488834076
-0.29045002332164355
-0.32615928025344787
-0.3497927749545245
-0.33366890099889335
-0.3095449712920114
-0.2906541742829749
-0.27436852360871294
-0.25769081784287867
-0.21189148654442436
-0.18270665572037778
-0.1871779875467589
-0.15265353071670473
-0.08869668024532996
-0.05324414839301253
-0.045417830870346024
-0.034692733158858444
-0.03598048170174024
-0.0709860693238985
-0.06834456036594853
-0.016106476679536207
0.006215495096453033
-0.004743444797919452
-0.03143567320096663
-0.06495084820599983
-0.060378123759758366
-0.01712994153165503
0.00901308186693617
0.01722846410677485
0.05018682151367409
0.09721855042667989
0.11059657043399257
0.08782185166177676
0.07624198865184555
0.09554353309702764
0.12428140000283833
0.13652359011241696
0.13703589500068467
0.16245801072744556
0.18865173415861392
0.16781113052810212
0.1464116437156362
0.17234490438436428
0.19817760245447855
0.1959350191438544
0.17286442557208026
0.1344728384796937
0.12733124667422924
0.13606433857549521
0.09857679876584106
0.04253891783913294
0.02829374460274421
0.03516578944720735
0.04073818829806005
0.062949386348456
0.0765244551652826
0.0536997006399368
0.019918184702041607
0.015573219025170108
0.008234244462539737
-0.0066450762055977036
0.030542963425432033
0.06292117838916392
0.050544120951620836
0.050121556110937146
0.03564298941276059
-0.007318404755857747
-0.013598077987866239
0.011508222527193726
0.01609204896482148
-0.00891713308601205
-0.04179415338676105
-0.05769850902043378
-0.05374661562251376
-0.05300646187607033
-0.0591031792544644
-0.07257428725648249
-0.10210868055516735
-0.08613524583820067
-0.02692487355156417
-0.035124693713879024
-0.07167297358186972
-0.06055554836081532
-0.07045653630259867
-0.08680052354488706
-0.05880110251518342
-0.03241694722166679
-0.0175454323941535
-0.00331428888973027
0.005545806991761818
-0.005213859247024006
-0.03554519823047534
-0.03925048649256166
-0.0235278327353692
-0.025556213995043413
-0.007267249509969718
0.0029856738512412636
-0.04336672531986516
-0.05686354097872488
-0.022027797948754986
-0.02062033725247437
-0.05054147626382185
-0.05922984120355118
-0.02754813638837649
0.01217563717985624
0.029884778317707278
0.019897440450449312
0.0028174058554517782
0.011272766748255602
0.025153793665758702
0.020262841161576214
0.011943242323630004
0.01294220399458367
0.027713433236247424
0.04304723990446857
0.01496242610654709
-0.031186049609905845
-0.0052140172495853615
0.04587242625924978
0.029901664003871134
0.008727923666090081
0.024732696463976557
0.018787892736443247
0.003964942355849045
0.005250613946138509
0.00012017953345479083
0.009891165760295532
0.03300003698565184
0.0301919319285956
0.013038015368455195
0.008601115000756379
0.007448185523815599
0.003769582420319727
0.011186594526234106
0.018453329700332158
0.004347751289224207
-0.013050945676515322
-0.011231634660853302
0.0006805323784504051
0.002100827609466847
-0.01130870905321964
-0.020782341200472808
-0.027466685069202308
-0.03861341824833602
-0.04483260362221238
-0.04804081370282741
-0.042827412193869256
-0.03525393210898415
-0.03176071969782752
-0.03556700613019354
-0.055840002690370226
-0.05806015502185263
-0.03879470990505777
-0.04677102280674154
-0.06869958450076045
-0.0598100414195068
-0.041743652152372954
-0.042279311641919594
-0.06002735537043985
-0.07912625846207084
-0.07242158802211092
-0.05383506271142901
-0.047162824888993087
-0.0546872739421579
-0.06560891077754796
-0.0667270517568038
-0.06909648688759837
-0.07340638708548514
-0.0655658146238505
-0.05914677425790687
-0.05869464356971873
-0.052206631628153526
-0.04301810554213825
-0.03447807220404689
-0.04446340652998732
-0.06796490072462934
-0.06268991789910007
-0.03503346106422136
-0.024891622811565883
-0.03933068314375911
-0.04267113123498157
-0.02972543797928624
-0.028880126465663646
-0.03337943663588788
-0.03793473376460705
-0.04274027848387844
-0.04670474064980815
-0.04664480925950484
-0.03730149839761513
-0.037551396589760616
-0.04404536963458638
-0.03274161301946713
-0.02403922503691311
-0.024487539127201148
-0.0074927314759544485
0.008345342243689421
0.002166078855655782
-0.007712519239374521
-0.007596356945292391
0.0014545252646135463
0.011501371395472542
0.010807274640436432
0.005389075356680498
0.0031709575796213525
0.00681578625374992
0.014108281212031368
0.010569926711474208
0.00046065485712388626
-0.0007365872321181917
0.008632173968276157
0.016834970044227224
0.013415710904450059
0.0015252414106312509
-0.006118863127116176
-0.0013459850780157198
0.011059539111064474
0.01475497409494232
0.0034269916105163487
0.0006550247623081099
0.013539880048534826
0.015214709186682173
0.0062419476216819605
0.010061111413086209
0.015715743461400762
0.008455302984841305
0.008680120072990629
0.012715990429477065
-0.00028830490679703164
-0.011699742003773696
-0.00579116303811887
-0.004591401039931938
-0.02070660868884327
-0.03098784021088072
-0.025957392148335205
-0.01754106850911432
-0.014948469106572819
-0.022553546687092325
-0.028627196985197913
-0.02207120017760291
-0.011151989983048373
-0.010457358606977035
-0.014329017773417024
-0.009432470867164797
-0.006201307348789925
-0.01454592363787249
-0.020277272651567153
-0.015967595346841147
-0.016699504141294466
-0.02312100625001313
-0.021244136690660286
-0.019038827011108872
-0.023176230151862272
-0.024552418350139146
-0.02293387767176924
-0.024630310135142573
-0.029907538913604093
-0.030221607057609935
-0.024590094363486716
-0.022372643480970827
-0.02328526007131874
-0.01662288450771234
-0.009521864647309324
-0.01653095347067699
-0.021756286991327298
-0.015015236586609424
-0.013286269524842277
-0.014320064269244133
-0.0049561684948338505
0.004081990461619568
-0.0016581045683282723
-0.013690266698538806
-0.01603172211377118
-0.007014292695983296
0.004633772691852302
0.007229220322107998
0.0019174796160962107
-0.000785852273411608
-0.0009309560870046119
-0.0016517497878831293
0.0014555759621104124
0.008245563297385546
0.011036965256677226
0.011628242441243133
0.012837514259193331
0.011787284835892007
0.012151748348708184
0.016091786162579193
0.01620313540054594
0.016821793619791508
0.023084297756299863
0.026221019589489337
0.028766039431355528
0.032586795902898674
0.028047726253143654
0.016678579182443545
0.013133298296671375
0.019816186370707367
0.022996992190715108
0.02109343173698244
0.021003894332226634
0.020571954908450284
0.015337291051282736
0.008817723257031436
0.00994184744216747
0.015175361077526874
0.017919857070206265
0.02074735560902193
0.022508282169999404
0.02439893768845662
0.02234601344148811
0.011759665212832941
0.005881194977374045
0.007326329645584221
0.009658722778552894
0.012623886142636723
0.010294208916902919
0.007352683518432633
0.010176133293094882
0.007513001472021767
0.0010329134459764577
0.001577677678552973
0.003957252207184777
0.001826188248541794
-0.0015827411939655681
-0.00488445627229075
-0.008434593829445917
-0.008867084241068548
-0.006367168495440453
-0.00219597003916436
-0.0005395531137408439
-0.004090221402517035
-0.00515960100052513
-0.006131498603401888
-0.010709731031556745
-0.010907224340879434
-0.00619308207612243
-0.0022530011251054205
-0.0009455662258107669
-0.0006820688269230466
-0.002997105866454608
-0.00826533649590301
-0.009735187696566033
-0.005789599370213415
-0.004484079455155748
-0.008278295600489833
-0.009880559850071009
-0.0058148311052895795
-0.0014195912677774087
-0.0010704180264103557
-0.0006524106423766112
0.0015466163257672166
0.002481960580677305
0.0035252074937447775
0.006496888388011376
0.008911169127143148
0.00703917242635615
0.003437013239510253
0.0036405008346367582
0.00792177089871345
0.013333514264145203
0.016378833670953215
0.01674275678865502
0.01587490664996695
0.011247715272311023
0.005952226866376754
0.006076011881248176
0.011242245647287838
0.013882257286618486
0.012197001718598948
0.01584515097371239
0.01872106107525617
0.017405867313881922
0.019645601660258062
0.020595954067301928
0.018906218677656433
0.019343813171308878
0.021421113398500294
0.02214961513691635
0.020027573320565675
0.0182865911599615
0.019572625512733335
0.019000052867559823
0.01728845914316899
0.01976569971578023
0.02037089582391336
0.013323818876329012
0.008344942894698745
0.013009026611878255
0.01567389228213983
0.010889326466183048
0.008645039305856524
0.012533691545812726
0.015476879553515364
0.012535127508176027
0.009830666399483589
0.008964206614115464
0.006429062191037044
0.005026916035087036
0.004097323963518279
0.0028710113518249972
0.0036626953689875732
0.0046128293979117605
0.002717904892363006
-0.0008674507277205663
0.00011248502164243744
0.00275292167808706
4.447960506906659e-07
-0.003125639140351499
-0.004349116454125353
-0.0059647354385015585
-0.006958002768987737
-0.006722519683512118
-0.0064608658014906955
-0.007210693191477923
-0.00724450879281008
-0.0066570688716781935
-0.00731484509121654
-0.006509534824992848
-0.00481197886132544
-0.006272777145127987
-0.007355231164029881
-0.005799744929751894
-0.0028327007545398786
-0.00024370946404579053
-0.0016553732054024432
-0.0032846975894532953
-0.0016079878988034782
0.0005144323455848619
-0.00016538637087340854
-0.0027768205737048438
-0.0017609941411461214
-5.466264064244894e-05
-0.0005083392182943889
0.0010073513816556557
0.002922001915312106
0.004496770260248529
0.006221910426584557
0.0071180411916532725
0.007516157688002213
0.007577096337032437
0.009658461169031936
0.011906397331413169
0.010925998469492201
0.01023562260522719
0.012219231775537187
0.013995558889492816
0.013392824046719203
0.013172876976434938
0.01520293770560452
0.015556089019705049
0.014363670266801491
0.014064778048783323
0.013208649855726258
0.012692709521562784
0.013010937037915359
0.01281840949309851
0.012796653227924872
0.013708727524841363
0.013864818328787472
0.011564304588798945
0.009283818080472541
0.009911190826745797
0.011659073567160262
0.011607275946882383
0.009845439377988204
0.008935572795537087
0.009387207510007864
0.008698082946588788
0.006848426250924895
0.006897968397204753
0.00766627209776984
0.005497638607992357
0.0026012264498628513
0.0016621710539019183
0.0015352159542414872
0.0006847500771236679
-0.001345903860105346
-0.002539907011144141
-0.0021617416902510694
-0.001840370740195492
-0.0021054270376649584
-0.003245683807697016
-0.00418806753593727
-0.0037382835624410675
-0.003556170642733486
-0.005388800289161796
-0.0064804802723929895
-0.004957090710572444
-0.003826432050992314
-0.0049522172826629365
-0.006471948856596629
-0.005906085381886248
-0.005584038588114664
-0.0060454152092114695
-0.005868045629989094
-0.006513235947071298
-0.006016380939707232
-0.004497460363817493
-0.0055267746659647165
-0.0073861274351720175
-0.006388942317665607
-0.004317241599944851
-0.004350331876382123
-0.004376296182936453
-0.00318155631045751
-0.003138772762058365
-0.0033509147230224657
-0.0026110112505211298
-0.0015140657952407183
3.1733038670513395e-05
0.0009467938832814825
0.0009121827438286721
0.0014131879249091696
0.002410838133575486
0.002484816965749056
0.0024360173184767007
0.0032731525336493726
0.0040233908465509465
0.003941476774543419
0.0036720967767809626
0.004073116344850895
0.005045486557137078
0.005673798608747492
0.0054825854906346925
0.005787355728661379
0.006554635964812517
0.006919403357682144
0.007300930881006245
0.007250086594430814
0.006758247744608792
0.007388085892038435
0.008375009939181182
0.00770493021990461
0.0069362460769674195
0.0078744539634413
0.00872907602025259
0.007993579758831705
0.0069690864875807815
0.006719962038132
0.006442902352065753
0.006311304167986786
0.006048047597646874
0.004864915681359371
0.0047176101243605
0.005096268578172538
0.003752987624875156
0.0020499804704731967
0.0020945394750484293
0.0029035234387336543
0.002338902478221794
0.0012150316492975746
0.0006169324823218052
-0.00014832710710597095
-0.0005784690006294987
-0.000448187393645998
-0.0008540203224500183
-0.001647764822000554
-0.002022200433517614
-0.0023368788797490407
-0.0034302737352163736
-0.004647937935355555
-0.004822176661027119
-0.004894212520459437
-0.005593894659557277
-0.0060380944614766615
-0.006610839450317594
-0.00728260220964807
-0.007146523448635257
-0.006966888775643064
-0.007336734073966533
-0.007505208736968499
-0.007130556175130781
-0.007267298842848539
-0.007632901933466342
-0.007073840486029765
-0.006685713268601951
-0.006814971451899913
-0.00638659178708999
-0.005927606940235103
-0.006080005549986304
-0.005958037928701965
-0.005214522547220218
-0.004679003188342294
-0.004585975805887067
-0.004513587578407176
-0.004446571862919517
-0.004049866290014427
-0.0032319436962927857
-0.0028278786612914737
-0.0028323716437344782
-0.002337149598639626
-0.0015271716838237736
-0.0012133547688849002
-0.0010945780637173679
-0.00037995651107300854
0.0007314269737436664
0.0012521062979015836
0.001398497558476097
0.0017109338216453633
0.0021673175724467794
0.002865687290588579
0.0034525380787828537
0.0035163022874494135
0.0034180323059386907
0.003784299875693192
0.004199725776768621
0.003954289920679263
0.003707063341542126
0.004123054878916872
0.004451473675895121
0.004295710441176331
0.0041169503144751944
0.003990045485368669
0.003986978220175158
0.004183009554195261
0.0040385341479808705
0.0036640734158985564
0.0036623739215671538
0.0037793251437964023
0.003524171743291316
0.0031740922862397145
0.0031505274153390945
0.0030079688881766756
0.0025132373454169266
0.0021258095047173575
0.0017953309527082518
0.0012739808092279582
0.0008764787372400579
0.0007031822535463362
0.00041393667582147897
-0.00010814178959169936
-0.0005859150847858388
-0.0009209813008732713
-0.0012324359139621577
-0.0014477013341942524
-0.0017901691816032427
-0.002380222263978469
-0.0027219656200548597
-0.0028476149417547203
-0.0032275704014081965
-0.003640726639411182
-0.0037290753156105144
-0.003722782786617906
-0.003988554102254749
-0.004310591622526468
-0.0045417838825888525
-0.004771787546788501
-0.004866596664542623
-0.005056287879175522
-0.005387610228188059
-0.005522080670894273
-0.005434554752285965
-0.00542888116761205
-0.005653282501548841
-0.005724406257731164
-0.005517351194187228
-0.0053717137307172464
-0.005334995812336894
-0.005314224328130592
-0.005185573346090223
-0.00492186029448127
-0.004696700096950936
-0.004564274119734901
-0.004388319138386688
-0.004021240390073633
-0.0035900131319926832
-0.003307511080480195
-0.003091288334865635
-0.0027550680143238063
-0.0024156076693759593
-0.0021772992886140686
-0.001899356856105109
-0.0015569104529735535
-0.0012553352343073094
-0.0009283197496381578
-0.0004965482231178552
-5.8111888315839384e-05
0.0003202951248053061
0.0006373055243748658
0.0009327197042000535
0.0012367667791863173
0.001645113651265147
0.002104465672253257
0.0023984076003797663
0.002659056989754579
0.0029525384537519156
0.0031615649597234604
0.003401686614035888
0.00367544721637437
0.003864778906380994
0.003980350948947223
0.004086501911422839
0.0041353872108706915
0.004082677228277409
0.004082036915111706
0.004116460893073313
0.004058041227249802
0.003969447277162581
0.003863585313111078
0.0036979206115715945
0.003497601263489665
0.003290694882591975
0.0031086445372521276
0.0029368606046958393
0.002700328583550158
0.002358929258855681
0.002020611866348752
0.001782383809952124
0.001507691148446087
0.001104568858560708
0.0006628121468583384
0.0002693343950564648
-6.345040222386898e-05
-0.000390603536441957
-0.0007440679091708696
-0.0011214202753588444
-0.0015037931642612357
-0.0018507550958266302
-0.0021632087891625415
-0.0024508741602177744
-0.0027364257569693876
-0.003052794201885127
-0.0033506339142408276
-0.0036218684107657433
-0.003889420629108686
-0.004122173130449028
-0.004309901291083536
-0.004452645011063652
-0.004555031908613579
-0.004638447438861042
-0.004747603659989184
-0.004864693103299834
-0.00490911669157893
-0.004866907426529761
-0.004766531072803958
-0.004664070915000291
-0.004593665200453068
-0.004483685556392092
-0.00428989124618319
-0.0040701824854554635
-0.003872490201798754
-0.003661556969820111
-0.0034105713910615515
-0.0031590552808401324
-0.0029088368260091636
-0.0026318858050718183
-0.0023374241067607477
-0.0020201185487142715
-0.0016763591880477118
-0.00133051096071205
-0.000987747885719834
-0.0006644206893331669
-0.0003653226805872616
-3.8434372055226165e-05
0.00032325665315938444
0.0006467614306254354
0.0009179472226859414
0.001188577710415372
0.0014650952092631878
0.0017446318091352592
0.002031472297368772
0.0022853218331723374
0.002505301379502116
0.0027204296425894204
0.0029078160142891503
0.0030786299000021486
0.00325840869583884
0.0034098320959641683
0.0035006703552011614
0.0035490494929194217
0.0035815172301084937
0.003619617589183184
0.003665555567815649
0.0036738827167215726
0.0036365759067120574
0.0035956982951483515
0.003543919214266741
0.0034506475301925078
0.003333872521893413
0.0032173014139413574
0.0031018735423878644
0.002972830778023291
0.0028019834528455107
0.0025867897913420764
0.0023511725885916944
0.0021223629931777692
0.0019044806149355615
0.001664665545230997
0.0013766881378248993
0.0010742743869557136
0.0007933495370588514
0.0005176342868559912
0.00024145057550122912
-2.204734497457984e-05
-0.00027361151613403524
-0.0005225449775091544
-0.0007721466094006629
-0.0010086285016576966
-0.0012532779844985655
-0.0015341332542525424
-0.0018021439860415977
-0.002011225086172678
-0.002190895213281736
-0.002382631610908108
-0.0025877333470235675
-0.002781192995746975
-0.002938280492618179
-0.003057434240748166
-0.0031632405386382324
-0.0032555530618247615
-0.0033147858832393413
-0.0033595341357462827
-0.003404367943900078
-0.0034415009511760365
-0.0034608783238906306
-0.0034501130869108907
-0.003409936832528255
-0.0033424433775297814
-0.0032414892416500213
-0.0031148076931722503
-0.002975141690496101
-0.002809777367400815
-0.0026176532643115385
-0.0024056825857420015
-0.002173160987491528
-0.001940461040897492
-0.0017050948621033968
-0.0014403385681482903
-0.001152278209977613
-0.0008697785760709305
-0.0005997068053352565
-0.00032952297343863705
-5.267760477660124e-05
0.00023412670201911932
0.000526896549979117
0.0008074057340661582
0.0010737539616406588
0.0013423829092508058
0.0016103796449833156
0.001876335561495135
0.0021498649114486167
0.002420268385775221
0.002671853054077825
0.0028995375262356442
0.003093924832796671
0.0032563308556776437
0.0034037480679489714
0.003527877670582649
0.0036264447095671636
0.0037181997774839498
0.0037838179453440527
0.0038011020919280535
0.0037862403557923636
0.003769284770401757
0.00375812538208357
0.003730339615094771
0.0036716820821009757
0.0035844267701521464
0.003473685968955753
0.0033374165453582353
0.003174917986754757
0.0030033493580561665
0.002822232420598128
0.002621116370879455
0.0024067750589851374
0.0021667911220825797
0.0018988832004031354
0.0016339695143936413
0.0013754373160882066
0.0011065984751466797
0.0008391232912362338
0.0005793324042855832
0.0003125443120390745
4.0282766851460775e-05
-0.00023295826544221426
-0.0005048913841919333
-0.0007633070028804934
-0.0010043771864904972
-0.0012311454541700457
-0.0014468457486426088
-0.0016503248801883195
-0.0018302197935265699
-0.001993926551078286
-0.0021557960926666983
-0.002305905492120282
-0.002435558005307224
-0.00254335698744116
-0.0026276028322074862
-0.0026942704656939763
-0.002747014209076497
-0.0027777700440861173
-0.0027836561579696276
-0.0027819109705670146
-0.002775828015563742
-0.0027465561791780294
-0.002692448560532982
-0.00262339508587277
-0.002539328573399447
-0.002435863692563176
-0.00231877389426939
-0.0021936470975648555
-0.00204530481755999
-0.001862423505084181
-0.001666191237595922
-0.0014764122482752852
-0.001284867519990997
-0.0010853607183793986
-0.000883575431800131
-0.0006795307074010817
-0.0004700807755906053
-0.00025107587778336034
-1.909647286263269e-05
0.00021352091376256128
0.00043284080085267295
0.0006407533876693967
0.00085260353320711
0.0010790069468428012
0.0013105410260292381
0.0015322738842034347
0.0017318504533185175
0.0019090341819717148
0.002074468767448388
0.002233206182367489
0.0023834421894585976
0.0025255231059314255
0.0026632499265222065
0.0027892711109179704
0.002889210330059908
0.0029632194876847403
0.003023096118055212
0.0030778653066772625
0.0031274115583716723
0.003165254663135095
0.0031856100029888233
0.003183868631446038
0.0031632361849853923
0.003128657011728697
0.0030749729579948684
0.0030021912530940336
0.002910994759829932
0.0027942424376187548
0.002659732171260454
0.0025231778268283516
0.0023826657532131116
0.0022239599984786246
0.002047079339072314
0.0018621244280350654
0.0016702272435235683
0.0014729418098923142
0.0012679513661547114
0.0010504827663309025
0.0008283127587145003
0.0006033141052178393
0.0003658264867621835
0.00011646172503303573
-0.00013520477260270633
-0.00038105122091026315
-0.0006185519339167539
-0.0008525520523068219
-0.0010832686782494053
-0.0013069465237715136
-0.0015211484562432818
-0.0017119509353471633
-0.0018715357938205765
-0.0020139062410929475
-0.002153908722903501
-0.002294924255955122
-0.0024241539694704927
-0.002528127826691406
-0.002617965013500645
-0.0027038530675701894
-0.002767671551472006
-0.002794089198642421
-0.002796468997300028
-0.002793769631062537
-0.0027831231760850027
-0.0027483089427072184
-0.0026788639173020296
-0.002578839025524159
-0.0024627765494912766
-0.002339505771257718
-0.0022056413039014504
-0.002053549932200097
-0.001883397402901955
-0.001702627644881986
-0.0015166763170683477
-0.0013249811585816825
-0.0011259525702197173
-0.0009200949999878517
-0.0007043863297141308
-0.0004793415243627315
-0.0002494423728718073
-1.2034056369294925e-05
0.00023228533647869033
0.00047573575529276114
0.0007133868101519822
0.0009449404688315284
0.0011719504427182195
0.0013924679397298672
0.0016005336818839964
0.0017892989443161998
0.001958848223533794
0.0021204059122098885
0.0022791503834190367
0.002424751704218721
0.0025461292808628957
0.0026414780236176253
0.0027206494722949817
0.0027955423862648966
0.0028611822418767355
0.0029032810320632116
0.002923682819111788
0.002929694564668744
0.002916401852533942
0.002879810914111709
0.0028226325581600354
0.0027521669885451853
0.002669981692209112
0.0025707909705024036
0.002455068852941873
0.0023234308612430457
0.002180149620966751
0.0020377886275703434
0.0018994536991535408
0.0017507643032908763
0.0015811321482860786
0.0013999788609982068
0.001215509343495209
0.0010228110922610389
0.0008203860501147758
0.0006119834492985966
0.0004032054825336495
0.00020082072106752876
2.568679824639645e-06
-0.00019708600739054802
-0.0003966952667333185
-0.0005930335399042735
-0.0007799480372944306
-0.000950999625960497
-0.0011080312221040762
-0.0012573365003068244
-0.0014004848656950168
-0.0015369079240472316
-0.0016685944441090284
-0.0017932226999091267
-0.0019066419886274622
-0.0020063102418699753
-0.0020946645823727767
-0.0021755998145052374
-0.002241876443919325
-0.002291104861959783
-0.00233055998653492
-0.0023532435379017428
-0.00235009635560449
-0.0023321033666082983
-0.0023072104119949885
-0.00226646418684554
-0.002202689562975844
-0.002122898908325588
-0.0020424401639373125
-0.0019631984821021683
-0.0018728262685783874
-0.0017643898332965191
-0.00164002865469216
-0.0015064468484358258
-0.001368624573318356
-0.0012264397026979029
-0.0010730180328103924
-0.000902784921537406
-0.0007233302445979577
-0.000538775674434977
-0.00034706653891435687
-0.0001557417889576019
3.0849854790592125e-05
0.00021019362103345677
0.00037860439519847393
0.000545363253617222
0.0007169815268748481
0.0008898316208664206
0.0010590600577347015
0.0012198540279360617
0.0013715977861816732
0.0015170222827001916
0.0016580375864000045
0.0017908153796459202
0.0019135835704749396
0.0020300707584418837
0.0021423831607119384
0.0022510244037179843
0.0023423665439137363
0.0023977935711940552
0.0024250919538988257
0.0024425559820683037
0.002452900387123013
0.0024527211248567943
0.0024353612798940602
0.0023940982197995053
0.002335574439466415
0.0022690067918591677
0.0021921642636425964
0.002105245263765345
0.002013681427642877
0.0019126100012587326
0.0017957728220632046
0.0016625707169477587
0.0015119634908135062
0.0013463083909278106
0.0011714640896953715
0.000993175531533461
0.000810897211424216
0.0006208888143394795
0.000423717743969096
0.0002243683512198372
2.980105468383255e-05
-0.00016280455605893656
-0.0003589850516306617
-0.0005504614816846613
-0.0007279214117071796
-0.0008919977180749263
-0.0010494394157340098
-0.0012098442095930602
-0.0013732862142792294
-0.0015293032495909656
-0.0016726151214079654
-0.0018053898290690837
-0.0019274235938728835
-0.002033821013018513
-0.0021212951036023676
-0.002190998558616372
-0.0022494273199001346
-0.0022981985345313966
-0.002327774257588425
-0.0023310519515557975
-0.0023120405503206866
-0.0022786277406288513
-0.0022343563458798003
-0.0021858590616229564
-0.002135427381464506
-0.002072216746199913
-0.0019920020024172076
-0.0018956118278917922
-0.0017800483144125847
-0.0016499941690655867
-0.0015130786811704752
-0.0013735213447830172
-0.0012351474763676617
-0.0010917524880280686
-0.0009294348487650349
-0.0007465983216711358
-0.0005550249294703201
-0.00036900480442120237
-0.00019709614433485796
-3.374874916333363e-05
0.0001330321266892475
0.000304849304252742
0.0004741188404651598
0.0006358723379537274
0.0007893022787202837
0.0009335694703640698
0.001070160533022032
0.0012027486107353616
0.0013291341840229512
0.0014488290753949268
0.0015661363745584451
0.0016765124925349044
0.0017691365533482075
0.0018408499458988294
0.0018986383264333335
0.001946598008219552
0.001978882712534939
0.0019957395086776086
0.0020056999623179837
0.0020072739369610877
0.0019975102857683314
0.0019797339313862056
0.0019510261455302745
0.001906812473807044
0.0018498265206733958
0.0017886706609927749
0.0017297042217525058
0.0016623361311989982
0.0015727036474363452
0.001470596885109294
0.001367416621129602
0.0012547851012268785
0.0011291273037406617
0.001000333893749219
0.0008698468972368962
0.0007310234976261257
0.0005902494746675749
0.0004499307266859526
0.00029759918563789986
0.00014420841016518252
1.0795116023993777e-05
-0.00011080066756125149
-0.0002394677693665195
-0.0003764109144173723
-0.0005084193393378985
-0.0006340911064791553
-0.0007616165181433967
-0.0008853515235881204
-0.0010000686295099867
-0.0011099465097670163
-0.001212311457669357
-0.001304996395410025
-0.0013927731422057872
-0.0014772408466956284
-0.0015538847577989958
-0.0016141047991156483
-0.0016542665017498332
-0.00168869178991114
-0.0017279862101319847
-0.0017553314247694344
-0.0017632975545705488
-0.0017657695225876285
-0.0017624522963379948
-0.0017449755950811848
-0.001719281516440506
-0.001691275949995859
-0.00165323390658321
-0.0016036575398729704
-0.0015498157018091886
-0.0014854888101425718
-0.0013997973337269887
-0.001296822169745422
-0.0011893780972999457
-0.001079876952605087
-0.0009583977198259191
-0.0008293366465343117
-0.0007076680514981287
-0.0005856315370517894
-0.00045302391108220164
-0.00031684905660388295
-0.0001749381632202602
-2.4143067962151077e-05
0.0001225641834333449
0.00025581562512108256
0.00038296319389883774
0.0005203266948090253
0.0006691415740692092
0.0008112453976068513
0.0009396034777269235
0.001063490635672589
0.001181495228508875
0.0012836967722550056
0.0013771312605296007
0.001473905140107004
0.001566936814371919
0.0016464678496525824
0.0017122287918073665
0.0017590480012007518
0.0017853960598397695
0.001803279989315658
0.0018214785017181684
0.001837100228766957
0.0018385539881338683
0.001821297369475054
0.0017914009521505917
0.0017467711651004774
0.0016892597622133836
0.0016283790747608344
0.001560349325830206
0.001475963235068478
0.0013791423392457986
0.0012764977880397458
0.0011632718064229256
0.001035720494663394
0.0009006462947009677
0.0007709125345101812
0.000646843563817149
0.0005115964323817772
0.00036352412499842545
0.00021919084687673524
7.762490444589525e-05
-7.221102560779264e-05
-0.00022226090895335912
-0.0003645653068078591
-0.0005051293860518228
-0.0006421522385434643
-0.000768834135714931
-0.000890061077521568
-0.001011707705897528
-0.0011259391526672862
-0.001221107448083387
-0.0013005248433995492
-0.001374743008507616
-0.0014392011144967365
-0.0014888232702641652
-0.0015340022104470981
-0.001575180563995279
-0.0016023674477686001
-0.001618635162577096
-0.0016280794811685073
-0.0016229458725757937
-0.0016001429387877187
-0.0015693208126002002
-0.0015403714963769792
-0.00150735051628958
-0.001454361277195935
-0.001383433510970275
-0.0013088856375222076
-0.0012309226404912342
-0.0011438980783676726
-0.0010534262967365072
-0.000962587303598107
-0.0008618018343327799
-0.0007476038695955514
-0.0006285934512727444
-0.0005085512560062766
-0.0003867612546648909
-0.00026824679045220264
-0.00015707253541925693
-4.8144874946745696e-05
6.74910104624031e-05
0.00018676637311825992
0.0003012049836856584
0.0004152941160973166
0.0005291093700640368
0.000631062322415685
0.0007236684282178203
0.0008185159223352334
0.000908265193685643
0.0009804610962244034
0.0010424112415037812
0.001105101786414084
0.0011633370000907084
0.0012061018898315383
0.0012363792132835613
0.0012664943878910148
0.0012947489696360618
0.001309392141813403
0.001312691495992128
0.001312442932836328
0.001304237164252481
0.00128849446804582
0.0012712628689013562
0.0012462390249702651
0.0012095546364513398
0.0011678674914146257
0.0011249425059275502
0.0010763141001582511
0.0010158644479519147
0.0009506271310344638
0.000889827583611157
0.0008260833337957888
0.0007556774191263293
0.0006855617794856168
0.0006104683373199687
0.000523318480705919
0.00043319624980516327
0.00034825641871807786
0.0002639175179070575
0.00017493822008893115
8.297191845393492e-05
-8.524969125835192e-06
-0.00010326728165477963
-0.00020441435153787632
-0.0003033092104116819
-0.0003921789539253504
-0.0004742001270888919
-0.0005541672939316097
-0.000633008797167094
-0.0007118890713391891
-0.0007896061082132919
-0.0008585933338688786
-0.0009146958667186161
-0.0009626742328567128
-0.0010055613931883038
-0.0010413702743992208
-0.0010715243429469602
-0.001103588193129421
-0.001140762007829615
-0.001173874362323361
-0.0011957085406431981
-0.0012087050152660348
-0.001211380302165373
-0.001204143928693336
-0.0011972565034454735
-0.0011897954535450238
-0.0011699489108424424
-0.0011356317813890618
-0.0010895681254005501
-0.0010338664505256787
-0.0009692121028543984
-0.0008923926563941046
-0.0008110067496626038
-0.0007363927482426141
-0.0006638798070578081
-0.0005867768344896315
-0.0005054413044131871
-0.0004140294895947543
-0.00031131090755832084
-0.00021291440132103153
-0.00012657889408973285
-4.237607246156553e-05
4.8468758481227604e-05
0.0001477295370485673
0.00025852943110843337
0.00038582432406658606
0.0005224830748439064
0.0006497190521518666
0.0007616552876645301
0.000867299388077829
0.0009682964695095617
0.0010625531736278729
0.0011500349931368441
0.0012199920262700695
0.0012640117398713734
0.0012919185603631866
0.0013117610789243686
0.0013238653777128406
0.001331367178175871
0.0013403728965495022
0.0013595722719629418
0.0013799102139009085
0.001368655973332792
0.0013136282323906437
0.0012362165539958837
0.0011537700211555087
0.001080515754665592
0.0010331230259221448
0.0009888265246181874
0.0009086443895803281
0.0008021251924234019
0.0007123476240355278
0.0006755925490227499
0.000695952231777456
0.0007235550115399301
0.0006812636730479668
0.0005409817322102787
0.00034184040719869983
0.00012924765341337715
-5.402456042593452e-05
-0.00019559940617228786
-0.0003452513894222983
-0.00046336751721089923
-0.0004341199382187433
-0.00032250952817693227
-0.00031394078117195554
-0.00045778041218496425
-0.0006387007730734891
-0.000698121277958302
-0.000587243623388961
-0.0004242864767073872
-0.0002807229190966871
-5.935387765453322e-05
0.00021335602712579886
0.00033087417796346226
0.00021407287494785713
-0.00012053582329657906
-0.0006031086257403517
-0.0009739055475391595
-0.0011224091300480242
-0.0012490097979648478
-0.0014499454442274654
-0.0016591755849962688
-0.0017961788067320766
-0.0018831179566698244
-0.002135036656903449
-0.0025765986818121985
-0.0028018265943953106
-0.0024994376588646
-0.001888601873996334
-0.001372422407587192
-0.0010748341253017657
-0.0008883736530560071
-0.0006788951164953366
-0.0004050484955850046
-0.0002011151579013244
-0.00018173119310215327
-0.00028432431488379745
-0.00026874302275777727
9.79808211224731e-05
0.0006774089873698962
0.0011988749727958369
0.0016233755058224202
0.0019424928647015713
0.002048541113991743
0.0018765146093189407
0.0014373313672331207
0.0008576659429549654
0.00030420786397312934
-0.00018290551926883819
-0.0005688769192693513
-0.0008299181724937061
-0.000938747639856734
-0.0007776358024615041
-0.00042933214023781365
-0.00013453684737665584
7.147552862490481e-05
0.0003282323014514374
0.0007256694222679272
0.0012522432426059782
0.001847928283706588
0.002392629458221918
0.002806581751352948
0.003133090432849054
0.003321673296285988
0.003223999381336809
0.0028530424424319505
0.002376417263180311
0.0020259954881755218
0.0018677209500533663
0.001715465062351114
0.0014890765845648553
0.0013017909816780014
0.0012123797876006654
0.0011558294538071994
0.0009897065369629877
0.0005756955031361496
-3.395385934626089e-05
-0.0007520711030312367
-0.00157148907951402
-0.0023886505610625592
-0.0031588617251273325
-0.003841366413564382
-0.004299065313786745
-0.004498364551877522
-0.004473301118009908
-0.0042989719639069624
-0.004027615611514789
-0.003629448111960855
-0.0031107813639585564
-0.002506123388357053
-0.001832146366774471
-0.0011036257089181204
-0.0003750518281781052
0.0002197609423033444
0.0006104984954693334
0.0008336723539839638
0.000977998190590314
0.0012288368866369026
0.0016817973679198106
0.002275178325337551
0.0029777088226843576
0.003701010027691509
0.004273824190490947
0.004717096086583316
0.005130521963055625
0.005475435440496601
0.005696980656059188
0.005715047207337764
0.005492286331238584
0.0050827918589077
0.004533274863909481
0.003984707787900807
0.003549512512305119
0.003186689227111258
0.002808228470468116
