0.0
0.0
0.0
0.0
0.0
0.0
0.0
0.0
0.0
0.0
0.0
0.0
0.0
0.0
0.0
0.0
0.0
0.0
0.0
0.0
0.0
0.0
0.0
0.0
0.0
0.0
0.0
0.0
0.0
0.0
0.0
0.0
0.0
0.0
0.0
0.0
0.0
0.0
0.0
0.0
0.0
0.0
0.0
0.0
0.0
0.0
0.0
0.0
0.0
0.0
0.0
0.0
0.0
0.0
0.0
0.0
0.0
0.0
0.0
0.0
0.0
0.0
0.0
0.0
0.0
0.0
0.0
0.0
0.0
0.0
0.0
0.0
0.0
0.0
0.0
0.0
0.0
0.0
0.0
0.0
0.0
0.0
0.0
0.0
0.0
0.0
0.0
0.0
0.0
0.0
0.0
0.0
0.0
0.0
0.0
0.0
0.0
0.0
0.0
0.0
0.0
0.0
0.0
0.0
0.0
0.0
0.0
0.0
0.0
0.0
0.0
0.0
0.0
0.0
0.0
0.0
0.0
0.0
0.0
0.0
0.0
0.0
0.0
0.0
0.0
0.0
0.0
0.0
0.0
0.0
0.0
0.0
0.0
0.0
0.0
0.0
0.0
0.0
0.0
0.0
0.0
0.0
0.0
0.0
0.0
0.0
0.0
0.0
0.0
0.0
0.0
0.0
0.0
0.0
0.0
0.0
0.0
0.0
0.0
0.0
0.0
0.0
0.0
0.0
0.0
0.0
0.0
0.0
0.0
0.0
0.0
0.0
0.0
0.0
0.0
0.0
0.0
0.0
0.0
0.0
0.0
0.0
0.0
0.0
0.0
0.0
0.0
0.0
0.0
0.0
0.0
0.0
0.0
0.0
0.0
0.0
0.0
0.0
0.0
0.0
0.0
0.0
0.0
0.0
0.0
0.0
0.0
0.0
0.0
0.0
0.0
0.0
0.0
0.0
0.0
0.0
0.0
0.0
0.0
0.0
0.0
0.0
0.0
0.0
0.0
0.0
0.0
0.0
0.0
0.0
0.0
0.0
0.0
0.0
0.0
0.0
0.0
0.0
0.0
0.0
0.0
0.0
0.0
0.0
0.0
0.0
0.0
0.0
0.0
0.0
0.0
0.0
0.0
0.0
0.0
0.0
0.0
0.0
0.0
0.0
0.0
0.0
0.0
0.0
0.0
0.0
0.0
0.0
0.0
0.0
0.0
0.0
0.0
0.0
0.0
0.0
0.0
0.0
0.0
0.0
0.0
0.0
0.0
0.0
0.0
0.0
0.0
-1.4191075106107741e-05
-3.8514095213570675e-05
-2.2465638476647372e-05
2.046361527774098e-05
1.6811298546491316e-05
8.616418789565703e-07
-3.822482848650234e-06
5.658471574249727e-06
0.0001747417920047365
0.00046096885583704817
0.0003051192452851805
-0.0003747217716896662
-0.0006292410417536067
-0.0002203219483206842
7.931326560636114e-05
7.796109982529296e-05
4.5030345574307e-05
3.059333012886901e-05
-2.3039167813864873e-05
-0.00011592372205096333
-0.00011050949845365714
7.473930738671956e-05
0.0003377009034886037
0.0004751997114468839
-3.323751976842104e-05
-0.0006896776996214029
1.7381392418493298e-05
0.0014895373789197074
0.0013858146217650472
-6.980559109668457e-05
0.00038292661616069144
0.0020648553899506646
0.0012948058166593571
-0.0008182860867295105
-0.0012227974620407167
0.0020859010021275653
0.0060611833503295
0.001854945849806743
-0.008292151842411468
-0.00863560056082064
0.0021378277958558276
0.007292572184931207
0.00303742966977738
0.0009364133080510803
0.0033869289928266893
0.0029231768048360736
-0.0006765557044214368
-0.002329827270786579
-0.0005777156089278361
0.0028682520367096813
0.0035041542255724815
0.0002952247136730216
-0.0019730436875106437
0.003956928623246858
0.016827592251464428
0.014633017284802428
-0.0074598048394690026
-0.014136153497455634
0.0066671110589622135
0.013813870809752356
-0.00783261373239414
-0.014767092062541676
0.0046418428594411625
0.008274691153992443
-0.01200800840782367
-0.02076306670872765
-0.0013744536570524108
0.022591972267068022
0.01703225912027856
-0.013319414300826
-0.018653553800298595
0.007742279193316671
0.003938857945737152
-0.022767070941921524
-0.005088010823120271
0.031363598583743636
0.01629956405699369
-0.024224536598639018
-0.02940470053574528
0.004139697043688736
0.03424505750361842
0.012200536268702602
-0.032763826689346416
-0.02841596027467356
0.014608848312214434
0.033801550463358816
0.015984691118772182
-0.004967444282170638
-0.010512524636196589
-0.004419840938622774
0.002296844960302891
0.00020282789777904757
0.005048639510584058
0.006643546942658059
-0.01995083280712707
-0.03001881738957514
0.01832322762162629
0.04534622061460548
-0.015278489881247474
-0.05886661629037622
-0.005533882137650901
0.036869155668780254
-0.00417342990587079
-0.035395224401334684
-0.0047611747790699665
0.030623636957151548
0.023499496435188456
-0.019172673507038947
-0.05251885744544901
-0.02565323217223743
0.05643553417128133
0.0831147322632214
-0.00029103869921326024
-0.05489318158352076
-0.004395016459938634
0.01782758305043874
-0.040051812595369704
-0.059791289621386516
-0.006514276954977073
0.057817634878466376
0.08002235742050005
0.025208587100166317
-0.027766580143356822
0.008820574227197526
0.07377086119223011
0.08675891942974305
0.017920040800526567
-0.09146770910656198
-0.13092396493010983
-0.08216922047687528
-0.017160872621975912
0.0106707528398063
-0.013001127773180807
-0.04697593145719622
-0.04605028907789571
-0.012279490743965647
-0.0007493718718699301
-0.03171661255133348
-0.015064061328870181
0.05142699197212404
0.05426952747005293
-0.010585528862887892
-0.0610412931398395
-0.048839842649425376
0.014432474002026128
0.054324234675267924
0.03333502945451838
0.013083454857528976
0.0009491654119874878
-0.051750789130689846
-0.10682007304540184
-0.08950393401224763
-0.02032560682690741
0.000436389439319025
-0.041444362148507635
-0.061563602495625536
-0.03046004727517197
-0.012128967533674597
-0.03212790296686518
-0.003756089822862385
0.07057750692338496
0.061728216966170306
-0.018657572696658464
-0.06949690689975925
-0.05313065856713366
-0.006574804911565333
-0.01920888450251625
-0.05098682675189049
-0.013356393833375831
0.01305875522429533
-0.045627554385086366
-0.07897904802134527
0.0006227969848739489
0.059676548781478274
-0.022730566995656898
-0.11807835678154666
-0.07729984290694071
0.05670836395373146
0.1659681542958293
0.13946985273733317
-0.030356038593545704
-0.16023581312194712
-0.13427580358860963
-0.013656026460209676
0.12728434057008536
0.15630894591095984
-0.004247347100761014
-0.1526913388340024
-0.049227545688655484
0.15330986939767527
0.12657893860276756
-0.09690324650418752
-0.20942374073777867
-0.10315476119153182
0.021689196015153202
0.029751704307338877
-0.022531492458326034
-0.006047444397925535
0.1370286945239971
0.1947015888845534
0.04359307902548034
-0.10779120014763613
-0.10762502114317432
-0.01794103168238815
0.06649856225921655
0.1328811675697793
0.13282540199483683
0.0005301416882273712
-0.15685955111304967
-0.21034535530446688
-0.17268238293146404
-0.06161301163767518
0.020775743286383375
0.03827296032475089
0.08423683589647582
0.09453796496308442
0.14854076490394755
0.304908506755888
0.3090937492621827
0.06242439364028167
-0.18519639832258403
-0.1887676475862899
-0.12840103328319388
-0.13023782839250875
0.08357359031236244
0.4008117462762893
0.33924792948832533
-0.08584949098521549
-0.4541683008011623
-0.5058121750991876
-0.27013684081557576
0.09344077217338699
0.3418376894512042
0.2006522014749789
-0.19043762029176067
-0.3944550960389618
-0.3006209605974323
-0.01636590831120606
0.3540146920088428
0.5309218100062458
0.35143666197252316
0.1018926963319237
0.01185964820620203
-0.12641919692725628
-0.46718564519783695
-0.6148555605900654
-0.2182035898014893
0.3010807068980618
0.40177616373868097
0.12912034726706856
-0.16571052564442812
-0.1485376133440471
0.2026037971953548
0.3765232610964307
0.06506766197861116
-0.2572140540875732
-0.14451510993504924
0.18219244294671114
0.24856619553926504
-0.03287495572542892
-0.24525195247279585
-0.12095629227027171
0.0806931166703295
0.1636566897377654
0.22296459050794687
0.14043068452442337
-0.17586361863316477
-0.31645687490071683
-0.04939582827656049
0.22829288734889208
0.2518230845354351
0.18748963577724667
0.08969555443178692
-0.03368912647661275
0.009441342950655908
0.11508867449143077
0.004632149595466968
-0.20414625405879042
-0.3390508902017676
-0.29303491121894104
-0.038629247563096235
0.20160156018634606
0.37664666358430554
0.3926470623056186
0.19614879453639564
0.0224869703185046
-0.10337798760336231
-0.14847917834875135
-0.08059053248653303
-0.06187845960489306
-0.14908717356120899
-0.3081143730219377
-0.23374580478819063
0.23149313974133714
0.47074445048400343
0.03438593511710549
-0.6301855507274435
-0.7386300911817988
-0.15750100535438682
0.5028062700393078
0.6756120454016621
0.16389667546083725
-0.38986233771775847
-0.14404572935097557
0.4179792164428103
0.3716759681530156
-0.09173009928438652
-0.28198724511977763
-0.038213838106346376
0.310499271471974
0.3120054749031246
-0.07085009143779486
-0.32915412559223484
-0.2014711492581786
0.018411964892815342
0.0496478802548842
-0.019350202554546826
0.0778793351248132
0.20789402442337016
-0.003508745044401851
-0.31516175748027014
-0.1883955468863415
0.22385864800542077
0.2692431944896305
-0.031592838482451195
-0.0356423086310547
0.221326922051501
0.18604609332926098
-0.1817494631624356
-0.4236961540259514
-0.21379474132439305
0.1768680816489586
0.26612750186717316
0.0883530095170828
0.0009733607117200606
-0.05016933240437963
-0.28444663628128974
-0.38297605530213596
-0.01859427735043875
0.5090446461956543
0.550903909833963
-0.03399769241713267
-0.43018874338914587
-0.16399750472121838
0.193228560646642
0.3196419192066469
0.3195811615060318
0.07358731168747809
-0.1684450204615833
-0.031068695677061404
0.18597345125807485
0.08388921225556177
-0.23189232294255782
-0.3554811578319866
-0.21235522127830272
-0.050199455656613205
0.21901913745239296
0.5081995991222027
0.27351258933237443
-0.2735284456778456
-0.4525367029842549
-0.3681079376983994
-0.24918392097001776
0.086769842940123
0.4850183427139344
0.3937010024550906
-0.2578635351503532
-0.6640608544554695
-0.3492789870908532
0.1255735726572005
0.18593409952651235
-0.05277677070468561
-0.14479006772707367
0.08085151564985
0.29990267191374237
0.00503374245304204
-0.5324312657793513
-0.48473812950458056
0.05172447476551874
0.29191216306730805
0.09519340580007196
-0.017626203248797576
0.1536706606364967
0.07538902316092949
-0.3579687860962474
-0.37647933270661704
0.13538766066475486
0.5189812822545838
0.31989447744285215
-0.28573921524039286
-0.49978302415822917
-0.13519940173979733
0.06674682717208666
0.018404690438340733
0.14944252567897162
0.21011374271041347
0.19375248173104412
0.30597108927033895
0.044984104856028065
-0.5186663219377664
-0.607235429724207
-0.15825031070469486
0.2738862760813375
0.4038436590754333
0.3903968734177974
0.1401642826082519
-0.47708497811839595
-0.745096209047536
-0.3925026895998249
-0.1838918170765117
-0.12306120662175615
0.2582144414855884
0.568743365293656
0.3480981250199833
-0.0475464189249504
-0.2328095761366143
-0.38568621837170025
-0.4095300437278015
-0.09597828987893482
0.12521734384801866
-0.002904157379447102
-0.06051655224755936
0.1185374737547914
0.186139332936722
0.0986296792067285
0.11993530450121569
0.20061704134409783
0.05882598660010814
-0.16752104497182996
-0.05846876932881855
0.2071880973450813
0.17868950756959243
-0.04081995825981728
-0.34095982360456906
-0.7489046634307948
-0.6682515797423519
0.029722176115538648
0.2960314853581507
0.05405450245020984
0.39268702562520363
1.0090905642690726
0.7810003254081426
0.03890088162949143
-0.3459777153384085
-0.16563030645559915
0.0906958664150369
-0.23096279983814452
-0.6279354218763535
-0.3186854768112165
0.1469391930613838
-0.17055437474825946
-0.8497173637344572
-0.7801872010028189
0.11876426759215805
0.9837664420904252
0.8982251037414025
0.08229508163987594
-0.15787012837934192
0.45669618757378716
0.6905032648902827
0.17218815424518033
-0.24516435435077935
-0.40184101927800675
-0.2774871448035823
0.21728400275135437
0.27025104072863787
-0.24374052921549988
-0.4085380639192725
-0.29296726273893653
-0.4502510137611599
-0.5212194001865935
-0.13698259119951375
0.5599968913490252
0.9578224479089542
0.37824485219389964
-0.46345509516258604
-0.5040814119058709
0.13048624732678377
0.7981476437888558
0.8212497623988334
0.038664657766611286
-0.5955895251436617
-0.29477014649347605
0.24312607748960774
0.35486202572896486
0.35679004235945905
0.4399030282385428
0.5862386006376888
0.6764111428533086
0.31513482740929494
-0.3775775683997683
-0.7569904210341125
-0.6075979183681882
-0.39858706680678263
-0.35441276893516027
-0.07060509660861451
0.20915199766152728
0.31340175278768123
0.6863987190024955
0.8392592471187368
0.41672129478650455
0.06986713908934483
0.19046002724732114
0.43440266736497796
0.18563805973109485
-0.4829313977992268
-0.9066515459595728
-0.841014481435539
-0.4592683425241832
0.018416222202120865
0.13619037192944813
-0.14461293544412263
-0.18933054537638508
0.02292022331167321
0.09020156685206734
0.12671251472383793
0.31541035900506964
0.4187895814305937
0.5054853674126337
0.8402371544769819
0.6710641718960703
-0.35879991164110725
-0.9372710090190584
-0.4491560849354149
0.15920079150625235
0.41984575848659694
0.3825776379862207
0.10223074088730673
-0.15203986256870503
-0.5276353133525006
-0.8778573163757951
-0.7708883881052278
-0.2999531342204979
0.25013631900397165
0.3980704580813487
0.42831582334869395
0.7444400354480589
0.6198987151703913
0.1110919006380396
0.09668334937056497
0.42170600131503444
0.355067808038192
-0.27661521502618946
-0.8805675834547935
-0.7879076544596315
-0.34633458927366717
-0.18356922969866818
-0.013885936232310428
0.18806859675067344
0.03569971083777974
0.12264826019759488
0.281446252831142
-0.44473624012044743
-0.9278656293699054
-0.2105451681597591
0.5830665825629178
0.8070236154146295
0.5893832183039729
-0.04863154195352297
-0.4908268269352478
-0.17029293668789994
0.3321005487480014
0.18063801047448383
-0.579218603124978
-0.8386270669682679
-0.01869368376079534
0.5456984965872405
0.18988016989874237
0.007988956047247541
0.12016934879645919
0.12141716341032077
0.25527297188071807
0.21635922768038712
-0.17735990584955094
-0.19080982675681862
0.191385868667214
0.11592965651908545
-0.1730798520457321
0.05363808782946087
0.38076012362041245
0.4106739437044083
0.18246992956941555
-0.3513916097234582
-0.6052038663739622
-0.25375154759816587
0.27854305445222527
0.512962256496613
0.025561465601411714
-0.48449495951237537
-0.21613216800811166
0.22508168936770798
0.4747794023113958
0.5162380112359036
0.11857222772084572
-0.34804042416462433
-0.6846853289990982
-0.9710622646341011
-0.7088927811358046
-0.10787010110078905
-0.06199226626053123
-0.21501743587612876
0.25381713896776276
0.8451459581752545
0.5247178727526881
-0.28592970599747974
-0.33097702832437764
0.44190278594210475
1.053416141686964
0.6955555398894832
-0.25154969734726934
-0.860107582270937
-0.9652973957648866
-0.6266386331498017
-0.17296729069787936
-0.18522988757964318
-0.5671411519165019
-0.7280630441840158
-0.17210167509595037
0.608304345440153
0.6268142286614431
0.18387772520126902
-0.06579288779690445
-0.08708846864110965
0.2761392739625364
0.5649986751352336
0.3255251593967494
0.06152936182646433
-0.3149902551982062
-0.8008741744833248
-0.734077208226957
-0.2002670879567229
0.2407255644612927
0.27128833140264
-0.026653817485793655
-0.4206599978960242
-0.4353217670291475
0.049752186434063095
0.4664706116086589
0.7437868660896744
0.8770964712864276
0.49359972278550207
-0.2761255549238238
-0.5119819699792127
0.0031055877231546845
0.26127971237395003
0.013939373577140198
-0.3879699953078797
-0.5144946549097459
0.037925142096146634
0.3791767066994707
0.18389842232043546
0.4145680186693451
0.7422506519098561
0.43220748201209774
-0.3652536387342761
-1.0025296372597778
-0.8106953684939205
-0.22695040236504202
0.35715787936464743
0.8778725544152063
0.745014319234344
0.17860700407819016
-0.02027005318520289
0.12072886463506662
0.022475566927168636
-0.11181868143311739
-0.01574737924248496
-0.12199642709313445
0.08951405539435175
0.8761271155137924
0.8613277205390044
-0.10820487893749416
-0.6015314796497923
-0.2504386624126658
0.36613384956162676
0.3655147812283093
-0.4630272633797759
-0.7092480700213765
0.018041386513114793
0.3017947893192811
-0.29022000815851773
-0.6314103411955514
0.07146161500155107
1.1176372647867425
1.1138139220805727
0.18154286216532817
-0.2634036084140262
-0.25050689947296795
-0.36580300531872956
-0.2645903430211661
0.017442798770912087
0.063406414127683
-0.29529026140296244
-0.7973833825584399
-0.9611218004801193
-0.5700720194127882
0.19638585152058552
0.5378887820851922
0.22999626206141702
-0.0024291647627792253
-0.0789130073736532
-0.24227666228478326
-0.27612331244730354
0.17236065907451328
0.9779898466466059
1.0460567592983636
-0.02107569620187164
-0.9771651570313237
-0.9410778456295823
-0.41047995322443104
-0.12422919379636499
-0.027602147768393648
0.05772741490622367
0.027353076667867997
0.09220200985652087
0.29184064063090825
0.2607927948271344
0.05386639057245114
0.09197112727123628
0.15862892970561057
-0.25066269620469883
-0.5480312259412594
-0.15308434133300095
0.0067145639230026775
-0.5874442276331182
-0.9469074520515888
-0.5502411133511486
0.0699096722168919
0.545386470943536
0.8085273060038533
0.7380005514205809
0.28896510144974086
-0.3034455166347265
-0.5179820025092486
-0.34750077689274717
-0.3144899226021387
-0.34965462569552846
-0.21977016176054687
-0.15681605330614082
-0.07170832103404598
0.3615250558561009
0.6681264090658042
0.17307339795393434
-0.5485677993102245
-0.5966532939373578
-0.20209874315929907
-0.10929266611187535
-0.3057189475385672
-0.026513769734555888
0.41897223667095246
0.078378858687784
-0.4730199169571838
-0.5849922906645588
-0.4119259080182309
0.1845067064844521
0.6727702163512109
0.32350967117397095
-0.4364402454720095
-0.8952151488682691
-0.602754111392476
0.21448701930671274
0.5768215177301106
0.34029700772193183
0.3959649396739798
0.7879843911317537
0.7536477196730957
0.48119700516323055
0.3904807980912947
0.14432636122542047
-0.17045254934200593
-0.32294906418850833
-0.5335435460029698
-0.65484454723075
-0.416725154903573
0.0695322334257318
0.4740263306517792
0.32412204491032476
-0.23673275043077563
-0.4221198915440065
-0.060926214756823326
0.2944818248374321
0.3564509302818299
0.4318082197398628
0.5714050420823785
0.3912180555099808
-0.22070299907956778
-0.7072064294106952
-0.3811030641900343
0.4953479719329011
0.9920118755341131
0.5817473967847449
-0.19077967461003048
-0.47843567264034276
-0.352673855383559
-0.10762650926163375
0.08946847759124335
-0.23583386649451113
-0.7199929522816997
-0.35777285750832855
0.45367493893207694
0.7650531229956383
0.6592223880100601
0.43110599380131537
0.16779519056410247
-0.08512804665405263
-0.3329920451907645
-0.4488621484868058
-0.3286679710398132
-0.04864117073330935
0.11055098642034526
0.025856544509601315
-0.17281028915364355
-0.4396572816230457
-0.3711003609626636
0.23480781868850847
0.5768270898937987
0.19908871623289665
-0.0151030487443076
0.5966909511650821
0.9947091734332634
0.27100307555881376
-0.6363751852306372
-0.653530511592705
-0.1454390565370406
0.15218877235044853
0.2097473399391559
0.21957717657830236
0.2385422505052268
0.2512962955854697
0.003342080616406724
-0.484837608099633
-0.46184043185306295
0.09500529538648397
0.24428963135474738
-0.20226950286865647
-0.660007592184379
-0.6537456692529126
-0.31092280352319895
-0.12388979750857741
-0.02730673582179324
0.18886192020657339
0.3473430214543385
0.512788003103311
0.9294538284459264
1.457960279970661
1.3109669126910946
0.1327090805451584
-1.025766610005699
-1.1566484710592748
-0.5548389643376095
0.07754181221868901
0.4210083157871437
0.12302978784423663
-0.3744462356289203
-0.15819123487270836
0.10955004878800459
-0.3312932716619648
-0.4122342744302879
0.3953971784521268
0.5807279043928772
-0.28523326373331914
-0.7281410237357314
-0.5046632403773037
-0.38392480477173846
-0.26360125399782547
0.06876830439571702
0.5302625387495902
1.0662321003800144
1.382431313329823
1.13567426852665
0.3469209661358158
-0.31306945885501763
-0.2673458243433704
-0.14796356937508506
-0.6817644115395538
-1.4274646348581916
-1.4985139943547907
-0.6538364648635492
0.20724146164717522
0.052327508800236795
-0.584784437622029
-0.27243885183595795
0.9829126373284349
1.530018267148104
0.7198923864286118
0.018596577556555197
0.33516144156410227
0.6094698500431276
0.11663509585911624
-0.3953867142357295
-0.34273825684889575
0.11623607384614731
0.5240046825133517
0.3429653692503595
-0.39763736229683666
-0.9172669981885428
-0.8117529344328418
-0.6512533294140983
-0.7137989911745674
-0.5922032067419066
-0.07083918383284663
0.5189146720175267
0.6052685936349699
0.1111364222645736
-0.48352792170555187
-0.6043465622088877
-0.07436445088374134
0.3748092320983331
0.28900273034888097
0.3383500216211605
0.5097678411019021
0.11700900898802531
-0.4214385246317485
-0.38193289275320613
-0.11211431437563346
-0.10036958288354451
-0.11245821643213647
0.0177586307283165
0.08821448393015402
-0.11432203178458983
-0.445942683023166
-0.37255889122671093
0.07230868248311867
0.1813888203974451
-0.1795136012517299
-0.5303603085243185
-0.5920141474437108
-0.20034695449179823
0.4937548002073217
0.7874072279266267
0.5080379277861102
0.33185441666657883
0.40602367145988527
0.3559231735664708
0.1803254491940625
0.0718491535312971
0.22230075081417133
0.37848621673027855
0.18075879407568038
-0.1390454973084646
-0.3808564790198167
-0.5133961567547409
-0.427979154925139
-0.13227175061055504
0.17084743099610505
0.32782388717655936
0.40182476852101695
0.21353198126554054
-0.2770034984997383
-0.31157455751399044
0.31287273609590144
0.7621820482624192
0.678009650487813
0.225597686900525
-0.34068056789247597
-0.4575874721927408
0.13943115846863802
0.7225302978968989
0.43013254397571854
-0.2214495814331342
-0.3008314702182928
-0.040814481033387515
-0.03930138937018894
-0.3362862194599078
-0.5159002937017791
-0.28505178669836256
0.09733782956567522
0.21033204720466306
0.018607996063522928
-0.13355160576340713
0.05822502853719517
0.3989634259333199
0.5274059912987868
0.44897397090190766
0.2154202864320272
-0.14432716018098246
-0.4814253375900348
-0.5045094487101333
-0.07447896453522486
0.4360314697359931
0.651150146657576
0.38443124631053155
-0.22859803948672813
-0.5402733703024178
-0.3250877638223351
-0.10765970615829576
-0.24992839552043675
-0.49601874296212517
-0.2969144392060848
0.33587083989449174
0.6267548342715896
0.3374309329348661
0.05365871226887656
0.04168347669718354
0.17548072091708025
0.36710715339620426
0.41823910657433505
0.14124937653344186
-0.1715172569411977
-0.21489509613378657
-0.3042179662838355
-0.4580740753926972
-0.2969646606906069
-0.131714334674621
-0.16212093618600895
0.0014326110841880856
0.27234904942963384
0.20680892188043362
-0.12220509502118367
-0.04659943166863177
0.44597502904422337
0.5876250308642095
0.3375773044912044
0.038760595678309626
-0.34356725082360035
-0.6098076320678683
-0.28730699614052246
0.3820026938347424
0.41839733391178946
-0.14328843040561418
-0.3372889935940894
-0.18114355044922012
-0.18724484221930954
-0.3284237666886325
-0.30780516676912195
0.001558790352323444
0.13747684027260187
-0.04378258823573635
-0.09590407617064586
-0.08490348266851286
-0.1220547727890605
-0.08003621638344863
-0.04266059730647846
-0.08491198908606491
-0.09857446101702569
0.27178044661963574
0.782092318319659
0.5253779025049874
-0.27186769585038006
-0.654257578663325
-0.5920928323953343
-0.3350329852038152
0.05144661756979505
0.25729569226488996
0.18964000286431862
0.10863797625405246
-0.03544990075174233
-0.5172630437737339
-0.8587032960280934
-0.46145282257294185
0.017429593764715458
0.0806111624836111
0.22333143988828455
0.2292042807454054
-0.2125284971568442
-0.41842314105084366
-0.03969336390084632
0.41337495092879406
0.3458081003230514
0.026762142476455593
0.042734990760535836
0.1501524639839316
0.0389417909994185
-0.13559092340735612
-0.20328688893933955
-0.14725948414291892
-0.0009024258064243242
0.1018141544568336
-0.07955363910862262
-0.40043536490670484
-0.42637601782323453
-0.2559564143899119
-0.22458393920834
-0.11309082120621348
0.08747891303626934
0.0014619375469560878
-0.09274222885752248
0.11290757753985001
0.24829409390668797
0.10385534937444325
-0.05780361402312566
-0.0014851437650363075
0.17610265061991623
0.2638994517008317
0.28159921933702037
0.24194404291659882
0.0926205105637412
-0.0479701783875121
-0.12477697014549276
-0.1119137079595942
0.0488253133553343
0.16233876613694387
-0.0006924555072796967
-0.363995727092751
-0.6017417935849075
-0.4658219955848762
-0.07692129467583457
0.19987118249585792
0.16502106692674262
-0.017389215286634386
-0.10572534732352427
-0.062479442924661205
0.10518025334680813
0.44596615692866987
0.7249422951541252
0.6002387659777632
0.20550146289028712
-0.06972991474123191
-0.06314271977570932
0.008448885969806868
-0.12387328476451422
-0.24400054325728893
0.033470413280436456
0.433802483695762
0.29816382663105656
-0.16977239963659155
-0.2587764628106388
-0.14340985578319873
-0.21195737648168717
-0.1846826352592996
-0.04029089653464879
-0.024381490797351423
0.046367949025389946
0.1627030901907426
0.09140743518550673
-0.017344030176698208
0.04266787519015835
0.1849380751406023
0.1986838598385395
0.20177473250029507
0.378004376296099
0.39078578847513
0.15931590596555317
0.04114741526645737
-0.057327768900325426
-0.2323024359930358
-0.25229168888395487
-0.14527213376324874
-0.0813669692927987
-0.11095984228697098
-0.12040713348014287
-0.03610682046613866
-0.026464833030496317
-0.10558472538881773
-0.12783947736611426
-0.019337569535157965
0.15343462378626874
0.16342835265491387
0.055313119057986894
0.01693271585646596
-0.01734692948759256
0.007986132542168194
0.1512768321710531
0.19507860564272023
0.07578430002846653
-0.05992955369518373
-0.06773242230091064
0.013739366652896854
0.004219108179866479
-0.04306045633037062
-0.04619957044580894
-0.13326442422816204
-0.23794072043211995
-0.20867802491906684
-0.14322326838320132
-0.03073776585010802
0.08641908345420961
0.016683126529174693
-0.06578879829816502
-0.011858087939667169
-0.006906781291017861
-0.051437252791547435
-0.008874744393951117
0.020510023818602778
0.008969756852301749
0.10304489014229604
0.18864612261383393
0.08085446931474713
-0.03644427790071378
0.03620560685630323
0.11886744158289297
0.037348549526169915
-0.0871445739868055
-0.1257876831305522
-0.14563619196104358
-0.1591331257166863
-0.03884263252039279
0.10426425053872306
0.06827451426362291
-0.10679913217923491
-0.18422555893157136
0.082740603140274
0.4242328237848519
0.4077883464826868
0.15886009933412826
-0.06307320506188265
-0.15155163385388726
-0.08134308861343416
0.04033559926385213
0.08037829778761767
0.026418779170064015
0.055700211615789676
0.1977671877088918
0.1594256732398152
-0.07343006080416371
-0.15714578858559125
-0.05352387070869528
0.01978398722860151
0.043384041678181176
0.11793736866036313
0.15606658448945018
0.01981588642732875
-0.1378536467328564
-0.11475004110179023
-0.0013400750009313967
0.03679073617766045
0.003330336377933787
0.007019589619122659
0.1234739512291041
0.2536395463716726
0.1990170568813756
-0.016975694254287917
-0.12762004050633613
-0.07492101788666185
-0.03622526279756328
-0.048599944239605106
-0.077914956514592
-0.1516894458024466
-0.2987230767308481
-0.3501166292997337
-0.08465241734528904
0.24806200343421467
0.27973332862187694
0.14213916023163298
0.03257070648071779
-0.12858303201746393
-0.240088651703844
-0.1173190912539753
0.0637085854770212
0.08295202651731524
0.0289624615670917
0.04944553956287528
0.04831729552577146
-0.09546388507049577
-0.23881610439634893
-0.2500798972843779
-0.15093164351717836
0.09098304638004169
0.32874518786529233
0.2230498080694183
-0.16153892633716183
-0.3999817829229277
-0.30276384199375406
-0.060863368363302035
0.07858721465118344
0.08611592706062786
0.0610573423896869
0.04580794428902753
0.022948617719907395
0.003232878448846375
0.02453125294796244
0.08508200879622038
0.1575399877699847
0.18231301863616456
0.09800434439166628
-0.009547454531593178
-0.020630154459520156
-0.019410219628096876
-0.11470245226134122
-0.21314905319987573
-0.15638954218578083
0.05041209870034466
0.17043777278248848
0.08298752596049042
-0.04491438209343914
-0.07740568069072114
0.018843101104036607
0.14854040181758235
0.14513389798264098
0.0761048252590067
0.06734654861159294
0.026504593957076078
-0.023897984209356432
0.05496288436715641
0.10238278838404709
-0.007436755171610187
-0.08903394684618705
0.025663218738678634
0.24960275494053666
0.2738453279803198
0.025359951157577273
-0.22569676831325233
-0.23789114727155405
-0.009795026628914261
0.16026192834683223
0.059025324668202296
-0.15803195936239814
-0.2074571615054649
-0.04657829605730096
0.05365776420443894
0.00452947140757222
-0.02020290372025058
0.060316504842180624
0.22722352352990438
0.29477135792916787
0.06629228169813618
-0.2598477800094196
-0.2970258096453543
0.0035385421587840193
0.2730173622574497
0.2260494329631695
-0.003547269767547733
-0.20075540120496102
-0.26908282487622626
-0.1826849711570097
-0.06501265523653302
-0.020008684443639704
0.005891104799901899
0.06720412152229517
0.11820467773542079
0.08677836911446235
-0.02513721732970567
-0.15219896254990947
-0.2037989401103911
-0.13764005025517495
0.007583511026442106
0.13459114547607878
0.11436031829020273
-0.0065483385501416405
-0.0472063738469779
0.01152020747331632
0.06748951112657134
0.0517145311326555
-0.00670704155601368
-0.06614201782691272
-0.09390251217374317
-0.032763368387642815
0.01111012110892863
-0.08890262581792745
-0.18556465176015557
-0.10453943319855079
0.05228230450085258
0.113711123877632
0.07581878378490295
-0.0010272213299235254
-0.08219085983829476
-0.08801111426212306
0.019343693856990394
0.09458085857435669
0.04960261843322651
0.021023977246107703
0.09816330052534082
0.15115357561251608
0.06957213217279197
-0.07438904354273032
-0.17791214237982242
-0.12788125157218316
0.06172738078875312
0.1425304008787064
0.015043135252497886
-0.10846097194919978
-0.040185559298833
0.11101127266576853
0.1302560222959197
-0.004346448456325519
-0.12742692621911147
-0.11156005309943992
-0.011681421671196224
0.06477655908836116
0.0408670620144522
-0.03581299574039485
0.01901645930216872
0.16672454208062615
0.21820154788569227
0.17860189490423825
0.0027841134468040694
-0.28273154907193404
-0.2828648917080963
0.03229736025638041
0.16361761598305505
0.01481454204612825
-0.04818839573655396
0.119192711644813
0.227251355736783
0.0005564847403640547
-0.293798168444221
-0.2532027124062029
-0.035691898655081114
0.06994306630948993
0.10719326724808345
0.07928688317241557
-0.003693869297191883
0.004854220687282583
0.07215680503529966
0.04761245263102509
-0.05861537001374699
-0.07488674283907353
0.01703016546091118
0.03420435646368785
-0.027501405520676973
-0.024194104079997822
0.016321168289787625
-0.002406513674161491
-0.04527209433504232
-0.038275532113422925
0.019437381524578995
0.01648854158333488
-0.09493758927590538
-0.14424787624643878
-0.058284247400565384
0.020219891854498226
0.054349711471055155
0.11629325075584533
0.12202668752375026
-0.023749640165667496
-0.1530540762583204
-0.10502322094922308
0.03486603611102803
0.11302343234477596
0.05261688605489402
-0.06959077641856742
-0.08802131553675126
0.01633283744403515
0.09294285110230535
0.04543526119950376
-0.06168981024316317
-0.09493472085565922
-0.029251377743773493
0.014750684815985736
-0.01695315234996289
-0.04649697227354139
-0.0015218905354077038
0.06150238858912472
0.0005307851523917966
-0.11587290320215976
-0.07983032544631517
0.0925124675665924
0.19212252461055618
0.09080696810328638
-0.06409108230950687
-0.08553014906316075
-0.024536397693271747
0.05244209364061564
0.10624562294258481
0.03261516689655413
-0.10334431286362783
-0.12262712884578787
-0.008367682188649441
0.10725053033665566
0.08604697072534388
-0.028071703509520107
-0.064911773150015
-0.009457178286026257
0.037569157659384456
0.010929317517302247
-0.06419559546771622
-0.057047748793136156
0.057076288782976735
0.11438257945701402
0.03838624052633331
-0.04260869392769303
-0.024565236509543634
0.057581082581320026
0.10298884040492072
0.013160432427700493
-0.13139513592520363
-0.11917002435095818
0.0383458608337435
0.13593139585977213
0.11513241525151141
0.03593380802582995
-0.07401677849782683
-0.13696586061644947
-0.08903749719654043
0.006001237582045005
0.052638184422661695
0.005486662903701931
-0.07210983175489766
-0.0526172491292773
0.061989130793529815
0.14336574625960466
0.08960543173817778
-0.05226040191004393
-0.09414951344972552
0.005684438539852492
0.04657488952473701
-0.040661657081015865
-0.081464456101498
0.0019879951096723075
0.07103884052893232
0.01312769643046826
-0.0443309078359349
0.02198983643841946
0.06375674603020677
-0.019275942994588246
-0.11680546888668897
-0.13753725991935167
-0.05762886153117614
0.07474678477589725
0.12578362776040125
0.036583816457589576
-0.07258392943026959
-0.07381887686104928
0.008525478351682629
0.05989487631299293
0.015266731567256655
-0.044073976356986684
-0.017455697457740206
0.03457677464297894
0.028069425563940615
0.007685382857652764
0.013691316812021587
0.01136210293136171
0.003264583546605252
-0.0006325906504464772
-0.03920418864123473
-0.07824805806551527
-0.04742087278188395
0.01444069108407583
0.03421516555401264
0.0037744061912707116
-0.0399743480103664
-0.029640879114387137
0.05242362694505313
0.10419069943085947
0.04586555920375832
-0.058224103996896266
-0.08037806438432303
-4.357369940338999e-05
0.05918942353224422
0.036693286985191406
0.020871757593079746
0.039977286525631595
0.016046183897364258
-0.03944115598658783
-0.04378267817488447
0.01606058735815606
0.07664713963684627
0.04800336548304743
-0.06191809712790862
-0.11701714782499992
-0.04433517416157623
0.05768979133105352
0.07801426734382134
0.029351293399982006
-0.02083258728442138
-0.032656080650507
-0.015610601307731982
0.013714979350113747
0.04038348014441804
0.027621163780411927
-0.005547614065721623
-0.004168057564813536
0.008221644711523401
0.00935110293755274
0.0370753840624213
0.0452713783267361
-0.018522601567603582
-0.06301853522859435
-0.03010408674374789
0.011701173555094462
0.011667469889722658
-0.008992282339662374
-0.0176448762287402
-0.02126841568271318
-0.022203398055655632
0.008883680055167598
0.03333834867209356
0.0010728252394575275
-0.02225710842666457
-0.00545237930296971
-0.00894937466953008
-0.02127401175140253
0.0009831890851180374
0.04185105657796491
0.04353992074144023
-0.01784878583094064
-0.04397802064886222
0.008693548028003126
0.026438785026770162
-0.008974554421757305
-0.01814788423813417
-0.01940580601351654
-0.029791719502564217
-0.018062567985321413
-0.00820107820252643
-0.016553013881374402
-0.013135427802815989
0.01866264774110018
0.047014068796172
0.00796924038510352
-0.06454457967971684
-0.04925479669785018
0.04310103149495832
0.0783504551519892
0.012730033578988142
-0.05819352706947557
-0.03664750269816269
0.03797706830241214
0.057609778763949855
0.02015311395774134
-0.009753756122448855
-0.01661960971554347
-0.012722574391089906
-0.008237985290483708
-0.004647876813746799
0.005914985948851791
0.005946437595045159
-0.016029838952053274
-0.03050362052096988
-0.018548247834409094
0.01865943569130822
0.04408705911648232
0.009261294228863848
-0.03398245795535809
-0.018752876415560116
0.016658072458045528
0.03808550414362034
0.049754436251480995
0.02924990811693135
-0.011224092840381311
-0.014592636418116204
0.020984364553418077
0.0366756252481076
0.008855517808826872
-0.022911197532386216
-0.021666792531108103
-0.003670110364606722
-0.006027268883721064
-0.01600107941069939
-0.0025603472508502314
0.012527060157277121
-0.0008296052483002658
-0.016819752622567564
-0.0035572457842111874
0.016687269716580945
0.00215174327390811
-0.03223482233990615
-0.022072499895342976
0.027680503011164856
0.046549571939501835
0.01688342979414072
-0.023991080451266075
-0.036085877388744594
-0.004522241548570755
0.035833347269472605
0.02976933772208964
-0.012864028194239803
-0.029912408345378522
-0.00710873807797546
0.016908734500879707
0.005940416715117376
-0.02615352971537535
-0.020304452404007172
0.025044820383664044
0.031113828773563446
-0.02044611114100129
-0.04097251259239564
-0.00035489251585185623
0.011577772841218427
-0.02834223955608993
-0.023854874546862657
0.037513210083212775
0.0571761348760874
0.006574003418056733
-0.04797334505866746
-0.03910138237310406
0.023827086686272446
0.05172776292967207
0.012211773646596744
-0.03094436768666847
-0.03439197666360015
-0.009909391305750272
0.0006417953463233113
-0.019455701067265088
-0.01894667557217786
0.013513209859271827
0.01705099432492825
-0.00775704375332198
-0.014238571909683336
-0.003697530825098993
-9.205695061723088e-05
-0.005768667967987762
-0.0048319362148181045
0.008046145076352998
0.02721210003443068
0.03398831537908314
0.0036978215344104256
-0.03354022035237221
-0.028907871732220123
0.0024957755531607203
0.02902329328612099
0.03079341326056914
0.001496034171216083
-0.011912304767774043
0.009248392841242884
0.015151198589696649
-0.005973380939005803
-0.01700734062413538
-0.0004601058017893014
0.023878056053391834
0.019508550003825866
-0.01335767620464631
-0.027851856275769582
-0.008376425945609249
0.01250345757173481
0.015758755853618436
0.01967132303309982
0.03879874984778444
0.03912352230500075
0.0019865861886866985
-0.019105162729171978
-6.48908871346244e-05
0.015267917120814888
