0.0
0.0
0.0
0.0
0.0
0.0
0.0
0.0
0.0
0.0
0.0
0.0
0.0
0.0
0.0
0.0
0.0
0.0
0.0
0.0
0.0
0.0
0.0
0.0
0.0
0.0
0.0
0.0
0.0
0.0
0.0
0.0
0.0
0.0
0.0
0.0
0.0
0.0
0.0
0.0
0.0
0.0
0.0
0.0
0.0
0.0
0.0
0.0
0.0
0.0
0.0
0.0
0.0
0.0
0.0
0.0
0.0
0.0
0.0
0.0
0.0
0.0
0.0
0.0
0.0
0.0
0.0
0.0
0.0
0.0
0.0
0.0
0.0
0.0
0.0
0.0
0.0
0.0
0.0
0.0
0.0
0.0
0.0
0.0
0.0
0.0
0.0
0.0
0.0
0.0
0.0
0.0
0.0
0.0
0.0
0.0
0.0
0.0
0.0
0.0
0.0
0.0
0.0
0.0
0.0
0.0
0.0
0.0
0.0
0.0
0.0
0.0
0.0
0.0
0.0
0.0
0.0
0.0
0.0
0.0
0.0
0.0
0.0
0.0
0.0
0.0
0.0
0.0
0.0
0.0
0.0
0.0
0.0
0.0
0.0
0.0
0.0
0.0
0.0
0.0
0.0
0.0
0.0
0.0
0.0
0.0
0.0
0.0
0.0
0.0
0.0
0.0
0.0
0.0
0.0
0.0
0.0
0.0
0.0
0.0
0.0
0.0
0.0
0.0
0.0
0.0
0.0
0.0
0.0
0.0
0.0
0.0
0.0
0.0
0.0
0.0
0.0
0.0
0.0
0.0
0.0
0.0
0.0
0.0
0.0
0.0
0.0
0.0
0.0
0.0
0.0
0.0
0.0
0.0
0.0
0.0
0.0
0.0
0.0
0.0
0.0
0.0
0.0
0.0
0.0
0.0
0.0
0.0
0.0
0.0
0.0
0.0
0.0
0.0
0.0
0.0
0.0
0.0
0.0
0.0
0.0
0.0
0.0
0.0
0.0
0.0
0.0
0.0
0.0
0.0
0.0
0.0
0.0
0.0
0.0
0.0
0.0
0.0
0.0
0.0
0.0
0.0
0.0
0.0
0.0
0.0
0.0
0.0
0.0
0.0
0.0
0.0
0.0
0.0
0.0
0.0
0.0
0.0
0.0
0.0
-6.321545184243811e-08
-5.900604918832582e-08
-7.979498910307688e-08
-1.0409034820043758e-07
-3.261643421441151e-07
-6.91008536868449e-07
6.523821601353239e-06
1.4966429348042867e-05
5.783892864403976e-06
-7.99543423295616e-06
-6.54712813561926e-06
2.248346782336578e-05
8.379489836372878e-05
0.00016500746325774914
0.00018382254632357125
0.0002099644148504462
0.0004945607821795578
0.0009766303750421681
0.0011590267542984452
0.0009559491254875871
0.0007155110786714427
0.0004358760296670639
0.0002206054797289461
0.0002728195684054631
0.00035378184214499193
0.0004045926665680053
0.0006851524552228863
0.0009340063477683517
0.0009296609375979625
0.0010301902435264788
0.0016308094166291153
0.0023870455846640264
0.0025018287285825287
0.0021622273557106416
0.0017912946326450671
0.001396459007884292
0.0013754272972002284
0.0015885326777153976
0.001548073929919598
0.0017065683654375352
0.002421692316299814
0.0024633807424343543
0.001689035918416788
0.0015760984695389947
0.0023929571135306435
0.0030455595015714413
0.0030567758313845015
0.003845985680854476
0.005505022092952927
0.005097316475235582
0.0037673528431048783
0.0037512096158570972
0.0035160009486778945
0.003920313424616331
0.005377604207290602
0.005999929917867832
0.005980849373614576
0.005259724159238083
0.0036970675677464315
0.00514112197855828
0.009978434271080111
0.011982387234855172
0.01111112595423505
0.009382155734811987
0.0073411777869900885
0.007805617764225367
0.008886514180477792
0.009013100871402568
0.00967561619802882
0.008695928267740674
0.003813953180151718
0.0005144088681459148
0.003027260442241285
0.005190093959677897
0.003807026965670597
0.003669921710135198
0.0034654955076290164
0.0017100891790818803
0.00466547064564649
0.008491549902552993
0.0056794679118453975
0.0026538684908488652
0.004490364243409998
0.006793605595857215
0.008539758979182858
0.009798379695496046
0.008796771502003503
0.0077810099437413726
0.008781003235417426
0.010133772520368897
0.011282673083073416
0.012047156868893964
0.013467016683410887
0.016437458281461967
0.018024317566415673
0.01683695655633782
0.01624575308659351
0.017647409178001484
0.018417519362988126
0.01615794739312782
0.013665756203161282
0.013061387235685978
0.014358381438174712
0.015960803411737827
0.015627233148947876
0.01444742311421712
0.014056806491561052
0.014818114977177294
0.01630555000911699
0.015842409036649685
0.011816432994510396
0.00762211078734584
0.007554834934125454
0.008697528152802302
0.009706177716664504
0.011750211308595155
0.00985416520345398
0.004239469520553919
0.0032235587393185518
0.007800743858445754
0.012401771171213077
0.015014336209050115
0.013778550947884641
0.00846704326457013
0.0022656408455405943
-0.0010589578915911123
0.0003102394230099786
0.005626703192488049
0.012596169657535489
0.01420077830107567
0.009860559478093023
0.0064979841162786725
0.00509046487120361
0.0024279936045791795
0.0005472828700646852
0.00202657840129226
0.002579334285678215
0.00540510223999044
0.01225616364024553
0.013220231197679197
0.009519099014241857
0.008382090453914842
0.0081733557419955
0.010662932608270238
0.016084685275340693
0.015499357603449287
0.009848170530080056
0.009783995385585222
0.012897813195978157
0.01112665227750931
0.008787711020052238
0.008569945423903675
0.006980341076524741
0.005826376209015593
0.006349986471456081
0.0062214413466944625
0.006459456633191132
0.0076070368991444925
0.005394239391739058
0.0006231718671877936
0.0018155755377260445
0.007801856892534392
0.009413509590471162
0.006535015151757837
0.0038009016814852534
0.002012426345265201
0.0022765740659548496
0.006561461625346798
0.012312190614127954
0.012865197560262064
0.010229569052860883
0.011350191640853964
0.013711151897895556
0.013681664613926614
0.014192206340691786
0.016123121985329603
0.01808285599400265
0.022951579936381195
0.025877972938808367
0.021702463446264395
0.01863818643664472
0.02097789339197535
0.026608090807007805
0.03215464821652676
0.03306954941622268
0.03223971993867758
0.030884228491341304
0.027244096862379392
0.024983490864071915
0.021829684116958206
0.015793045497972138
0.010681044468055859
0.011850063928209984
0.01688907028883001
0.01519449750059082
0.013761159943572613
0.01424171179022361
0.007593816754804227
0.004637596856730771
0.011203214116505308
0.01485257747095745
0.011798776910376568
0.012705968578229752
0.01179315744640438
0.0033194922103173263
-0.00037046554741308686
-0.008810165757838597
-0.02389851783041999
-0.02618494443360481
-0.026340956621658456
-0.0296726203589818
-0.02804887465788623
-0.029357857871238013
-0.025313389582450066
-0.020282993936114886
-0.03254023398625106
-0.04035449798820683
-0.03104466622049265
-0.024564226200305534
-0.026324367136434407
-0.02673314939941815
-0.031683391925355145
-0.042809002321240866
-0.04319523409317489
-0.04218805629727701
-0.0470229497363291
-0.04460434026011555
-0.04187242580264113
-0.04160437265483269
-0.03935636829888672
-0.04332836718724403
-0.04943196716414058
-0.04827300074929984
-0.04376094814480905
-0.0423517237867768
-0.040000523928842235
-0.0340718653081051
-0.0347922467418685
-0.037677761390981314
-0.03462344491015652
-0.035367170318929005
-0.03977863637696977
-0.03893198526697697
-0.037685995855155766
-0.044378032010458465
-0.058574602206902644
-0.06603830117633182
-0.060129265748831144
-0.0561313387370935
-0.058448440121020184
-0.05480619598053931
-0.04543527576996017
-0.045263163832245615
-0.0468428775861872
-0.03505140176035615
-0.025028451054683352
-0.028024786817977355
-0.03269880833689843
-0.029374341089224952
-0.023595529358183535
-0.028812697648842707
-0.03728212347042128
-0.03723295014515574
-0.03543673381216025
-0.034784638911843524
-0.0341198555903261
-0.03233199851008084
-0.031578687974195566
-0.03494400893936618
-0.03608472060234496
-0.022724737840902298
-0.009088794597572305
-0.018512733844682324
-0.029925570869905868
-0.019440476807812922
-0.011121874269169897
-0.015987594004427015
-0.011226980433737793
-0.005967913541055764
-0.014076693663176711
-0.015717065032475355
-0.008857999896906759
-0.011524928769242685
-0.01722256024156168
-0.007893300765952654
0.0027887506438060766
-0.0011975242111220638
-0.0054551858984098955
-0.0013735986596294014
0.011434410294903951
0.02563783853633887
0.026195508288066383
0.021968315438851926
0.029472170758212096
0.04279934498310924
0.046737130529776634
0.033330149084968924
0.014873993245811342
0.01708132001731192
0.032571835996945436
0.03315552635100361
0.024720000257073625
0.02093972705499946
0.012226319507455998
0.0027933395026685116
0.009848675671944885
0.018044603823852402
0.014702109761591484
0.01587235447115617
0.01897010105737418
0.016164910334422137
0.013137100092581995
0.0133397109284846
0.02591995339850224
0.050177813832698585
0.056057890501971464
0.03641544152594778
0.027866504376097296
0.040275485419079465
0.04389756182105073
0.032760128756072766
0.02263965019676301
0.018597188944915296
0.028713740440174527
0.04986302477740182
0.06277378461056596
0.060716083201342336
0.05118926676019988
0.04878334386935548
0.049437268115792604
0.043825428580375636
0.05009292109648132
0.06109550517263058
0.04396681760365064
0.011278645121656583
0.0012234866528626535
0.0014246817554985946
-0.009547271869382942
0.0048542530473993754
0.05083406579240272
0.08031795080056595
0.08716101798095709
0.08535344766950867
0.06418141329795948
0.04578122280877447
0.06178379800578572
0.08413898325246091
0.06982434514044672
0.0434445967180144
0.03756814988157875
0.03621822167105595
0.03729939573208641
0.04124846703179845
0.0390906576734873
0.03482435183360774
0.03552785258065621
0.036857658831410726
0.02843368852948392
0.014410819521848936
0.012986509892264153
0.013893279613127486
-0.005388963550924499
-0.02853718024854305
-0.026970767880785448
-0.005348462838052325
0.009100587159041258
0.005206469567243037
-0.014073546035882182
-0.031631791855387836
-0.043194149375471544
-0.04200741301594538
-0.022580119321317496
-0.019334995389275484
-0.031020953643219974
-0.032374959901761945
-0.024179412271940252
-0.009839650765414812
-0.012134476073743065
-0.03233481101724077
-0.03291257012276281
-0.022495064147727416
-0.01947329800354032
-0.024712251654463765
-0.046985499548075724
-0.06942638626393709
-0.07142176582481342
-0.05655782256104338
-0.04584079712645245
-0.05247396916499671
-0.05847641582947536
-0.04896463473283806
-0.04628280490911328
-0.05378833498462797
-0.05105326414302692
-0.04380794481185848
-0.03536577639159992
-0.025490227294193847
-0.014650473916891605
0.0006344421670586084
0.007809141753896949
0.010587536369667225
0.016574320210935186
0.017595938991827067
0.01942846318488132
0.015760919501203164
0.0072626410627760225
0.005592792332253511
0.0016551632500231717
-0.00584599079429226
-0.014123634664375459
-0.01355699585313162
-0.0017884981344171058
0.005106499244926153
-0.003328323128744044
-0.023336247667568748
-0.020930269293554907
0.0003938424826386803
-0.008090574040179434
-0.0312373545297285
-0.024357631333721177
-0.002739441988805479
0.0049182599970498155
0.002112274640377159
-0.0014655627038179452
-0.0011589292235678042
0.007957318059901398
0.02774664855400767
0.03825162159550257
0.031343544838369354
0.03018175464236287
0.032303399063730066
0.01778740066746938
-0.0012350561329716055
-0.006777510095133053
-0.003820039393736307
0.0015472732709525213
0.008274791379175184
0.015103711875245332
0.02128896047232989
0.02144350696059344
0.011133004550987872
0.002927227785806376
0.011050739926569937
0.020890999816215845
0.015096645287277754
0.0026613380332159795
-0.0014477186665257167
-0.0008026000079507723
-0.002944345196052476
-0.0014106842364039335
0.005876637211759722
0.01607895151042969
0.025748872441904724
0.03248079734822752
0.035974943324908956
0.03613838493877911
0.03351666794694344
0.03050720122102715
0.026163001500086016
0.019340883757263783
0.018941026050836175
0.01905254788740558
0.009384320416335211
-0.002249392151174758
-0.002619382863185407
0.005288364329763778
0.004209669296112599
-0.00624759969300744
-0.016120870923120617
-0.019712349859216497
-0.013482532065177645
-0.009387467435422294
-0.02286655420192358
-0.0411324959139416
-0.04596316692945512
-0.04255798039403317
-0.03149532484366252
-0.015212146983123497
-0.00936551285935936
-0.008450843469806247
-0.006475993855708663
-0.013670476966962372
-0.025993259727242077
-0.031007353318513554
-0.03224649255740738
-0.03650366326367438
-0.03927685525469849
-0.03594028390486649
-0.038478215223702886
-0.04390783107035074
-0.03308379481593263
-0.029713277456037676
-0.04770143874602692
-0.056707295800638366
-0.04770854263018186
-0.04290458080892551
-0.04601885114018573
-0.04184851007579138
-0.042017357718168356
-0.052273351137924445
-0.055089931875789366
-0.04610162976554739
-0.02796212021137208
-0.01094530824744212
-0.007401989648747276
-0.008287806513276237
-0.00505117550864478
-0.006517047478259378
-0.014810855204008698
-0.018044712725889082
-0.013904752490780953
-0.012622052656275992
-0.007527861477191934
-0.0012802298688597848
-0.00840255675498743
-0.006637589413956835
0.007652288068369974
0.009143960433509263
0.0064356990792939234
0.00944010749500639
0.013520184374576126
0.014790066616269523
0.011482080208587478
0.01275605219722607
0.01726922747094297
0.019222336629872643
0.025124339223507305
0.03267196430631946
0.040048195879611136
0.048251802329409024
0.04101042850528753
0.021799568424932497
0.01962946770333637
0.0270851014337565
0.02068139989806848
0.010986222896855384
0.009040602574687435
0.01539791662310716
0.02760074491005645
0.03314302069107105
0.02429586339071869
0.015330474481465415
0.02172508091254112
0.026659738320838292
0.026948611515801763
0.024038275641036305
0.008338615466665424
-0.006354358025437872
-0.013060405619715791
-0.01036285883083809
-0.007132491342208791
-0.014834205364719775
-0.0198742220930748
-0.014095282251791628
-0.0014815071229664118
0.007680475788581356
-0.006440310808130722
-0.023501198400522994
-0.008552507402904266
0.0067483744240508835
-0.009305483283162306
-0.03759568433840232
-0.04834061343102105
-0.03635914495514994
-0.027119520947171943
-0.029114332854162386
-0.024273693362911873
-0.0103982244126077
0.005413891977972581
0.017127798306412898
0.007510453584442779
-0.0070482153259636285
-0.002155003090322566
0.0046417411795628485
0.0025295525414482187
-0.001134624222165636
0.002591181706814858
0.016146042830323795
0.02161733050655667
0.01219041937700368
0.003849373045080096
-0.0041163207847449606
-0.008318829463704417
0.003777778027081179
0.01835556239958866
0.02742098173690547
0.027460939460253755
0.018742659882789385
0.018354418569046637
0.01892230680995488
0.01477705748714754
0.017864833322405824
0.025101801017891622
0.03178714100868364
0.03679012375372808
0.036791259100866225
0.03313532343910555
0.03381219683980451
0.035837899314107156
0.03462348788798312
0.03389601691263123
0.028501041019591732
0.02618127411856277
0.026399714884903884
0.01348267795069384
0.0018381854522340113
0.0028313505865664307
0.008261285309022749
0.010524295353507825
0.004391519473523097
-0.0007693702289177204
0.006177214006668014
0.017418903810050818
0.018319934883529117
0.003893243717827619
-0.014515304879811597
-0.018584465478083588
-0.010086990541690976
-0.008013836782248356
-0.016303265832328852
-0.021698967749550976
-0.02180116932700096
-0.02229777296851238
-0.02120420759527656
-0.019335904328601994
-0.02040269243205202
-0.025390811553287995
-0.030340777840727952
-0.027120160846671102
-0.02154298864007616
-0.023720501220829197
-0.02810517472217079
-0.03102720465354539
-0.03702559080848602
-0.03869825173887044
-0.02911104248241371
-0.02011402588595199
-0.0177262177082816
-0.018116812893450965
-0.02223890755876177
-0.02616156501962744
-0.02036992500921968
-0.009812698561775333
-0.01580138204814009
-0.02985664130390222
-0.026807993752529315
-0.017539253270110987
-0.013637350518016633
-0.011384733618825336
-0.009870995357825568
-0.010489608563376622
-0.014522794710701515
-0.00871656350822397
0.007478222926142311
0.00956755099867524
0.0034513295623511274
0.01049135596596591
0.015624502873266877
0.008220278471630316
0.00397103916253235
0.006432610337641009
0.007931101936598186
0.007076858066686961
0.009536178272188486
0.018770642581583
0.025371020256543426
0.021686394672864963
0.01727666890586434
0.0188298475882616
0.01878322999345144
0.01360527007998733
0.008658752187918627
0.008031186388076886
0.009830535887456835
0.015513606605733133
0.020792743323075135
0.01663429356502872
0.010635843418705318
0.014935942319297032
0.026976998934859088
0.029142329502382963
0.020338223905104726
0.017111136124104677
0.018111714074868036
0.01621224765794539
0.01738671768272723
0.021599794895753022
0.01774064535239818
0.009843087746145396
0.010246475101999978
0.014032663518306452
0.009530555415082577
0.0004999399294018668
-0.0018410688360873198
0.0003640385536631785
0.0023450975709305827
0.006277457550242436
0.008995283441862047
0.006235398033043903
0.0014796286500187179
-0.004935603327579889
-0.014831650856927033
-0.021745045198196658
-0.015537880111374544
-0.0010724113032909031
0.002552891975034619
-0.004745313051318326
-0.00884148540203869
-0.011172966113952895
-0.015390021756633194
-0.015237043538272979
-0.012869386761031111
-0.013569036506847305
-0.018113329468991336
-0.023941438352776366
-0.02472391460649538
-0.024157958836866972
-0.02589669816345965
-0.02518799203180794
-0.023420003015198268
-0.024474633384960268
-0.023826681227698376
-0.018891631639778708
-0.018157186526182024
-0.02488799688833017
-0.028386128712958814
-0.0230811129852723
-0.019022130962213512
-0.021016603799115945
-0.022574217475130536
-0.02068907695698062
-0.015521929787906032
-0.010535011662444988
-0.009160977980277013
-0.012376696042296732
-0.015939590675010072
-0.014203546267262624
-0.013493156656115326
-0.01408765486572399
-0.007778851816119901
-0.001077902231237418
-0.001035449940929423
-0.003551459280787988
-0.005845597585957423
-0.003611774202227382
-0.0001666699608159109
-0.0019680839929841097
0.0015308883380671615
0.010495032492906587
0.010278748886105723
0.0037848921501062133
0.002716856264971791
0.00530884856186925
0.005859680256492595
0.00731193627815195
0.01217375534582617
0.014727986086959874
0.011584180337562198
0.012427570913748102
0.018875803278545492
0.0190196662473752
0.014517592909646916
0.013665278506396464
0.015382999062872509
0.015692440213478723
0.014565894536651889
0.01678962972124583
0.018765197660669225
0.012264609452456023
0.008344108906339366
0.01453828509713075
0.019748726413892886
0.020327335352999635
0.017199596112223613
0.010441561428003149
0.005931130678790415
0.006916185428719998
0.010384522153674164
0.011801035676481011
0.00979092770900926
0.007592650169885535
0.005653125804183903
0.0038831680323417966
0.006359646880071168
0.010263230991977608
0.007815740168799643
0.004042820107424668
0.006073308169219696
0.007950159381989228
0.005292808322898808
0.0016518847246033243
0.0008049372057653054
0.0014276493143742226
0.000381951455952092
-0.002713063333479377
-0.008384881828493201
-0.012725882664900635
-0.011301211806871722
-0.009323351478523341
-0.010735759270367143
-0.011203942778109589
-0.0074844972885608286
-0.0037739703585362304
-0.00607737517342226
-0.01094464957150798
-0.011671611399914773
-0.01015182822908279
-0.010852496052477437
-0.011884615788362902
-0.010104649937230722
-0.008681174525673538
-0.009345840533606096
-0.007933178422742618
-0.0039257218255751535
-0.004133075654463339
-0.007455320081824421
-0.006272326160490079
-0.005624702361561362
-0.007781396360348206
-0.008391837165002126
-0.007896254682967842
-0.006755940634773087
-0.00822623294193858
-0.010360740965490906
-0.008467911369273242
-0.006357377235245987
-0.005668019775053475
-0.004391608650119327
-0.002646652730166315
-0.00011589117121855991
0.0028889379683289425
0.006564690171501647
0.01036692767605855
0.011687322790204374
0.011487796459208839
0.010891275525810932
0.00865742842104111
0.005592954885812569
0.003594600762615766
0.004964384764761913
0.010077300796847334
0.013461120330867576
0.011222361330781932
0.006629455850366409
0.006294097118007386
0.010528871905457132
0.011419750973335231
0.008122082340940293
0.00633434525330435
0.008073079379779571
0.011922892437067388
0.014143418662681685
0.012095285912620697
0.007599485899380579
0.006860364734767069
0.012215651236291598
0.017078924135627362
0.016518665764996134
0.012807751045340607
0.009770216036801354
0.009769733828588612
0.011627519560206499
0.012218647976060764
0.010048102192561248
0.005920759809141106
0.0036492800728556664
0.004100979745399686
0.0035018932699583667
0.0005279855340445394
-0.0015235359849941018
-0.0011595288238187781
-6.359135833788098e-05
0.0009092362870593955
5.745624383677654e-05
-0.0010667700872428847
0.0015016056323510112
0.0050068552457949965
0.0037180995653496073
-0.0001754319202151129
-0.0014128210667158222
-0.001926262887945462
-0.0032816789513983903
-0.0024666685776879543
-0.0012828729721637445
-0.0042824898487647265
-0.009185536354393575
-0.008333471763249882
-0.0025091870627478056
-0.0023636896141691977
-0.006791259355859206
-0.007952268950725852
-0.00885596862913632
-0.011076149018348986
-0.010468988097338986
-0.007581292832126607
-0.006526245732613577
-0.007274461588199589
-0.0068513981073919355
-0.005914088588944463
-0.0065435528539921125
-0.006779510911420153
-0.004215695719755166
-0.001737931414383983
-0.002884549835557885
-0.004618569921753527
-0.0032244803429276616
-0.0011193029487476171
-0.00038624035281218804
-0.0006193009014135502
-0.0017565419711219666
-0.002538657327230017
-0.00295172085911374
-0.00398834627800485
-0.0031022383125327083
-0.0007639444729524928
-0.0003116916924507673
-0.0002659960881504944
0.0008462973115652875
0.002044449491625489
0.0036856074136421856
0.00694622237913206
0.008051218213825135
0.005451780279592745
0.004947586111008683
0.006956621644628745
0.007650048970394317
0.007088518984914295
0.006680630179638673
0.006660799756191838
0.007490490858575614
0.00961471460763296
0.010883244899211717
0.009934619429152471
0.008897848624552021
0.007709194320997576
0.005714961419561782
0.005465439504089236
0.007323720883161938
0.00818412052163232
0.008383495982111244
0.008796717994783198
0.006776909367311352
0.0043772753209557185
0.00559047970209402
0.007973348383816877
0.007516092389527859
0.005103406042584319
0.0036243248018666186
0.00424799941503844
0.005910619301240225
0.005577670906561531
0.003217860476928264
0.0023582045937975663
0.0032733344813276285
0.0023113377619656066
-0.0013643029754068705
-0.003786194552307789
-0.0028155761079980968
-0.0012758154907953948
-0.0018495703547148485
-0.003132169151894506
-0.0036838722650393797
-0.004029408271493721
-0.002974211572455002
-0.0012304588451899417
-0.003157122152406753
-0.00750345312525532
-0.008582006033035152
-0.006343064913527538
-0.0046085607017647455
-0.005191863754156618
-0.006108152066497584
-0.005919851351703129
-0.0069120533074727535
-0.007925837557199271
-0.005834669605909419
-0.003989995925952334
-0.005473367393224034
-0.0070246075974890855
-0.006952416085101641
-0.006789283511245547
-0.006316855452618285
-0.004952011309676355
-0.004100673642552773
-0.0044520763838086005
-0.004180578216165023
-0.0035982691910647797
-0.004142994676736078
-0.0041459988838592225
-0.003169199867875361
-0.0018307501331630879
-7.977243799610414e-05
0.00013935288579672322
-0.00034371176235602126
0.00025174950743949993
0.00013032944952666407
6.827039121111112e-05
0.0015934807496340933
0.002570898026599012
0.0019607366695968847
0.0019308033803898408
0.0030893564759493213
0.0036398975369715644
0.0035115075231998464
0.004089652398336966
0.004777108206038637
0.005328794604642135
0.006278928089316784
0.006101640514786074
0.005029856939702146
0.004608658585909665
0.0044846489089163345
0.004395180903379287
0.00513467347436517
0.0063432004975402315
0.006492108796540283
0.005447273414623471
0.004624687676680921
0.004850039471031766
0.005399288873758935
0.005914492585158569
0.00591697007374419
0.004801484940740467
0.0035440321811924043
0.00310399202983306
0.003695721468642562
0.00408899555910534
0.0032799670225878113
0.002377422096090461
0.002013176824031412
0.0019019697221836916
0.0015839613557560926
0.0009987742823621753
0.0006557047759914801
0.000261691626024062
-0.0006035791366955
-0.0013182096259882674
-0.0014379300886868606
-0.0010655475986542805
-0.0010827795402478832
-0.002137716318263951
-0.0035588588613518217
-0.004365252510090379
-0.0038132568956996404
-0.0030471413514384306
-0.0034216040819234172
-0.0036724486672144586
-0.0037636255791034523
-0.004559237555087282
-0.004698424337375143
-0.0041291898887871135
-0.004238335579003054
-0.004890381247295991
-0.00491567298457755
-0.004680369172876706
-0.0056742944650970606
-0.006806668784912437
-0.006424616660013912
-0.005358138832599695
-0.004541346026212394
-0.004329870004321186
-0.0048101594925189645
-0.005094028381890943
-0.004823534071498486
-0.004170804976687427
-0.0036338942818598913
-0.003498789846779208
-0.003031464108403311
-0.00262156328868607
-0.002911526849950592
-0.0029703283517108314
-0.0019414871909031435
-0.0008658824017747308
-0.0003002056509343217
-0.0002223168927924997
-0.0009393101815286292
-0.0006967083570622721
0.0006980016146128833
0.0013140440343608693
0.0010619756870378363
0.000807404335891736
0.0011811657338417559
0.001986113186156363
0.002455437898886635
0.0022688311052195273
0.0018832174435046566
0.002224248265244932
0.0033797702309819656
0.0038152365867528243
0.0032016198559859104
0.0035430749847922727
0.004703111486809574
0.004789853128340204
0.0040625670913952494
0.004259169603016007
0.005166830238737657
0.005154905385294944
0.004182824558500178
0.0031715362422904325
0.0031717185248755337
0.004132068329887028
0.004343676151320051
0.003313363443289704
0.0024284934926429853
0.0025319528803609283
0.0031977755367086414
0.0031381056673012663
0.002251116206346829
0.0017922435156833751
0.0015952024721713335
0.001292379882912896
0.001375171035924666
0.0010778804574633305
0.00021327989118287137
0.0003118472017598238
0.0006537785724324153
-0.00037134235270226175
-0.0011714878428033416
-0.0007741359382917621
-0.0007431526175614967
-0.001163114623499049
-0.0017275033228659994
-0.0024815303762385915
-0.002689673292204514
-0.0023673887808699314
-0.002643246767177535
-0.0037045194510986605
-0.0038772561329158727
-0.0032631347057047186
-0.0034671808589197104
-0.004487663204962214
-0.005144112319672289
-0.004494198463921952
-0.0034374485740409563
-0.0031725942307183536
-0.003743796523056357
-0.0043855975528002125
-0.0041333232835895255
-0.003512599169958571
-0.0034844293329345027
-0.003537684368935943
-0.003073013145202752
-0.0029632516230475837
-0.0036833443773390527
-0.0038833104248730647
-0.003317381765375668
-0.0028665412759615485
-0.0022006206476630507
-0.0018122428923251633
-0.0023508475576537783
-0.0025949866881525355
-0.0019035265162274382
-0.0011045385994423124
-0.0008799236203073043
-0.0010413185652483547
-0.0007827094240379682
-1.0671336870192618e-06
0.0004754146416815677
0.0005038576762936265
0.0003584339261865808
0.0007642279071086224
0.0018134664782065906
0.0020060447353350804
0.0016577167383191723
0.0019484186409143565
0.0025827279380208614
0.002929964838758121
0.002659885442725745
0.002386702403232036
0.0027812687370013947
0.0031872229767280088
0.0031150305739480757
0.0029672031209946707
0.0030354761131698616
0.0032411719743663326
0.0032450158224052476
0.0031437186764270235
0.00294874636284879
0.0031872102381685446
0.003944014274741044
0.0039061775706161557
0.003311056838825395
0.0031108180246950936
0.0029519816510130297
0.002753201756992761
0.002953841270118749
0.0029091872847636603
0.00238067486671781
0.0021389436927584417
0.001863991538833952
0.0013583231803140068
0.0012126218160916388
0.001034880181984018
0.0008153888539829215
0.0008299308923325509
0.00045530059451460634
-0.00022018470804201876
-0.0005757600112104957
-0.0006045366563407516
-0.0007455824670494285
-0.0011424413719953218
-0.0015070251635759034
-0.0014476847270063254
-0.0013461614957915328
-0.0019492607813227146
-0.0025250229914485765
-0.002495780914346941
-0.002357193075051384
-0.002391748772377011
-0.0026621030458062606
-0.002897700935993626
-0.0029689631868183106
-0.003064365963489953
-0.003320971136157074
-0.003511810678330128
-0.003360696969484119
-0.0032152076733833516
-0.0033376329488165016
-0.0034305347652136362
-0.003365923626465801
-0.003306687759609423
-0.0031831726545731975
-0.0029353044519265163
-0.0027211464375570833
-0.0025929394366352703
-0.0023714232415197175
-0.002068264809524347
-0.0019378111276532972
-0.0018759672000517405
-0.001653595793436846
-0.0013797829647557382
-0.0010742616469847845
-0.0007971963399218081
-0.0006885191543165092
-0.00044200244380177223
-9.851923064974141e-05
7.496105577186162e-05
0.00022729981266320193
0.00042564624528056226
0.0007245397524534094
0.0011448314447427296
0.0013649610349665588
0.0013780073184066417
0.0015727710423916637
0.0018176248065230164
0.0019391908063895412
0.0021260432265109157
0.002398437855652718
0.0026386943687880665
0.002903314293436893
0.0029024542088073404
0.0026828224897047386
0.002858510534520093
0.003146500479612948
0.003196805492817738
0.0031830184768998036
0.003190042396720586
0.0031076249657412654
0.0029120978774930056
0.0027630076163079383
0.002688840101680957
0.002727930116177277
0.0027363524629187863
0.00249244049938583
0.0022816638093251375
0.002166246194315677
0.001979111181854472
0.0018247007172334426
0.001743713239044554
0.0016468759814032149
0.001421688748602026
0.0011689903624011568
0.0009632972524407097
0.0007736135988336949
0.0005749650104325009
0.00032949039699710586
0.00012231936983043694
-4.6611018334579804e-05
-0.000266762725581858
-0.0005337586995068195
-0.0007325574736063382
-0.000844182703039342
-0.0010725263959477215
-0.001349631397738776
-0.0015333789441153297
-0.0016850287196527646
-0.0017833126890033214
-0.001880118204834667
-0.0020652649125157993
-0.002223693618219104
-0.0023157845686815393
-0.002422414444017032
-0.0024818466802139344
-0.0024747390419172766
-0.002423222535686208
-0.0024037000181840176
-0.0024556724374374295
-0.002527384004285713
-0.0025394343754638186
-0.0024009521972537624
-0.0022778693241433177
-0.00222735075074949
-0.0021493487731844237
-0.0020976337027685506
-0.00204311409630658
-0.0019678033732240304
-0.0018540687554480057
-0.0016283998748010016
-0.0014101863090644731
-0.0012752932802191114
-0.0011455734485952666
-0.0009886519255055124
-0.0007860769945555746
-0.0005749701254855576
-0.00035045918217466165
-0.00010566968405654896
7.748199426015675e-05
0.00024768466074530365
0.00045977142823400066
0.0006500076528742621
0.0008441208821641863
0.0010333232128220805
0.0012286486844459812
0.0014266991709699305
0.0015471837114723872
0.0016962793568593088
0.001856813327891708
0.0020106913245540423
0.0021431260757770205
0.0021887174839687958
0.0022854479413061393
0.0024075545731703603
0.0024775925597623548
0.0025461070675803976
0.0025841076238560293
0.002622712056688306
0.002635500250516656
0.0025917129496922956
0.0025886854934951517
0.002600497666630734
0.002570530832282093
0.0025135861418189758
0.002421203821826485
0.0022950358595645883
0.0021737879509265688
0.0020610562553382544
0.0019436373574083913
0.0018016695007671978
0.0016500012180562173
0.001468090709792035
0.0012556898863519664
0.0010786843355388885
0.0009044724440087817
0.0007240455500342205
0.0005655010273765814
0.0003821087641099762
0.00018332090259636185
-1.0237542911790284e-05
-0.00021878650405646042
-0.0004029476592189529
-0.0005589047471572944
-0.0007242994990570438
-0.0008979232457782667
-0.0010765994160490979
-0.001239172675012328
-0.0013656448613755473
-0.0015109376903854165
-0.0016555284600940313
-0.0017570453601598415
-0.0018405005080197022
-0.0019293502348109173
-0.0020388503778805255
-0.002104708224161849
-0.002133063494413291
-0.0021720045297210226
-0.0022028037388358668
-0.0022250533937573295
-0.0022027045372357322
-0.0021559819725357056
-0.00213266024034415
-0.0020847402307701385
-0.0020109506921886485
-0.0019233917957036945
-0.0018312634067751046
-0.0017513453145356428
-0.0016217549005594757
-0.0014613128724265839
-0.0013341542083555816
-0.0012025955504126325
-0.0010598625945956216
-0.0009123990113607016
-0.0007416220848802361
-0.0005717506482894105
-0.0004009594741106147
-0.00022860425450698058
-5.894857596478959e-05
0.00010531767071383233
0.00025169278217258525
0.0004199061265890395
0.0005934011083174775
0.0007513954872453147
0.0009123492091411482
0.0010514062523754235
0.0011874238401673805
0.0013261078868859744
0.0014432368958996152
0.0015661906934674934
0.001687229377551226
0.0017919455946841416
0.0018836839148777173
0.001954889962774341
0.0020252947177912964
0.0020910646181197196
0.0021276651244509378
0.00215159978845617
0.0021767909263429156
0.0021901672571709606
0.0021793937366807905
0.002143712340392309
0.0021061109861261083
0.002059961550483738
0.001995872907315552
0.0019194285305494073
0.001834768514402639
0.0017552366229406896
0.001661499962466064
0.0015450318550091625
0.0014300771421882166
0.0013105839470664098
0.0011850749148645623
0.001054456119145597
0.0009089218338869096
0.0007657573495381496
0.0006246893613209644
0.0004687839750896467
0.0003084958318394442
0.0001532329303700921
-3.7865801586621986e-06
-0.00015599660115512664
-0.0003057534590037615
-0.000456335740457249
-0.0006019510789151039
-0.0007420186626037903
-0.0008805316035928362
-0.0010202758943344916
-0.001147135839577156
-0.0012616176222228351
-0.001376157493584147
-0.0014805779251709293
-0.001572983631584509
-0.0016540017029414203
-0.0017184781972871923
-0.0017727439438065342
-0.001812077916410986
-0.001838587678969012
-0.0018589411758362393
-0.0018698816160405804
-0.0018752432386513222
-0.0018685986611349412
-0.0018455194529846117
-0.0018169546130568832
-0.0017723720691056129
-0.001707110933684761
-0.0016325414284173384
-0.0015469591309418714
-0.001454410609038246
-0.001352490116453934
-0.0012383224586398386
-0.0011192316137575678
-0.0009965526839100492
-0.0008713846236246148
-0.000740926059425336
-0.0006113786957380697
-0.0004853399145662122
-0.0003521467337193366
-0.0002177181976802775
-7.894569488069478e-05
7.26574828576013e-05
0.00022861923519985016
0.00038903008057149827
0.0005531242956116612
0.0007178288473375728
0.0008837059025221149
0.0010418348260795621
0.0011829689203294927
0.0013062411739420317
0.0014082222698654364
0.0014767544470940558
0.001512918900128188
0.0015428448812288354
0.0015862068267417945
0.0016447408316727652
0.0017152773703101333
0.0017772105064000172
0.0018122953205163491
0.0018317579014578821
0.0018585087176671631
0.0018946607779571183
0.0019151145649585449
0.0019078843954254763
0.001891106194723207
0.0018690042716603369
0.0018195867955455446
0.0017261196288781099
0.0015963320459879554
0.001459807196145111
0.0013401327942791255
0.0012366074958951175
0.0011299328951121389
0.0010015062893852864
0.0008615965490338937
0.0007431468930278598
0.0006476339038238591
0.0005432520617127666
0.0004105688333037776
0.00025266179775207967
7.569087180404539e-05
-0.00012291161036062683
-0.0003366717198052634
-0.0005435399762443292
-0.0007223544755545963
-0.0008605603135216528
-0.0009637772839852174
-0.0010467826854068062
-0.0011222572921418708
-0.001195007053975365
-0.0012438345768519309
-0.0012594293791572083
-0.0012724134827593252
-0.001297942635261872
-0.0013214397601273588
-0.0013388977593674844
-0.0013619164356407673
-0.0014065738036063238
-0.0014756858553671604
-0.0015496541367047518
-0.001610535895654043
-0.001655359353686984
-0.0016734269890644876
-0.0016502499296647392
-0.0016010768940246706
-0.0015359720681909236
-0.0014275212719336568
-0.0012643105039000493
-0.0010739856057787253
-0.0008975826895066809
-0.0007732263207994328
-0.0007195643466458388
-0.0007298686971251446
-0.000765871672942433
-0.0007708848573650907
-0.0007232927148214996
-0.0006573008036394732
-0.00060652397483253
-0.0005558154008673608
-0.0004927553923298678
-0.00043166219300767297
-0.00036211758560756864
-0.0002457314650941506
-3.561796147355564e-05
0.00026622019835679546
0.0005914175053859475
0.0008966199145987951
0.0011647604031523884
0.00136785830242724
0.001520978580425458
0.001684563022269507
0.0018738615012835898
0.002056390698847402
0.0021699764056198755
0.0021180477051480438
0.0019134052431269539
0.0017224966691200955
0.0016738135546873214
0.0017299507356673687
0.0017510897314356412
0.0016785997172427056
0.0015877316337972425
0.0015010769658256786
0.0013452629593843127
0.0010905428431838176
0.0007770334080504837
0.00042939573631361116
0.00011900123417411916
-3.1410335724336155e-05
-0.00012828957188420413
-0.0003455751318454954
-0.0005633210700507938
-0.000571673959436875
-0.0004064535503340143
-0.0003533601776867716
-0.00045740688494390824
-0.000306840782275965
0.0002471290398568364
0.0008139224105582861
0.0010963417992502376
0.001119511144068885
0.0009608414766642247
0.000645833782672553
0.00018979438244733104
-0.0003644964894946264
-0.0009225940361149458
-0.0013328193351479069
-0.0014724614903278486
-0.0014458225293093822
-0.0015279443213167387
-0.0017572086848446254
-0.001819611340905737
-0.001554978625590612
-0.0012684924311655108
-0.0012454241009699028
-0.0013793711134266731
-0.001477549624528019
-0.0014434782909955241
-0.001239597676974952
-0.0010033402428589397
-0.0009193244272990485
-0.0009343953565593976
-0.0007854046090699223
-0.00037707311300969027
1.6049199963195197e-05
0.00025685701807726325
0.0006316108863542088
0.001300679255187801
0.002032347201262267
0.002593538289136685
0.002939300559914585
0.0030945839261177365
0.0031215166166735546
0.003024599256561842
0.0027037827787604884
0.0021448929264842875
0.0015756142678654639
0.0012830752599747284
0.0012043919673611655
0.0009717940505262121
0.0004799406349650768
3.4863260349235634e-05
-0.00015100970262019406
-0.00022297170445986095
-0.00039079471591945536
-0.0007090941822723445
-0.0011195750968983093
-0.0014900180758357744
-0.0017369984111665195
-0.0019350692352566362
-0.0021836324196418486
-0.00242456487588859
-0.0024793188764816454
-0.002376868405614478
-0.00236518294749158
-0.0024218323334615835
-0.0022575370278620395
-0.00179084335177308
-0.0011993911951531258
-0.0006500900926084401
-0.00024357369756195408
-2.3609238300623877e-05
8.831847516672231e-05
0.00015083772656640897
6.815665801239386e-05
-0.00023616161243547322
-0.0005928101716069171
-0.0007311459276997498
-0.0006691763231239018
-0.0006494832251257223
-0.0006986714184174726
-0.0006166044822381122
-0.0003292082292750817
4.6405168287478856e-05
0.0003893843493421966
0.0006089071696585622
0.0006958422798908211
0.0008353280248961192
0.0011529807415421
0.0014719888911706477
0.0015348754831563769
0.0013947676588127623
0.0013922089827639237
0.0015674322752633443
0.0015819009876665705
0.001346752300587548
0.001115971612346627
0.001065232706283381
0.0011604311633869266
0.0012501882216508788
0.0011817547865843668
0.0009510694362416854
0.0006469856595237344
0.00025105392206512954
-0.00035093609758926234
-0.001136816368836506
-0.0018413055882172253
-0.0022472505617944652
-0.0024875034212891826
-0.0028227008315907286
-0.003228765991485846
-0.003461645886640778
-0.003419681253309181
-0.0031895625004771393
-0.0028512904411066914
-0.0024838379068444494
-0.0021590424613822956
-0.001798165873250649
-0.001291310785977062
-0.0007083353038370466
-0.00021726982099950205
0.0001837686039061199
0.0006642494175373273
0.0012134498105651733
0.0016355813827771811
0.0019029360306731726
0.0021294341089820854
0.0023605910058431116
0.0026297691129151903
0.002922535393488235
0.0031608725633218105
0.00337251024642633
0.003607767919442828
0.0038081108594243776
0.0038440423478798957
0.003623736637094666
0.0033079839478272408
0.0032292451082055855
0.00342008774362465
0.003554493268647481
0.0034263772542785296
0.003138743525721887
0.002886849644080897
0.0027856661742387437
0.0027893067938709005
0.0028047596379977696
0.0028376133697922503
0.002821704293018635
0.002645577966445658
0.0023203462816776396
0.0018544888885781224
0.0013038629853373315
0.000860102068732583
0.0006187634118266057
