0.0
0.0
0.0
0.0
0.0
0.0
0.0
0.0
0.0
0.0
0.0
0.0
0.0
0.0
0.0
0.0
0.0
0.0
0.0
0.0
0.0
0.0
0.0
0.0
0.0
0.0
0.0
0.0
0.0
0.0
0.0
0.0
0.0
0.0
0.0
0.0
0.0
0.0
0.0
0.0
0.0
0.0
0.0
0.0
0.0
0.0
0.0
0.0
0.0
0.0
0.0
0.0
0.0
0.0
0.0
0.0
0.0
0.0
0.0
0.0
0.0
0.0
0.0
0.0
0.0
0.0
0.0
0.0
0.0
0.0
0.0
0.0
0.0
0.0
0.0
0.0
0.0
0.0
0.0
0.0
0.0
0.0
0.0
0.0
0.0
0.0
0.0
0.0
0.0
0.0
0.0
0.0
0.0
0.0
0.0
0.0
0.0
0.0
0.0
0.0
0.0
0.0
0.0
0.0
0.0
0.0
0.0
0.0
0.0
0.0
0.0
0.0
0.0
0.0
0.0
0.0
0.0
0.0
0.0
0.0
0.0
0.0
0.0
0.0
0.0
0.0
0.0
0.0
0.0
0.0
0.0
0.0
0.0
0.0
0.0
0.0
0.0
0.0
1.2999423683013732e-05
4.59196167557839e-06
1.3115400974370248e-05
0.0007989341399510174
0.0020059658622216332
0.0005755670133070421
-0.0023464334912808426
-0.0020709307209654856
-9.27220791155797e-05
0.001468526905588134
0.004477685317164884
0.007631660636905903
0.008446984756817953
0.005594967415717385
-0.0015198560749677872
-0.0046730271727137215
0.006082814773170266
0.02081681246826553
0.02282896761288219
0.014680810814857448
0.002848693357440174
0.006429088990506114
0.05058556482940927
0.08648180866474356
0.0622394435738064
0.01944382975745773
-0.0007575577214374019
0.004027500501063819
0.02184172600161749
0.01514498031063305
-0.012949015196353941
-0.018620291468390504
-0.01859587825421613
-0.023213016108125928
-0.007534564108781283
0.012036355454385889
0.01713205833143619
0.011047210298919447
0.017972096764406587
0.035260147241305606
0.008959678275987426
-0.04468969073016682
-0.05232395737124407
-0.021009741982891406
0.010616392014906884
0.01909918150621956
-0.008847956172246763
-0.044527190905548866
-0.051959960270222205
-0.033644881833539614
0.0015080952297591432
0.04447599614335754
0.05221425876908728
8.002905743158262e-05
-0.03685408529102584
0.01077367940913461
0.07179677515280912
0.14125506944834293
0.33833782825870984
0.5851145530824982
0.540147701691669
0.2613905257215482
0.15759677372007386
0.013127221635267139
-0.28897264678393697
-0.29707233892335183
-0.12846011207978725
-0.33622517578217004
-0.86162619488407
-1.0442822699850538
-0.7353535023143222
-0.31410105811879807
0.18388332825841913
0.7016618985144635
0.8447871632257106
0.7575428783840182
0.7857972740055262
0.7067684832415736
0.8215689695046517
1.3309170651275544
1.2852480427014128
0.54562193895765
-0.0513972000205305
-0.4894362363302047
-0.45240976280722167
0.3490983650720456
0.3144307664715633
-0.7145057681162377
-0.8116048099297775
-0.33463005067768337
-0.6418138231608521
-0.754115394108716
-0.015385455589689956
0.4175203822549911
0.18302663052289003
0.03495209191494397
0.06447760762967114
-0.5958885535658647
-0.6622446507620661
0.8320369731689687
1.5983331986010358
1.4962544297170668
1.1338346311494347
-0.3912395684900134
-0.8483437733260804
0.8746411083677312
0.19160789390221566
-2.9011560742069378
-2.46508974604208
0.28159516527189354
0.434583811435586
-0.8695457510235126
-0.5649093466824243
1.551775257189278
3.591238059553753
3.5065271695744062
0.5164291451692167
-2.594222457887198
-1.0456990098380357
2.517193021314734
0.7184968365611959
-3.0122757576059875
-1.325745908672093
2.031340212728039
2.164395756223635
0.6663570136753707
-1.129082142501928
-1.7095251034225996
-0.08777514760298999
0.38641777223297025
-1.3647692063666739
-1.5314456299927999
0.7519851103129014
1.45543757265736
-0.7661428289069989
-1.753316454266215
-0.5635720289682065
0.32863038932004707
0.6082066199154001
0.5562309888115244
-0.15390173895158643
-0.9980379528338008
-1.0910532124268206
-0.6352976142941373
-0.07973825707205928
-0.038675443038503676
-0.061845376137316777
0.31240656184841864
-0.04801333423547938
-1.2271926535794468
-1.7654183770167668
-1.24715578097778
-0.20386767449249854
1.0137020184805399
0.7241087804042364
-0.6860388403184707
-0.9792910207112157
-0.6995990702886267
-0.685756091830642
-0.9088640564902062
-1.0417748158047082
-0.03300833066304332
1.673130260351254
1.7344984272682271
0.21840592829077243
-1.1866376567772277
-2.0319183575358895
-1.6323129173692301
0.03281163808674581
1.4407147482378684
1.4774794602321966
0.7811959261087209
0.5122074982265162
0.7950925795337767
1.1002510688390998
0.6056764382537898
-0.4727243322930613
-0.824113704618586
-0.6460502038683099
-0.9902015719900132
-1.1938038689622408
-0.32941401582555185
0.9828656074337445
0.9275828893921292
-0.6807621754003801
-1.2198300598374567
-0.0036081457066508005
1.074872479655879
0.8467931727722192
-0.3155851965521801
-0.8596476059736112
0.14658805923954965
1.018723007202857
0.30108945710159984
0.3106249763491581
1.480781234122777
1.0631901968916526
-0.2605605510246538
-0.734962575491394
-0.46568050072196243
0.3869719732221587
0.603917005644019
-0.5372876475609948
-1.1637692413002378
-0.41591979254055456
0.41030786781498574
0.811735352501797
1.0184056854376649
1.1633644056855237
0.9198589492912675
-0.008209528122814502
-0.7417579544609328
-0.6516097158986157
-0.3015417934471442
-0.6427090419173335
-1.1813142647164516
-0.679432217759574
-0.4422342214084638
-1.1245980538253297
-0.11134809556352865
2.119684655145406
1.6607036993272453
-0.6822496686462397
-0.7396586034524965
0.7142283728086639
0.6024549130376153
-0.022060163901378216
-0.0341910095493769
-0.338133867942458
-0.5739183126217619
-0.22897065326819227
-0.11606099354858979
-0.5048857425945148
0.01484117645608607
0.9365631378553166
0.04782606629132391
-1.2996979843530112
-0.9360352122124534
-0.22490478728087648
0.03722174529074751
0.7353227366066144
0.8705240662310937
-0.09111798843656971
-0.5230304819943674
-0.019120378673513017
-0.3088288099164499
-1.4118810802908905
-0.9414974457177925
0.6858530722256735
0.8904280184451607
-0.0542186462752865
-0.29582135280207167
0.5321419658626398
1.7930638599048234
2.2210655014181944
0.8190306111795823
-0.9933606999698426
-1.4036026161996789
-0.8473166580128203
-0.4488559668118867
-0.6490041626975139
-1.0788027722976297
-0.546187514618601
0.7889213395847685
1.1393784954010244
0.3708810630719004
-0.23217180866226095
-0.18317698754169132
0.13389612872164136
0.5306631962593459
0.9725172932156603
0.8826287942093434
0.43533500422046895
0.3106921408234244
0.09123866650698387
-0.6068202777863296
-0.8525499581992787
-0.12662682229756844
0.39561767657925195
-0.17072449951642302
-1.1037327297089152
-1.1596561790976314
-0.09299784353051166
1.0771009746254396
1.0235134720490697
-0.26325391141848153
-1.1558539253586932
-0.5438758631015308
0.70193463050954
1.0100463026844853
0.7080053252932018
0.7411535704323572
0.2929691217604075
-0.3395714319390676
0.19497841558804985
0.7239475546791512
0.19593488693873518
-0.01574647111196925
0.49791396799260046
0.5206805215316035
-0.36220825284112657
-1.4396949831958619
-1.6417329355088595
-0.9108943956203099
-0.04082080589399206
0.980314340299618
1.3325323590627698
-0.25597532784910954
-2.0523686427265426
-1.7009497999162657
0.0621490524152748
1.2705358831300457
1.2613420703361804
0.6022174071658176
0.1891064384549917
0.6097306423335637
0.9402343241948802
-0.008460073371431731
-0.6381979129296886
0.19822147874291762
0.7850653349257077
0.12166726443384701
-1.1998972114038118
-1.9794384715218314
-1.5628959968588563
-0.6110751068050808
0.06834988408205
-0.03053256183784825
-0.7797349717072761
-0.8754556056213623
0.5261383801889634
1.8667867737732415
1.5188487839962392
0.2737845265961726
-0.6857404257832485
-0.8018677334973393
-0.1287754707982387
0.3167055590060359
-0.2401753636185333
-1.0886996346064042
-0.7647251544586884
0.24518399064899765
0.36066741905000077
-0.38227709348243577
-0.6142563271448933
0.2998411232615974
1.2245480381518712
1.4370256141252968
1.159610063004021
0.2848041397920575
-0.6681301945988711
-0.717819094442138
-0.26547260967404346
-0.3341644321025512
-0.7775522420034376
-1.0110929366794656
-0.658342064652645
0.3021226472110181
0.6446252355364135
-0.310554857257183
-1.0005998092983912
-0.4789736606675272
0.3316621527374748
1.0195008430198476
1.5250484879854698
1.3144834124056495
0.583150335989283
0.2713267602678937
0.40426066296071306
0.004789007702199713
-0.5401562246696479
-0.20395673351861837
0.4633292521863991
0.6406394367557293
0.27005254087854913
-0.20548018884225355
-0.31458767180803693
-0.04510736667768506
0.0933983554977906
-0.21675256068828633
-0.24417514060426748
0.2586314644178924
0.5122614125023845
0.3616081055021632
0.09886455106288283
-0.09297985671529674
-0.1607322709671134
-0.3232788046286946
-0.28650002580506184
0.37110916403678407
0.8740086627198488
0.6973593223058617
0.6374108898050985
0.5524533217119489
-0.19974182291766351
-0.622270093833188
-0.053135509112602675
0.5167969421021905
0.23216593453773604
-0.4231241239325918
-0.5904871886531511
-0.5771894311509528
-0.6443871910669182
-0.16626874138407788
0.4490669801405669
0.2122429379364943
-0.20411119341408068
0.06501512322453029
0.31412723009655286
0.1464515731459356
-0.143024605082534
-0.22283620067664345
0.2284312486820329
0.3361070224628807
-0.4705231856234585
-1.0528225764997807
-0.7076664426405319
0.0742355260101027
0.4898645763168792
0.19143317892515893
-0.33201893262128074
-0.47806679002874275
0.0072416713237702796
0.5823322443419966
0.2049343371453938
-0.4509765409974113
-0.1622301840721073
0.17031519134899412
-0.2670015520491768
-0.6533405418327732
-0.4637124096786903
-0.09962765642928972
0.352160199139968
0.8939868902857904
0.7189387576182334
-0.20241286839332004
-0.752605898344949
-0.4598716164261022
0.2932021204527845
0.6484074807742297
0.22441049096086163
-0.2501165453949658
-0.2516429698313226
0.03171762512970629
0.16105043308826672
-0.2274580209436139
-0.5593123038073665
-0.013886828596070641
0.6740515054511425
0.4885014445756148
-0.26538233478501877
-0.9152846948356825
-0.924425257899134
-0.20346519863614787
0.6723566794436617
1.0783298563902262
0.43774180788399397
-0.5350369298580248
-0.43986587199683647
0.12869667049993677
0.20803532618778475
0.05277991136833465
0.1290623419332313
0.554091746741817
0.7414169199961826
0.21423599388054282
-0.5478330554461661
-0.7713709880882051
-0.2897732919370279
0.3328596451060359
0.4952582271523306
0.3264426448332908
0.30927344179523775
0.5135127710481139
0.6648805598100623
0.28850220337942467
-0.5781250897796666
-1.024872534593967
-0.59456637118967
0.16415301742682115
0.42153973349321355
0.15336760957559914
0.18118291648860407
0.22302652990387817
-0.5251727933249788
-0.9061154077314613
-0.045584924263753324
0.5515352130610258
0.2078263219601978
-0.09724473979676229
-0.11233396136968765
-0.13060475305277697
-0.04202910518046238
0.3241927363057884
0.5191553385804357
0.1706872650915422
-0.1805972432036842
-0.3370553749672105
-0.40495089897056524
-0.29737121455874826
-0.2079339278018773
-0.09319085899345106
0.02720608718274635
-0.05731461212490706
-0.13374264158556307
0.08969141704631334
0.4347742628591036
0.4576971426096468
0.1114727869672788
-0.39434610139925874
-0.6489132859898294
-0.34537963350143763
0.1373928036788912
0.5067065419340309
0.48805131522696926
-0.09254941446143117
-0.4955609245012771
-0.413906193347911
-0.23487990071929257
-0.08844112133296847
-0.23216600047656938
-0.3313152586166621
-0.04916644156815586
-0.06274591659320317
-0.2977588329122026
-0.23466099101800464
-0.013490130409490209
0.14590831206060983
0.0963040539028962
-0.006041735113473723
0.12210082746913242
0.29543192234634486
0.1839741803844006
0.06989805210857242
-0.04792498761143138
-0.48094182349470405
-0.56188905873874
-0.042933890649810236
0.4761116802990605
0.6128784321420889
0.23026334097886297
-0.26058876178212936
-0.4062562389710139
-0.14825599694304692
0.2827177428690225
0.39689258343171363
0.1423930073742697
-0.16035904162753234
-0.2769100446208453
0.038237562429937144
0.42462489516941715
0.11218887980871955
-0.5854204335629258
-0.7869310423567476
-0.27205070821454835
0.5062450859249782
0.4659093573284172
-0.39853574008836035
-0.5266034929671309
0.06917752898352869
0.17688570534424353
0.19159608104994208
0.4683426243832694
0.47720888149208596
0.4425511531488868
0.5158917532089234
0.25083223797954535
-0.44716083770891396
-0.5068805645007581
0.5798968945235348
0.7906536493911184
-0.40985934650327555
-1.049387864987079
-0.9337159619396274
-0.6671468710059136
-0.2532030470020761
-0.0762637350444959
-0.1969737983269113
-0.37823213011758305
-0.08518368005806898
0.6158477453036618
0.6550850678811251
0.21847322008935433
0.30341182507998365
0.6165920426777679
0.240803438117476
-0.36997865746623637
-0.35050451553370254
-0.0983475044573473
0.03904916648112966
0.059757693363352904
-0.23772099094363652
-0.5607394827487839
-0.46704202838809206
-0.09455679012503349
0.08534728691836135
-0.025623621932201246
-0.030451518652881093
0.13452918848951545
0.30927117941847704
0.5668448076229851
0.6770938115431353
0.40418571052183533
0.1287184268848737
0.09607345844907506
-0.06955294823877485
-0.2857540433381149
-0.03637862644880288
0.22106471077553952
0.08179372146878496
0.09779906951748285
0.37727196303619026
0.5744350210677035
0.37582810124586846
-0.021488143695760353
0.15962964926493162
0.4057301359584343
-0.024617591996819344
-0.20683320218581447
0.06504759206219668
0.01230387732568683
-0.0871624130718196
0.07039383686421607
0.20252395438763215
0.4004117364792944
0.5491770730899606
0.1440344181447739
-0.36671386153619445
-0.09199138528931461
0.308043275359978
-0.004869182908988634
-0.12245590479320523
0.014209699609680104
-0.38778854329198265
-0.4618513564741876
0.19065736298171587
0.4427435609493541
0.03335612165027335
-0.03750787970543046
0.4154903924520421
0.25787585070474117
-0.6274762731859452
-0.9822900484552457
-0.42093821750169513
0.3393201646774866
0.4817827811725919
-0.15382781902054188
-0.5077790330577429
0.006228988075198116
0.35416764118150734
0.16722291346429696
0.21646091101020037
0.2993777834819791
-0.09733786419736645
-0.3958360309665584
-0.14055110103930357
0.17788925321084426
0.1975015192392423
0.09049118209352913
-0.009355183393322752
-0.13200401248278248
-0.32517046859918264
-0.32816201663306976
-0.0636722215894614
0.12952939031712507
0.201923721281549
0.07574510403277535
-0.06328718508134168
0.0685330296882779
0.028193084142181468
-0.2109723737762621
-0.17659685348682186
0.13415670719761708
0.3979212223749482
0.4570392874721362
0.34792477634210583
-0.0236816787190548
-0.1752204768419403
0.09937562415767354
-0.0015089636034062437
-0.23270326638270866
0.027846620818252843
0.23794686609528237
-0.04263872704644012
-0.1868136810065335
0.2077619881811228
0.23982446950555336
-0.148996425912717
-0.08863184341568942
-0.21425938546954337
-0.6717831468171593
-0.26533815594711063
0.4159868206220815
0.18740601944109936
-0.3236939400252957
-0.5438547172261755
-0.5742524401490062
-0.24686202394974419
0.30853508793296924
0.6878821134014594
0.47661105549225663
-0.22828525489128382
-0.6880192018312543
-0.7138839948861432
-0.4579796363608506
0.007761592866150413
0.509942969784063
0.7179791284297826
0.10397185945826293
-0.6274313848255815
-0.5289563811266083
-0.2953690354648651
-0.16174474272832345
0.12160717396236392
0.016046734512141336
-0.2797793371340908
-0.005881519513255051
0.34751726770203284
-0.16300167131596477
-0.9110916565043231
-0.733843635121888
-0.06775034287381243
0.20093586652927686
0.18506099975468437
0.06909553543691249
-0.018092432842015338
0.012827703832380077
-0.1748406354794424
-0.45548769328676275
-0.17843653413611138
0.6197935233457591
0.9946980806206902
0.5237403738027196
-0.17091567260097856
-0.5771843183745695
-0.5342714651458684
-0.008857997549106766
0.4266447443390482
0.29855022893942607
0.057527846354994194
-0.05144679476542002
-0.21806589173156887
-0.2841432385727133
-0.11255822877809019
0.0017484143677459763
-0.15973215639729577
-0.18947172417371017
0.129693344126678
0.29176889313118104
0.12162166181986922
0.061234255016000105
0.13719257064677715
-0.02876348304469445
-0.18811660118189055
0.055416796742953744
0.4147834772372511
0.39503438292502757
-0.012021545970220038
-0.28870886237420545
-0.188204227495384
0.05152776758699862
0.2111929023767682
0.2074295553777013
0.058281978264689505
-0.032113027095171054
0.1482715769014892
0.1971652994084913
-0.31886686438606204
-0.6776415182292117
-0.20717335304360335
0.40151895501030055
0.5071296509807564
0.3002098947531418
-0.0327222487339833
-0.11995748987781162
0.19390973222443164
0.208335084863709
-0.24307155882817139
-0.5861161951431125
-0.3425995658815126
0.5195103556324551
0.9243781758617386
0.26909305404267664
-0.4780949584849525
-0.5828032633846054
-0.11964266161981654
0.3520935315347509
0.2638760070975672
-0.1259470308334481
-0.27674432572899305
-0.0608494765051803
0.19773476521217015
0.012966884616207125
-0.31350583905092544
-0.13241561222208825
0.3001761480331037
0.511374181155575
0.41105325613492594
0.07920870297612032
-0.14635264676241147
-0.2452980645088829
-0.363120125419351
-0.20053489250070564
0.2129099058127251
0.4418222777057622
0.3816256725704076
0.09312783838426728
-0.2912635719525543
-0.4906776036413902
-0.39993291915004925
-0.18996752786995327
0.018087186843335767
0.32430089949439933
0.6317058919419812
0.4903080921339409
-0.16857331891404245
-0.6962550976014139
-0.6200666074013106
-0.19880437368581408
0.2160092814002599
0.44121005760368276
0.26773599870343606
-0.15255784961220126
-0.3283485418888931
-0.11162925608458849
0.002626054835199232
-0.23070017897662576
-0.15404602083031593
0.37887400106529506
0.5891540179838091
0.18223910584645012
-0.38448174322526074
-0.6273070936315146
-0.46132794597272786
-0.04664875443485683
0.3037302149707817
0.23012585938313806
-0.13450534688758542
-0.21289037151579027
0.12810533695342458
0.23719145135318903
-0.12329591458675149
-0.20282198144209407
0.18284165520652673
0.3536876796695812
0.26301585455194376
0.1399845360272382
-0.2034663057941626
-0.3709594969393951
0.035430757524667705
0.4214385253399962
0.2495429467640401
-0.19151791359123965
-0.1722264021355416
0.19599205316702287
0.12061634549833884
-0.11148254747689607
0.0008666757595675312
0.04129405132997259
-0.021260937002617823
0.15716451155858135
0.291430747442122
-0.0072784304241027276
-0.369829855080877
-0.20612824374386562
0.1398118659458808
0.07241540515760991
-0.0821991575373494
0.1339695260803626
0.40878370755145294
0.30712740895564666
-0.023715585383320914
-0.15265083716661415
-0.020609907232887303
0.11258286411203161
0.13090816610552958
-0.05914051549307109
-0.263170373613621
-0.1394753984505939
0.01563041992071862
-0.02555918445575822
-0.034131641723435524
0.04280861460489446
0.12259967056267493
0.10283487794252547
-0.05658095264894769
-0.1513385092963706
-0.05191837922316822
0.07020904117385827
0.08053963982325557
0.01728863656144719
-0.028982412789375245
-0.12446362545849043
-0.20706383312630736
-0.01174144764323351
0.11091280451088267
-0.11434066680841384
-0.1495948071669379
0.10949973557640535
0.1637999402849859
0.019533440327949028
0.008756270307237954
0.07935518894650737
-0.019161917938128728
-0.2100673580528813
-0.23222237526912434
-0.19588378912195917
-0.18360994238716197
-0.03257325894115837
0.12852345664190556
0.12928131685424232
0.0020260986325677244
-0.1143011613849671
-0.021005453758114134
0.14904523695842292
0.12689829243629777
0.040371775425130194
0.0412985433432599
0.05832033118587983
0.05198486599454892
0.0009446026211998443
-0.08677167999525645
-0.10665270421918294
-0.02440476884223959
0.03762790564107113
0.04728155023155387
-0.004324365681482714
-0.13080033538449126
-0.10702528209719261
0.07907743206013394
0.18738163099852215
0.19599864619471857
0.1044295741890405
-0.04309298649362643
-0.07607665045754124
-0.041173419146327314
-0.04221835111392097
-0.030629208108054726
-0.02008649432318503
0.029681307242605412
0.1420607170799837
0.1638519589386635
0.12987682831436914
0.1132301959729709
0.01980897203337431
-0.12422935509865099
-0.17618027295264072
-0.026286234294852467
0.17738354701650738
0.12797768479071325
-0.0946385797293802
-0.11953067474928375
-0.008703728998462917
-0.047140066955822305
-0.05262336980621497
0.06224697423903716
0.03819136500604918
-0.02867905638027149
0.05875989215380975
0.10302185456179677
-0.0174379338849813
-0.08962545464638408
0.021868489799382718
0.1880460151660101
0.153262743606528
-0.04957447819366406
-0.13587580874351537
-0.16278455100785272
-0.19539092764988397
-0.10480623219664197
0.033792536765722705
0.14315490633002426
0.1553704496069192
0.0302673872769349
-0.10602005992467772
-0.16465996926212015
-0.07300651541392278
0.07861743584878009
0.041480040545962424
-0.08070328033077209
-0.026394691847440005
0.08488208749752431
0.00903429604785616
-0.13819562291642146
-0.08029447024922576
0.07053023072075329
0.09148660727541828
0.08337467871041634
0.04075690615259217
-0.09281385263979858
-0.12468951246513996
-0.036601629751811686
0.013637657574075356
0.0314527333819742
0.054993558513312626
0.03500462669317323
-0.05713755732396907
-0.13680062689803085
-0.10410025737407207
-0.016149323872312854
0.025958464448769175
0.01721226777352665
-0.0060141059975742095
0.020711610011587077
0.1380021536715376
0.19693651710688648
0.047835858475292786
-0.1387835314596292
-0.13138434108292163
0.02792298733907603
0.12605930221425027
0.07534879387659082
-0.014950769580000703
-0.07486320762551146
-0.10144205736923345
-0.07920805235337935
-0.01433633923083618
0.11554434209522631
0.20302250470660888
0.06664509014427811
-0.1357578743820931
-0.14924110142753969
-0.02108346424616272
0.06086822055605021
0.05600222137162267
0.050842837517801706
0.04410540890636358
0.024192666856599973
0.008110453668406667
-0.0398526732920899
-0.07269388638586767
-0.010554976602440438
0.0802714260074932
0.10690199099686463
0.06013995454405199
-0.027876218553659626
-0.07832348481741584
-0.03970239203251058
0.023075093792116322
0.024424395964539408
-0.015452980370471353
-0.028474924923672415
-0.02479211408539511
-0.053724795159093654
-0.05229509670597791
0.0436080842841863
0.06508624318231847
-0.041014101675518354
-0.03635430816831209
0.0710556195093621
0.09595509803046419
0.05529504932921933
-0.01641001385134394
-0.1179064248860048
-0.12814100329194175
-0.0032302279686672805
0.08188165038234893
0.05412916590155673
-0.007025923697907291
-0.06990911549657627
-0.09335681250053353
-0.059574092940724285
-0.0027136770377107562
0.05175853690134859
0.04906509579037562
-0.019930001032094302
-0.06213170049685487
-0.036716481106434704
-0.007735720343618489
-0.01392953614604699
-0.013842753108606307
0.01681772951159368
0.030015646722168703
0.01032025060100591
-0.0019227731206447147
-0.01428728191648402
-0.04865967656377484
-0.049897668710753504
0.030103648972248806
0.09591639209686932
0.04363167927128411
-0.05274658205280387
-0.07356316198398569
-0.019470076449995162
0.005391338044228311
-0.013094527772245193
-0.0006035733544539207
0.012835022468353968
0.008736961029102847
0.005449750110231258
-0.0030900644250012113
0.017416151720190672
0.03946255592973149
0.009941698448263949
-0.007706556721694872
0.03447423819347116
0.06087383435579076
0.024166430556057127
-0.020599672508703745
-0.04477440035088802
-0.03681575739726953
0.027627697968448557
0.06857025390348846
0.028335207060224993
-0.017714738851784907
-0.028866245420415604
-0.007601714396724305
0.013690126568098336
0.0023155680409862843
0.0126655222150302
0.03437474539470141
0.006751180600065208
-0.016932386352524073
0.005473582037277998
0.013890544845542772
-0.007985279400201765
-0.010020819537718807
0.007939285705246511
0.025387306917283053
0.03143849720533118
0.011717660278836056
-0.011115152099107545
-0.025867079522504915
-0.028801017799552582
0.007360728653526397
0.04035322475406596
0.009861476250798779
-0.04111932470461083
-0.04333966427499814
-0.017971387425274682
-0.011139512218541071
-0.008972765179699829
-0.00033006392936301907
0.0018770358744601527
0.0027320949107697418
-0.0003941996305665864
-0.013640206039951967
-0.009072160206933064
0.0032353793412538932
-0.007937931587085107
-0.008607691068282504
0.012198447429692925
0.0064415779691024515
-0.01938124046623202
-0.015270009146845741
-0.01451347066719831
-0.03512668514493698
-0.009902783923527626
0.02751766645647615
0.0055389406819200265
-0.027472912049214027
-0.025667347159205278
-0.010309484851122062
0.00600689341968548
0.0063305550572879815
-0.017683209657741096
-0.01473092018453772
0.012017410758617085
0.003884990759530138
-0.01173024085205436
-0.0041932756614766475
0.0004229304792308791
-0.0007330655465323035
0.002439343379226487
0.007187503154538949
0.009691979168815236
0.010047050886662613
0.003940581898845934
-0.01066963319351296
-0.01639355712222306
-0.0017190114234225812
0.017190467079299075
0.012495995674062878
-0.010735288950213813
-0.01107920826544169
0.008707399827541956
0.011169821123207614
0.004695004796598526
0.008399000608689249
0.016653273594074355
0.019049436680075187
0.011395320549061538
0.004522692213106562
0.005567707520476646
0.01156114623031571
0.011268698364279638
0.005602146083951298
0.011267806105274092
0.013953933013056766
0.0021974157173421487
-0.0034085454737513565
0.0037299635328879137
0.006008575084358279
0.000550251759260871
0.00754982046069743
0.013557286295330984
-0.0001042634584958041
-0.007377194252216751
0.0012182522994047679
0.007441516321053651
0.00593426275396404
0.00030006144979240895
-0.003866033708178576
-0.001407864483801001
0.0035216769028910827
0.0029557050150450237
-0.0023394137531207587
-0.004731515179571454
-0.00021295003986730038
0.0029121948695318006
-0.0007453090891747643
-0.0039208351135621156
-0.005724096684366395
-0.008467024552147075
-0.008974666731905098
-0.01043770551569604
-0.01610252246709789
-0.013061967507642151
-0.0028778536785744324
-0.00797852170206815
-0.01789209767903579
-0.010494799803877977
-0.0015896944679111569
-0.006189083356555951
-0.008874970087704794
-0.005118032231831247
-0.004818321546544768
-0.0036800270902654433
-0.005393952500848443
-0.012428247815014944
-0.01044408780989128
-0.0036733414768453515
-0.004261399462240099
-0.006957186618078225
-0.005189393306594403
-0.004244876783131096
-0.007093045780796711
-0.005512187487706592
-0.0014943222334866668
-0.0010425782307781142
0.0011707090692933547
0.002713802932838169
-0.00032788219311240263
-0.0014001128303011215
0.0011091262610300676
0.003362849854379124
0.0034449391841496063
0.003175352623326487
0.004636926896046126
0.005368065962568891
0.005700686770264779
0.006194096202585209
0.006820212013320781
0.00803517803228445
0.0066565939222330145
0.007183955654765498
0.010144234700274465
0.008811191454919255
0.0065449734979454634
0.0048291208442609364
0.00337759594373095
0.00415005755830342
0.0048851887750204995
0.004225507390545626
0.00448596413632691
0.007208821952663027
0.0060880461572927905
0.002725168337312252
0.0063655309728470055
0.009733943434678476
0.006846189327315929
0.004942063138134816
0.005736824870545654
0.0059797416357875235
0.0053305210062233495
0.0030363152678454207
-0.0005963092585150216
-0.00040289584114659716
0.002894299972112945
0.0018456216281329714
-0.0014795197736000298
-0.0010838424684101733
0.00031887776554126446
-0.0001406416155547291
-0.0005256564275260556
-0.0006504630842430505
-0.001139973952470362
-0.0005146398618280298
-0.00019748525918218338
-0.0027499277459605495
-0.004485343393205204
-0.0033913545344525196
-0.0032627127656324924
-0.004298230878054081
-0.004703694359998088
-0.004572936295086627
-0.004709926428359356
-0.005096198954841407
-0.004746251375933309
-0.004412573233174555
-0.004314914788267147
-0.005018823775671748
-0.006234845412675741
-0.005547029057403377
-0.0050319586323664955
-0.006070659425865755
-0.00669326627076423
-0.00650893001384063
-0.005773757177815439
-0.005643411366514025
-0.005962378750617853
-0.005657142199969111
-0.004899542491856201
-0.00397635302442052
-0.0034348652416814132
-0.0024534543973811704
-0.0012864411213545437
-0.0016116939086587637
-0.001996459157579067
-0.0013298951264237927
-0.0007738740814086861
-0.0006291742553904689
-0.0007299854910007633
-0.0007707107017569936
-0.00023964841257325536
0.0005560421767042065
0.0007382200336555553
0.0005121243781654669
0.0015198300768351422
0.0033646084019773523
0.004006726296132579
0.003820308126643558
0.004138281679871913
0.005180735295303399
0.006116954551558525
0.005930936133215159
0.005162700610923731
0.004989190221555754
0.005695510488828612
0.0062150978157238836
0.00588352851752177
0.005782959645304217
0.006222608465882776
0.006478147236325357
0.00639774667259549
0.006388555450122527
0.006575330189160195
0.006600686083096089
0.006330843135805151
0.005606951032938963
0.004831974791074344
0.004605754916375781
0.004484338523407211
0.004083255001945795
0.0034896514155643953
0.002840750372546417
0.002189026247489928
0.001775645141898624
0.0017580606256979159
0.001484622569843809
0.0008784646964875853
0.00045200097606488965
0.00022056292028383578
0.0002465444954159249
0.0001094411836232434
-0.0006137321380946734
-0.0013527664410591667
-0.0019117718942039744
-0.0025954777977517246
-0.0034393512267697976
-0.004393165461569596
-0.005103823360807124
-0.005247914822645507
-0.005074726704097643
-0.005186475027080813
-0.005547058499600185
-0.005443474177139711
-0.005119239900449789
-0.005147872659167807
-0.005285342813950907
-0.005329223923373684
-0.005280775399298247
-0.005231465220554834
-0.005319558605273419
-0.005463422479644936
-0.005483309416412792
-0.005362734820352353
-0.005200462271853942
-0.0047336464182317645
-0.004027952657234827
-0.0037171612387184375
-0.003712325282361352
-0.00341928834937889
-0.0027256528877345407
-0.0020506491499784098
-0.0016666406000803262
-0.0013143972100070657
-0.0008075760934468899
-0.00026246119220732153
-1.3408078835739495e-05
-0.0003162450445916114
-0.0006228056590656082
-0.000271825730830403
0.00042071764861122476
0.0009145653997514186
0.0012683860161919677
0.0017718636206335084
0.00245470904018414
0.002989120993122315
0.003155843708550477
0.003292084584954308
0.003733175557391475
0.0041289757599237975
0.004159773714500723
0.004047600608732519
0.003875434062683739
0.003607522683699344
0.0034461740995942493
0.003599887664580066
0.0038729195109344534
0.0038644631426399817
0.0036514801550666383
0.003641187229556816
0.004060681360281041
0.004607126436721126
0.0047694912066549725
0.0047494907238214415
0.004887208565876534
0.004787795783582733
0.004195102354651996
0.003503357286338566
0.0030532611143187227
0.0028978517472706307
0.002918543865101264
0.002754597414217696
0.0023351190872498706
0.002116876595074601
0.002193316556825465
0.0021923150864017887
0.0019178091068549064
0.0014509610750428753
0.0010241881305754555
0.0008351826047922756
0.0007405659024037059
0.00023375349899565356
-0.0005983358861409438
-0.0010767052197145494
-0.0012644832777244826
-0.0014678620083866598
-0.0015796506263723656
-0.001830728526449936
-0.002453251703136247
-0.003028105659302019
-0.0032592207375869153
-0.003433655055215888
-0.003675657556528898
-0.0037451478078116274
-0.0035365820280415967
-0.0033541033551605856
-0.003572993465371193
-0.004093581958097439
-0.00458234725331742
-0.00489287118941292
-0.005014275124164037
-0.005070282270752464
-0.005177979930384654
-0.0052205092014850265
-0.005105048548622718
-0.004764692651199214
-0.004139327686281775
-0.00354919566368205
-0.0032890662501705217
-0.00306829169162786
-0.002631992222436182
-0.0023740767310095647
-0.0025365708163159854
-0.002740005954593727
-0.002765946486265377
-0.0026360911384636643
-0.002209404152210454
-0.0016350802036735508
-0.0012877401814839796
-0.000886519686724329
-0.00011948723983114598
0.00044330749900008473
0.00047500760240284587
0.000645404190619564
0.0013994944164272514
0.002194330007403284
0.002429182314395248
0.002369265121354224
0.0026021357665856025
0.003025453927753191
0.003237704781637603
0.0033224686507390497
0.003501138519190471
0.003728109588832719
0.0038825888859205376
0.0040254108706789535
0.004215571625681972
0.004374306360921132
0.004580723643445824
0.004943830062091356
0.005183530340228613
0.0049628662189194015
0.004545861159676778
0.004307836517846398
0.0041453172990942
0.004020382851231814
0.003950482217217896
0.0036555556045024043
0.0031377032690032176
0.002757064093375162
0.002569930339316597
0.002291043323808622
0.0018085207033833282
0.0015377901564440632
0.001767552580726816
0.0018831397400723184
0.0013594527054890566
0.0006823166086940835
0.0003423405201463843
6.949412783163397e-05
-0.00046500223247815733
-0.001050686796154679
-0.001456085556778227
-0.0017787730073447958
-0.0020067564242025222
-0.0021087891000516404
-0.0023264228747679402
-0.0028035591951040204
-0.0032037677934491533
-0.003082455609941956
-0.002718888782649937
-0.0027581482571165748
-0.0031697204135803774
-0.0035604307485721676
-0.003840381728754866
-0.003978300284249968
-0.003953268374802557
-0.003943515816441976
-0.0038961322660296125
-0.0035812780484776098
-0.0031962826798573683
-0.0031620793173694375
-0.0034338229323582076
-0.0033931159058268896
-0.0027239371341327293
-0.002064255681565144
-0.0020805043466850916
-0.002471140264206485
-0.002589036779264262
-0.002352988201224678
-0.002048863283885762
-0.0017334196312130228
-0.0014614163749904884
-0.0015351369206181298
-0.001793666282533607
-0.0017044491203269743
-0.0013783244579020776
-0.0012339658682346856
-0.0009850954860392523
-0.00022230769624148952
0.0005740672496363959
0.0008082484125641852
0.0007428543073921372
0.0008500014611584027
0.0011597462240052966
0.0015884320748693198
0.0019770649312926512
0.00200299453379138
0.0017328123035600714
0.001697908140604035
0.0020469267213297313
0.0023159772945782232
0.002346183543764287
0.002574886343264177
0.003098839579194471
0.0034816221376291557
0.0035260811658558567
0.003418923660027575
0.003430378569692605
0.0035531515514822696
0.0034907114293944333
0.0032797284150398445
0.003114962508496041
0.0028852101726403864
0.0026641562333095904
0.0026981908607295567
0.0027188184921900487
0.002341819687310509
0.0019232640971607196
0.001987353861401713
0.0022698295131622064
0.0022416544598172113
0.0018988238772897244
0.0014811791609908725
0.0011568853155273853
0.001028012376764021
0.0010172356904027263
0.00091329679112543
0.0006733117986146529
0.0004756674290928957
0.0003441403381728714
5.269737205285466e-05
-0.0004323015240859443
-0.0007736279045410313
-0.0008229655947152026
-0.0008800201677528971
-0.0011448262976924972
-0.00142335524593281
-0.0015398855999567522
-0.001696637659893585
-0.0019648114921361516
-0.0020535511908791448
-0.002098756133236058
-0.002523288523415195
-0.0030841972270631846
-0.003320204004541978
-0.0034539862303409226
-0.0037829473755302883
-0.00399793294787709
-0.0037304882794528833
-0.0031431939152216006
-0.0026786811039854037
-0.002511363959581801
-0.002565852931652293
-0.002650508583695197
-0.002558566025758194
-0.0023622492746590085
-0.0022710945414983847
-0.002274175417333664
-0.0022047093674267167
-0.002052767036216612
-0.0019866742068600386
-0.002054423824718663
-0.0020229894005869033
-0.0016570179222378748
-0.0011475377994249296
-0.000904495020205575
-0.0008659805579000427
-0.0006645014163249724
-0.00034247282504701326
-9.926220305160605e-05
0.00014373199859534988
0.000368133612472777
0.00046810871596503906
0.0006641140613465567
0.0010305157618802647
0.0011915111148145772
0.0010902121029553475
0.0011159515198915712
0.0014280866973584681
0.0018595256702524134
0.002258259205189515
0.0025829695163869255
0.002762506741629301
0.0028281864174276843
0.002982611786379782
0.0032017188515574865
0.003287364223047808
0.0033028834397867547
0.0034056481508755996
0.0034783420523539525
0.0032917143691799425
0.0028963556969119953
0.002506834281205899
0.002235652657255268
0.0020632075125256843
0.0018256349206932782
0.0016079488512118455
0.0016545489528504431
0.0017165118131951818
0.001570646883553203
0.0014706046400932097
0.001389413132987051
0.0010999043591563736
0.0007899028420942106
0.0005920443712246586
0.0003642507335038965
3.354846288251834e-05
-0.00037246425228364827
-0.0006244577664112697
-0.00045793477709096114
-3.210353699532875e-05
0.00019309012250510668
3.22957362103235e-05
-0.00026221144785156143
-0.00042652396092980084
-0.0005552393193953599
-0.0008388981746857739
-0.001125063826511551
-0.0012109362175042517
-0.0012775336430046469
-0.001568687142462756
-0.0020003610727057086
-0.0023130957810615065
-0.0024036598377060823
-0.0025063800626455935
-0.0028345075347940797
-0.003121722455102891
-0.0030628083978367863
-0.0028038304106468865
-0.0025152486495753266
-0.002217957179389274
-0.002088399997131792
-0.002092825326048137
-0.0019448775136405101
-0.0016606274183635032
-0.0014999719369550883
-0.0016508002365012457
-0.0019386144772358081
-0.0019979810391033623
-0.0017659871990590732
-0.0014495117573008719
-0.001311545132508321
-0.0013508388316671067
-0.0012394947992054577
-0.000907197528368188
-0.0006469029233533898
-0.0005707038295709888
-0.0005327601524664476
-0.000355744254090325
3.0306893815244818e-05
0.000427800384728139
0.0005036948451280759
0.0002661824195415146
0.00014914218524649837
0.0002880623295421249
0.0004002971163771171
0.0004848703238941512
0.0007024007104934425
0.0010548851267410276
0.0015719992417981433
0.0020823152145159514
0.0022273244219971405
0.0021438470501189367
0.002319477547379538
0.002826306087396837
0.003191023021788551
0.0029659570308290264
0.0023685847073090273
0.001932774843180057
0.0018951226108076544
0.0022052514320270557
0.0024686330807325908
0.0023733895805284418
0.002183756548793981
0.0021438653020574615
0.0020854289180232584
0.0018543088757254841
0.0016133881813999024
0.0016020179948873139
0.0017313972144077355
0.001714401275499244
0.0014368280400622949
0.001062744800951313
0.0008589325048211794
0.0008020556780838645
0.0006574591938276544
0.000430574720646908
0.00027240237882367527
0.00024507773394763684
0.0004053443622150949
0.0005806420828166209
0.0004236475116559807
0.00013507522621535734
0.00020999190617086716
0.0005580716145762964
0.0006319599067810371
0.00010671316757265153
-0.0007426414242116958
-0.0013338051524086972
-0.0014962772592233293
-0.0015953814599997031
-0.0018995667687122936
-0.002249711602771945
-0.0024202428968619107
-0.002447321854609944
-0.0025259277259434207
-0.002745005900231112
-0.0029545288834475344
-0.0028963495515076094
-0.002535755721558542
-0.0022648157628172576
-0.0024392419763149473
-0.0027705641068432782
-0.0028204661919885563
-0.002699317659746587
-0.0026583530337536752
-0.0026807178243161284
-0.00271689812681236
-0.0026046009306815773
-0.002151959770219
-0.0016775217273642708
-0.0016028064472528181
-0.0017201701100557926
-0.0014568798852461658
-0.0006486354658104005
0.00012262864543663085
0.0002492094425150318
-0.00015198011267984583
-0.0004653254488643857
-0.0003217843094385671
-2.0484263214444465e-05
0.00011719165370891078
0.0002543264778580162
0.0004810946287823626
0.0006470423183740862
0.0006389553926187033
0.00044427374232235486
0.0003057010052185515
0.0005623802768424963
0.0012422685945176638
0.001961970021694487
0.002302753314822244
0.002315040321371819
0.0023063334749350477
0.0023228120101647775
0.002270347269102469
0.0021719549583315368
0.0021500238361911958
0.0024387032901427275
0.0030689154479739784
0.0036194260106380753
0.0036473213107261412
0.003221831729287547
0.002911200447239283
0.0030150097195175687
0.003165269833849132
0.0028834585959827616
0.0021290286881872605
0.0013603744691214753
0.0010190544986570828
0.0010059681678869
0.0009641591467537472
0.0008415845172757008
0.0009011556929104814
0.0012186387882396153
0.0014028244023851014
0.0011382143751345539
0.0006198309043580867
0.0002847255901203237
0.0004046427428086724
0.0006951263296244813
0.0006161296160532362
0.00020365950906911512
-0.00011383677990623592
-0.00022224120825781873
-0.00020198956423459272
-0.00018835837729052132
-0.00038321083753424523
-0.00065482658261274
-0.0007001423336298607
-0.0005799225485658005
-0.0006295895792656631
-0.0009429174007735582
-0.0011974968532109942
-0.0011821093605082263
-0.0011120275977802904
-0.0012611693325870546
-0.0014108943217444234
