0.0
0.0
0.0
0.0
0.0
0.0
0.0
0.0
0.0
0.0
0.0
0.0
0.0
0.0
0.0
0.0
0.0
0.0
0.0
0.0
0.0
0.0
0.0
0.0
0.0
0.0
0.0
0.0
0.0
0.0
0.0
0.0
0.0
0.0
0.0
0.0
0.0
0.0
0.0
0.0
0.0
0.0
0.0
0.0
0.0
0.0
0.0
0.0
0.0
0.0
0.0
0.0
0.0
0.0
0.0
0.0
0.0
0.0
0.0
0.0
0.0
0.0
0.0
0.0
0.0
0.0
0.0
0.0
0.0
0.0
0.0
0.0
0.0
0.0
0.0
0.0
0.0
0.0
0.0
0.0
0.0
0.0
0.0
0.0
0.0
0.0
0.0
0.0
0.0
0.0
0.0
0.0
0.0
0.0
0.0
0.0
0.0
0.0
0.0
0.0
0.0
0.0
0.0
0.0
0.0
0.0
0.0
0.0
0.0
0.0
0.0
0.0
0.0
0.0
0.0
0.0
0.0
0.0
0.0
0.0
0.0
0.0
0.0
0.0
0.0
0.0
0.0
0.0
0.0
0.0
0.0
0.0
0.0
0.0
0.0
0.0
0.0
0.0
0.0
0.0
0.0
0.0
0.0
0.0
0.0
0.0
0.0
0.0
0.0
0.0
0.0
0.0
0.0
0.0
0.0
0.0
0.0
0.0
0.0
0.0
0.0
0.0
0.0
0.0
0.0
0.0
0.0
0.0
0.0
0.0
0.0
0.0
0.0
0.0
0.0
0.0
0.0
0.0
0.0
0.0
0.0
0.0
0.0
0.0
0.0
0.0
0.0
0.0
0.0
0.0
0.0
0.0
0.0
0.0
0.0
0.0
0.0
0.0
0.0
0.0
0.0
0.0
0.0
0.0
0.0
0.0
0.0
0.0
0.0
0.0
0.0
0.0
0.0
0.0
0.0
0.0
0.0
0.0
0.0
0.0
0.0
0.0
0.0
0.0
0.0
0.0
0.0
0.0
0.0
0.0
0.0
0.0
0.0
0.0
0.0
0.0
0.0
0.0
0.0
0.0
0.0
0.0
0.0
0.0
0.0
0.0
0.0
0.0
0.0
0.0
0.0
0.0
0.0
0.0
0.0
0.0
-7.335035007251105e-08
-2.506518546834914e-07
-3.6181179435707556e-07
-4.3539996094217185e-07
-4.902946651853771e-07
-5.08299414792719e-07
-8.594579960722437e-07
-2.274015726743843e-06
-3.846887426892732e-06
-4.09071551372501e-06
-3.694137129267089e-06
-3.5247003761770993e-06
-3.5957586253779695e-06
-4.097128952254889e-06
-5.209404961048685e-06
-6.610321821943238e-06
-8.757197504180807e-06
-1.1409637676994525e-05
-1.4482191748003453e-05
-2.03409778486954e-05
-3.1993504924246176e-05
-4.426659709440732e-05
-5.049959487831736e-05
-5.4545287517546345e-05
-6.549291393558043e-05
-8.584197851491229e-05
-0.0001054527846480306
-0.00011824488785260681
-0.00013279583454413752
-0.00015270037009062015
-0.0001758361472488584
-0.0002074476235084937
-0.00023955179719098503
-0.0002577383857661952
-0.00027145972492639153
-0.0002959887864709441
-0.0003301497284850945
-0.0003643702699861058
-0.000393556997100877
-0.00042871264979118666
-0.00047692928965674674
-0.0005261976917269557
-0.0005858706440302418
-0.0006690813164007755
-0.0007639808469313496
-0.0008705951635429432
-0.0009957571948722595
-0.0011372076415202615
-0.0012791666885855388
-0.0014084582270330762
-0.0015480844787956383
-0.0016969742817805166
-0.0018279177889576174
-0.001956924810423349
-0.002087762340445732
-0.0022072068456274784
-0.0023267222927394636
-0.0024421940724214087
-0.0025372321721044418
-0.002616343871829866
-0.002702975392881415
-0.0027956381012327145
-0.0028689286523447214
-0.002943713433649135
-0.003031819653394819
-0.0031166690008303855
-0.0032139283584588473
-0.0033086319600061716
-0.0033894094872569786
-0.0034704463107060927
-0.0035501773951208443
-0.00367220925736888
-0.0038491156017029203
-0.0039640537323581
-0.0040026137238563814
-0.004093313072176762
-0.004233416664826793
-0.00434140288133995
-0.004421968800936523
-0.004542319545119207
-0.00472451114550211
-0.004866761504756728
-0.004965766430000863
-0.005195967696266112
-0.00548474291713676
-0.005644579390427889
-0.005755280051043121
-0.005869910847770496
-0.005933826798119851
-0.005962545501290411
-0.006004815170986969
-0.006122643672003958
-0.0062653703434381895
-0.0062658844891544845
-0.006207685853471914
-0.006287704832690021
-0.006363265468503696
-0.006375258318707042
-0.006442590063824856
-0.0064318868795442755
-0.006263653578025907
-0.006111884846840456
-0.006120584173234693
-0.006226327508706868
-0.006264182261344081
-0.0061844270543991095
-0.0061228781554118535
-0.006118878331069833
-0.006138287333980719
-0.00618020678699258
-0.006139893089996793
-0.006022285641265671
-0.005979085766776345
-0.006032527880563894
-0.00603981341203856
-0.005999051364710406
-0.005973340282542119
-0.006034501436016802
-0.006017268911217589
-0.00585648194343388
-0.0059218735826787544
-0.006170472788439476
-0.00625982714808854
-0.006225930499755251
-0.006300511700414445
-0.006421782815662867
-0.006378494782430491
-0.006210501100743046
-0.006155728674642749
-0.006299767288617876
-0.006251804726010196
-0.0059748938805318
-0.005947940721956595
-0.006185362187570621
-0.006238145730724038
-0.006026406989243073
-0.006028762664621134
-0.00625509326855871
-0.006202729082264927
-0.005915568047843511
-0.005810595629061406
-0.005946023391814555
-0.0060570824536878756
-0.006098585081587681
-0.006251275975591718
-0.006459960222815013
-0.006592472879253759
-0.006763097491943775
-0.006783977092707498
-0.006681125520327873
-0.006829601441183252
-0.007120778523093641
-0.0071618627886524825
-0.006773310335098852
-0.0067216062979689834
-0.007306339845689049
-0.007552828925281484
-0.007333589978013761
-0.007653059604130729
-0.008383566293439393
-0.008453178410249661
-0.008163958512010332
-0.00823528537041843
-0.008640736419469103
-0.008869765930149749
-0.008805856494754311
-0.008997193500804317
-0.009146265863597692
-0.008969239278734182
-0.008998297178160529
-0.009180273991230148
-0.009058231549399881
-0.008840842822832186
-0.00886817431226339
-0.009187010310094012
-0.009458111551441092
-0.00963648675193774
-0.010190024224403751
-0.010934327516334504
-0.011092276722643507
-0.01120511308470191
-0.011737293461148903
-0.011292087699921044
-0.009743594625207271
-0.009652585430067718
-0.01170142036688247
-0.01263431615092057
-0.01217765580989543
-0.012745064550064675
-0.013920662153701004
-0.014432031152444694
-0.014009655562031459
-0.012974217350986183
-0.012551788219715596
-0.013071400115371659
-0.0104718930043318
-0.004171029067659288
-0.0030721034583162765
-0.008273102405404712
-0.009967705237226395
-0.005810058650970182
-0.0015462821401951846
-0.0021288141555841095
-0.003120370496152401
-0.00021884450481838213
0.003596224772839509
0.0039708431612600955
0.0006232551618347744
0.0025643945324949464
0.008636571115958728
0.006957423446629541
-0.0012337238314393156
-0.0016313105295527903
0.008768984696986538
0.023753859237945804
0.05171999532190226
0.10009645555364553
0.14512544757350665
0.15030063098134538
0.1218078936977832
0.08516856387966754
0.04822389680394879
0.02846556549412981
0.033484192885527134
0.04956170917778979
0.0599885684027183
0.05497549606066663
0.044771370565681166
0.03834530933874852
0.040498451954214774
0.05280327398588084
0.044351810694279854
0.006655416925137197
-0.00925610354477124
0.007064440902084673
0.023306938694771944
0.030302089294340168
0.026882527390770555
0.022484824265918243
0.028297266836957158
0.03225498938037197
0.03193752787500415
0.04271875536546489
0.055457774266729674
0.050866020969343215
0.042465564295832314
0.039073602656821575
0.03251895430759939
0.030199410983821704
0.027296161238919054
0.018205705818493772
0.010823485594430882
0.01266566369632533
0.024455424772025405
0.030390749640392532
0.02267090235065155
0.019041877862574427
0.02845945361786329
0.03552273814120278
0.039569895198818164
0.044439233222725964
0.04388820289147804
0.03571736017820582
0.03006182910388384
0.03675605937339401
0.03561159559074384
0.020090561555766922
0.00827264045683415
0.0057753172605590234
0.013343273496303095
0.027109495447176786
0.029037697528455697
0.010794850126738883
-0.005608383939318833
0.0008948617135617911
0.008297493814838694
-0.013014434436161142
-0.033216289672857016
-0.025684289271994794
-0.014473752249211578
-0.008770659724663702
-0.0043378205818863985
-0.01306755854529466
-0.016547261464698544
0.0019134993618725045
0.013909479747133534
0.02417329631668198
0.037473233339968694
0.023216593329557986
0.00641332463002723
0.011407660586187888
0.016705781876980037
0.03649155725993328
0.04921951360337613
0.01603867613463775
-0.012781791106965621
-0.002567218645545762
0.020149749579545836
0.02253791601964982
0.010070003098967259
0.011466701997784212
0.02170537139300676
0.025717994493239974
0.028375472610335187
0.04768995059785842
0.03310618741628666
-0.02814875870974383
-0.0339899842514342
0.006880638177215155
0.003973468782386897
-0.024098503830626304
-0.01932112440690496
0.0016629715219085006
-0.00023572102613933794
-0.004160938652959653
0.0005659149417730149
-0.03328772700943609
-0.07953628414586139
-0.07418547413711671
-0.04293458978916444
-0.03972866148540247
-0.06355935789645073
-0.06827515556160839
-0.05057113769510843
-0.07034683112851686
-0.11733465450050021
-0.12317475488444829
-0.07125193419352852
-0.002136720660738878
0.006029014249664276
-0.03291651159474975
-0.02771694584816848
-0.007062294060564319
-0.022590984248589376
-0.0255451811968832
0.008592196229288727
0.043121512824453236
0.04671380646733205
0.02233065149111223
0.004496183942354806
0.010282466912660451
0.015068540617347458
0.016937377269024573
0.031699666859068366
0.06225689487051438
0.07540276410623704
0.03940405400744461
-0.011899839971799542
-0.06339957241357502
-0.10856653584001907
-0.10664688852334225
-0.06522422793550758
-0.031976777756845036
-0.02837649209109557
-0.031821353658448744
-0.01602466209863912
-0.0026037873865803265
-0.010239344016751875
-0.008639613485488728
0.019703817639911445
0.05328236565884274
0.08442726824005772
0.09847643131534209
0.06685341827267452
0.03557251658998462
0.06361623868359478
0.09731608593348283
0.07097823763869247
0.027332215625614078
0.01686804197803494
0.04338009192703252
0.08756020635820888
0.09513763289328617
0.07580245719590865
0.07178502154379264
0.05890892944976399
0.05254205395960659
0.08594785987031477
0.11013199501618139
0.08742047730507807
0.03976903950205239
0.0029237062404476703
-0.0033316015642708206
0.020018107972685138
0.05103568184524957
0.0600599745687808
0.041599347458357756
0.01344779966414481
0.011991552631994648
0.02747690005812349
0.032782401085883504
0.033941925394443184
0.03217002554949317
0.03206745394477987
0.0312737227439244
0.04349671026735119
0.073955989508107
0.07286275220095582
0.03582217692779276
0.012488894276613418
0.01927874482799616
0.035537622617397686
0.03322037107473748
0.03731459931645522
0.05468696603316902
0.03862602808266815
0.017230978456768947
0.02620850570806929
0.029017717920286956
0.013508028217854717
-0.0025053068547379446
-0.008273767748284727
0.01258902752084856
0.060032486930552034
0.09653212443706863
0.08459987071394569
0.04837356816557474
0.03147299904569755
0.038425758476769524
0.05594978714858999
0.0685047164926805
0.0614296822982286
0.03408220483337047
-0.0065709283819737245
-0.033847520631766444
-0.004162516601156765
0.05902872206994543
0.09993327940921001
0.10474530306566991
0.08298621004725727
0.043464363494194865
-0.017227369104282766
-0.0916669302711718
-0.13664019607166886
-0.1235064700722294
-0.10915342630888739
-0.11665350506864335
-0.10831662732784472
-0.08014967285451768
-0.07581848702985633
-0.12871055374647572
-0.13852186253206047
-0.05388999829375821
0.00017782002681285044
-0.037025388657462244
-0.07470033517460312
-0.050169752152172835
-0.015561414153315632
-0.02474654699556261
-0.060139011182831256
-0.06462215006691668
-0.026098818067417578
-0.004044761227792577
-0.033194488070186774
-0.07564418362685038
-0.07512309314073615
-0.02941654518118768
0.004549688196322965
0.012921567051630136
0.021693922889046806
0.03349693901438192
0.057025810530323975
0.07218894962362452
0.053364822358101256
0.026096997241119503
0.02011463678881593
0.014487377627563879
-0.006159853269748138
0.011398307751726677
0.051277383955591484
0.018633565837805822
-0.08268743454251552
-0.1293095813876532
-0.09841264742158308
-0.1062418880206709
-0.1338010419008345
-0.10286931298539824
-0.04735290711132604
-0.007310025696402408
0.0009222479788292752
-0.02273759947032567
-0.04159958388057705
-0.019148136878422126
-0.0028426623341885524
-0.03499663674177596
-0.06912607015894762
-0.08756267296212358
-0.07464366852205037
-0.00936191439568695
0.04073869038554642
0.008822138029928017
-0.054279928849067065
-0.07500166574228122
-0.0453172569834422
0.00028031504728905473
0.012222543887157518
-0.00898663227935256
-0.05013304474185831
-0.08685134008492353
-0.0731670999884488
-0.041636371255589916
-0.04819289054168713
-0.058703967310026584
-0.042726562604448286
-0.024005522730234808
-0.0011683192421992142
0.016640036538695425
0.007791680818158662
-0.010435282066946475
-0.017924671304784635
-0.004901949599326764
0.03887180818039574
0.06362560337025394
0.03843610267268369
0.016469378351155816
0.0144100577268465
0.011643090356231244
0.0004984595518032503
-0.005492491287647609
0.016843517704759094
0.05640938567838245
0.06658980323074033
0.03592544585301076
0.025029119146635585
0.03773540028714117
0.02035651902736888
0.0005397272814481716
-0.001112335796774114
-0.02027943148065365
-0.051745704828422924
-0.07404974993475538
-0.07204667025671911
-0.04871253088698343
-0.02511751202311126
0.006446981735536874
0.02788190289181932
0.019922767065549133
0.010463957916081838
0.0016939046673502477
-0.012966076572986937
0.006184006937540768
0.062047220075226214
0.09279143954193789
0.06884562896794302
0.007536578225423538
-0.02609057835800879
0.001188468333779296
0.02616625433798118
0.027625295721672955
0.033248525051020515
0.03045119504597426
0.018975008990626454
0.018556897667820885
0.03711046889555597
0.06420254899409733
0.04539566580878388
-0.005905846328307697
-0.009686843373262899
0.012042224809426875
0.004709537751456242
-0.018652961623348764
-0.035476227673243876
-0.047030313617021154
-0.0614087860125801
-0.06809890745467104
-0.05358843604157104
-0.041268606915541566
-0.0438200649112047
-0.0517456367424216
-0.06118228311853795
-0.05940593758811445
-0.05653413370158506
-0.06208693507127591
-0.06504536408236679
-0.06932390244547434
-0.06303234041748405
-0.0430872840940581
-0.030761682741089487
-0.025798541450930086
-0.03186549283786577
-0.03755136368917074
-0.015830562558383894
0.008424971887534004
-0.003260122985198868
-0.029110801074569034
-0.03137363883902579
-0.02074612259184884
-0.010657014662905643
0.00026092062467478183
-0.003938516229244245
-0.02194887979858171
-0.02595454764202149
-0.02301388483674282
-0.028457824616132405
-0.016116723862284733
0.0004494963034304991
-0.0032491124053659792
0.009817585852387123
0.05290662732837141
0.08322369464273063
0.06920260572767226
0.034755283909693756
0.02028231692512204
0.009316236328705683
-0.03168447998614708
-0.06368656110729724
-0.04873054609353349
-0.022247736492821267
-0.01529466334100325
-0.021945374537320858
-0.026938642137631856
-0.023328295735048396
-0.016078882360168495
-0.00864630486781991
-0.0056017744953693
-0.020779891138325086
-0.04450220512746164
-0.04485091956379028
-0.0233416658249663
-0.0041736661174152775
0.012493203497693822
0.034001282224002054
0.033436407490529375
0.002699340630772086
-0.010018741655102602
-0.004817187353462074
-0.014687249200952972
-0.005619585137271006
0.0234966204142916
0.007278426719274561
-0.04747202979299862
-0.06546220434464048
-0.048163868978977044
-0.04827122857936172
-0.05772141302955931
-0.04332599393542256
-0.012741013253757184
0.0035242642932489902
0.017509479669384095
0.021779567079102544
-0.009115079134147816
-0.027379906294796568
-0.0003617428134923118
0.01606185403682871
0.0014279112551650445
-0.0023382428003999155
-0.006432853069043805
-0.03519193055381318
-0.06466590337417995
-0.06469165334472164
-0.06195897601509406
-0.07331628686673505
-0.06406939986038657
-0.027112625636027485
0.017233740592873054
0.020920187986253377
-0.02840472150370758
-0.0654856265700864
-0.054277462149849416
-0.014380401581077694
0.020917806731417198
0.020419441272925363
-0.0011008216880286981
-0.0002574070250200241
0.017651637595802263
0.0313366555092198
0.04556086902994008
0.05770156674611309
0.05986422806586682
0.04567070772623697
0.03019219776777164
0.03477881846156631
0.029270507860309474
0.007029423189093107
0.006059237551820917
0.018074126580239942
0.020802867344150874
0.013515127858679489
0.0019756944114980254
-0.000623436274680057
0.01408378176593605
0.03243538266831913
0.03418009737400993
0.02986023177062139
0.021328788430239484
0.007768138431344115
0.005448687756028726
0.008414254577868171
0.008489588823684497
0.011409411333209642
0.022046157780328573
0.028254792719347926
0.015938170670153427
0.0011096317776064695
0.00609047715266939
0.020625867164405575
0.029703677786576527
0.029307840642883234
0.02436394265254116
0.020484972739117056
0.01269948862931416
0.009768971656201511
0.016491264176474535
0.021052368718087546
0.02385563907760361
0.02547465122379293
0.016821158607787934
0.008714885021319152
0.014230668957585547
0.01917477693450463
0.015534549243143127
0.010504699100451168
0.00312317411272309
-0.0037673088856922596
-0.006946318356822339
-0.008209578464497599
-0.010616847893744192
-0.017014033940978023
-0.021239071909837568
-0.017113406234531683
-0.007998353091780045
-0.0026204339807993178
-0.00044897367931426123
0.0008933338222280827
-0.004638358790065174
-0.012737094043312566
-0.01441948799489841
-0.016019537774400554
-0.018801724023512205
-0.015588358024208089
-0.011073685286720297
-0.009061657362740646
-0.006745782447452734
-0.006484529110130012
-0.009312405455923012
-0.008197025427656183
-0.004649028258452789
-0.004210620184574851
-0.004643252033297353
-0.005815228987733789
-0.007519752342552467
-0.007505011059679655
-0.006574232718564048
-0.006350836641694187
-0.0045759207869894
-0.0023026758678749565
-0.001700195876781517
-0.002601359693113564
-0.005696238260835639
-0.006320782983574982
-0.003953480725287072
-0.004454778592374137
-0.004661875949066982
-0.0016316252706357062
-0.0014801556157280512
-0.0053269401945660565
-0.006102978766998539
-0.0027630609634026414
-0.0040039446885708025
-0.004434673262499758
0.0022966148045649687
0.005892598870362835
0.007447312246178556
0.010914307166211232
0.011782794720945376
0.010562538670682324
0.011076041105983614
0.01359165677536675
0.01359672231004209
0.011412647124059462
0.014422790961036457
0.018952754471594307
0.015831517997558338
0.012246604532747056
0.014631690370449304
0.01575237576629097
0.012163160083083348
0.008645205398664568
0.0065802129094952215
0.004913643258404419
0.004153944462400952
0.0032116348713395215
0.0019046032077796621
0.0025308036899832002
0.006149860976799035
0.010570343690025066
0.010877609147285416
0.006386881298497031
0.003938635747300966
0.0060797880232084855
0.007450123775852378
0.005440317009915397
0.004738653838419349
0.0058356454146750855
0.004558483438743665
0.0017675836424222709
-0.0011343345157740772
-0.0029343948796937036
-0.0024775933848373653
-0.0017033949871723725
-0.0011349207958474567
-0.002604266376710819
-0.00755471514255437
-0.008991883972492348
-0.007506419072478501
-0.010087217354914366
-0.010432298340657106
-0.005304067951647889
-0.002854757511603616
-0.0033050585212564183
-0.002243822499681543
-0.0003256444717696494
0.001700775610201282
0.0014857844375749966
-0.0006540984111684581
-0.003072161135031929
-0.008334504604112928
-0.012982802074095318
-0.01396677604753873
-0.015069546556149355
-0.014351725400602061
-0.010604089456581024
-0.010838086042959598
-0.015197852569146107
-0.01719591160444344
-0.01461806072899132
-0.010848518230272766
-0.008971589577660605
-0.0058838426006211
-0.0024106621115860846
-0.0030278076528671323
-0.00575457968212517
-0.008592187236994694
-0.0116433506971139
-0.01125788924058187
-0.003838459584630428
0.005173047819872356
0.006757230247316923
0.002677136351176897
-0.0001458990703820598
0.00047750203390507036
0.004238977658106656
0.008683668663493153
0.00881806578608966
0.0033428641806523265
-0.0016487143354294576
-0.003390647194204523
-0.004663623588183467
-0.00319995457934756
0.003689421872736356
0.010357695379443562
0.012386006839151585
0.011388754856370933
0.008311194953955037
0.006879325116220272
0.010451406952552644
0.015360467872484832
0.01737962121743784
0.016047699411111595
0.014371594363854543
0.014442798100886136
0.013563786563892944
0.01283214469753581
0.01544820013892007
0.016524154292557675
0.016571221461612728
0.018863142208279268
0.01799849451599793
0.015013652432795961
0.01592621768570775
0.02028576005732091
0.023281728512952595
0.02199962122506604
0.018477241108314082
0.015711801766737435
0.014761588749603793
0.016626368427743524
0.019082238526156557
0.01825088442386516
0.017248135891277397
0.018437208741722215
0.017861967122343222
0.01469567197155781
0.013314270506753713
0.014019181964297963
0.013893786760049175
0.014038599181031671
0.013796073518137593
0.009546050756912864
0.004191310132406516
0.004187046651876313
0.008022289187565803
0.009450528845303532
0.0067465493429740495
0.0032769857107390974
0.0008208466772936324
-0.0007494890859927488
-0.0019380454981418817
-0.004721874416063439
-0.005602929183090361
-0.002418057381300813
-0.0020972161949357675
-0.006946698472793766
-0.009742729025381936
-0.00755549420123749
-0.00498055156673547
-0.004977019562365793
-0.007919645307991496
-0.011058435760880803
-0.011756625478637034
-0.011694726917609564
-0.013297532524183977
-0.015732649779276853
-0.015097747792965726
-0.01172960177161105
-0.010378699694324285
-0.012379250895555402
-0.014531407157008888
-0.014757757060340878
-0.014775218842377473
-0.01561230276501644
-0.016317762784138275
-0.017790442256476937
-0.01865801426232292
-0.017034160355802345
-0.017903019707518217
-0.02095405151466027
-0.019691541175326635
-0.015499732483254352
-0.012781519194058028
-0.012628391080618466
-0.013386077912737977
-0.012429381987721444
-0.010418412884974118
-0.00823480106999101
-0.0056891398956650215
-0.005352458391299685
-0.007629061609148146
-0.00900015462147962
-0.008117234180271903
-0.0069541858653510225
-0.0062080105954476945
-0.004845446013145649
-0.0027918038136702517
-0.000296849261458575
0.0018769650261522333
0.0011642775718370643
-0.0009049120432683044
0.0011109280381393699
0.005578438951096688
0.007178884155423181
0.0052728491158033535
0.0026078501108753554
0.0020569604875918896
0.004850182094313446
0.0085093908719368
0.009588501481438907
0.011191632206584238
0.015423270576257734
0.017269395037670707
0.015101359255596348
0.012577946769813705
0.012294618940061099
0.013070032649952969
0.014028911981819265
0.015155884807983492
0.014044278711766079
0.010647641865544696
0.00909764976659214
0.01115414495614545
0.012946521448629676
0.012896234734044148
0.013142011909682592
0.013759568267375528
0.014942785613709233
0.015023741860537449
0.012746462047601595
0.012338081081100292
0.014334044881132059
0.016173078142551096
0.016272770498464862
0.012149262030784896
0.007605800655862853
0.007829047502101437
0.009491924323640176
0.009282495619208464
0.008812017144816688
0.008913458080113677
0.00880465647639831
0.006962347659662136
0.003409014308150338
0.0005829233438804179
-9.492056329505721e-05
0.0009086911641945589
0.001438550739849645
-0.0008526872813537354
-0.0055008626653287014
-0.008399360517728634
-0.0062167726532116226
-0.0020869489102239907
-0.0007385174386077402
-0.001728570206032516
-0.0020002661728222844
-0.0016372449264299982
-0.0038577203045373444
-0.007380168341516218
-0.008067668093804289
-0.006427416899715723
-0.0050242811056549624
-0.00522266752949877
-0.007026665268677618
-0.009387802806567251
-0.010628775602691506
-0.010354175942395225
-0.009914124117148912
-0.0092152562098353
-0.008786257194486564
-0.009556953086790543
-0.00985788853987276
-0.009683630072206725
-0.010604804906968345
-0.011462402222580244
-0.010213690708956473
-0.006859623210360317
-0.00470233468173533
-0.006233615977750694
-0.008756549465902427
-0.009561730196059576
-0.00821410718388428
-0.005223226785344803
-0.0031984038803835567
-0.003437804193134153
-0.00439339257029053
-0.004895849427388815
-0.005765871520064194
-0.007594579728005243
-0.008708509994694339
-0.0064523128536661915
-0.0025110270445058806
-0.0017652999749801909
-0.003259740839244246
-0.00448157847555975
-0.005298014936037582
-0.0030228051236371326
0.0017796287508955138
0.0033327862500196494
0.00143414778008143
0.0006932853514876095
0.0011374702590594506
9.726411117209591e-05
-0.0003507207000397376
0.0021634349690419657
0.004349648026322068
0.005242393529897049
0.006355144449223741
0.005706709394921199
0.003487795178737727
0.0022878455348625598
0.00271715257749203
0.003394534418147328
0.003300117522050041
0.003959230934611049
0.004077979264235818
0.0017250152648714543
0.0003203364039375089
0.0014537306105466504
0.002596334335236711
0.0035750527929768973
0.005723875689770222
0.007263358941664648
0.005847746993947772
0.00342167357506815
0.002949119005688371
0.004029396403226559
0.0060157885158602185
0.00751659663480956
0.006349492289756244
0.0037623485324779424
0.00200634310697314
0.0013680224879341148
0.0011446931773024496
0.0019924710010621348
0.003800430194484446
0.004589319849234475
0.0035835784351260216
0.0018562012529921492
0.0007889612590334896
0.0002664371267409734
0.0006087973780525299
0.00197086209740488
0.0020830418406780067
0.00013630494680420667
-0.0017627950734152278
-0.0023637885171072658
-0.0017357871197757654
-0.0003987495568927777
0.0010187910593470212
0.0014087964542648602
0.0006810584229812379
0.0007879671076517422
0.0010412341692632393
-0.0006683566255029287
-0.002766546437153765
-0.002937347745830817
-0.0022228620986105914
-0.002326972924659091
-0.0032875924920854342
-0.004533174162322795
-0.004692581731579978
-0.003679321773924882
-0.0031897999546970715
-0.0029926528182000665
-0.001998506601273638
-0.0005331224234990087
0.00035024927386910563
-0.0008048858707926227
-0.00307857562211161
-0.0036221608728620085
-0.00223463576123653
-0.0005410214685397707
-0.0003273951429090755
-0.0014673641126595667
-0.0024070273015943766
-0.0032182113843255214
-0.0035725798991446903
-0.0030482339430386533
-0.0016079128365827295
0.0005137877860325312
0.0008339257352784832
-0.0011334238199978846
-0.0028469596030425005
-0.0031283272412093825
-0.0023731213467389867
-0.0022853638544983648
-0.002788316761192227
-0.002285055420036963
-0.002321676254515582
-0.0031811180323858806
-0.00276058474619735
-0.0013892569656433634
2.20339358344922e-05
0.0015548491702472096
0.002612402043672378
0.002122680182587882
0.0008918272330789163
0.0005034923858744485
0.00016101520069799788
-0.0008451301058585976
-0.0007982054523474545
0.0002834152608574781
0.00019237327710147577
-0.0007396527938858705
-0.0007927800247652483
-0.0005103816466205352
-0.00028055121950574326
0.0004606895635242731
0.0009588020654033859
0.0013135725538615053
0.0019173278568165428
0.0016280854460753466
0.00022454365558245845
-0.0006242845442235601
-0.00028698401642075457
-5.024113088471909e-06
0.00014019676945439526
0.0008199337659264887
0.0013729099452894707
0.0012359944920551551
0.00043694144534826666
-0.0002008446429582117
0.0007109455160150538
0.002483532263603646
0.003110277579646994
0.0020315697481981033
0.0006576881989481422
-7.23985753920329e-05
-0.0006755474040867318
-0.0010892484649495167
-0.0009377719045197654
-0.0005631721657187685
-0.00015960859541569103
0.0002317766411378586
0.0001845054757881714
-3.0895459899966635e-05
0.0006424804515824933
0.0020436734105041565
0.002070478073336946
0.0011677262935377991
0.0014132847837288007
0.0013600373803699345
0.00021399846870232705
-0.0007547686466741573
-0.0011754755080042615
-0.001019728379909721
-0.0003361214078450761
0.0003253763156100476
-0.00015030544173551646
-0.0012349548796960067
-0.0011100906113695446
-0.0007093695731554153
-0.0009222044106600875
-0.0008235030987467093
-0.0007872889399279645
-0.0008454470337842855
-0.0006387879170790271
-0.0011279931234089453
-0.0024042888660685117
-0.002598999898378584
-0.0012231614279857128
-0.0003602604202312535
-0.0007336095607056837
-0.0006095841803923834
0.00032440180865214225
0.0005924735855727515
-9.122283101505321e-05
-0.0005896036101689222
-0.00014774404696541759
0.0005862287618019167
0.0004607693978437551
-0.0010478162122904246
-0.002395076192620282
-0.002142823341189593
-0.0015753670869611534
-0.0015589635899279127
-0.0016688422561471888
-0.0012748284245675645
-0.0005079351267276347
-0.0005194052681187643
-0.0006853305293036372
-0.0003397516457182428
-0.00017855358504577273
5.717438524961478e-05
3.512606193894612e-05
-0.0006828586244876464
-0.0007827017717495486
-0.00016636853236629364
-1.9640187289042604e-05
-0.0005238103381766199
-0.0009545909814590776
-0.00034540923301350294
0.00048092823955378066
0.0004777506398511804
0.0003589022569461362
5.894805652829337e-05
-0.00037299870875187954
-0.0001352887785256057
0.00010270019598610583
-0.00013851151200683918
-0.000293642572070104
-2.9670041054866187e-05
0.0003846248210136688
5.347025714610994e-05
-0.00037931515654180656
0.0003096432027772875
0.0010495098971622899
0.0012143741967708661
0.0013538975445587624
0.0012286276570196554
0.0014607937684725794
0.0018377217188617365
0.0009155018858267817
9.233905562772835e-05
0.0005707897834095705
0.0009821900258971093
0.00035839693296538987
-0.0005116442792652537
-0.00031754327247282126
0.0001172476995935416
0.00014683675317930277
0.0005201051488540677
0.0005290506173403336
0.0003079241665512909
0.0007329416973279189
0.0007417204324108751
0.0004357990421855483
0.000671029686587877
0.0006610334801260996
0.0002808646970494027
0.00012996227306854227
0.00031093272677627136
0.0003542863643666092
0.0002233397438680199
0.0005390528763727273
0.0005636310966231011
-2.907027119685769e-05
-4.68460863662881e-05
0.0003590331912315441
0.0003599331757960494
9.25615876307243e-05
-0.0002995465940991043
-0.000762584471121044
-0.0007080201152927712
-0.00022455418277280185
-0.00045662919611166674
-0.0010420611063550612
-0.000769852041572311
-0.00015778918282279448
-0.00030140388521933035
-0.0008075545872289176
-0.0005733923735335894
-7.38476115617484e-06
-1.056140410467155e-05
-0.00037907822948244816
-0.0005999128472271788
-0.0004615014741454304
-0.0002905974706368981
-0.0007418298874135805
-0.001324387181586986
-0.0010610765122823133
-0.0005643729159255804
-0.0006961372669214472
-0.0010080593816491734
-0.0007799209383726121
-0.00033579302215806675
-0.00023520340038024327
-0.0002393171204739512
-0.0002466145313533982
-0.00039207122962704906
-0.0003517060667860196
-0.00018383454176437846
-0.00013148795124930012
-3.685691966876648e-05
-0.00010982959315206164
-0.00023615471245271182
-1.4904881901575962e-05
0.00022246736946777295
0.00023238344007073396
0.0002752777028100532
0.0003860183817608838
0.0005042154477167336
0.00034284857082516923
3.314607423791272e-05
0.00016869902543230626
0.00036727569582487317
0.0002840228188407943
6.507306768995507e-05
-7.544010563766197e-05
0.00017402889934022537
0.00054798625636055
0.0005151827437047284
0.00021762152588009642
0.0002837817618345867
0.0007574301459374689
0.0009002088260632257
0.0005858991505272269
0.0005716034918068919
0.0008172559649564767
0.0008536609729833736
0.0006784263104259116
0.00040047885878525836
0.00044822254011248254
0.0007238956641184501
0.0006824163095569609
0.0004935108703743926
0.0004457971690505606
0.0005853113273412138
0.0006855460013685186
0.0005890816131442686
0.0006065573154614226
0.0006031969522567283
0.00044715476444380444
0.0004106128089769378
0.0003398681654218179
8.126954998020787e-05
-8.86887219446343e-05
8.867155981853497e-05
0.000278904669455513
0.00012455038725023198
-0.00014078782530629956
-0.0002109908540762607
-1.7110697680115016e-05
0.0001505148382782119
-5.926818050985307e-05
-0.00031321088845369746
-0.00019619471787746617
-0.00013101768985427105
-0.0003955707467434907
-0.0006847806546110534
-0.0006969927850348206
-0.0004895957107556842
-0.0005248831820728426
-0.0007727283215217047
-0.0008125284830825103
-0.0006373214420412002
-0.0004671425799964136
-0.0005209075903491052
-0.0007390990369064958
-0.000731891817730091
-0.0005009257720985284
-0.00040330585443633843
-0.0005258772794179319
-0.0006202337592790174
-0.0005182907618735314
-0.000454920217524841
-0.0004977755779946434
-0.0005033329565779409
-0.000480030931659218
-0.0003565198731205855
-0.0002621441095175442
-0.0003241161131986749
-0.0003129936782030138
-0.00034167870435001586
-0.0003957655902779501
-0.0002996711199471834
-0.00026004661981490935
-0.00027429108937462057
-0.00033695229372866916
-0.00036448091886051175
-0.0002424411669366896
-0.00020372448385485287
-0.0002492548194213209
-0.00013435291994581713
0.0001298614794361296
0.0002715414839688293
0.00015870188336707144
0.0001440860154934011
0.0003941581000617458
0.0005682923374994463
0.0005277862222320525
0.00038849076817145094
0.0003948768690885141
0.0005945211759651553
0.0006326205250673759
0.0005195383000016249
0.0005362739001311002
0.0006789078490572641
0.0008145999964678171
0.000752985783139609
0.0006749179625286549
0.0008315683824179662
0.0009766972732600072
0.0009699406055696323
0.0008591648336121631
0.0007499337894465724
0.0007855982363987801
0.0008533722375210573
0.0008121286087076847
0.0006992023281265576
0.0006445717907384246
0.0006778414578871304
0.0006512947334339421
0.0005702818118083297
0.0005228461401485751
0.0004599615671904949
0.0003924532957955081
0.0003092063095231544
0.00019086904944257322
0.0001249496266082251
7.513725786027931e-05
4.612993972039499e-05
5.7216197739925985e-05
-8.735857527082448e-07
-4.676712779701535e-05
-3.608129957261834e-05
-3.8503263475435704e-05
-3.419363276650322e-05
-6.210268695683054e-05
-0.00011792849263907461
-0.00012832170988507483
-0.00013102210202439428
-0.00020000463271759787
-0.00030142631070996897
-0.00033103888240167286
-0.0003244376992630284
-0.00041636905842659346
-0.0005446134683328527
-0.0006017241488551594
-0.0005911491935656444
-0.0005577108436596004
-0.000596515694244452
-0.0006557628085324186
-0.0006365042093707698
-0.0006365757282773202
-0.000676721040895351
-0.000724061202583073
-0.000751797563991839
-0.0007192802585653811
-0.0007397810808790084
-0.0008002829292464564
-0.000816178205981069
-0.0008040084597802841
-0.0007479789231737865
-0.0006644712089268184
-0.0005810092872385863
-0.0005215535236640135
-0.0004895790784225748
-0.00042333549715759645
-0.0003596928395520985
-0.00032952103963016866
-0.0002820471244427296
-0.00023976891195639325
-0.00019052832067540602
-0.0001229513171463499
-6.581884685198425e-05
1.1206231053154283e-05
9.916476121305522e-05
0.00017823807470890835
0.00023853458159787608
0.00025097947509537306
0.00028461766991712506
0.0003488375750146659
0.00038727472452233406
0.0004288148570112807
0.0004639247449793029
0.00046866474404834354
0.00044989671110135573
0.0004148968056571176
0.00039904049905154225
0.0004305261577234372
0.0005086521559924402
0.000568021426269183
0.000563520196619145
0.000564750989518464
0.0006024545277025143
0.0006358238631087404
0.0006529602375640134
0.0006451501710902246
0.0006248763756113302
0.0006230027381964209
0.0006309584352089409
0.0006310087677810647
0.0006031566003604122
0.0005861794248011085
0.0006275251733454465
0.0006540602594952855
0.0006379597582117937
0.0006200622946569301
0.0005873726499060081
0.0005428233825224835
0.0004981219763782228
0.0004497305872328723
0.00040121204279154393
0.000351412431979008
0.00029832030736386226
0.00023634116649499788
0.0001670587555371943
9.675487202882312e-05
1.6908435359005978e-05
-5.29014630386653e-05
-8.745658629720158e-05
-0.00010103576317252889
-0.00011787754065336281
-0.0001718666869349588
-0.0002632701147674637
-0.00034878672589028453
-0.0004168836671922809
-0.00045824202067187516
-0.0004807814428937174
-0.000527114931469153
-0.000579530836795639
-0.0006142311247437833
-0.0006411084348605453
-0.0006534733168192502
-0.0006393681585531708
-0.000601665084377623
-0.0005702245106540264
-0.0005601075287667536
-0.0005624172900089898
-0.0005780083105572969
-0.0005931028257099223
-0.0006020715048912572
-0.0006197192663045824
-0.0006326500415707081
-0.0006293040142820787
-0.0006209872064895241
-0.0006098635182340467
-0.0005823743144905162
-0.0005243835690831276
-0.0004619316188254815
-0.0004332270325061049
-0.0004210835000043553
-0.00039553035578513194
-0.00036229410603311207
-0.0003382593016289742
-0.000310834705110084
-0.00025697629259919483
-0.00019688298513974019
-0.00016216501682581237
-0.00014505320350188147
-0.0001220780468283096
-8.337503822228212e-05
-3.095564226455143e-05
3.854391034535395e-05
0.00013003871985873386
0.0002179752023291668
0.0002735793705544135
0.0003028002341587346
0.00032603292680464857
0.00036126688242965664
0.0004062674976844412
0.0004408971645544742
0.0004617831144529299
0.0004800501046230183
0.0005104344694989135
0.0005554464614106426
0.0005947702958420994
0.0006261250300512198
0.0006591814840157611
0.0006781920012220309
0.0006642534886308259
0.0006238319344153766
0.0005994309896173443
0.0006183086338730965
0.0006466203118731903
0.0006511173951858364
0.0006338415725870861
0.0006045129759652693
0.0005641193881893177
0.0005093519860091893
0.0004624611756963981
0.00046017995125034093
0.0005069981141124059
0.0005573031467936068
0.000555965023913019
0.0004834428737568543
0.00033262448664069406
0.00011534517535403385
-9.946244569384998e-05
-0.0002139355196245698
-0.00015340391433513553
6.403616578454907e-05
0.0002877659024035883
0.0003668744052956107
0.0003096255127088034
0.00022319675130440386
0.00015881275397851326
7.949907735986869e-05
-6.529163968081218e-05
-0.00025297418661180245
-0.00040014898685010805
-0.0004599171930700925
-0.0004514706661041415
-0.00041646210704458054
-0.00040711231295000266
-0.0004627454971333532
-0.0005648785241659297
-0.0006475322344492698
-0.0006516889758690464
-0.0005816347571031969
-0.0004996782087866806
-0.00045946612250717396
-0.00046879581550195295
-0.0005087481907723598
-0.0005764669772563033
-0.0006871949762161015
-0.0007988529167713863
-0.0008166375056272524
-0.0007236729825870558
-0.0005812478530051517
-0.0004198402511303068
-0.0002667162315387677
-0.00019169079991878844
-0.00022305950837369547
-0.0002774302114247002
-0.0002466484158132076
-0.00011661559398378731
3.621492089791447e-05
9.102924657268897e-05
-1.1084867682343397e-05
-0.0001626922682199983
-0.00024139863223617147
-0.00026700056140409626
-0.0002446972992903403
-0.00013362742644554369
-2.4941184614830002e-05
-2.2857760499163516e-06
3.4986859033033604e-05
0.00015243941652714728
0.00026289900962250053
0.00031967229693188605
0.00030977175593825435
0.00019477451771926033
3.11821648085514e-05
-0.00011326716218090804
-0.00024326625389205347
-0.0003076847655803669
-0.00026927718098943395
-0.0002153280205152976
-0.0002553760301320128
-0.0003778327628074746
-0.00036182504249295867
-2.374763942311751e-05
0.0004700261232206342
0.0007957801432849235
0.0007870587597073388
0.0005503025417204333
0.00037829977715202
0.0004123672991298884
0.0005458924105055759
0.0006413766289784785
0.0006641546415397206
0.0006846892721377689
0.0007382577900939258
0.0008037640004197356
0.0008644331395337336
0.0008728636764679989
0.0008416560339329444
0.0007577929255050827
0.0006189455523370039
0.000669365060773644
0.000948032689064701
0.0010334535231708206
0.0006932129835160834
0.00014718317541792872
-0.0003042216813259554
-0.00045013528683237545
-0.00022456059005631601
0.00010086282114997709
6.319317038166675e-05
-0.0003377571169195084
-0.0006256336397000562
-0.0006942727567688834
-0.0007763393889591662
-0.0007909515014551796
-0.0006748059521025211
-0.0006947582734434733
-0.0008644830907825619
-0.0008729850193838998
-0.0006337960036072425
-0.00025838487056312464
0.00012409375445198193
0.0002770512119347444
9.764483721116521e-05
-0.0001606252020807195
-0.00016579981431756604
0.00011350849135043373
0.0004035750598557045
0.00046127697830478115
0.0002469919313720772
-0.00010450758015679155
-0.00042587148819629093
-0.0006478050054596133
-0.0006934877833239987
-0.0005697000949793002
-0.00047339924943933664
-0.000465993986049547
-0.0004306978228919643
-0.00037042369018972356
-0.00038410046280062797
-0.0005080563296724394
-0.0006865319920515866
-0.000871433009878954
-0.0009993446247147997
-0.0009309205267793352
-0.0007538191211199637
