0.0
0.0
0.0
0.0
0.0
0.0
0.0
0.0
0.0
0.0
0.0
0.0
0.0
0.0
0.0
0.0
0.0
0.0
0.0
0.0
0.0
0.0
0.0
0.0
0.0
0.0
0.0
0.0
0.0
0.0
0.0
0.0
0.0
0.0
0.0
0.0
0.0
0.0
0.0
0.0
0.0
0.0
0.0
0.0
0.0
0.0
0.0
0.0
0.0
0.0
0.0
0.0
0.0
0.0
0.0
0.0
0.0
0.0
0.0
0.0
0.0
0.0
0.0
0.0
0.0
0.0
0.0
0.0
0.0
0.0
0.0
0.0
0.0
0.0
0.0
0.0
0.0
0.0
0.0
0.0
0.0
0.0
0.0
0.0
0.0
0.0
0.0
0.0
0.0
0.0
0.0
0.0
0.0
0.0
0.0
0.0
0.0
0.0
0.0
0.0
0.0
0.0
0.0
0.0
0.0
0.0
0.0
0.0
0.0
0.0
0.0
0.0
0.0
0.0
0.0
0.0
0.0
0.0
0.0
0.0
0.0
0.0
0.0
0.0
0.0
0.0
0.0
0.0
0.0
0.0
0.0
0.0
0.0
0.0
0.0
0.0
0.0
0.0
0.0
0.0
0.0
0.0
0.0
0.0
0.0
0.0
0.0
0.0
0.0
0.0
0.0
0.0
0.0
0.0
0.0
0.0
0.0
0.0
0.0
0.0
0.0
5.044829308520694e-07
1.6353331156900356e-06
1.8706843489261582e-06
2.28569528239015e-06
3.7871919350629146e-06
9.754115327267948e-06
1.9363973028794362e-05
2.914057767057214e-05
6.639478894449968e-05
0.0001505420804859118
0.00016313230306626511
8.810393148808491e-05
0.00023628509082612717
0.0008639218313322243
0.001510253891102459
0.001410073838501861
0.0010049082461379279
0.0011935894783255423
0.001246231837928037
0.0004143147742906518
-0.0002830104585122837
-0.00027698636162364775
-0.0005657608251543057
-0.0015426433257970048
-0.0017824308789704958
-0.0012446902082730179
-0.001099097241289578
-0.001297659263966201
-0.0015666744648951824
-0.0015953057188169291
-0.001292069522414024
-0.0008643914873103198
-0.00047396155355411044
0.00019934406868783247
0.0009065767016990115
0.0010764960596496194
0.0010355548678547832
0.0013830835897114615
0.0019900693795458072
0.002640363944407173
0.0033017186077198
0.003573556232102164
0.003492845590178616
0.0028744289534349565
0.0022058232964927964
0.00214535794680749
0.0019869969861461
0.001883815254156386
0.0014956422058253383
0.0005659878654192594
0.00014666523540845765
-0.0004831780985113228
-0.0014195122649293221
-0.002287543844370257
-0.0031417102506757183
-0.0036437079622761784
-0.003869469393358488
-0.0033395337317491548
-0.0019971939986428403
-0.0009626347419221152
0.0002699415646390566
0.0015713269635427352
0.0029401260298019464
0.005567524610651143
0.008331567037753673
0.00968700027248373
0.010440282599969842
0.011425905325560136
0.013148800273752337
0.014974718358090333
0.01580222443578236
0.016236433947884918
0.016989682955575493
0.0160804226790037
0.013222383464819298
0.010813361479706666
0.009505076064570772
0.006769017391558572
0.005101673880449988
0.017659682447266192
0.04295943712628755
0.04328305702500452
0.017743705741537476
0.011305196110868405
0.022754952543777126
0.03793246449479133
0.0473753110908291
0.04869742797525943
0.046130175710156075
0.023142249348647958
0.0005424935999159705
-0.018593123308591815
-0.052736913612879015
-0.05881751505065223
-0.026898281066521222
-0.007900900308447397
-0.02672195752675835
-0.045412223959207514
-0.0314184041581629
-0.016836892321431495
-0.025241385686382976
-0.019620715606997956
0.018419090209207904
0.03662285552094503
0.03191189114599863
0.027046173363527208
-0.0004781891306568776
-0.01010620437591551
-0.00896247979050136
-0.05242052749635092
-0.08182916225001548
-0.08616284253155589
-0.07416800359393519
-0.03916495772508418
-0.04663452147386601
-0.07517354485740387
-0.07042752924266016
-0.06629504606872232
-0.06718431810224658
-0.04227321844959531
-0.015422727510200709
0.009164864261749159
0.04657408715109583
0.03857137687550951
0.005805992501086307
-0.0018970253214240047
-0.013872150289728933
-0.012592918964263034
-0.0016789142630966442
0.006576249596143977
0.030192513594300356
0.03138690186559939
-0.0032442070189744477
-0.030513599334547042
-0.02687765659030793
-0.009020802375046936
0.011569875508589449
0.03127497773657279
0.03713801217998398
0.04662811966241108
0.059432001735929794
0.06146493337740584
0.06499236901159024
0.06110400134542376
0.06432492918686179
0.08956746220774998
0.10653781355245175
0.09308582847316892
0.06731148469834558
0.06821173692840038
0.08390498121481492
0.08699950068826104
0.08094765665617268
0.07678286759583026
0.08726375632845328
0.09184986275141034
0.08708613042005475
0.09885121932700185
0.11136237617544192
0.10350389894389607
0.09356548581114173
0.07857511186141748
0.0464494699913399
0.037601729739583166
0.053409910733474675
0.04532074755732205
0.02396213237427765
0.017811470741899607
0.0208529714096495
0.027626885557825085
0.026757285953338605
0.02916403872798585
0.048070320913002805
0.06337067441305232
0.08018642729173531
0.08684222166210502
0.0469135902402224
-0.001538474608955661
-0.004295738557898926
0.008838721761171404
0.0163053704528504
0.027812276642193497
0.012033407100540577
0.003305219750160548
0.027476329884647467
0.0316389684398493
0.029097793644657133
0.01717031072028845
-0.022928583793843556
-0.028442584120626703
-0.005492724843127971
-0.006691107675051184
-0.011177394894786984
0.007644000727172353
0.0328686904079763
0.0449357653294237
0.037544808513963634
0.016728226263823056
0.019193797884012008
0.03019977374972694
0.030823534460544023
0.032909222721103935
0.001845274783525275
-0.04165747558235116
-0.04884448587105395
-0.04540689711844741
-0.050567327283700225
-0.047052540224328594
-0.026433115343352243
0.006172836308857763
0.021126293560914337
-0.004203125612045286
-0.03835507572594171
-0.04481244894316802
-0.024624104029490928
-0.014031711599120021
-0.03233242870524652
-0.03931174313292709
-0.023826235811665406
-0.028700817106912545
-0.05199939884658725
-0.06344528703683727
-0.06531741623663032
-0.048814251830173745
-0.01735792041759775
-0.010925270935529289
-0.03149095750788672
-0.03628257280726954
-0.003092061773668544
0.020416022753231712
-0.001674791657799437
-0.013553626313788529
-0.007703450587709598
-0.022283272062432413
-0.03393319774610958
-0.038828863449261
-0.06106601131074298
-0.0740858395548776
-0.04723325640612939
-0.004184283756829212
-0.0004593679272456073
-0.02725447229169161
-0.0284637469809652
-0.01429405697331055
-0.011175823602482801
-0.006677922883119642
0.003075694069797323
0.024161663969756563
0.057480293795846495
0.06875753312484949
0.05986982378169403
0.05417781935294503
0.05406092326324493
0.07638301719853145
0.09251265034408798
0.06732064566817117
0.039614714492755
0.044542371694035764
0.06313863154472259
0.05038930506621502
0.011308250539503078
-0.0020466289774402633
0.0004914341467035368
0.00214109396854584
0.03913164471626051
0.08506820275317974
0.08163286171728738
0.065037572970641
0.08139799788873227
0.0987965932869984
0.08607428872539655
0.08212834103013845
0.10649325789224948
0.1283413060547706
0.12275207361426908
0.08412434991429939
0.048646284037705816
0.04760273856366213
0.06218287738689296
0.06263649907397735
0.04469641228268949
0.020935594229339247
0.011357742261288304
0.011882897876681378
-0.0029398494013142453
-0.02215067420868784
-0.026034987007375263
-0.01447714776035533
0.0006597855859597082
0.013074443088068096
0.01100006273503716
-0.014721429157130542
-0.022174454757761426
-0.006254901162346175
-0.009085342548406605
-0.016486758280190264
-0.007230798272198002
0.01770983592519775
0.035062713615321484
0.011671803355938289
-0.021776570456700346
-0.03362173620988538
-0.03666947867578867
-0.023537021494964134
-0.001596482427175045
-0.0029547106348904997
-0.01294172296947208
-0.0020899907945132463
0.020861150632743415
0.01987775427744645
-0.007488042931764697
-0.028819171382572076
-0.024092602935730525
0.0012580253811135596
0.0011858412769977804
-0.03644191933524242
-0.0679928625044128
-0.06572938795829221
-0.030753602823697056
0.0025620552960788153
0.008684597425151794
0.018699474961307843
0.04109434570968538
0.0449719252803517
0.024063540633450543
-0.00014598261667035596
-0.0023305027894356934
0.019089647974396343
0.04999131860025252
0.07433610547600664
0.08456309393396715
0.0657015781407341
0.039223627165058554
0.04142038527992114
0.030870635114876924
0.0020788182198509283
0.008553032096693785
0.0366610957735075
0.03782876425584142
0.00865608614266665
-0.008505979533435086
0.00018116149864819727
0.01290456477993325
0.030482723553872052
0.062154168782926324
0.07602990664544128
0.06841137524406099
0.05898766418347585
0.03868930172379728
0.03620215038656959
0.05346705695295451
0.05479240498183701
0.053989632802240624
0.05895942487429883
0.0380841361035555
0.004644512701789317
0.0040068540098006965
0.005661594158450464
-0.012723076494201058
-0.014624365609053478
-0.002685424159989397
0.0028015393087576744
-0.008330679045274566
-0.021050084372623665
-0.009568332622118012
-0.008286425463737365
-0.031167295615106148
-0.03888072256236723
-0.026987226900339514
-0.025141653806126228
-0.03349700168664789
-0.017754201092690054
0.009942018666933566
0.018519960784620405
0.01487126201021368
0.012447890061098392
0.015585596230071505
0.017458156178607506
0.018431117987348287
0.005725412789480705
-0.03454917808040641
-0.06679851308965287
-0.058684811439520215
-0.046785547890167166
-0.06186765053344848
-0.06897854521859262
-0.05879569383496103
-0.052026247666874297
-0.04418274111169048
-0.03995152452592241
-0.03976467710369723
-0.035653164681018625
-0.040081167776385256
-0.030169139378980577
0.010098697646288936
0.029953969696172315
0.023406443115407127
0.035059861767770845
0.0454710746245484
0.03915270726602847
0.036620873676814394
0.023729915976310863
-0.0015812705831921344
-0.02353827771671787
-0.03351885737309397
-0.026922339738315672
-0.02209787690626253
-0.033045232054144974
-0.033964420221380034
-0.013017298581907874
-0.002805519197844378
-0.0019763771271709735
0.008720837062726692
0.010546285778215111
0.010161024859445441
0.03641526238856542
0.04846587318295858
0.030244264797315085
0.0444005704758865
0.07532292974527835
0.07064147355824923
0.045597630419786095
0.025000504677874624
0.011914553712604203
0.006397941449804213
0.01021741866514698
0.015969842329176843
0.022271494084184048
0.02871621997532488
0.022427395687999997
0.013595127667839811
0.016788675663717764
0.007992795739965768
-0.006522933364216975
-0.004010827144077794
-0.0015770080459569032
0.013382258001349817
0.04213866381465909
0.055684158225812505
0.047566814493598224
0.022732588509597442
0.01384332751658545
0.027476996384265363
0.025854069483729477
0.011429308244823997
-0.00011245251234336511
-0.00398114183459037
-0.00017811130770415749
0.00048276438506652104
-0.004776602251944979
-0.009985090138467287
-0.005918470873539385
0.0008138555138915356
-0.0041611709186673675
-0.006690535013028016
0.013310978066509672
0.024418716647380503
0.0019074531449022288
-0.014692238926789006
0.0041226264130835065
0.02445588988031469
0.023120572933543273
0.013894980948669406
0.0027765537423273994
-0.006782262381839739
-0.014871594952759264
-0.017209206918178004
-0.025937032359203385
-0.02888201756324175
0.006040749284273089
0.039192588438132926
0.026781362424687805
-0.000842504284047725
0.00393120349122812
0.034859582802610235
0.048220773389017306
0.025478859591854742
0.007937920768062568
0.012899682517402086
0.01688233256099283
0.008106121204218478
-0.012378626364524987
-0.025145239388560673
-0.017318777402992
0.012153139966115863
0.022867690653753405
-0.0030227154462358023
-0.025050739597385126
-0.03561671134936883
-0.03636418493020937
-0.017988866638887872
0.003793043039970438
0.006864215386319078
-0.0015348149295970567
-0.0025754827896798892
-0.001184196280036455
-0.012031509442576933
-0.029023303366740125
-0.0314306264399098
-0.015021997839613232
0.004442915475961433
0.01505200956393052
0.014324000549855704
-0.008454778889993762
-0.025682953283857404
-0.009201741024721405
-0.003945379135415305
-0.021457411282311097
-0.028688110480861343
-0.032977107719280904
-0.04554024180107974
-0.048782512913142104
-0.044334584531941834
-0.05642322825102869
-0.0781423738659538
-0.06898863773450271
-0.03184527530441586
-0.002770327455512105
0.0060539097510284925
-0.009890801607230337
-0.0287279416724439
-0.03152698588368558
-0.03426470361547238
-0.03882565967237895
-0.032856338257902476
-0.02154630563941871
-0.023413940333789695
-0.03713492715595253
-0.04348891626871424
-0.04927819807245889
-0.06561694757557292
-0.07415900212039989
-0.054934773779681124
-0.02284663226151332
-0.02558857511583062
-0.060314361787192766
-0.06347210346758601
-0.035774803017793275
-0.025232507068210237
-0.03392628766992623
-0.041268686801828935
-0.03773798148713433
-0.026270439581646793
-0.011741984561598204
-0.002686559134625882
-0.008694679286463846
-0.021834161017285112
-0.031099304597052603
-0.03605246561748602
-0.03411357511881238
-0.029144006077676025
-0.024907598994806525
-0.018250667652780307
-0.01381336444475499
-0.018180801275858995
-0.024815044747659144
-0.026053771019140286
-0.02136681265451639
-0.012140002876305149
-0.00856465536087929
-0.005652771983078555
0.008097707243872217
0.01570287399099121
0.009424799915742377
0.011942033109522049
0.01677525295947136
0.010670152144915481
0.007847900634721265
0.013725311507543697
0.02771441430296478
0.035842667224520335
0.03969732550570985
0.04259144784787647
0.020372090868321435
0.002474451181234464
0.017448163052700055
0.022150123412234074
0.014844256958500529
0.02165904189604103
0.027622777374482325
0.034680307933248
0.05268927193201058
0.05496724836116238
0.03447893921126158
0.02519607182519634
0.02933243134820989
0.03065494298233922
0.029200488943973153
0.03347111103946067
0.03730807862179117
0.03239213915669915
0.037111125453723734
0.044778661546710945
0.04446431106760088
0.05013629947949873
0.05363165553584194
0.03932555291229519
0.014373137921888919
0.00357250791041405
0.01470228573968172
0.01916608638208664
0.015050836901764977
0.017227168267846277
0.010848119434813553
0.0023454462770261643
0.008669503044727321
0.018835559069871315
0.02862608457703751
0.027081095648829816
0.009544896537672622
0.006751613217465768
0.009944203445533989
-0.0014591934791928242
-0.011004174105068
-0.008727390538181742
0.00660789575616109
0.014855671549598664
-0.0006956054690489038
-0.013078220660088374
-0.0053978381670959944
-0.0010359717122718803
-0.012986972879543975
-0.023391365602046757
-0.028467823362775074
-0.03306349884314662
-0.02579142923028982
-0.015256256228846691
-0.01985545263713557
-0.024543735634555638
-0.017170430078647724
-0.016997257788184644
-0.018958265336923446
-0.01027931545244765
-0.008310337074789327
-0.014795943186535147
-0.020519161318091898
-0.02043054711195394
-0.01788905011708283
-0.023775549114714186
-0.033349667284262446
-0.04242694724258294
-0.048912102869389615
-0.04145678537277597
-0.023671604588336267
-0.01422263306329466
-0.016342468259964514
-0.022723323249420578
-0.027586703380287337
-0.02307931556100443
-0.010751591184142989
-0.009216963235122983
-0.023714124408284343
-0.028994461724660674
-0.02224288896038829
-0.02140459498664212
-0.02739971986112858
-0.032995946700273594
-0.021573686763484805
-0.002446430309921038
0.000981750599561498
-0.00023480862685357112
-0.0010487876372203254
-0.0115977675507818
-0.02095933959313488
-0.02090441306740069
-0.022812558674477876
-0.021840123933566925
-0.014285474783883844
-0.012212509644758873
-0.011025215801988217
-0.0105691698135757
-0.014442910709977538
-0.00970683640704487
0.004949105316609728
0.009697062920948057
0.0008495408424254957
-0.004200217538219434
-0.004027598124004472
-0.005279973062456599
-0.0031476977882921578
0.00031457346675121034
-0.005920828470767694
-0.01125651105427261
-0.003530471408174421
0.002616057337927134
-0.00323583453910258
-0.00908656721460258
-0.00036403938445203605
0.010777397439146045
0.008458716488316956
-0.00147636228911424
-0.012883556287310503
-0.017092489362223386
-0.004226478677425489
0.008420583119376587
0.007872304688921665
0.005010509344150091
0.0022790490172382755
0.0015521871053178608
0.003043722842316058
0.002376329640520123
0.0020746764876326935
0.007339465597068758
0.011511387446245625
0.01112015821662506
0.01228363931131548
0.0119634593623045
0.007134241915762973
0.0021654211493397717
0.001899593616895992
0.002412986145462686
0.003050225822108566
0.006594077825507006
0.006818745431552295
0.002174972112339481
-0.0010786620069088019
0.000823049100709606
0.004728741129653075
0.004036720273621597
-0.002157578466483728
-0.004176124909032196
0.005651990690663436
0.015398208322622545
0.01063358314791578
0.004248902895928488
0.010946587625431586
0.01386722091098192
0.009885925962595467
0.011584558939702578
0.006522009795257124
-0.004225967609591957
-0.005305663382175811
-0.0025983691551305487
-0.005179982748511424
-0.0026573063720743187
0.007280500546709833
0.01137618180948131
0.01266861655508008
0.011325913466068207
0.0006813508613549774
-0.006360330622848555
-0.0010676800340629522
0.0027406038914779027
0.0009054836276900276
-0.00358247392813163
-0.007193884625333577
-0.0008335875805355851
0.01042258396170308
0.01643326290644576
0.009433851621882821
-0.002541920905923852
-0.0013995260317317471
0.0072795879919432625
0.013914105301294914
0.016457818762215012
0.007217688824639137
-0.005103085291390434
-0.002344004821404782
0.005379747321782416
0.003544762066258179
-0.004056435310370946
-0.00792472889536971
0.0009488890875301062
0.011686889062764954
0.00792327404270127
-0.00046631501430918944
-0.0003937617013910003
0.0045888515678703294
0.009684787009339444
0.012207051347164375
0.009732026399214853
0.00229374009354964
-0.003600145304836689
-0.000521288462146233
0.005640602415259337
0.006030882260631719
0.005560252315877906
0.01193076224496096
0.014006174787412244
0.0070384583819791974
0.007486675616084087
0.011459921032831586
0.005237083890046298
0.0003055677826234876
0.004226121169915185
0.008507958288961306
0.007207878314766665
-0.0008476091580792964
-0.006727122647524881
-0.007072603523564619
-0.00387127944937878
0.006768220731077923
0.013145837879856697
0.007546286079550683
0.0025334267541148917
0.006311331941228257
0.014997591885563889
0.014995560418426385
0.005183374268958185
0.0011732065540102565
0.0039005334767302172
0.003862760405737683
0.0039250856313547775
0.0034423787999463148
-0.0013793055637116084
-0.0017331266026471548
0.004320756382078501
0.008685082244341176
0.003476173825539102
-0.005755384536561025
-0.0034335277973242453
0.004999323793635208
0.004896370477350922
-0.0006813017469847058
-0.0013940000026015588
0.003202103368063884
0.007577609357502077
0.00835903628846105
0.002458224090237584
-0.007303211728884805
-0.00776832964776403
0.004753236257659426
0.012914223058073599
0.009753544859581605
0.007818931102156444
0.007927300324182849
0.004965061384290677
0.0020296440791720805
0.001585397879969599
0.0016737449223333146
-0.0005688146821082834
-0.0026461208456107447
0.0011187662648246533
0.005149274942368952
-0.000911937337862511
-0.004795373571082166
0.0006040565363057223
0.0037159701478366373
0.007171221759790318
0.009469115514449029
0.003930492849389905
-0.00018239166778166008
-0.00019361687199713482
0.001458161214984706
0.006582391152474175
0.008735346633191827
0.006533526815668694
0.006567420093194895
0.004304495094945453
-0.0013936473381977261
-0.0012238676379908676
0.0009691452658109158
0.0008355351593148288
0.0006669365356726575
0.0009593155888737231
0.0013702639798077118
0.00048390207776234526
0.0010249550850118078
0.00012008939445334769
-0.003169902407447716
-0.00218822220549601
0.002260201088455739
0.004211254622298831
0.0022002308646792944
0.0004746125533493968
0.0026556814395327162
0.005002712116591384
0.0031007773739240973
0.0032586660499047244
0.005006385893056044
0.0037269998410246236
0.0025620058821376975
0.0013857728365057442
0.0011104254026597668
-0.0001790094735938014
-0.001985831367625548
0.0024931797271493784
0.007799690821282833
0.004652131622591918
-0.0017323149944689369
-0.003682127372507037
-0.0019674516530863826
1.7819431754442338e-05
0.0018576172174088888
0.0035770454316053405
0.0027152877728839164
0.0006593390680937569
0.0010334153036066687
0.003702830520232801
0.004530048949412686
0.0036805163208745617
0.00526154886473137
0.006003095507260273
0.003011175420798234
0.000898978668056827
0.0013601808174420055
0.001173825617507059
0.0011858805239637316
0.0017132110990636183
0.0015145055249339557
0.0008943627725649205
-0.00025387149107062467
0.00024210045394492657
0.0008159862417778619
0.0003561427078979808
0.0005677396614345155
0.0013598564855642906
0.003404689690077698
0.0054755793165987224
0.003761077421733951
-0.0009808648344335827
-0.0008419440961702141
0.003129875202678304
0.003679749916624841
0.0030095766019121854
0.0028050675351481524
0.0018216736824829324
0.0008732225231071148
0.0012080531113905497
0.002126677497475024
0.0016480205815036476
0.0018795177149392088
0.002499061359760506
0.00033996701803754525
-0.003019716293036749
-0.003911173069288867
-0.001511827965050498
0.0005415678305925459
-0.00029953390332476335
-0.0009366489964954758
0.00016986791208819014
0.0006361071782915148
0.0002765588763776757
0.0005417925420395057
0.002124090141487197
0.002442308375739542
0.0005109359382445075
0.0006142835555257414
0.0012645880761146446
-3.398573037290654e-05
-0.0007540290207194684
-0.0006658109780631102
-0.0008497102516295779
-0.0018125223072379157
-0.001800591686644704
-0.00039535843404659983
-2.6312996694112735e-05
-0.0009114033687125684
-0.001618525468066654
-0.0020571894505934233
-0.0020579383613253304
-0.00039834400244999357
0.0013916621528170716
0.0008801178574378806
-0.0006194471131985373
-0.0014713542374463744
-0.00237126175689724
-0.0017332882114781706
0.0015357912402657766
0.0034221569547920752
0.002262251032211091
0.0009600651732771589
-0.0003592350612617888
-0.0013768073070010102
0.000626182489937429
0.002652299082095172
0.0009346877170550756
-0.0007885516531612221
-0.0007521305896343028
-0.0010620911117443382
-0.0016447161451890507
-0.0028032312412907333
-0.0021003792731602994
0.001422496842991587
0.0021954868946676177
-0.00015646979388056148
-0.0008684349462304002
0.0005765431390228491
0.0012478269180876966
0.0008295558156036316
0.0010180318496559732
0.0012887138345234527
0.001516004545469548
0.001726902324271401
0.0001968259176442467
-0.000944879222998747
2.9191559852454e-05
0.0006662003809216782
0.0005312625498308406
-0.00017714312432958482
-4.1405986676500324e-05
0.0008085633429931275
0.0005218791054988327
-0.00038303038579987525
-0.001503764386226581
-0.001573259307127782
0.00014917078134917726
0.0013479839558879262
0.00038390537857358495
-0.0008068023102671461
-0.0007223064242458688
-0.0008012416779195398
-0.0008480808948668794
0.0005147707182795214
0.0013183749143296146
0.0012816409179444495
0.0012004060578752996
-0.00015860395427046188
-0.0009795929796958544
-0.0008026654382306413
-0.0005793167292325427
-0.00027142870499043093
-0.0004745631159263446
-0.000959439276995332
-0.0016300156547298039
-0.0017126830188065542
-0.0013527610369597747
-0.002132291682715045
-0.002683641304627324
-0.0005696479688518165
0.0009730231372745
-0.00043475391026568224
-0.0014640369642474462
-0.0013729436812997885
-0.001563458690584371
-0.0010931927648836536
-0.00022945120125112724
-0.0006347661014111672
-0.0007596201651565933
-0.00045032199510333464
-0.0014189820147996785
-0.0021212191572239285
-0.001780408299127199
-0.0014129398334408092
-0.0008030468586294214
-0.0004034200509735945
-0.00122086618763737
-0.0019372887336254474
-0.001494361976840011
-0.0013171226446010518
-0.0018988995389847374
-0.0018423270765547597
-0.0011132611298670032
-0.0002147970341103919
-0.00020863668912631761
-0.0018607054650165566
-0.001771934253000992
-0.0002185653154180317
-3.1143507542871944e-05
-6.330943915109046e-06
6.843251183778865e-05
-4.0954791591164424e-05
0.00017805343632276875
0.0001349616431558774
-0.0003405516530652322
-0.000515000254900493
-0.00030897753906044005
5.7741995273998655e-05
4.18132388716033e-05
-0.0001674345568805831
-7.87742804724642e-05
-3.246391925301454e-05
-0.0001647726741890193
-0.0002836715370026959
-0.0002403206141010988
0.00020489452352125787
0.0011950783440438885
0.0011733821583402426
1.537358900428042e-05
-0.00028709247778737224
0.0002751596563752123
0.0004961648824023895
0.000537163210446312
0.0009443924486597839
0.0007847538672782034
0.0002682300845462689
0.00030649233751702996
7.773712363887635e-05
-0.0001831646523954621
0.00020371433661783118
0.0004882040319909079
0.0004638106486245015
9.41355641312993e-05
-0.00042800047556639073
-0.0006105732146073524
-0.0005474324473480692
-0.0003176727897827505
-0.00040190664422218894
-0.0005923876303346183
-0.00025404023704749744
-9.932839897656459e-05
-0.000749648443054601
-0.0010550684637167921
-0.00038968517489157607
-0.00011069248411621403
-0.0004118170325044687
-0.0004388387693333604
-0.0006309127612836501
-0.000899921036229645
-0.0006540586059194727
-0.0007689004171735242
-0.0012130817535069005
-0.001078811148216877
-0.0010695418416685524
-0.0011272980178158338
-0.0009228319783663215
-0.001150001097441617
-0.0013314642453521911
-0.0011798652766599079
-0.0011213046360474801
-0.0011950844515987637
-0.0011076856485120552
-0.0007801973634981749
-0.0006505981863173552
-0.0008164731552842325
-0.0010959287151759039
-0.0011424175029991275
-0.0006635966662107453
-0.0004511210469112549
-0.0006499849518940698
-0.0005735074297481952
-0.0005435111760204392
-0.0006053201447103584
-0.0005618010367725213
-0.0005975645953591753
-0.0005902956294235109
-0.0003453650379385046
-0.00014096299472775843
-0.0002796056680669006
-0.0005334014665812526
-0.0004899652335045798
-0.00024034121170894736
-0.00016718337178251604
-0.00012810828843236834
4.518406095442626e-05
0.00012398391552469404
0.0001837166748575447
0.0002620018238513878
8.666802423409024e-05
0.0002292613142597771
0.0006391881623217364
0.0005360277181807983
0.0003468024868969956
0.00046060575523453507
0.0005698900819920119
0.0004572200156460388
0.00047658163570572706
0.0006038532663873046
0.0004804343808103412
0.0005020181737197237
0.0005723491001565385
0.0004791529218196458
0.0005738198423089385
0.0005410744345266786
0.0004133107243319555
0.00047012650853467457
0.0005158840723469876
0.0005160511674717854
0.0004319600095399485
0.0004604409711572934
0.0005237650351998793
0.0003810167408962986
0.0002697687480794029
0.00030929747634992054
0.00037895172723074636
0.00035934710780497007
0.00022557369964976116
0.00012433419263677739
4.7918894900641754e-05
7.925258151434887e-06
-5.673834690815286e-05
-0.00023130315619097997
-0.00025357702225402946
-0.00019264762875507071
-0.0003087237683442159
-0.0004580559510158577
-0.0005629305729008434
-0.0005974782280679334
-0.0005048660454343002
-0.0005407351677075294
-0.0006542880733861304
-0.0006388965616278813
-0.0006092923446134915
-0.0006923367135439381
-0.0007744610385302943
-0.0007584244908709388
-0.0007100799549345912
-0.0006815989487368989
-0.0007455446276485168
-0.0008516450167865789
-0.0008199346686406963
-0.0007387467785499442
-0.0008017423105052179
-0.0008307309182937927
-0.0007358886130604998
-0.000698445660858767
-0.0007208722974001631
-0.0006909216100661543
-0.0006377755232490743
-0.0005767973181730564
-0.0005106750513109541
-0.00047105896593518286
-0.0004145880072382666
-0.0003096350362129084
-0.00021380291459697652
-0.0001790970821131449
-0.00011575791789100453
2.0882857596734215e-05
9.8224435444937e-05
0.00011377523117269893
0.0002119938664294729
0.0003062543629237642
0.00034742912688691483
0.00041794396750469533
0.0004509222876766107
0.0004838097690492274
0.0005684636779405256
0.0006303716718769533
0.0006471117882663916
0.0007049933844754563
0.0008213715300072355
0.0008511919040256941
0.0008477296748611416
0.0009114965714805871
0.0009430197655138368
0.0009907292017533457
0.0010198466623898253
0.0009729453839177784
0.0009757791187841432
0.0009917480708474175
0.0009603000029205103
0.0009131322144324161
0.0009104007197573671
0.0009282211988475178
0.0008906017047454838
0.0008380627424527223
0.0007862390074232908
0.0007441907358642393
0.0007308021712147866
0.0006635427299891201
0.0005788383973513797
0.0005349258533177207
0.0004814933905923009
0.0004035585629563695
0.00032321241101933377
0.0002725209149841134
0.00022298858204782395
0.00016270888419354403
0.0001111230336215702
4.723009126312877e-05
-6.640868665929819e-06
-3.9538906899573207e-05
-9.32032093899708e-05
-0.00014367524984408906
-0.0001708223951011344
-0.00020434950963161929
-0.0002652207627999515
-0.0003127908017315577
-0.00034048301456355445
-0.00039292458598479916
-0.00043565133783268653
-0.00047383531753043454
-0.0005224488516823615
-0.0005388190281347365
-0.0005397868148036035
-0.0005526385669781269
-0.0005565931348128691
-0.0005343560796307699
-0.0005168960645302155
-0.0005187366881235737
-0.0004959223434872752
-0.00047015308419165377
-0.00045429499418149613
-0.000427147730959329
-0.00041596705250638536
-0.0003999667088218157
-0.00036435188791498466
-0.00033326246286352574
-0.000302351847653141
-0.00025960857564203554
-0.00020384917463384935
-0.00015869727086965205
-0.0001223606644306275
-7.330269138220822e-05
-2.095334411434869e-05
3.724081856654242e-05
8.929312614626094e-05
0.00012409237475888784
0.00016740392088691563
0.00021744293458083228
0.0002625364813762572
0.0003050687386124259
0.000355953074146818
0.00041779795709982737
0.0004716580446708429
0.0005168631104991917
0.0005626719952015192
0.0006105314381438287
0.0006648521134032098
0.0007127035805798058
0.0007501530270390901
0.0007891648455594603
0.0008231332854591322
0.0008461235809974256
0.0008615694527362389
0.0008784174585318413
0.0008899762930540655
0.0008908837677114538
0.0008895617502343139
0.0008821589373447739
0.0008733977910966516
0.0008676250214920446
0.0008550894548626201
0.0008418363151555889
0.0008284757196863545
0.0008045059670390549
0.0007707420658301976
0.0007374073573805685
0.0007087943690857624
0.0006754248376949375
0.0006321058867818958
0.0005783789217905688
0.0005194295266151694
0.0004623636878542345
0.000405491049646821
0.00034736858992607514
0.0002924230521969508
0.00024230704874183962
0.00019063321197907576
0.00013179245801062494
7.427696702742122e-05
1.9936012413961176e-05
-3.784969237562457e-05
-9.670933585575094e-05
-0.0001570261741966328
-0.00021610897350800466
-0.00026830777942464084
-0.0003132332565517348
-0.0003525813334403534
-0.0003873333210191993
-0.0004164930874723658
-0.000448427669505749
-0.00048056524483266214
-0.0004968329633980988
-0.0005047272974343206
-0.0005142443116323637
-0.0005213599730809002
-0.0005278141939459554
-0.000533575077321916
-0.0005329129720841304
-0.0005241377546646728
-0.0005115172007957038
-0.000496613407423285
-0.0004770714030482515
-0.0004559457826694071
-0.0004343128605937354
-0.00040877517295301584
-0.00037637915772007326
-0.000334122683440607
-0.00028439086931957323
-0.00022980493365977426
-0.00017248723460023226
-0.00011744397085252274
-6.478358484228566e-05
-1.379870746511289e-05
3.7678106260886796e-05
9.023156625547928e-05
0.00013958401935601627
0.00018625121666438423
0.0002322994697101786
0.0002748915821706742
0.0003121255454736717
0.0003492131083999009
0.0003925768916566777
0.00044047730974458295
0.0004840070200530553
0.0005194193968972185
0.0005508697050689436
0.0005801696709726146
0.0006055886717544749
0.0006256616852752543
0.0006408357749276936
0.0006543832155953839
0.0006672258508347651
0.0006766275035370223
0.0006801050906591863
0.0006791964957729293
0.000676913395414956
0.000672457491788924
0.0006654491179103647
0.0006561664675257387
0.000642384480758062
0.0006243021080304631
0.0006027176208294844
0.000577037775647514
0.0005505282872115226
0.0005250375270695445
0.0004972948913069159
0.0004667997577456104
0.00043592073200527667
0.00040222258718870433
0.00036308459262358097
0.00032316518853865397
0.00028720378222369384
0.0002523362296118246
0.0002136031732719179
0.00017241250468776227
0.00013327485414541
9.765078629989256e-05
6.412856384087231e-05
2.79936622908558e-05
-1.171505978364462e-05
-4.797174618068278e-05
-7.995892049581951e-05
-0.00011225978167271349
-0.00014443906363180583
-0.00017616430750853044
-0.00020633239250939355
-0.00023200672177044323
-0.0002526751477953562
-0.0002717142060924738
-0.00029127870759026986
-0.0003089058613845102
-0.0003245617708394971
-0.0003387257534912563
-0.000351732795165715
-0.0003665284332390801
-0.00038054697993088145
-0.00038955205040982295
-0.0003962157558457935
-0.00040419011826694297
-0.00041300772090634955
-0.0004177780308683303
-0.0004139187382763239
-0.00040276310437818025
-0.00038934345186126813
-0.000376756233482155
-0.00036322344068989937
-0.000344638872470031
-0.00032266150845929454
-0.00030171900567208047
-0.00028036052892601134
-0.0002560748491322002
-0.000227988361153713
-0.00019654306944342159
-0.0001657848066468025
-0.00013726633907038438
-0.0001068056485066043
-7.045739255940576e-05
-3.0063348113737367e-05
8.425476797937588e-06
4.399965282834948e-05
7.782304437721596e-05
0.00011048155809418542
0.00014566819937511486
0.00018226238073206248
0.00021605545912160902
0.0002477500534024782
0.00028026143135741254
0.0003146339174947605
0.0003455606825453619
0.00036887220192152265
0.00039075523970066823
0.000414567323792947
0.00043725154074609904
0.00045789701258112974
0.00047370935668196174
0.0004841107296119261
0.0004950125576237462
0.000507477061646314
0.0005156816160332125
0.0005172935627234028
0.0005159368834339801
0.0005149173649564391
0.0005122901153239658
0.0005031864395477432
0.0004867815840547407
0.0004655687887849261
0.0004431128319952203
0.00042276282507734626
0.0004021873150283243
0.00037758141336846564
0.0003484599868931031
0.00031682781025028694
0.0002825720109446316
0.00024424141207379725
0.00020477276605799263
0.00016416470129019804
0.00012215481345709015
8.251863411538279e-05
4.276606819082738e-05
-8.81602838291297e-07
-4.453155551992122e-05
-8.351911628949425e-05
-0.0001176206023318677
-0.0001475087206641726
-0.00017677624771986512
-0.00020894070490652471
-0.00023960883823310954
-0.0002678586592584822
-0.000295996921594414
-0.0003217282562789856
-0.0003434660736808503
-0.00035778978265878236
-0.00036547772731383693
-0.0003725716852917556
-0.0003807323078842518
-0.00038931294519100045
-0.00039436215019508655
-0.0003930452334654104
-0.0003879847761874019
-0.0003807555362729945
-0.00037170794656137907
-0.0003607235746578617
-0.0003464816811288
-0.00032909086542398295
-0.0003099131630911621
-0.00028828097268651144
-0.0002616939518684763
-0.0002305251222730165
-0.0001988354238913039
-0.00016934427791734182
-0.00014013355326969722
-0.00010914526925389332
-7.619469186413254e-05
-4.0924948096544236e-05
-5.207171088035391e-06
2.964914964872476e-05
6.569492144628139e-05
0.00010188944107640469
0.00013618809475895758
0.0001684569743362134
0.00019843737807414037
0.00022943047584949886
0.0002615584713965456
0.0002901767612526972
0.0003139524401986132
0.0003326518622659951
0.0003501562099960418
0.0003721618422341663
0.0003944720190087388
0.00041149735833338036
0.0004253498960088048
0.00043589383193176113
0.00044174447814996384
0.00044555340984627775
0.00044659160206326175
0.0004429077519292403
0.00043743318991868916
0.00043293533687107223
0.00042610340388689067
0.0004119032270182496
0.00039461409797706445
0.0003803471335546052
0.00036551448158949435
0.0003463686229579855
0.00032505903202834985
0.000303185986096567
0.000279196869193343
0.00025315710852185817
0.00022582543323338428
0.00019632220998661736
0.0001660485337572305
0.00013768290283957388
0.00011093201258480294
8.327964743068896e-05
5.1999482253618185e-05
1.7623258988578607e-05
-1.6073251390605246e-05
-4.798883454201683e-05
-7.887202829566628e-05
-0.00010954153138816616
-0.00013964191431074352
-0.00016595508238376614
-0.0001877364167523092
-0.0002075025178108622
-0.00022565008515958453
-0.00024281110904659877
-0.0002586656226662936
-0.0002691890829905494
-0.0002764850009129951
-0.00028675566036989335
-0.00029846314408275767
-0.000307627585338312
-0.0003131833529317481
-0.0003155310643386277
-0.0003166108177639853
-0.00031643839535894366
-0.00031508235414427695
-0.00031145704342098275
-0.0003023162996971334
-0.00029172548200363514
-0.00028248601014369863
-0.0002694940900505865
-0.0002516737040529671
-0.00023354878645346643
-0.00021934480066552434
-0.00020676618254735128
-0.00019081978032114977
-0.00017205216834532914
-0.00015293099226961114
-0.00013471057745078146
-0.0001179100144482477
-0.00010077381692650719
-7.9937713805944e-05
-5.70463729406585e-05
-3.6439604827328345e-05
-1.8124303566387706e-05
1.2049763466703877e-06
2.4935170817692877e-05
4.9051877930047096e-05
6.929351660280155e-05
8.79439013286771e-05
0.00010525082111625898
0.00012095135931404698
0.00013545316599665588
0.00014792681362587568
0.00015988370916016667
0.00017318106281577903
0.00018601943271040377
0.00019751761528930806
0.00020820173199593696
0.0002186212444090203
0.00023068766535455708
0.0002456489005662938
0.0002626497026658967
0.000276676277665602
0.00028560326635527464
0.0002914063496350494
0.00029366472118237815
0.00029381634533601984
0.00029305033908005716
0.00029137965888467526
0.0002895574437599765
0.0002868160635960672
0.00028355747892099676
0.00027788561281739824
0.0002673957648300285
0.00025821591217173626
0.0002545138073814733
0.0002494582742756521
0.0002388867624808595
0.0002262030062421784
0.00021194449780199165
0.00019363826586495434
0.00017066341946041848
0.0001467489285848539
0.00012467311725663648
0.00010342518866006281
8.54939605659772e-05
6.909929103758708e-05
4.777009526299697e-05
2.455204637131097e-05
5.284302106544411e-06
-1.0482216092096374e-05
-2.675711630349574e-05
-4.448567600715298e-05
-5.869838074794227e-05
-7.01458698799744e-05
-8.485760303205389e-05
-0.00010317455670746318
-0.00012343003146321637
-0.0001426010845387611
-0.00015823907528953843
-0.00017297106064049125
-0.00018765194013768525
-0.00020178729367735526
-0.00021510698782862802
-0.0002241707684723199
-0.00022902995984096976
-0.0002320433271927009
-0.00023124290602898778
-0.00022540919840697277
-0.00021717055554089026
-0.00021028630547112906
-0.00020590052990334808
-0.0002011575080607235
-0.0001936413908774867
-0.00018373750119371935
-0.00017071417701802183
-0.00015560991673932775
-0.0001410408776362763
-0.00012529517728417818
-0.00010736853094109631
-8.667567441109805e-05
-6.414121815106158e-05
-4.1555475904117815e-05
-1.588165921575238e-05
1.2305347725973632e-05
3.962077350163839e-05
6.356509908715018e-05
8.240217363794711e-05
0.00010032090673373451
0.0001215717879681523
0.0001453327768457074
0.00016828787274485624
0.000189437984895619
0.00021188308009930694
0.0002368017776202643
0.0002614636619966786
0.0002815716579014375
0.0002969477009057051
0.0003107930127456013
0.00032336920736518763
0.0003337681473006376
0.0003405337146539068
0.0003422819507491648
0.0003394544993099845
0.00033590024463766476
0.00033383366138135876
0.00033032195616343577
0.00032638752279284014
0.00032495993753127027
0.00032498907928592226
0.00032379338583451517
0.00031856859432645006
0.0003098098139129063
0.0002982988566417249
0.0002820006705901382
0.00026214218278643224
0.0002403170236084003
0.00021505977810584788
0.00018657114392621672
0.00015780729220322525
0.0001304922441364257
0.00010065135369080324
6.851087411230133e-05
4.072491408204186e-05
1.937807635227466e-05
4.0059532204360555e-06
-8.186998456054447e-06
-2.1217670742124478e-05
-3.6618633875185936e-05
-5.49916803882999e-05
-7.575641001093034e-05
-9.799373400724434e-05
-0.0001205832838751314
-0.00014240667319250178
-0.00016065441674056503
-0.0001758344933596132
-0.00019328893436239546
-0.0002121601676148943
-0.00022844309889997056
-0.0002376790979860924
-0.00023565304878747704
-0.0002283285125003579
-0.0002229829268027056
-0.00021745567610671868
-0.00021226620197404121
-0.00020978155824505392
-0.00020805607667202583
-0.00020850922265834408
-0.000212512942910813
-0.00021614516552807326
-0.0002178452417141964
-0.00021991948891657688
-0.0002246881907092431
-0.00023219555957042101
-0.00023465347460515984
-0.00022764453684420976
-0.00021244907761965585
-0.00018492740040254542
-0.00014727375903182075
-0.0001074892557249905
-6.718272561856427e-05
-2.840785016522232e-05
1.7999261153440977e-06
1.6629546289878645e-05
1.587898855766176e-05
5.694488280183216e-06
-9.56852673699786e-06
-3.047209443289322e-05
-5.61947300326902e-05
-8.173569494995047e-05
-0.00010342163836105322
-0.00011617779565379988
-0.0001057768991918545
-6.15096770506412e-05
1.2907931822089706e-05
0.00010539401442234396
0.00020063738903886545
0.00028224478204250645
0.00033556497336358857
0.0003583157350003987
0.0003588362226935524
0.00034149743296377796
0.00030026236842752995
0.0002271842412675392
0.00013401515749360412
4.633524717856788e-05
-1.6648928538465627e-05
-4.2505962014321144e-05
-2.3190254786506502e-05
4.611762273795889e-05
0.00015439956482042396
0.00027727760283799326
0.0003970300843923807
0.000498912065874113
0.0005700392385515783
0.0006103052286260271
0.0006344127673051365
0.0006481324461719129
0.0006312543931542723
0.000564190784859314
0.00045046881675129966
0.0003087145357425638
0.00016810108152720185
6.252406681164911e-05
3.5774247925310058e-06
-2.9220957921008796e-05
-6.0564735916905375e-05
-9.283640419746371e-05
-0.00011831956496529586
-0.00014360469878401053
-0.00018159372426073948
-0.000228742297718697
-0.000276896727251683
-0.0003352497815319659
-0.00039990870466936396
-0.00044664044915039206
-0.0004890192882796853
-0.0005652835483610804
-0.0006667091753853392
-0.0007533759828082113
-0.0008033689572601168
-0.0008107497585749375
-0.0007756388580932919
-0.0007036954794192725
-0.0006055494689058174
-0.0004913763718660806
-0.000345301092974753
-0.00014130808989367937
8.62457795351238e-05
0.00026298835593033807
0.00035768218127669717
0.00038559016203028486
0.00039229885618982684
0.0004148137007345171
0.0004220197817251687
