0.0
0.0
0.0
0.0
0.0
0.0
0.0
0.0
0.0
0.0
0.0
0.0
0.0
0.0
0.0
0.0
0.0
0.0
0.0
0.0
0.0
0.0
0.0
0.0
0.0
0.0
0.0
0.0
0.0
0.0
0.0
0.0
0.0
0.0
0.0
0.0
0.0
0.0
0.0
0.0
0.0
0.0
0.0
0.0
0.0
0.0
0.0
0.0
0.0
0.0
0.0
0.0
0.0
0.0
0.0
0.0
0.0
0.0
0.0
0.0
0.0
0.0
0.0
0.0
0.0
0.0
0.0
0.0
0.0
0.0
0.0
0.0
0.0
0.0
0.0
0.0
0.0
0.0
0.0
0.0
0.0
0.0
0.0
0.0
0.0
0.0
0.0
0.0
0.0
0.0
0.0
0.0
0.0
0.0
0.0
0.0
0.0
0.0
0.0
0.0
0.0
0.0
0.0
0.0
0.0
0.0
0.0
0.0
0.0
0.0
0.0
0.0
0.0
0.0
0.0
0.0
0.0
0.0
0.0
0.0
0.0
0.0
0.0
0.0
0.0
0.0
0.0
0.0
0.0
0.0
0.0
0.0
0.0
0.0
0.0
0.0
0.0
0.0
0.0
0.0
0.0
0.0
0.0
0.0
0.0
0.0
0.0
0.0
0.0
0.0
0.0
0.0
0.0
0.0
0.0
7.340246393552968e-06
1.4522828487480766e-05
1.2310453953034623e-05
9.67649929903052e-06
7.95001656668515e-06
8.69572361331765e-06
2.310133661322446e-05
-5.565197169691602e-05
-0.00011154506084501656
0.00010753913687672099
0.00031089403273051815
0.00023859640390528993
0.00015250404020600083
9.5496770412227e-06
-0.00010031043262027266
7.88096848896708e-05
0.00021466279304555415
0.0006672926226426976
0.001418316266348163
0.0020095225371951826
0.0017854041843053832
0.00201013389776353
0.006118417775680521
0.0060580098540995156
-0.0026994559207442516
-0.0021877174300007473
0.012753165589720401
0.018201327289128065
0.0015399176806938017
-0.015595741009185532
-0.024417352973464954
-0.03469815423740339
-0.02265322548203011
0.005143980770886906
-0.0018988765081713634
-0.01762722213059162
0.00871795174190216
0.0351777285432051
0.0154210077245495
-0.001997067677324115
0.02591263361704893
0.04024966381902157
0.01709209731283851
0.0039133434131878725
-0.004693208869028874
-0.003874957536954937
0.0184209970346665
0.01879883486182185
-0.008564767137580816
-0.021162404781972982
-0.015013702524903003
-0.025122986185937342
-0.031991679452205234
-0.010518304915557667
-0.002883784093742027
-0.00506182646423057
0.010830735518925856
0.02429433945032685
0.012303324938071968
-0.022439550430483006
-0.02933961537558681
0.013005133193415229
0.02033360849631244
-0.005256606985974262
0.030312194001360378
0.06604332982652132
0.030265655669565454
0.0049818043276596
0.0421136930560186
0.044140967895797745
-0.014160027839868916
-0.03130314369183389
-0.005652211802321158
-4.148472192301578e-05
-0.010060979812995419
0.013208750472091496
0.044683152003715976
0.00136877462392547
-0.07273967608511542
-0.08767965227874347
-0.06790562880244214
-0.038087749393700535
-0.005678891482518062
0.027653174398636966
0.0817459672526649
0.07816992923729978
-0.025204668347156768
-0.10022902964656347
-0.030074795976439438
0.2114170131464444
0.37002802754490677
0.07121561214052477
-0.3629976014878978
-0.33708539842286944
-0.13901465094978155
-0.13634480189498446
0.04847109105715228
0.3872037288822954
0.5845545931179058
0.641405347776603
0.16988216215219332
-0.4360552065251171
-0.12585262432809374
0.3459154743945144
-0.06695198589757145
-0.6583211697049077
-0.940489809919345
-0.8691102664012084
-0.5524425122220955
-0.6350909647357403
-0.5570587114235421
0.16504615655118382
0.8063973288664462
0.9222175278873369
0.27466794484769874
-0.22954101573952357
0.8743696831124517
1.856611279135435
0.3913890614657291
-1.2462074751072207
-1.0447478090855473
-0.3369525643386673
0.19865022176997438
0.3897010683240309
-0.2149978266117047
-0.9315233602791984
-0.4135156843533084
0.6115637268810696
0.2874588393672696
-0.775643722252753
-0.46855893644548446
0.8633657193495394
0.5165793996259925
-0.6654162050567285
-0.4524128003786352
-0.19095277306172687
-0.10794377745123085
0.7146452506380747
1.0654616377500739
0.20985451152984774
-0.23468325691455483
0.7462285570679037
1.2166778350489456
-0.6178673807419836
-2.3230029568627666
-1.082686444917198
0.37153568760421807
-0.07830727231022161
-0.32368803445045147
0.06283630068489376
0.20274960454531543
0.3167530852772943
0.5539611700500713
0.7837706799441905
0.6123996258041576
0.5261141097418798
1.2005543375496648
0.39207329332634366
-1.6194069277448755
-1.3162308897290396
-0.1815596089707263
-0.6998534673047087
-1.3490594493504857
-0.675509926712851
0.2775172045864145
0.429382157050221
0.8882838818645112
1.7187020918292057
0.7293257174067003
-1.4021571702176523
-1.0579730941371397
1.0468197926626648
1.5522080427703246
0.8856349630863969
0.1774237426125681
-0.15369058213615105
0.058394067255620796
-0.17849015483093522
-0.7696876983037555
-1.0542094676837155
-0.31015393657914947
1.0615297078334724
1.0082376273438094
-0.48195051557489593
-1.3533327144274583
-0.7067982244359474
0.42606358577546644
1.2435151585595323
1.539550823935977
0.9375606414544594
-0.07611288658753312
0.20033984714308883
1.0669224346404673
-0.25439004982885316
-1.6406590639474943
-0.33930384921554335
0.5929714927608652
-0.207826031361261
-0.07330590066551945
0.6135593353627533
0.18978927458283557
-0.35336323404830283
-0.05496480931058545
0.37461440190766426
0.0224052947129596
0.0007555998238060191
0.482677805238628
-0.3076057293469536
-0.8172632382246592
0.7462783669067392
0.9945963792785402
-1.2144874450334853
-1.5478745713940998
-0.08457008177166336
0.3599297892302181
0.506830247726636
0.43284240110568106
0.061774851766351446
-0.037708640453802955
-0.37184879333583865
-0.36827871608733753
0.10317273702079766
-0.09839329462582247
0.10948191750845448
0.8654899282764216
-0.18522511780021889
-1.4118684533910268
-0.3892759538702567
1.0523562608924713
0.7227221442389012
-1.0718550346450986
-1.4571018258103012
-0.02640391391454816
-0.030184641823110148
-0.7268751158283173
0.480853098834111
1.1562622401474685
-0.08520029883740865
-0.634626164209567
-0.1680798354302272
-0.2663960400554095
-0.3668357344322041
1.0170269560423284
2.383324222665081
1.160144139845726
-0.7449461445285046
-0.6695504627296314
-0.7332929206324624
-1.39530969073492
-0.30240209042267735
1.5504676585825905
1.47912487813712
0.07301884153762339
0.16464162572258245
0.018350978883852287
-1.8193753641887347
-1.1175263796046209
1.462538802268296
1.33196171794241
-0.18820445483160597
-1.1277873584879505
-1.817031616460657
-1.1408817279922072
0.24262681883191958
0.5176466531123877
0.3617973730624131
0.8870530181558638
1.2045458715296995
-0.03760876196308871
-1.0475420077342668
-0.22145513363444624
0.8803582193510253
1.4406340757671017
1.7155451316964985
0.8294166987948692
-1.1360022529034546
-1.597816681249469
-0.9423608175916317
-1.1132321261068823
-0.770623692162773
-0.4085410621832578
-1.270937483336097
-1.2114739021415937
0.29337412281946684
0.7347644852952104
0.18669424679212598
1.1259948398867559
2.9398927455500603
1.5487088838548408
-2.3689210737530786
-2.24007162604686
0.823020541985125
1.0192516976709307
0.3602857599440942
0.31090897892827996
-0.4802511807097871
0.03517532426188197
0.6984726225000661
-0.44181713459848126
-1.0157447760520373
0.027820334789561585
1.8733297709845724
1.5615632770134504
-1.8909273997854932
-3.52136212672544
-1.7883452580244876
-0.08773004981725285
0.4115393585829057
0.3428031843509268
0.5591910716084513
1.1015691039180115
0.7098814849251778
-0.5783826438955795
-1.6399143928377347
-1.163697517717389
0.8759730671758041
2.205387971455549
1.594863457595057
0.060527347404410015
-0.932987307957305
-0.893241964271368
-0.0033839778094641865
0.5936497084034027
0.10314259973391478
-0.01570524858532535
0.2102443333748583
-0.3302642429971038
-0.8903577568490482
-0.907286361366604
-0.7298685533272905
-0.209165798828993
0.5851529009019376
0.6758699051540661
0.1278937414727659
-0.5039610658706993
-0.9279981722375934
-0.5030285248158983
0.16292083881447672
-0.20685405408017665
-0.8090788988017072
0.01582695954231439
1.1541826837490952
0.9435275946303742
0.12605701923749868
-0.35675156453835066
-0.31642221068853105
0.3048697793511952
1.2125002066906547
0.8730421696563181
-0.6148521658707666
-0.8826106888852655
-0.2224829009247261
0.2225936780423552
0.38841288223155584
-0.03296249517564653
-0.29586681065978787
-0.33558726196893574
-0.4378336645622848
0.11897315166826816
0.20970705032538028
-0.42278374836316346
-0.06536883320411802
0.26323044803915907
-0.4802946548854691
-0.5930589548048028
0.09232007608107717
0.3400834157609507
0.5360272052229276
0.7454545093937341
0.47973070017416597
0.44587641059476835
0.6972415066365637
0.30688476082000554
-0.11271624314639012
0.4703533397701247
0.9789798401099752
0.27414178627842933
-0.7644327087188161
-0.7852800563135657
-0.3784801798312618
-0.4842828388748729
-0.31422040154513076
-0.05058995158007032
-0.25009475561139005
-0.03941980291333397
0.6358552745656276
0.5225221147376765
-0.303914839427192
-0.5602721216963465
-0.5574657475186684
-0.3648481263107156
0.5292888715786104
0.861721411452302
0.3886404672336792
0.25865547621523893
0.0914945154178404
-0.5069279809240544
-0.440715947005533
0.27870944990811575
0.520944912940947
0.5918604508297998
0.7070212116209124
0.1164690454516053
-0.9536540815144148
-1.2766102652320253
-0.5694214254315146
0.3315973660448785
0.8391890192527185
0.5800023370597301
-0.2037244842942465
-0.696596706460169
-0.5909676215327226
-0.44164303135581745
-0.41090931790630614
0.023802626270497007
0.4361576758457334
0.43691733087348295
0.05773212942575512
-0.21632081800681277
0.5091654425271721
1.030458102502969
0.20433688729510557
-0.5542574991113821
-0.25806996576127506
0.3004449053930051
0.4282566364276868
0.09068807688648917
-0.4149208625347018
-0.5436837311009459
-0.525551330889763
-0.5357020403785644
0.10275309694464296
0.7299373812344252
0.28412212221481165
-0.1897326078084754
-0.12138132950473136
-0.4050244120316552
-0.728382135119749
-0.1638058970881669
0.680599535211821
0.3291591632253413
-0.8440292820373757
-1.0563032763717797
-0.049479236743815935
0.6979568373158874
0.2514325290485824
-0.19850855429899328
0.2416020261705314
0.6365043741261165
0.707534496792488
0.3395449077037169
-0.69028241191451
-0.8148341968185234
0.24107011085010027
0.5346650422720501
-0.07856431433579092
-0.5424125270613142
-0.6595344146907316
-0.4928919552181843
-0.1326208292432851
0.35088477377318483
0.5812364218221083
0.11826217332505795
-0.21800571602648844
0.19488902581841028
0.375049532111939
0.08801409295447848
-0.011181372179979998
-0.011411170656852931
-0.11615737871429954
-0.16337856755687996
0.16219524228005544
0.5920321434202711
0.36807907022801006
-0.22091154365871118
-0.16039831993434978
0.29993934546522394
0.3093412968310512
0.10567313640023027
-0.00857594106114383
0.030283745718118288
0.28150730824487735
0.30296971536187994
0.03889798117062698
-0.10264531491455242
-0.13531586865425493
-0.14135837957829517
0.08983571599256157
0.4131753175816778
0.25397728610550274
-0.39379207751403517
-0.6972408191065669
-0.3195322571003554
0.3320510776431736
0.8048010899893759
0.6372233987761654
-0.0049796573667874044
-0.472862217444483
-0.43453752752607183
-0.1258882750659851
0.030547614721391947
0.10018516334961952
-0.05608665926579981
-0.4573813999782864
-0.07649426606327234
0.5466727870205531
0.08892471030510196
-0.45195168707446065
-0.3718713512958433
-0.06560491933356812
0.14696697099569048
-0.0059985262147350124
0.06415521876905873
0.29284347776292413
-0.025763479926163235
-0.4904358205187934
-0.5454771568429846
-0.01936483897413188
0.4883096473599971
0.5078355477810892
0.5628445770232775
0.28480904777365845
-0.5298326990882566
-0.8798969423871918
-0.49787811077811905
0.08930239964576342
0.30581832933264963
-0.003365570962849729
-0.17262838002768682
0.014470093332890177
0.0839865464455272
-0.046640426705728155
-0.27593309605194727
-0.25479536915108697
0.18674363654927656
0.3696793135347482
0.041995905219188195
0.1467361574988835
0.7119474689318867
0.23261464771823423
-0.8483189482193854
-0.5969607168425235
0.44131792892240634
0.549504146089262
-0.2357132579146095
-0.6193132240195341
-0.049506940961696194
0.3795364469385084
0.07219821120154332
-0.19871938297366687
-0.1719227913597293
0.2360684868850783
0.7245088261105508
0.3096897092975926
-0.4726749307995015
-0.5014583404363804
0.04701790610205535
0.2862159952169717
-0.09187574992634834
-0.22229800772951436
0.019704571726262568
0.06106471285555533
-0.02714599704091468
-0.08682142014862188
0.19844942943114174
0.538147135420683
0.2217032444387263
-0.3043611551627088
-0.23043219255717515
0.25579001937176266
0.2655860905866364
-0.23986665992447054
-0.35456344058978106
0.09002122956768963
0.360478633953965
0.07359857272918044
-0.2902771128529532
-0.24175721911598516
0.0547229412796466
0.2931247819462508
0.356189931271201
0.21755920968898124
0.03908508204380656
-0.05631039134865956
-0.10297859233834733
-0.047739390454574204
0.041930377764924476
0.028006785739981055
-0.16330691790351132
-0.3574008240004254
-0.10129324882482366
0.24155542418241369
0.09497553774875916
0.058424225068204105
0.35362421213006956
0.27445585099696496
-0.028267671071374956
-0.060477220464102865
-0.009114155715980843
0.02510680852938596
-0.03618115899122509
-0.3309243000456326
-0.4359165287133093
-0.08452064724147043
0.23856111832122026
0.16463330034848841
-0.055607202277013934
-0.059851904202185835
0.06648226088400083
0.08782452237504024
0.027464662941740936
-0.0824818258725169
-0.20905347231084997
-0.13542154639693932
0.15447554154460355
0.217693725294968
-0.14919008719944693
-0.582825055709111
-0.47924033085018586
0.2556418864343126
0.5829539585852643
-0.04971430428775545
-0.6046919262800998
-0.3220261175064665
0.21141435953408028
0.3338522290477669
0.045565428326488286
-0.23935627923007768
-0.13128359682679053
0.19123635425412014
0.18928757037872676
-0.23672132047468492
-0.4254967028680457
-0.19536548156377048
-0.0036334134691686226
0.13054202976003199
0.07641102686238699
-0.05590566990799267
0.1854961489366248
0.35915087370386056
0.11562537525579186
-0.12332469045956819
-0.2396623556865432
-0.22892197455484747
-0.03342556722909645
0.12333080157365597
0.190730339804991
0.09240095187876421
-0.20653292120920477
-0.24004221067167972
-2.6626432889031992e-05
0.07405496205433759
0.023863720967363944
0.047114743032495354
0.19896608536512086
0.15729260417290528
-0.18642273819079228
-0.15296605405091424
0.15277279437167285
0.12038249108104171
0.06383649216655408
0.1706394261455544
0.15772488624645437
-0.044343693009272295
-0.2925661515486919
-0.3611076238250426
-0.19675517502536505
0.05331392979546257
0.23077605245050045
0.2400834595858454
0.04512350173213597
-0.06430899741628604
0.16000299686900774
0.24409365184170317
-0.07619230148890896
-0.33791107962417877
-0.309063244302012
-0.06359489454486536
0.2929137250936141
0.3296509856729537
-0.05586394270392739
-0.2495563117179435
-0.03362507222414682
0.1714633897481795
0.14498988114232594
0.022101852618009253
-0.005388591631896603
0.13908390637545737
0.20342301536602686
-0.06082206325293774
-0.2929292020173695
-0.09109483246983893
0.18710004417752385
0.11682469076731553
-0.060303835712180516
-0.09927053815601583
-0.08599817875725894
-0.0882302682132915
-0.08425475983669264
0.030502603525617317
0.19033030446629187
0.2498047147061691
0.2317848057911198
0.011036726525107315
-0.2419569098232185
-0.042859276796283347
0.18206846461377765
-0.06821615838720804
-0.2658140798659447
-0.1138298873630709
0.0858037587438982
0.15185499326454646
0.09842136321528641
0.06479032217234597
0.02037767985547545
-0.07602985419408542
0.06810428131810498
0.23029262424318742
-0.016875865595252615
-0.1829482077399896
0.012969596585682697
0.09486016623530238
-0.09409648070777518
-0.2747049936134769
-0.15365159836475828
0.13639886780371985
0.17503280418559808
0.08828133691171171
0.056457305004631614
-0.09006449123094493
-0.12470577892444912
0.0239518151089904
0.04314292022574853
0.018455045474614254
0.06895767658730666
0.12899961073338553
0.12295985832324485
-0.10423601802072827
-0.3251689770700981
-0.15595932423818634
0.12998885327597554
0.11354839196153542
-0.05463658947775604
-0.07630784841139888
0.008127402302597383
0.024989017745078827
-0.0191481162086529
-0.07619748445181626
-0.07358211714519841
0.05009428955320651
0.05802572364152961
-0.09844757142583488
-0.1223316367194308
-0.06695932909935545
-0.055479405693356354
0.03837511206637707
0.08713518796028485
0.007739018697739519
0.009930496926981953
0.027496295700536452
-0.011272431603528268
0.05477357625954184
0.040920422790438955
-0.1566155200994981
-0.18919972722484746
-0.02690488589255574
0.07912995115294286
0.07774131464439833
0.029766954034967416
0.01882276107329467
0.030830812594360532
-0.03893118737644864
-0.11167797747329423
-0.04687243062417673
0.05081112804636187
0.08850409910101532
0.10707429531155353
0.07003818118086406
-0.006550879607268068
-0.05874482380560066
-0.050892084379493004
0.04023276440984082
0.08546742096865631
0.03336219672074657
0.056597717660974545
0.115867792399327
0.03281380116728116
-0.03756663080019862
0.03812118519069385
0.10477146848591956
0.09475170159936139
0.01649297346869044
-0.0932311417003665
-0.10531209786371104
-0.017465440185248274
0.06550282248926971
0.03682811222204134
-0.1018547583431116
-0.08050977908549806
0.0943643546920395
0.11419084985988408
0.05838153456048095
0.04043177550167318
0.005422901430591376
-0.05317831221476027
-0.10604783869831906
0.0160274647988968
0.13687709333361686
-0.011976583995914086
-0.0874402409816569
0.02844556931442771
0.007611084383594174
-0.11630015418502242
-0.10982352808834361
0.0073460409198240345
0.056310937128099016
0.04513505154004534
0.02127869725757002
-0.08531704421723282
-0.12524954366688973
-0.027002216514278882
0.02853008379588167
0.019235374699911073
-0.021228749010475646
-0.08896995397350131
-0.08695169627114378
-0.02204871784827673
0.0051544904622149584
0.02867329359303719
0.08407542997327891
0.05429320451915429
-0.027607195579228645
-0.008121169577916958
-0.017732794831334164
-0.07784270376416431
-0.024674089607936264
0.033962322157035166
-0.004380068641961228
-0.056716030277709883
-0.029435868862376438
0.02573456098322456
0.0008490980450052144
-0.06269838240966517
-0.07216787063744634
0.014199945515137855
0.0677372881859083
0.012891243011382864
0.018221181177738535
0.05740413453131083
0.008930269040629171
-0.007171380154864779
0.0569434225919429
0.058639139613886816
-0.0266385636547279
-0.04769168253687263
0.021525403978008548
0.03152903773793271
-0.024681768169521667
0.0029346676179435446
0.0813347295131921
0.04381038163815781
-0.026735578166516713
-9.799007171310686e-05
0.023403011140063996
0.00904665037974077
-0.015344915569977313
-0.06263703584908611
-0.07080241532813951
0.01036437360878071
0.10977897837042586
0.0878524369632608
-0.03232671295308343
-0.05406373090271482
0.02546921986350422
0.036777370668775476
0.005060047034262945
0.010134785817969102
0.03346828857668216
0.05466809737996772
0.03852671736962393
-0.015284099758014119
-0.055670728589320775
-0.03110784977865963
0.022687092066645098
0.02796146562436483
-0.030163628923979696
-0.07091060617167233
-0.026971942746337532
-0.014063968325448612
-0.026453573659720613
0.038746199809876494
0.036549795276393446
-0.018479916566840997
0.008832170469828267
-0.003559900916181205
-0.04475461979236179
-0.006865772051653611
0.03292071360703375
0.014361070644959742
-0.03292859634593334
-0.03816958525357968
0.014129354260377043
0.06635838295760212
0.04922627361292168
-0.03991028067052069
-0.062126733354532906
-0.010981358506523042
-0.011959312567513857
-0.02662331833620602
-0.005658334676396136
0.0028983196625852604
-0.01716088138823252
-0.027073331101547686
-0.02975568744705625
-0.04810791103886054
-0.002936449170072755
0.06883934284445245
0.019064137473001674
-0.05796532334337382
-0.0327079105850209
0.0334733952813903
0.06043757682889894
0.029001858065422652
-0.01716097131729126
-0.017145834151643956
0.02899419558030457
0.037406340280921616
-0.032279170076975804
-0.08276857740354125
-0.025857462325671824
0.04627953478178599
0.009830288478822655
-0.0467462782196453
-0.012475462144999866
0.027897006197307048
0.003793364274702095
-0.010106899897287566
-0.00020952010374270663
-0.009212883021644531
0.003926229416501975
0.03554453080781894
0.02097762936605618
-0.014298948644832405
-0.009372014376125885
0.025840733979995385
0.04960571870070606
0.02289334479077535
-0.01989012847268537
0.009494204913534823
0.052409781836102697
0.01096504707975754
-0.05035508471992123
-0.02670788958893513
0.0416199823827161
0.02581816001279088
-0.02789255406600654
-0.020263560709151914
-0.0075680712890749575
-0.0059097711227054355
0.008220078730912206
-0.0016047358955667088
-0.014170494167217123
0.016022750152904816
0.04135250477323635
0.014707568759928524
-0.010119210879766145
0.011660356962103602
0.027920228183482797
0.010845808974309062
-0.0032385968421650493
-0.008498895890406567
-0.004980525883523136
0.012471347182207396
0.011084093170734118
-0.03066493021539482
-0.04810910883539035
-0.0006963738197044225
0.026006777586189033
0.0027782179451349143
-0.013416619750055842
-0.024938223787217502
-0.03210642704934419
-0.0038077249652323387
0.017782358920657094
-0.012161653914449684
-0.024798790503549818
0.015408912576765871
0.030464599160953815
-0.01236862126471337
-0.043807065749819574
-0.001856275474752939
0.047905668644720456
0.015595778256686323
-0.03390590801970288
-0.02016187395112311
0.014252309487190258
0.011075383083886343
-0.02584556483306012
-0.03992121342140681
-0.00290243752190519
0.01754449498140029
-0.015389619761207313
-0.03146300646015697
-0.009409312953817417
-0.00018361639362057813
-0.005324378625230851
0.0033141525042422876
0.008251680406441683
-0.004968117157369167
0.005256630506315189
0.025343758866221783
0.005410151026803096
-0.011261599648735323
0.005203426401186501
0.009970844980357978
0.003032238748775541
0.009606281583671588
0.006276219707452332
-0.008026865191767287
0.002255101915521616
0.009816804934343726
-0.014043366065364295
-0.010686024006871967
0.018881347888229184
0.009475875003246634
-0.009347717488958485
-0.0051951731252246405
-0.007121084086812047
-0.0009930918502698838
0.02011795452231708
0.013325171325093876
-0.007911360076200706
0.0022289886133933824
0.02419816103222845
0.017102974411378827
-0.004808526076671116
0.000556961980120535
0.022189683323997837
0.018961466309940275
-0.0016497210836289647
-0.00459551636447535
0.006954212988457307
0.0029823486268483745
-0.005427957201836239
-0.005763523074844453
-0.008621237626128554
0.0010023863786097313
0.005507263996176039
-0.008670439578991374
-0.006290060426463438
0.000667164781689494
-0.0006114986586245093
0.006197294984351042
0.011750434904761879
0.005611832039005095
-0.005244862770424654
0.0012206641627948225
0.010921678350022477
-0.0013951494820042439
-0.006760377840269491
0.0023355724243739086
0.0034641649936246154
-0.0019673017176260847
-0.0075214767065136
-0.007933431456682336
-0.005463218456013505
-0.003599871123700112
-0.0026328449377301458
-0.009068459168347545
-0.009772081446629053
-0.0025178074514572587
-0.007645393941841361
-0.012559638373558526
-0.005498541264395139
-0.0022364616313143067
-0.002710230829631439
-0.0015550629264717113
-0.0024133602504909472
-0.0037858229788286443
-0.0014356887706003588
0.005129079033591307
0.0014166211090755158
-0.009065327561605132
-0.0026442798680295088
0.004208476805182201
-0.0043149563428016985
-0.005862814500527561
0.001236409104532838
-0.0024155522485432013
-0.00969203995480894
-0.004006111012940079
-0.00045357259584430723
-0.005105378160748464
0.0006913384080485599
0.0017738547748124486
-0.006295393642386245
-0.00011235666660658339
0.004973133965535621
0.0017132689522274605
0.006831471591334175
0.008827641787136825
0.0021504945159231716
0.0022790064121521354
0.007802164558431118
0.007806913114886323
0.004956013594643996
0.005505745589492791
0.005913168452759632
0.0039015658762314503
0.0028143538983900177
0.002365006482360507
0.004114219038345984
0.005972668323117268
0.0024789926786051085
0.0016519697620269213
0.002533437471352455
-0.00099703095674142
0.0010043341347449278
0.004493804484996811
0.003111063255589297
0.004257574123920093
0.0049474351430626815
0.0034039167444651786
0.0037373713591189427
0.0056193385717600505
0.006001098774204756
0.003209982000436821
0.003888370462130159
0.0036031142832488143
-0.0014758755057592172
0.0003529890563801104
0.0017679139417547743
-0.0032208830635203876
-0.002532064452909915
0.0006488385328376443
-0.0026476285131789186
-0.00622652974364377
-0.00369840974574848
-0.002515638245400572
-0.004827693761583266
-0.0025684859988099884
-0.0016490290652592908
-0.004429955958928367
-0.001865387356466245
-0.00072290133538205
-0.003865259239182425
-0.002157726309140859
-0.0004478078272794582
-0.003271507405198014
-0.00396332814842405
-0.002554972343311493
-0.0025770915262129223
-0.0031664480250012794
-0.0035708590719799546
-0.004522682516263793
-0.005251722510734622
-0.004270359992424666
-0.004078298239409767
-0.0047291669603984655
-0.003957540068313618
-0.003508073364456568
-0.0030677802586042482
-0.0031484441236228795
-0.003982391039641809
-0.0017071743511468708
0.0005699151236521274
-5.9291855656808806e-05
-0.000336802519751489
-0.00019320299021999277
0.00018746024263674096
0.0006593760081598857
0.0008294935910363697
0.0011862526230528338
0.0005024546521910506
-8.578775319375079e-05
-0.00034059698172829445
-0.0010814314702154923
0.0002536848202787968
0.0017393778387514089
0.000988108177090715
0.0008773480910665155
0.0018511687129945456
0.0018799486824685012
0.0013390515850993968
0.0021578975765421497
0.0032940601392507096
0.0029898616260408267
0.0032137724100879117
0.003749256969479614
0.0028300620929602215
0.0027893069686850003
0.0036274864611099
0.0037363755996083726
0.004705954703839983
0.005525041129773919
0.00454460850437126
0.0037292929004946697
0.0037915182416873817
0.0037559916191663156
0.003104746937932794
0.002522089374200738
0.002742785374099263
0.002718405931475095
0.0024850012048906155
0.0020066762953252874
0.000870732698319325
0.0005711081406780082
0.0013581228973017848
0.0018109687569800824
0.0013315081311512308
0.001056855494251871
0.001628317243660738
0.0014554695856247024
0.0007049873497337843
0.0007086392571609423
0.0007588186426697938
0.0004959750706047053
-4.638321655590916e-05
-0.0007760199277948333
-0.0010316441403881021
-0.001206020136776259
-0.0018032557846763136
-0.002436717039597948
-0.0026689582289339993
-0.002391005003475794
-0.002378872794296962
-0.0029466762393865822
-0.003377721424060752
-0.003624509144129444
-0.0038261862764675907
-0.003931292021829461
-0.0038845193251153664
-0.0036705476976946864
-0.0036407375223733753
-0.003572507737432117
-0.0033648219391397708
-0.0035560272274838974
-0.0037286925173262144
-0.0034822317073784008
-0.0030204001020854784
-0.002431640836224239
-0.002364279261282052
-0.0030822095605804456
-0.0036017207027834366
-0.0031173454676830387
-0.002137427112956237
-0.0017532213360171578
-0.0017970978902698796
-0.0015493041386651259
-0.0014335855478309588
-0.0015646744937673138
-0.0013943418789331384
-0.0007679544852981016
0.00022522616334650844
0.0011696947859478578
0.0016116420256652754
0.0014607516465544278
0.0011558290863470065
0.0012588804010569728
0.0016510565541394528
0.001997940426071137
0.002234073793519222
0.0023702584489472146
0.0024793220577235733
0.0024946325184619592
0.0024520903847627187
0.0026738230914573457
0.003119384893697715
0.0034098966962679508
0.0034839171834348485
0.0034813206422413877
0.003344640342944012
0.003102550951465601
0.003082369588994968
0.00324109646843861
0.0031846257790460065
0.003151694277657044
0.0033318547253853477
0.0032752934521595896
0.0028653263521052352
0.0022231426915547015
0.0015852874312154812
0.0014481631306564931
0.0017157058607908237
0.0019102387222256177
0.0020016503129196977
0.0020525244137954007
0.0017903484390867433
0.0011415941405903303
0.0006217675699995637
0.0004165198208189655
0.0001876984673552344
-0.00010471897967117075
-0.00040016007624961783
-0.0007959145654200077
-0.0013165603483186947
-0.0018740300164718261
-0.002118354869136016
-0.0017795955114875382
-0.001282816494169725
-0.0012007259942147415
-0.001485886292626264
-0.0017212235357745194
-0.0016987682241378314
-0.0016175896265226038
-0.0017039262670933385
-0.001823135282517662
-0.0018343154313653822
-0.001928293195268719
-0.002270856702241036
-0.00269024254749467
-0.0029652467995511956
-0.0030429871029914166
-0.002843885536678232
-0.0023723436946045057
-0.0019633170705080642
-0.0019519215702572714
-0.002275507153626664
-0.0026308966471437238
-0.002786873031459164
-0.002721805930179755
-0.002419235007473165
-0.0019044451854149857
-0.0015176498795335816
-0.0013995513836085622
-0.0014078098658241445
-0.0016002958328066065
-0.0018133833517066933
-0.0016646095148718423
-0.0012230767247059567
-0.0007262265490905351
-0.0002805097983746667
-0.00011564650683415154
-0.00025914259367305036
-0.00033274509999924214
-0.00014124450306938867
0.00015171104367485942
0.0004484180090679017
0.0007709198946161261
0.0010078303576221432
0.0009773271451080524
0.0007597253259648204
0.0006612235033246622
0.0007865387458708909
0.0011201599173607298
0.0017278075620489192
0.002313419101239146
0.002425373796717473
0.002253700889100237
0.002230305770586434
0.002382672896465399
0.002660623469514519
0.0029808421412117238
0.002976956560187115
0.0025735370902028147
0.00228020109012635
0.0023010809877125676
0.0023071129609344536
0.002221098830184686
0.002206371874974078
0.0023474822132737326
0.002618707601600872
0.002736636119060833
0.0024956109404647275
0.002063051835493176
0.0017666568361039657
0.0017298021529270832
0.0016231770812710593
0.0013599250236407383
0.0014083739314621445
0.0016666615007368268
0.0014801762728038348
0.0007952570343522578
6.591657940303863e-05
-0.0002923203951654546
-0.00021165889141779026
-6.266843256389973e-05
-1.60101348937354e-05
1.4005746548858417e-05
-0.00025747967336312363
-0.001033584826313369
-0.001845698995374647
-0.002252582165503749
-0.002222568962786768
-0.0018866697998048895
-0.001697402304319133
-0.0019844009436424913
-0.0024546856871472105
-0.002817924574749754
-0.0030444578070558132
-0.0030163212212552006
-0.0027892279836107207
-0.0026346505034674393
-0.0026107023330236723
-0.002680267118139645
-0.00273305717632062
-0.002586730990326223
-0.002434496282553898
-0.002527170701481082
-0.0026198544932216523
-0.002419899740956818
-0.0021042986783326246
-0.0020844739451951573
-0.002352030367019243
-0.0024066602024895353
-0.0020459766875414766
-0.001561960823277659
-0.0011579840263998518
-0.000874511727278135
-0.0007095570715359451
-0.0005331111863611585
-0.00036439357701914706
-0.0003839178883507776
-0.00042015857206843636
-9.937222927858085e-05
0.0005523751683442508
0.0010563120941262868
0.00105728209405038
0.0007862544472813943
0.0005784987332862427
0.0005610933810316406
0.0009004162489031717
0.0014735513484298527
0.0019018652476496794
0.0021359832004984713
0.002275036886428555
0.0022131567650860422
0.0019402798448105232
0.0018021744575201
0.002069516950777959
0.002549282727145586
0.002863794264981624
0.0027805521964944452
0.0023731737021142154
0.0019287654974223449
0.0017235862763777692
0.0019421833512053856
0.0023266808650343135
0.0023798969899125203
0.002131240601496117
0.0018923198862122346
0.0017326247558086105
0.0015733639563777334
0.0013760801425637473
0.0012998279612786573
0.0014960723845754646
0.0017197970603036253
0.0015677864329829497
0.001083105743833697
0.0006517452748238499
0.00039091047109264705
0.0002720397522480607
0.0003206080267553514
0.00040325799319065013
0.00047416390426750256
0.0005803547636975739
0.0004408401735150197
-0.00019613034716291222
-0.0009583235559049684
-0.0012221283773587738
-0.0009054359443906677
-0.0006053108847001928
-0.0007708224922619872
-0.0011626674897035633
-0.001495372640862717
-0.00179426840833833
-0.0020450178590289848
-0.0020860681284857723
-0.0018545240873726436
-0.0015504977386570648
-0.0013894578507033352
-0.0015281325768246555
-0.0020369195703576854
-0.0024780627659981664
-0.0023552832982278423
-0.001953608700760623
-0.0017583456883840012
-0.001788879673178926
-0.0019952070796786995
-0.0023298754352192074
-0.0025200356194621408
-0.002396996994786212
-0.002150704496102473
-0.001992030740934325
-0.0018363667315275936
-0.0014976604147953166
-0.001101456718907226
-0.0010335919161318704
-0.0013063151573493477
-0.0014214777056717198
-0.0010693934510950156
-0.00054783982801343
-0.0003078010453167225
-0.0003877553095585906
-0.0004734526444892598
-0.00036673019576145306
-0.00025375638318743225
-0.0002528851048332788
-0.00012565765976699748
0.0002468934008375053
0.0007445167683008853
0.001088050654340771
0.0009495193558965633
0.0006146304084086625
0.0007306174725611892
0.0012513891437517452
0.001681673913843636
0.0018613759188162932
0.0018984537819279777
0.001853417550586582
0.0017879422111159657
0.0018070773771608414
0.0018424427897857404
0.001860873811255495
0.0021320666536157108
0.0026094685424839295
0.002776464825329826
0.0024207595723371674
0.0017806370094777435
0.00129762360739211
0.0013559812371908685
0.001773461279098683
0.001964186518612799
0.001727653209328924
0.001346692889619621
0.0010845562814769784
0.001043797992360835
0.0011147876973972761
0.0010588900382494243
0.001004314996082445
0.0011672907092204407
0.0012513132006954884
0.0009298163617205736
0.00037930018509180034
6.806169562733298e-05
0.0001523048031183659
0.00023957993201694817
0.0001278325074236114
-0.000118805431331288
-0.0006242762046438834
-0.0010741905575305626
-0.0010621065289283197
-0.0010741534583067706
-0.0014872484141035553
-0.0017294860929034372
-0.001348519408940806
-0.0008624751580742357
-0.0010056190482619909
-0.0016597719593495208
-0.002115058063746879
-0.00198600744592082
-0.0015059210238228655
-0.0012319806523194495
-0.0013620313000510132
-0.001554271443800986
-0.0016473595257396542
-0.0018370875137484807
-0.0022166831958127147
-0.002506858167934931
-0.00224304171097851
-0.0015252916435321523
-0.0010432953449022197
-0.0011430708148552418
-0.001479943405482088
-0.001541608552717436
-0.001238538486905535
-0.0008089648715297734
-0.00039520641014967675
-0.00013886245805271556
-0.0002123764843221139
-0.00041426972492452155
-0.0004494004813763615
-0.00046940709212536097
-0.000561530468914084
-0.00046124040473598076
-7.88176543313028e-05
0.00037564561147358094
0.0004990312430611949
0.00010884820146494709
-0.00021702491036453518
0.0001384125000142549
0.0008685242398574853
0.001227848131980961
0.0010148825083181288
0.0007808238853571695
0.0010545397292032336
0.0014629400346736392
0.001298184517292576
0.0007949060990534778
0.0007859823904573585
0.0013814845847028474
0.001838924697560822
0.001622348924209572
0.001103209670916185
0.0008391210227230602
0.0008673189483360442
0.0010599669899479934
0.001240349336909819
0.001222690258635343
0.0011962382870482633
0.0013656444357969626
0.0014280387890374508
0.0011062508145224153
0.0006746113118010783
0.000555407810897638
0.0008276669097820608
0.0012333151541273598
0.0013165125942386441
0.0008169250858440389
0.00020286386595234993
0.000112238723033899
0.0004027301050945906
0.0005363379395212512
0.0004414515660278234
0.00038853671732382456
0.00042484324470150586
0.00030864818776016496
-0.00013528931643805135
-0.0006334470216844352
-0.0007269294881873363
-0.0004160033914497067
-0.00011962809510059416
-0.0001700431046968336
-0.0004957181976842206
-0.0008216634860805311
-0.0009588019742867125
-0.00082367160732158
-0.0006251056050824407
-0.0006683055042168966
-0.0008823011017275104
-0.0009985364138233514
-0.000953777643454536
-0.0010067607407778633
-0.00136011974717184
-0.0016520636901529889
-0.0013819493725218106
-0.0008031191938998872
-0.0007024707269439653
-0.0012004525019474624
-0.0015669844606458587
-0.0014335611013892944
-0.00119393676191982
-0.0011829945746048625
-0.001316378649621868
-0.0013279881026088771
-0.0010621408400963844
-0.0007531363571365284
-0.0008162978107574626
-0.0011603427123770124
-0.0012197289401349957
-0.0008730493087260472
-0.0005373688199390115
-0.00038190936727007865
-0.0003312910357678462
-0.00040501328872817426
-0.00046251857959124683
-0.0003032868656694856
-5.87334783598379e-05
9.497676372319415e-05
0.00022842885809755756
0.00039852638518190174
0.000495233930389978
0.0004068452996211485
0.00018482201517875177
8.36096960568581e-05
0.00040876747990732393
0.0010150296764995358
0.001267383238775681
0.0010648701011093708
0.0009669384999210721
0.0011131277133068782
0.0013011219874910305
0.0014913594015490191
0.0015375981925887213
0.001441715771802305
0.0015316440822394845
0.0017655988095353346
0.001705615517972972
0.0013366328414076813
0.0011468596870439158
0.0013499297377538091
0.0016228811933836943
0.0016755387545722002
0.001538583939215606
0.0013331422446403217
0.0012919340232585095
0.0014751833487402126
0.0015152412243584967
0.001292247238510521
0.0010799826302220917
0.001044440116505934
0.0010903636873175106
0.0009444745950577954
0.0005142576858330125
6.37923964414474e-05
-0.00010855788639800579
-3.5479611186026855e-06
2.5986246162984505e-05
-0.0002467476379759796
-0.0005562366941234895
-0.0007281699924191528
-0.0008500942149112373
-0.0008503079797494411
-0.0007910581996477609
-0.0008336700073820714
-0.0008196529277543149
-0.000739860588281978
-0.0008926168908388998
-0.0012172074091407843
-0.001400305655921189
-0.001339827036422955
-0.0011548614907177677
-0.001130953108603349
-0.0013556498983939317
-0.0016501943921193264
-0.0018711817327158433
-0.001891718747329359
-0.0016472876670472368
-0.0012758789462361574
-0.0010692099952728995
-0.001084365519530597
-0.0010907098663707603
-0.0010177199867489489
-0.0010223497374394867
-0.0011079517824686127
-0.00098438895171735
-0.0006827779263738985
-0.0006037313433936648
-0.0006757772500725432
-0.0005813557768555092
-0.0003927947294808569
-0.0002119055133119139
-6.415475858189811e-05
-8.777940898723868e-05
-0.00020976917248361968
-9.101429318989634e-05
0.00026803301120714197
0.000398976616155405
0.00024598291772239423
0.00023990730030281487
0.00048133360429608064
0.0006836209824951471
0.0006704213577580177
0.00058422588848906
0.0006220957204929982
0.0007602611668842555
0.0008474678572092968
0.0008243528885488291
0.0007307610179760164
0.0006594728737840511
0.0006700541588114529
0.000864263481366514
0.0012381144013620302
0.0013613447091947544
0.001072964330646838
0.0008057140307298079
0.0007584969557041033
0.0007318333511619951
0.0006938589022758695
0.0007417015900544766
0.000759746139564483
0.0006930734329594645
0.0006184221732188646
0.0004894681363825509
0.00035485000453927985
0.00037874478803093074
0.0005108147961296766
0.0005405236324698675
0.00038730407494745296
0.0002755669839236193
0.0004424199956748259
0.0006720816777398666
0.000663712514669108
0.0004518787130481936
0.00031517653187767766
0.000504205817717698
0.0007777743024800117
0.0007801497402375969
0.0005832896166632438
0.0002778769070329364
-8.144615023517217e-05
-7.085328853757931e-05
0.00036875276072667086
0.0005069898859337363
0.0001752319588180463
-0.00013519759901439114
-0.0003600538309428535
-0.0006004901921462082
-0.000742147106476786
-0.0007411687145055636
-0.000713579079797506
-0.0008275098656269683
-0.0011040996876906448
-0.0012609865610268244
-0.0011004894028662756
-0.0008585926817054616
-0.0008029283173458541
-0.0008579221844678356
-0.0007651942125525199
-0.0004750612819748078
-0.0003228399224379109
-0.0005503200164049616
-0.000981747785151648
-0.001417630147002597
-0.0016692266047546593
-0.0016699442282986435
-0.001775417074404608
-0.0020987542475760226
-0.0023351475265080595
-0.0024421832155148097
-0.002435422068429418
-0.002101561856979986
-0.0016039031069632137
-0.001427249267245025
-0.0016126284437712884
-0.0018485418284582174
-0.0019444580855565007
-0.0019026288397743837
-0.001856058121431612
-0.0019436404488401265
-0.00215412472884605
-0.0023146718662486257
-0.002246771452279174
-0.0019397914492247509
-0.001460533287244107
-0.0009458786573375323
-0.0007024912577253302
-0.0006634432793996281
-0.00028888090381719647
0.0005645864771827193
0.0017269455695797832
0.003148932295244364
0.004245318543238206
0.004361288457447373
0.003766660437868923
0.00266202634356485
0.0010515298778272526
-0.0001530510267244347
9.896513402580902e-05
0.001698197912439768
0.0034631017514407244
0.004004430132641526
0.0031990615996634626
0.0028557416279353827
0.0031264572935676715
