0.0
0.0
0.0
0.0
0.0
0.0
0.0
0.0
0.0
0.0
0.0
0.0
0.0
0.0
0.0
0.0
0.0
0.0
0.0
0.0
0.0
0.0
0.0
0.0
0.0
0.0
0.0
0.0
0.0
0.0
0.0
0.0
0.0
0.0
0.0
0.0
0.0
0.0
0.0
0.0
0.0
0.0
0.0
0.0
0.0
0.0
0.0
0.0
0.0
0.0
0.0
0.0
0.0
0.0
0.0
0.0
0.0
0.0
0.0
0.0
0.0
0.0
0.0
0.0
0.0
0.0
0.0
0.0
0.0
0.0
0.0
0.0
0.0
0.0
0.0
0.0
0.0
0.0
0.0
0.0
0.0
0.0
0.0
0.0
0.0
0.0
0.0
0.0
0.0
0.0
0.0
0.0
0.0
0.0
0.0
0.0
0.0
0.0
0.0
0.0
0.0
0.0
0.0
0.0
0.0
0.0
0.0
0.0
0.0
0.0
0.0
0.0
0.0
0.0
0.0
0.0
0.0
0.0
0.0
0.0
0.0
0.0
0.0
0.0
0.0
0.0
0.0
0.0
0.0
0.0
0.0
0.0
0.0
0.0
0.0
0.0
0.0
0.0
0.0
0.0
0.0
0.0
0.0
0.0
0.0
0.0
0.0
0.0
0.0
0.0
0.0
0.0
0.0
0.0
0.0
0.0
0.0
0.0
0.0
0.0
0.0
0.0
0.0
0.0
0.0
0.0
0.0
0.0
0.0
0.0
0.0
0.0
0.0
0.0
0.0
0.0
0.0
0.0
0.0
0.0
0.0
0.0
0.0
0.0
0.0
0.0
0.0
0.0
0.0
0.0
0.0
0.0
0.0
0.0
0.0
0.0
0.0
0.0
0.0
0.0
0.0
0.0
0.0
0.0
0.0
0.0
0.0
0.0
0.0
0.0
0.0
0.0
0.0
0.0
0.0
0.0
0.0
0.0
0.0
0.0
0.0
0.0
0.0
0.0
0.0
0.0
0.0
0.0
0.0
0.0
0.0
0.0
0.0
0.0
0.0
0.0
0.0
0.0
0.0
0.0
0.0
0.0
0.0
0.0
0.0
0.0
0.0
0.0
0.0
0.0
0.0
0.0
0.0
0.0
0.0
0.0
0.0
0.0
0.0
0.0
0.0
0.0
0.0
1.6292742606870895e-07
6.200483476021212e-07
1.3426074801804558e-06
2.264563523366487e-06
3.1884654397762004e-06
3.1791187624458467e-06
7.1081529537123554e-06
2.4591820372010252e-05
5.462273358358686e-05
8.535129009399069e-05
0.00010751075960716437
0.00010187885493197236
8.294927252052151e-05
0.00014082899895732006
0.0003671083722522895
0.0007856039269652033
0.0014118692007688929
0.0019962836678336076
0.002341556492368074
0.002588042865614744
0.002811037303421667
0.0031470063217416146
0.0035014094034152726
0.0036508146241253014
0.0036303653709583747
0.0035202821505544955
0.003453085450052442
0.003652610233647929
0.004492131327133866
0.005732251669810326
0.006393959096087481
0.006469674897587752
0.006727318665231942
0.007114693150388684
0.007362699860009139
0.007716577048080402
0.007999964373383128
0.00796169167838861
0.007902583186215641
0.007766877781697772
0.007161284254379955
0.006444463608613765
0.006412591307429597
0.006927848804937038
0.006950494287884695
0.006397780447723928
0.005790404768832423
0.005257280197183286
0.0050503127269269235
0.004939513041402316
0.00485690123242825
0.00534540544198784
0.0067682457261635355
0.00768454447078188
0.006519537924684798
0.006574389542466587
0.009677234533363012
0.011722765074915714
0.011170813317989648
0.010384065263996904
0.010876109461658855
0.012996137816325467
0.014017354629445046
0.012726240865960282
0.012932959088463388
0.014649387304693753
0.015428990524724677
0.014792544808846451
0.012584186412218624
0.012162656666937338
0.015230357728069093
0.017381493353317554
0.01709145631715363
0.01656942340617626
0.016830427673445187
0.01756697234703387
0.01798877560214542
0.01808923459477456
0.01766487018838139
0.016769558209571465
0.01739086854723001
0.018863393042385733
0.01774604834629116
0.01618774381153669
0.01816122328480389
0.02128157263733391
0.022432793701296125
0.02312547705192955
0.024459191450592218
0.026122502739185184
0.026544763999378
0.025656569084481717
0.026637756906143423
0.029000561918138674
0.030563341375853724
0.030658237291438135
0.0302205144023826
0.03066570356640083
0.03164349093267692
0.03198832329977114
0.03258737269486797
0.03387446248062349
0.03497378595966466
0.0351565073780297
0.03563652020502226
0.037642489370473584
0.041359209529051554
0.04554510348513222
0.04786867249776942
0.04804759809772623
0.047934420354807696
0.05090888890338357
0.056744439875880924
0.062442777053983316
0.06573687228590451
0.06624748497015454
0.06790893206006676
0.07458662255955609
0.08058348404555597
0.08215227087632357
0.08435775447896554
0.08824491368507345
0.09351977238286835
0.10199315634638975
0.1104070303864316
0.1168020691602026
0.12013504945423575
0.12211668719903407
0.12363432717371906
0.12431024582816838
0.12564180572529218
0.12947081675835495
0.13536393753740134
0.13943187354721015
0.1417904160639067
0.14405160059779498
0.14787603383284706
0.15072960069820263
0.1507718242506178
0.14981754415447587
0.14859467295732376
0.14567325224322314
0.13957855451639165
0.13807598671454968
0.14289057181537157
0.1420121260214263
0.13414787612486637
0.1260793556999959
0.12371942866911724
0.1244155485143055
0.12346632784948941
0.12256438026810684
0.12343944616438787
0.1295687023817986
0.13510517775128733
0.1322221879966334
0.12910775018757797
0.13309075713703142
0.13994207473184508
0.14520261196223336
0.14530482837956754
0.13941009260838658
0.137982673203646
0.14136902621703273
0.1372639559541078
0.12898800173261174
0.12883918822321724
0.13741402476551562
0.14412127858995888
0.14217074056567805
0.1355942559357576
0.1316875530725385
0.13024796776267258
0.12779094475213817
0.12682726394990163
0.13268045761363959
0.14131507741927454
0.13892883170682496
0.1272026971254493
0.11770790147004516
0.11087480449140785
0.10976885945329495
0.11535646948513441
0.12152140386842704
0.12512376775229453
0.12054651237536458
0.1169169362383536
0.12582841708188935
0.1363740893188849
0.13815994902147538
0.1367032473093715
0.1417592365637546
0.1469958422462502
0.1390688472275285
0.1267924375287904
0.1214894573928691
0.12810347081272727
0.1511598495984814
0.17297819226025532
0.17829913135757014
0.17178546923349003
0.16138401082904866
0.154164945611828
0.1562701230690573
0.16726081290498415
0.1797863037006178
0.1842947040936713
0.1770589766719909
0.16593323034241705
0.1578763822055825
0.15095525327517015
0.13994522823468275
0.13160268008885329
0.13311627992737984
0.14135477603410462
0.14889431428337283
0.15062226352535243
0.15145094022883676
0.1565090746255806
0.1620597957909177
0.16567664923941733
0.16373539874178517
0.14854169412565899
0.1289995260128046
0.12083166884120107
0.12116519560551121
0.11899436781310968
0.11899326503892066
0.1201768626331434
0.12135130795363677
0.12994292089403778
0.13267792472332096
0.11879739738281486
0.10452182454503582
0.10508038015449163
0.10773887879000679
0.09933484367166061
0.08808522996852801
0.08264140051686934
0.08278682049188882
0.09302713354403902
0.10808404719158181
0.11270839160802168
0.10806544906704772
0.10643525615322072
0.11993677132730765
0.13971351190998071
0.1403385624911237
0.1221790215024991
0.10680896912949593
0.10161865985838202
0.09759253274093758
0.08977924329695705
0.08569228843948686
0.08611708575941564
0.08111719958795251
0.07510523881814546
0.07495001457940065
0.0788156975969287
0.08360787641874344
0.09759884442869077
0.12140435836619061
0.12943848982104764
0.1192102232783756
0.11600750315154999
0.11368865459901636
0.09549623289678566
0.07254672768048498
0.056932469338519594
0.04721470681133964
0.039867903908032645
0.03861872640392369
0.039475236213501484
0.02521081890956284
0.0027544161310433615
0.0020611545893845264
0.025993619313253606
0.04188661824341888
0.03609608218684868
0.03681901004968035
0.04522081941113396
0.03797669243923878
0.02703164817677981
0.017479012888371663
0.001622987595064754
-0.008938721129966817
-0.002533378219063244
0.01363573492508238
0.012004940789273694
-0.016054494313602174
-0.035023410572621407
-0.017558102043949905
0.007719532403196232
0.008406903224694853
0.003483259485494456
0.02495613377735838
0.05367669464434978
0.0529488085310497
0.03367955453881631
0.0211086632862053
0.017522234083046186
0.023959354761882105
0.04601130660092241
0.07234614888432853
0.06834166188255814
0.018084310169193707
-0.018883466366740997
0.0034265775990110475
0.038117385387030675
0.045066665370934025
0.05485602869543699
0.08526521538183549
0.10658878146346712
0.11173544008395264
0.11089093661736467
0.09822447439148828
0.09066888188854996
0.1160485307059392
0.14958328933445267
0.14418783627151124
0.09830416701377077
0.04986989977832117
0.028524399837518907
0.030969680709608698
0.03170376714756034
0.027120010277053498
0.04057003710130274
0.0702990491282223
0.09049134376321026
0.08765535214923229
0.07143875650049387
0.06684787257932834
0.0810969881039196
0.11036692022996002
0.14718085304154507
0.15726551384283677
0.13958903911339057
0.13129605679744816
0.1431509716746003
0.15810987644584631
0.16385440992448924
0.17034682658983216
0.17283582393797958
0.1802238743173064
0.2072460598834276
0.20877464343926883
0.166523803783148
0.12730131185331478
0.11791078604770665
0.1283135420854647
0.14047399232562982
0.12501261000441627
0.09536263887855749
0.10948620794313287
0.15433107102418248
0.18625889732358683
0.20381308219027391
0.20633492225347827
0.20735476039152176
0.21853478260136575
0.21521192359050473
0.19064197918651582
0.169658390554369
0.15657157687497494
0.13757847739043813
0.12472785385303634
0.1331322219663545
0.14880068352842837
0.1606044482426145
0.17259569701791538
0.18883741285661182
0.20230085618825128
0.2103900944910483
0.21759757981270048
0.21025657281993285
0.196203846104127
0.19724427779024836
0.1848613827765814
0.13858758458825682
0.08635864483470396
0.0639052601459981
0.08453760699968083
0.1122723555886673
0.12255413892610424
0.14107001350167347
0.18319619229530237
0.20837028220422932
0.17246770241929288
0.1283050646967721
0.12974809415824984
0.1430993602192552
0.14879760284964852
0.144842988862082
0.13135369460919533
0.1179795574278476
0.09419633723320694
0.06735746150974138
0.055007706268477716
0.05806580694296948
0.07840291111583969
0.09213098703775584
0.08063889693396065
0.04756321617288466
-0.013411407031480504
-0.07226272698286766
-0.10264321108918946
-0.11297445158816741
-0.08989319510244319
-0.04031840892018607
-0.009830571964063149
-0.01762894521326833
-0.05674246705906279
-0.09640488752200264
-0.09779151903231761
-0.07566808721716173
-0.06653044202670534
-0.06981600258119826
-0.06721722771021539
-0.06814624843494498
-0.09110736835201445
-0.11423194491992097
-0.1044741867964184
-0.07239879528389678
-0.05962544087169734
-0.06735448629687532
-0.06073462192449958
-0.045445583642509356
-0.06130861104102056
-0.12294256438898489
-0.1745406438902049
-0.1674668089657024
-0.1380057570069988
-0.11982813534619849
-0.09929496265274018
-0.062302814170178265
-0.02597555050986286
-0.009283016321575637
-0.015251558453595092
-0.046265189257635515
-0.07530785257553355
-0.06711861375633242
-0.03309291360220856
-0.010558987680056291
-0.0044463031383065125
0.00924057944456439
0.03961583820346015
0.08426310659361903
0.12585016651182906
0.12780470763113547
0.09070294241344769
0.07285484793361607
0.08948493042405618
0.08715957639884912
0.05376245222452372
0.016144959036235217
-0.0132985554093453
-0.027263177517740714
-0.016157180007711495
0.00834021071568965
0.026216168865584456
0.037054723943584174
0.04576053074475985
0.04400946115699296
0.012580416654913757
-0.0360174097108581
-0.07158107557219721
-0.08511743071576774
-0.07579378869788164
-0.05004517311287024
-0.01607771300875408
0.018850266632783344
0.048597768641099805
0.08331960697835304
0.11011177105602216
0.09957879522773394
0.06799366933545095
0.03324062710183721
-0.020300517378707857
-0.06772471908059038
-0.07899290943968611
-0.06742195709956714
-0.03940916404929068
-0.01423334936522027
-0.012148624371569479
-0.030000573518766584
-0.04993991159574307
-0.06885743364143414
-0.10416828027873724
-0.14403653827806723
-0.17243906074532958
-0.19877236998253348
-0.22798395619272036
-0.2264594753183868
-0.16486600513746794
-0.0789369256440953
-0.019394078935929367
0.009775587788512142
0.042326660498353125
0.07677955741009657
0.0791407770385106
0.05880891251299412
0.022111731160093875
-0.03802732796372002
-0.1070880522201601
-0.16889873862177085
-0.19180928941421005
-0.15456106296710356
-0.08729215654219269
-0.04512170462718491
-0.0502700724537522
-0.07350807766308612
-0.07862910167717725
-0.0826406223272679
-0.12568961074852197
-0.1736792976776213
-0.16473125300611766
-0.10893383285297316
-0.07074038836902825
-0.08877501536100135
-0.12018814406799752
-0.11367336690479614
-0.06747671605291919
0.0034454848160352537
0.05649273866110632
0.04396029240989271
-0.01868713404548533
-0.05839150706313012
-0.056689846561634234
-0.06185902822173361
-0.09944679146070794
-0.16041487646217298
-0.20687463244205667
-0.20508275376352095
-0.17427794109369305
-0.16916317454765004
-0.19340343377446126
-0.1915621953158302
-0.15327863618170906
-0.12129098919908474
-0.11306773220352957
-0.11454255414599272
-0.1112504271498474
-0.08950558884603783
-0.054249108305843466
-0.019504829143298038
0.0011455149174102676
-0.023535851973995804
-0.07455704804516837
-0.09691285013281309
-0.09218069191604361
-0.08799701885306824
-0.09067383105802991
-0.09652686199502475
-0.10846846337006744
-0.13168005597531673
-0.1532355206143859
-0.16559745519203617
-0.17237954990572962
-0.16463994410689178
-0.13685279132945008
-0.08108896606395509
-0.01714318417376645
0.003062240657398557
-0.022951247359695483
-0.049844876155409855
-0.049743579158825366
-0.04216187994865245
-0.0385670080391967
-0.006323492332513894
0.055181268019347134
0.11283044078937624
0.14657270028243619
0.1591402072665303
0.16302243844716843
0.15607724555659797
0.143603470475939
0.13214807536057485
0.10651846556986709
0.0559430303303616
-0.004352467295338384
-0.03801143495627563
-0.04296368646206247
-0.05051286043288941
-0.05123307627777477
-0.021811074246522313
0.032686238680799506
0.09708587559733861
0.15273600700432047
0.175209279242308
0.17584041964621103
0.19330759062411634
0.22842616242203098
0.24805630304922438
0.22306383174682012
0.16758925340971267
0.12138061214908916
0.09522889460341721
0.07346398161923667
0.05233712614955905
0.046356725515211375
0.04063446682079534
0.0035819856593398694
-0.0404943994075636
-0.05698196986907106
-0.05827609697989475
-0.059712697265238354
-0.061081742499545545
-0.05134522394681519
-0.03598870798774348
-0.034741473785886365
-0.048288788089823065
-0.06018005521102373
-0.04509435419927656
-0.01320063886281874
0.001425655613971241
0.01329228466661418
0.037057101170114924
0.04297982992006619
0.01669631931046878
-0.030209533224177437
-0.08627858028065219
-0.13162620839835812
-0.15068068000063498
-0.1472312476179037
-0.12862398146224852
-0.11256294359457134
-0.11101132368687963
-0.11511693115814346
-0.12268929083671967
-0.1334881711537852
-0.13201410539475694
-0.11378564451028153
-0.09766720496690587
-0.10132820300816903
-0.12403048645707432
-0.140819211771661
-0.12809784648357056
-0.1039323298404692
-0.10131515335067093
-0.11009928131661084
-0.10013570779595572
-0.0746024645926744
-0.051433329214612605
-0.04675109429014386
-0.06818119384605724
-0.0864128048953192
-0.08401991340486943
-0.07616277524807666
-0.06490973825830314
-0.0514022578385135
-0.041012936962882024
-0.033366006953107104
-0.03880878815251611
-0.06207252775323015
-0.08031086049872325
-0.08402018004918077
-0.0821214969359694
-0.07454728437558271
-0.06309011868527586
-0.048013052943934646
-0.02968523297384043
-0.014896779788846633
0.002784835649986658
0.026357209347387802
0.04696487213582049
0.05410425997051544
0.03758686150776285
0.016477114004085497
0.004563542503242542
-0.009386363435223314
-0.023308375354509435
-0.025027441639936344
-0.009511320346497324
0.022149383267628914
0.03840130776795924
0.004684160967271606
-0.05304389695122927
-0.07486106521234005
-0.024900373198940118
0.042566746600813485
0.05566674764280445
0.03171513115688014
0.0095519322805043
-0.00655804694472796
-0.025347000487283715
-0.04182495355987411
-0.05752560235108826
-0.06719433761317747
-0.0636949241556686
-0.06384578091744424
-0.05719503668794647
-0.026976439662644177
0.018112100190341346
0.05216208400025684
0.04865999492023399
0.02786103366230145
0.027316632462569396
0.03093357709807041
0.0008558447409234772
-0.047737277758054364
-0.07088027513408143
-0.07197323817435579
-0.07996318978608563
-0.09414762350305932
-0.1035164559501223
-0.11469809648023177
-0.12043309795153122
-0.09318264438203487
-0.04995250187606392
-0.02132695256538506
-0.001481392289997471
0.014036029406993455
0.02029118084536272
0.015278609218632562
0.0063350034016898685
0.011188670543243856
0.03192345327274877
0.04574642064414974
0.0427534918804364
0.025023257537334836
0.0045061954971285885
0.0099907934706491
0.03762512262353345
0.05884964397332509
0.05924611545340649
0.04398184066506888
0.029050737874470677
0.019873260906542674
0.0060262174987877224
-0.014437139970716549
-0.02572793336301356
-0.025999047347478592
-0.016361275981680235
0.006986437670170615
0.029544958707052024
0.04557333073393577
0.07208831928425886
0.10188742138319501
0.11263376637609705
0.11258306510787855
0.1198769773852958
0.13535647634147333
0.13700203665633695
0.10736954264553716
0.06301101589947292
0.028445347628850894
0.00455473937347717
-0.0031760640848097397
0.010901102193418062
0.023401819457335046
0.012975008550769912
-0.016255639319001963
-0.04452686247539198
-0.06655203850652087
-0.07784041023557961
-0.06823214883758613
-0.03842844667798079
0.00394415165551742
0.03715284687620993
0.047725352137327155
0.042601616788393054
0.03181305837460541
0.02512088678839617
0.027601703962812894
0.030688575222736242
0.026459387338398616
0.02535375519149187
0.027763368399747163
0.020322113282491765
0.008821490457977211
0.006149687693270649
0.012933283345426205
0.010210698087586435
-0.010207929907076462
-0.030326613117043027
-0.04458824947063701
-0.05818409690583417
-0.06472770337907117
-0.05472555976597863
-0.03578040201610901
-0.010418233072263347
0.02491077367060765
0.052760636763370276
0.06208486962347123
0.061352790360278846
0.05845052532801075
0.05561441142254667
0.05315317423925114
0.05485216849462105
0.06585399215061921
0.07942809034298556
0.07455226450430354
0.04556272925666442
0.011497038599934017
-0.01867717520334572
-0.04975758163799769
-0.07468353635870328
-0.07826437129562024
-0.05409264474058703
-0.015233110694668098
0.00844048343753178
0.004063390445057507
-0.010718696268697337
-0.021237247695776753
-0.01835252289486793
-0.0009420108090713886
0.014467098200266584
0.02297803558020359
0.02630994145231569
0.027487584376755834
0.029993124364725267
0.029114361412866885
0.028328811818149363
0.03479800462792934
0.039071373164681525
0.03218008582915233
0.018513909567294016
-0.006865979321935649
-0.035041821830896984
-0.042888320674383314
-0.03652341324134183
-0.033864858132978376
-0.03450418508347499
-0.030997190627434897
-0.02694669019502191
-0.024072919474904635
-0.014183831299779405
0.006449087932094815
0.030941182739412397
0.05069219728737068
0.06451524088805788
0.07125639194807304
0.07110268626101146
0.06717937211033428
0.05892648767626787
0.04658142902921456
0.03770307489633091
0.03923124011241521
0.042480820961971213
0.03242681193614895
0.0060556649526361086
-0.019564303752061276
-0.022432804085533244
-0.004485991346241822
0.017151955663297434
0.030966079342466535
0.03318573204459294
0.027465924409596488
0.015259610773042769
0.000519635665919664
-0.004138394697457351
0.0041191117199958814
0.018894288298226168
0.03176712488381887
0.03626228979506618
0.033102704106019364
0.026901680237327887
0.02602212545180814
0.03356697810990887
0.0403708321509766
0.036657304546820216
0.024420864431860204
0.006245375353018804
-0.013853097244140985
-0.02497872621237551
-0.030404264995477555
-0.03962574833902445
-0.04719929970110332
-0.043106798250412075
-0.03483917862288217
-0.0337973633111596
-0.03564450813303139
-0.03285300760028619
-0.020961499161642475
-0.004905187190761891
0.005235785538856362
0.011551161759933763
0.02020005373712436
0.024842855648651307
0.014356587878091766
-0.005596423478125259
-0.019859359718303302
-0.021476754770448272
-0.012034916474890347
-0.0033289676910444373
-0.0070743871841146035
-0.01865834020309048
-0.02422718239656305
-0.020801490076325636
-0.014861159398682343
-0.007576600296863284
-0.0008827624799807414
-0.004008430694923302
-0.013497189920792086
-0.013637089670977758
-0.006620399016856677
-0.004896229359146904
-0.0058340250852617435
-0.0004003620976383783
0.008946157746069406
0.018650643029602277
0.027308728326552373
0.028803136610449174
0.02553631029256919
0.02123321756927967
0.016572449468110595
0.01578149238185574
0.016328261472187567
0.012359743642645962
0.006743206154320305
0.0048616515945031375
0.0038188396238666208
-0.003221552973648114
-0.009423745601955543
-0.0032793582609927604
0.010157333880190548
0.022274485849182703
0.026179759330232154
0.020768124724145888
0.017507547269591955
0.021103160921052865
0.026012424599667534
0.02954462893792483
0.028356949189392938
0.023228357216945744
0.022397767916207477
0.02288578541240519
0.019767019605521293
0.01811246056268176
0.01850425237346176
0.018023723995941737
0.015377763682264196
0.012854120572309443
0.016346695596620952
0.020206142835842232
0.01535937496364589
0.005660924447870987
-0.007021724545497798
-0.01492998774371783
-0.007102926100799296
0.0030426281872694134
0.0030213203481644743
-7.595479881303652e-05
-0.0009634925453034973
0.0009161321235848571
0.004661400094438064
0.006944529298126548
0.010368098582390642
0.01462452165700275
0.013087956554356725
0.006133722599692891
-0.0009148236392478847
-0.0035058360933150306
-0.005283344431558769
-0.009135759740941357
-0.009876987381179932
-0.008919067638867042
-0.009735016094371194
-0.01008952260682225
-0.010503885716445362
-0.013523324443539327
-0.014154622037994257
-0.008165283527353838
-0.0002684511865528959
0.005985624796669007
0.008368644793502387
0.00529373636495553
0.0005384640590977427
-0.0014998536677558346
-5.61855692956966e-05
0.002230036143071871
0.00535126132934513
0.009619836827719651
0.010592750465459376
0.008696880528912074
0.0051612607243229965
0.0016501251876397042
0.005207946807991706
0.011249169396539596
0.010091897882617766
0.007384258275091754
0.007540723468283748
0.0037453280078302365
-0.0026066709842425583
-0.003610605689907416
0.001096877764328837
0.007156044138718136
0.010880755175514675
0.010698850691235754
0.008621274525620089
0.0084783952019074
0.009943444839361486
0.011041353169511568
0.013453617990860327
0.01656086495870359
0.017593052389629958
0.017546694538297148
0.01783647675787406
0.014930257897922275
0.005743589004945138
-0.0011797095880827899
0.0024098977242031174
0.0087244771024256
0.010510703251855515
0.009183531230130444
0.004892104234514055
0.0002163979703586315
0.0004234414887917266
0.005566754672702178
0.010469619780270356
0.011609415440272523
0.01064152135598532
0.009070173351727483
0.006344053551033944
0.0035064940360986126
0.0021922097132696374
0.004894611138343404
0.010209248683394186
0.012241607214565497
0.010079825031126567
0.00624173260120588
0.002502442155230921
0.0006403890708335174
0.0004901154326113859
1.9104220570973763e-05
0.0005991590918221828
0.0016194036917269233
-4.382358743611164e-05
-0.002827514336586002
-0.005931434702809874
-0.008465628857682692
-0.00822642843631959
-0.005445267258088979
-0.0022615710221014973
-0.0014831361639483173
-0.002761327129246702
-0.004727807215323326
-0.005836418126865325
-0.004567681031298815
-0.0027685853244734313
-0.002146540646202665
-0.001672645127269309
-0.0008666323617284479
-0.003259218277262012
-0.00852021309412069
-0.011178598676127922
-0.01001450635130127
-0.007787669676702746
-0.006757532553562261
-0.007195634849065307
-0.006859126256493463
-0.005308954368025913
-0.007470587382284551
-0.010978505103990526
-0.009107902374960942
-0.005207111001481823
-0.002777065558726008
-0.001540802118259033
-0.0013855176098304207
-0.0010518126137885502
-0.0013989668380219023
-0.002154130515004409
-0.0008808305507731476
0.0024624794202469345
0.005679830153638447
0.0057139853882215924
0.003085608278344762
0.0013716089358912738
0.0010261005316121534
0.0018294460121340542
0.0035585009101630326
0.004165896679119188
0.004952397764838194
0.0060156669594909175
0.004875894712507674
0.0028768461086528235
0.0017253341785882423
0.003301499931114216
0.007374220441204311
0.009944257743046617
0.010324385287415893
0.00955236375911299
0.007751552025003681
0.007438186070983909
0.009377893492181627
0.010475958786863694
0.010281213914559452
0.009369206220531338
0.0073624379108091055
0.006586103852949571
0.007008171075555063
0.00588034800379258
0.004353893426957609
0.004227147838154031
0.004196088238777844
0.003354415573323965
0.00327056007515345
0.003581126364380244
0.002088218017459675
-0.0005951065512252088
-0.0018036422498165846
-0.0009346477370977957
0.0010316449381494635
0.0027653350381939717
0.001673034001317619
-0.0015499778409162031
-0.0033001665081708845
-0.00266542274192102
-0.0015088718812125207
-0.0011447435747781681
-0.0016691506608585147
-0.0026499682517518186
-0.0035911145154399566
-0.004888083137727572
-0.006604573858864053
-0.007196282408302521
-0.006189901330296216
-0.005805670209366783
-0.006870870896655321
-0.007802945828392306
-0.008223527331901462
-0.008488541145612085
-0.008802131845491577
-0.00867052402117213
-0.006776736393821246
-0.005037127302640073
-0.005421678392660474
-0.0062543165831128
-0.006362969794137681
-0.006236703686350277
-0.00537710269033355
-0.004035134325410726
-0.004227694062148764
-0.0051923191758449375
-0.004821643542384612
-0.004010504863022657
-0.0034961354345885765
-0.003377546240648141
-0.004163073320236559
-0.004280230402419704
-0.0031473198896356464
-0.001831380125395441
-0.0008939600219991951
-0.000646777344483432
-0.0008490224153783055
-0.0011466240787573216
-0.0007269979798474408
0.0012585126356950993
0.003263838503211911
0.0036149857650034523
0.0033962431361261123
0.0032201941376031927
0.0027739007737888916
0.003126443648355905
0.004889071576512989
0.006024625034281871
0.005355986602307855
0.004521109077605898
0.004273556578059581
0.004516689340237735
0.005111445526763781
0.004915339424196463
0.004216238394170525
0.004558421930697707
0.005099868676024374
0.004674887004605912
0.00398738338962751
0.0038715253054283786
0.004411446837528277
0.00467342116657119
0.0043908978782272335
0.0042360416340030795
0.004233113039192156
0.004185165829394319
0.003881555342430408
0.0030469594550015995
0.002466501220983575
0.0027665465469090297
0.0024807326897161646
0.0010184873953529515
0.00018665661788353936
0.00039252415208655136
0.0002639515869153058
-0.0008860613641821672
-0.002147400330333522
-0.0025064494633081956
-0.0023056507009223516
-0.0022128858248718244
-0.0027037833011055016
-0.0033934618594278045
-0.003892978630818049
-0.004448300584270613
-0.004589741570550253
-0.004167648412357746
-0.00369075210210405
-0.0038566140445436435
-0.005094818118973395
-0.005626809963647147
-0.005141229182212192
-0.005232569363561624
-0.005329626545245555
-0.0051307939574688185
-0.005382948742954152
-0.005865881965053189
-0.006127897667954134
-0.006144355199706317
-0.0058343745141442365
-0.005337292201874935
-0.00529738912965017
-0.005698433081760064
-0.005356442647406681
-0.004529400327431944
-0.004379257693276094
-0.0044838235168093545
-0.004123127176139426
-0.0033282210201024827
-0.0027348276058834927
-0.0025512942535497597
-0.002223486349065046
-0.0017730660831253603
-0.0012289708489317329
-0.0006935285937162423
-0.0007107725889697715
-0.0005875121893376625
0.00026672906885622953
0.0006928659073706673
0.0005519105366186917
0.0009287964025438024
0.0015068138133263976
0.001713140774779179
0.00184308535450218
0.0021156023760240325
0.0025133800510509204
0.0030904761276157188
0.003609360134411254
0.0036037945898071094
0.0034544057693176107
0.0037174307950107646
0.004135582763989752
0.004466681013248482
0.004672627428462301
0.0047308202447113165
0.004618819279351641
0.00447518557584995
0.004550767906113713
0.004680684016149131
0.004640322971656743
0.00456707707360208
0.004440976622977926
0.004088598362736517
0.0038591045082441355
0.0038044989869127238
0.0035423070912096906
0.0033044242296606623
0.0031289007642575643
0.0028458784173186545
0.0025346404009274643
0.0022681815873893643
0.002154411739934825
0.00183708243161556
0.0013902294163672699
0.0011739399411156005
0.001004447459150181
0.0007510767748132128
0.0004050243285284487
1.862377221046915e-05
-0.00044279056359264416
-0.0007772355345845715
-0.000910303130957524
-0.0013648155663169928
-0.001904595884737613
-0.00200587934279239
-0.0021984331575455283
-0.002691561052432771
-0.0030031496571549924
-0.0031561168379634365
-0.0033276076875629656
-0.0034213943757836827
-0.0035506354632200104
-0.003782486654692609
-0.0037887232465377116
-0.003610770500303732
-0.003745228032691975
-0.004030482710794938
-0.003920553838432176
-0.0036107163621978467
-0.003603894078587316
-0.0037103469268948
-0.0035730896282226998
-0.0034240359979641794
-0.00332280505491988
-0.0031263048359184108
-0.002973845472243998
-0.0027904233954591144
-0.0024572692557078457
-0.0021775021488165337
-0.0020838043568516757
-0.0018373742797215783
-0.0013855984876990492
-0.0011711292380104112
-0.0009480470737273721
-0.0004771125473505869
-0.00010310519708772083
0.00015650459419966773
0.0004865625382813501
0.0008559287403815075
0.001143841375006981
0.001481386828389202
0.001895366326010892
0.0021691010087684414
0.002420782303376205
0.002741785331010778
0.0029489129912716886
0.0030954611807995904
0.003418593437378898
0.003737738608574183
0.0038254745622219696
0.00391293574080208
0.004135859696670676
0.004297443956959107
0.004330284523207271
0.004397555555866757
0.004462142777148829
0.004473592711851535
0.004524274673900712
0.004494495089390489
0.00437344611086595
0.0043508695840804665
0.004359126795139834
0.004190315404237728
0.003928099096305517
0.0038370172802727805
0.0037770886084840423
0.0035288779112392712
0.0032722761521597177
0.0030926084314303786
0.002838330479902856
0.0025423772663904056
0.0023082948619992188
0.0020199971935986505
0.0017019134142693497
0.001483241756710411
0.0011999544716127268
0.0007855527230729007
0.0004613613454312269
0.00022845628594495699
-9.228447468371285e-05
-0.0004020832446866101
-0.0006101844216488953
-0.0008783188347640833
-0.0011870117352248705
-0.001389579559449867
-0.0015964451620324514
-0.001862039611912959
-0.002029440396611986
-0.0021646562365915064
-0.002387042564606363
-0.0025963824712715204
-0.002715969446938688
-0.002821801177835556
-0.0029420286839219327
-0.002969317653983309
-0.00297602999178366
-0.0030440434001114966
-0.0030406636250571908
-0.0029870511294213284
-0.002952086096501896
-0.002888745755105143
-0.0027632500091335998
-0.0026325770979784163
-0.0025405209082264924
-0.0023716285206053307
-0.002163205402604176
-0.0020087137875004516
-0.0018050011272009133
-0.0015618251483178064
-0.0013757109799835024
-0.0011859323769668755
-0.0009182709773680163
-0.000651386689711027
-0.00043206125857138226
-0.00016299088710225554
0.0001278694479640475
0.0003646656167051831
0.0006439779320555583
0.0009754971513072542
0.001242240652225407
0.0014969331014232073
0.0017971519244621105
0.0020465900868487943
0.0022358873323266577
0.0024493797000665284
0.0026858088360202843
0.0028921202850411103
0.0030878305104627027
0.0032641818275925597
0.003383395011816257
0.003508379495389422
0.0036585017840848537
0.0037589507730430927
0.003824810869406307
0.003917916605411839
0.003989260384529764
0.003987768529877186
0.003972213894143617
0.003976332950214368
0.003957702932540653
0.0038962748012000463
0.0038227818955890724
0.0037395858472284486
0.0036207601313269153
0.0034855762007752057
0.0033311905221263273
0.0031430489442815235
0.002956060827950446
0.0027772765172287047
0.0025658044251324953
0.0023191367579294014
0.00209913855477614
0.001894750021218061
0.001643579476645507
0.0013856833367232805
0.001149780191866879
0.0008960454571642766
0.0006429295111348797
0.00041364814035097327
0.000169071223599079
-8.662051859657395e-05
-0.00031479612840947825
-0.0005455514056142509
-0.0007953170470032876
-0.0010036009584054844
-0.0011762446635397474
-0.0013718944394850738
-0.0015503704036509366
-0.0016851198841886207
-0.0018302071420492093
-0.0019799941932563043
-0.002098246131345761
-0.002190141209062438
-0.0022658760444624624
-0.002318730980076497
-0.002359930385804316
-0.0024054841218650934
-0.0024175054487615517
-0.00238647174213721
-0.002347920290850195
-0.002289979845262625
-0.0022009438891936366
-0.0021053563708708783
-0.002011836183764936
-0.0019016528482196705
-0.001768091926695049
-0.0016278464193746095
-0.0014792280800825935
-0.0013104781569376783
-0.0011275353779393903
-0.0009330236635904021
-0.0007248852833364135
-0.0005102940926554033
-0.00029005435995029595
-5.8061922743133556e-05
0.00018106515097029576
0.0004145274584987708
0.0006447083398642333
0.0008862621172477424
0.0011223394633930227
0.0013330010585055137
0.0015403671877975843
0.0017604451500043525
0.0019777318341986532
0.0021803199276991952
0.0023647893906287285
0.0025248712876478965
0.0026667215112096735
0.0027985878146777163
0.0029143981676273034
0.003022755651243803
0.0031360717681666946
0.0032361561275105724
0.003304226333483683
0.0033510782163432696
0.0033867124557881837
0.003402601856351835
0.003400263755201807
0.0033844981033617594
0.0033431220404908446
0.003266872757207004
0.0031617600791567745
0.0030384693056430146
0.0029060497632172255
0.002774101340417277
0.0026395201935469985
0.0024896620914741
0.0023277390430506174
0.002160210211609217
0.0019796346390704256
0.0017804792261923636
0.0015712147468509117
0.001360141550935493
0.0011437180202653102
0.0009212115848627807
0.0006993726579864622
0.00048109446294951965
0.00026926330385983015
6.34975982374839e-05
-0.0001447436241432889
-0.00035495506987402785
-0.0005539821192108423
-0.0007341637164811132
-0.0009014309273719046
-0.0010621720294683612
-0.0012151460327650837
-0.00136230818634672
-0.0015029062908875927
-0.0016257296343557364
-0.0017321535271597479
-0.0018346323205633058
-0.0019355964922980937
-0.0020332459799919547
-0.0021224377894766898
-0.0021937823030798815
-0.002241256609184363
-0.002260551260041331
-0.002247021686429258
-0.002199795472366952
-0.0021283208747842216
-0.002042232884439943
-0.0019368406279909399
-0.001807412821056624
-0.0016638181237646791
-0.001523376819061695
-0.0013992619288819073
-0.001292629910308423
-0.0011928552452823919
-0.0010882792149568934
-0.0009763643602480675
-0.0008531185560063669
-0.0007043300604049433
-0.0005215113825729887
-0.0003117749760598186
-9.270389354107447e-05
0.00012210147284787484
0.0003348452335349989
0.0005605107881060644
0.0008111555469612807
0.0010738512451916446
0.0013121903154588587
0.0015004480832515672
0.001644274843421321
0.001761355877261339
0.0018570175686706014
0.001924090067945079
0.0019552665204939732
0.0019544098916941316
0.0019349214433710296
0.0019028891147813796
0.0018633976924674347
0.0018455389002705767
0.001890168512540093
0.0020083152940416913
0.0021693633564688285
0.0023316799864709493
0.002478573168096142
0.0026194306833299164
0.002755899357015875
0.0028584436006695623
0.0028854497117534452
0.0028115234964953915
0.0026328626210623354
0.0023581732873167458
0.0020068723066968106
0.0016125027785363038
0.001217278644282646
0.0008737927085091891
0.0006284991319790141
0.00048496981879325886
0.00040512871269539065
0.0003522685710226543
0.00031427514448922314
0.00028885286305561686
0.0002718028688052411
0.0002553875374714574
0.00022378908687403727
0.0001587407239171493
5.4057224990455114e-05
-7.13658927108274e-05
-0.00018008532864665123
-0.0002555371243834814
-0.0003059121977714671
-0.00033164946098224337
-0.0003346115779630846
-0.00033259878456740386
-0.0003462216142044555
-0.0003890691265315675
-0.0004688208369976592
-0.0005895568789968147
-0.0007562319681377455
-0.0009766369757150245
-0.0012424578045457004
-0.0015197106527024518
-0.0017689393551514104
-0.001981164958581819
-0.002187817874326211
-0.0023990870637015747
-0.002554148759861411
-0.0025799494248794756
-0.0024704548019715243
-0.002277408259317587
-0.002055198675371528
-0.0018289860185969036
-0.0016023231308687233
-0.0013797450076272096
-0.001168026006032494
-0.0009690955322171688
-0.0007825243139991106
-0.0006031255467605995
-0.00042745801561906737
-0.000267481323579588
-0.0001256618552151252
2.415772861853963e-05
0.00020088767399228152
0.00040268580552895697
0.0006146479181305419
0.0008034151521949157
0.0009518306111957805
0.0010665745038885832
0.0011352770543827558
0.001145161616357299
0.0011244551742536112
0.0011189250731267859
0.001125947066830435
0.0010745762919875297
0.0009051789522452243
0.0006615286136106271
0.0004782537233993725
0.000488281403669893
0.0007511050872415503
0.0012193792512099598
0.0017566873743635077
0.002238500811583894
0.0026270500042973885
0.0029380483233583123
0.003165656322733541
0.003254399715993859
0.003186767535156034
0.0030316962835026844
0.0028244749606111262
0.0025011686990548286
0.0019828861603444145
0.0012588883329899504
0.00045484971516697903
-0.00018961341040140634
-0.0005266766081491227
-0.0005894685810518693
-0.00045666997147082906
-0.00020520597840285133
6.407145013502767e-05
0.0002623605623807594
0.0003433324280507398
0.0003166243646332639
0.00021636580745602714
5.088400507432503e-05
-0.00019058876216373598
-0.00049999788267035
-0.0008604440335239357
-0.0012300859840058134
-0.001485723092963701
-0.001487620940330269
-0.0011641297371308395
-0.0005389385750864012
0.00024732560034637635
0.0010017997982468669
0.0015417230057481596
0.001742645683333317
0.0016326141223595289
0.0013572546823166713
0.0010526196651208075
0.0007476938164468692
0.00034242599137124024
-0.0002773273641653406
-0.0010703722388183301
-0.0018062517916593787
-0.002262226426054238
-0.0023352209089545287
-0.001977811457680523
-0.0012569289919827662
-0.0003850133408459072
0.0004025484536728395
0.0009546931525811742
0.001212863006106876
0.0011901524901021334
0.0009822185332031116
0.0006870793214055895
0.00030974999636139276
-0.00015842612959280744
-0.0006081384135235119
-0.000874406829786554
-0.0008609719446975497
-0.0005463164927888303
1.9849367804913668e-05
0.0007795965189841777
0.0016694861779417043
0.0025007773972215413
0.0030801802920777813
0.003393697053801155
0.0035283880211814363
0.003562158033914562
0.0035400131820710473
0.003428018153518111
0.003124217606516393
0.0026031463769622524
0.0019649997261163323
0.001314014151903398
0.0007538501764424768
0.0004277025885466409
0.0003876758649475308
0.0005169576114872877
0.0006507197146697225
0.0006820247620194087
0.0005153365267813107
8.396251833131813e-05
-0.0005548774324695191
-0.0012889880753241757
-0.002103741136001171
-0.0030596830090322768
-0.004133420033811287
-0.005199614917267553
-0.006111286542043892
-0.006754302060001664
-0.007088494348970687
-0.00708920214618256
-0.0067786197480408875
-0.006335006987608151
-0.005967636664381485
-0.00575480754028993
-0.005655947113699076
