0.0
0.0
0.0
0.0
0.0
0.0
0.0
0.0
0.0
0.0
0.0
0.0
0.0
0.0
0.0
0.0
0.0
0.0
0.0
0.0
0.0
0.0
0.0
0.0
0.0
0.0
0.0
0.0
0.0
0.0
0.0
0.0
0.0
0.0
0.0
0.0
0.0
0.0
0.0
0.0
0.0
0.0
0.0
0.0
0.0
0.0
0.0
0.0
0.0
0.0
0.0
0.0
0.0
0.0
0.0
0.0
0.0
0.0
0.0
0.0
0.0
0.0
0.0
0.0
0.0
0.0
0.0
0.0
0.0
0.0
0.0
0.0
0.0
0.0
0.0
0.0
0.0
0.0
0.0
0.0
0.0
0.0
0.0
0.0
0.0
0.0
0.0
0.0
0.0
0.0
0.0
0.0
0.0
0.0
0.0
0.0
0.0
0.0
0.0
0.0
0.0
0.0
0.0
0.0
0.0
0.0
0.0
0.0
0.0
0.0
0.0
0.0
0.0
0.0
0.0
0.0
0.0
0.0
0.0
0.0
0.0
0.0
0.0
0.0
0.0
0.0
0.0
0.0
0.0
0.0
0.0
0.0
0.0
0.0
0.0
0.0
0.0
0.0
0.0
0.0
0.0
0.0
0.0
0.0
0.0
0.0
0.0
0.0
0.0
0.0
0.0
0.0
0.0
0.0
0.0
0.0
0.0
0.0
0.0
0.0
0.0
0.0
0.0
0.0
0.0
0.0
0.0
0.0
0.0
0.0
0.0
0.0
0.0
0.0
0.0
0.0
0.0
0.0
0.0
0.0
0.0
0.0
0.0
0.0
0.0
0.0
0.0
0.0
0.0
0.0
0.0
0.0
0.0
0.0
0.0
0.0
0.0
0.0
0.0
0.0
0.0
0.0
0.0
0.0
0.0
0.0
0.0
0.0
0.0
0.0
0.0
0.0
0.0
0.0
-4.19799636445163e-06
-2.5694991633831935e-05
0.00021060275586458753
0.0011153521852157
0.0018316001816573507
0.000314399536810414
-0.0021944846691805083
-0.0019700347984541837
-0.00014310283675889634
0.0003816712545558805
0.00019718345844640532
0.00012331490067845846
4.859802208605924e-05
0.0002749702064627053
0.001269247204810853
0.00282286937226898
0.0039824122146451795
0.004106859763059612
0.0025099453060582187
0.003111138076577625
0.008322198091865372
0.005209310310702453
-0.006396376547593462
-0.006684885671877705
0.001975853170397485
0.007841972987951931
0.009093309451004186
0.0025114244043140136
-0.004430420467420779
-0.0019935343747317772
0.006728472718908934
0.012491995071946307
0.014284203874136075
0.022196315917751668
0.023649900543937723
0.0007450450238592224
-0.019017227483669633
-0.012348276126450024
0.003048199191676617
0.012086623916805173
0.008523375642115279
-0.010362696728231447
-0.027571314922818335
-0.014845265659735265
0.021839962660919043
0.03455997633165232
0.015876208706739
0.0025965465356601273
0.0006079980915618416
-0.0022863825639653224
-0.008771996453197567
-0.003687710318594531
0.019681331884975537
0.02377136417652886
-0.0065645702679137385
-0.03345710470276954
-0.029747261186824758
0.000474649533527394
0.027868481058141253
0.01919014120446772
-0.002855805245635049
0.010264031000819676
0.03190182406790102
0.002798839880694962
-0.034530902999003604
0.0005090044765660174
0.05091597075742771
0.034977652526371014
0.0027659333085703146
-0.01174673755738583
-0.03482328975674217
-0.03153536044612265
0.010106189356099452
0.015209575213355793
-0.0107899290461116
0.002967091573964227
0.02053855454593468
-0.013874482796742754
-0.056860169207800175
-0.045176023655316096
-0.006170765912226465
-0.0019560835060473767
-0.015891562170191383
-0.006910705422733721
0.03254988980482303
0.0648616505902575
0.017908349284764452
-0.06951813053863812
-0.07382815255404714
-0.004083240416265075
0.040466605020023146
0.030266068579943285
0.002436475408731002
-0.014189825006779804
-0.0036324538066346314
0.022429922085300296
0.019313790272570908
0.019618836140524006
0.07736381945399645
0.0844352083827342
-0.0444118587896315
-0.12691562358226757
-0.048570495916897924
0.0465291910175103
0.06764825398762196
0.029669943328219994
-0.041663068844754104
-0.07566417944848941
-0.025403000706758196
0.04147361867788539
0.04133366128450133
-0.014722975917382065
-0.05899423916722374
-0.054938203394941224
-0.0034096266788263556
0.05959410614247798
0.04100861625986715
-0.005743687920627965
0.026153318699807252
0.03315026726555337
0.008033310839680388
0.05571592839347716
0.0724459625822845
-0.030358001051986976
-0.10821151494963101
-0.0754656696330529
-0.002041298817698935
0.07553045764121172
0.11489811987796802
0.07348977841105649
-0.005942987553391341
-0.030258434517175754
0.01256250434739653
0.03872948507890409
0.05288581201771914
0.0803531881140737
0.06320526381949494
-0.019364011058230306
-0.10134707608823308
-0.0818703603762509
0.021421970583729546
0.04976551531521037
-0.03721191356640251
-0.10366416718353436
-0.077254005020618
0.011308162990280089
0.06641196028100015
-0.023235890250043124
-0.12152163265345686
-0.02613553518188876
0.1482804760946996
0.17658537554110348
0.022066612161504337
-0.10384759420066778
-0.028055669629336623
0.04963383664977392
-0.025289822526870245
-0.028478511621203424
0.0360846154645508
-0.07673051063836833
-0.17868897784004542
-0.012972005195365224
0.2027135015812623
0.2653619442019024
0.27547859048943274
0.1780982842677834
-0.09371990014111319
-0.20371591949471302
-0.029321639161204033
0.04576712324825035
-0.11545932792503832
-0.17816355148292912
0.008248617945431306
0.01922666207655242
-0.21095526089994532
-0.10733094333559429
0.22087992848400004
0.116782912316038
-0.287835920267282
-0.2653462303894488
0.19380434329586796
0.3633682633913818
-0.0198514734262375
-0.415416144129459
-0.37968831866219566
-0.23277823130339997
-0.25152389006572634
-0.15871667570515677
-0.00943092496381385
-0.10584911189142439
-0.15353163552845805
0.09318382411333526
0.15360039638362522
-0.11729316478094269
-0.22622342007837798
0.02150759477773133
0.3482368095210194
0.26216983555442147
-0.162028485302984
-0.2818322076646513
-0.008856886733185302
0.18873615381053307
0.011262854749747463
-0.3415427161945303
-0.4929429359069938
-0.31082426732778395
0.04069967919254009
0.2633268838712924
0.21415214974071878
-0.15700549420843013
-0.5260055762717002
-0.2689236014752458
0.4367999525144102
0.6636480595378746
0.14284124940785523
-0.36326178256515784
-0.26494375380470647
0.14384758575383932
0.19994391817899995
-0.2077027350608074
-0.4769777793067283
-0.4145479622329541
-0.3213657658713994
-0.06138133516786675
0.32828138264862644
0.17766048690524683
-0.27745804578036515
-0.061714114952338875
0.4006406519453061
0.27600089498982894
-0.08239724400232652
-0.04748624840294861
0.3364201497577816
0.3246214183368651
-0.1409798380675589
-0.1627589678801083
0.24079954054388225
0.2771128762733805
-0.012962394015706051
-0.1282070727007135
-0.17656080000074728
-0.2622730947936674
-0.1489062101535038
0.12987149004303938
0.26459569444336395
-0.041615919568759464
-0.21567680426028862
0.41523381356317807
0.8308883747250739
0.20380044681730178
-0.4039245788176208
-0.2035345367320551
0.16259732516393186
0.08028804822321835
-0.23418940951878062
-0.24903697545884307
0.10187707620591023
0.37793146697449154
0.4942210769297442
0.4743288695261633
0.06905149612129613
-0.26169122976624865
0.15746590290268292
0.7199711809146703
0.5121015720198675
0.07136384026073614
0.1282950802091771
0.2049811834613488
-0.030328411267941034
-0.3209145011294613
-0.5374279017628523
-0.5293845191886445
-0.2012443099040723
0.00619234921807416
-0.27359001117312903
-0.5853385282011058
-0.47184646939610986
0.09751798521666832
1.0009794919036454
1.3676143672500447
0.38001113125257846
-0.8387653019619152
-0.7945049362721514
0.17322086410222898
0.9488667689557657
0.8031617968364684
-0.24424142443330613
-1.0046713618881025
-0.7246157654366491
-0.3318018933357447
-0.28545673554482465
-0.11056870693963575
0.11152681115795963
0.2080748106260258
0.22368313230927814
-0.006007217972165755
-0.29726587718227204
-0.17633738570142612
0.03807685076752611
-0.01674297238207873
0.0066224259823099586
0.0528022490097819
-0.258103665292178
-0.5745077534158148
-0.49283071954508206
-0.19882047037680725
0.25895406699069173
0.5631623530036071
0.3059110920417835
0.03314718437417903
0.146732781958851
0.12575165425617854
-0.2773958523018732
-0.6765754235555622
-0.5920696573967448
0.21329435783936027
0.897829058169323
0.4237654490694744
-0.410173484499848
-0.5802643727670207
-0.49734477638024877
-0.34994504355175515
0.05870738507237253
0.24176068733437417
-0.07131237286784167
-0.26937710508672846
-0.1333836803316125
-0.17030964282257474
-0.44130238497493046
-0.41888837626512543
-0.019733261346247265
0.2913287451925233
0.5112308850136043
0.7773579470665829
0.7497083598916849
0.5133587987147062
0.37249741219449367
-0.028576928068380386
-0.641225344489358
-0.7003782468050653
-0.024262820740046508
0.8773120266953255
1.3645293333994737
0.9875904089459101
0.054624376807840734
-0.5061207663313687
-0.29936102160890804
0.021390553070375178
0.12586079435825473
0.420496140320454
0.5089167437062933
0.12099097437411285
-0.1810748212494322
-0.32710356774269067
-0.17624151101862975
0.07324695038172777
0.028653823101937693
0.4749874245598426
1.2327946559154308
0.933163042103354
-0.0625260126565707
-0.35451177142532614
-0.07638314839895928
-0.03230690731632919
0.07539635402922336
0.469797902479254
0.7258890477915446
0.7136137950012661
0.22463745130937324
-0.5185469690152239
-0.48097747603833024
0.2931364621545174
0.6948497473996669
0.41334950860560676
-0.012422033197383593
-0.24948181966620772
-0.3863472202939378
-0.42947295850846473
-0.2947413166236297
-0.3933314086465807
-0.7550148781532781
-0.677951064534776
-0.3116108101596909
-0.09926460910784789
0.04930372152467502
0.1472128071128004
0.20062810192655853
0.1110992390939982
-0.09511532256015531
-0.12649857475954288
-0.04900220053714475
-0.01371268034809728
0.1419580213900987
0.3120434925319963
-0.08733179003081637
-0.6904985687119246
-0.5207480143634694
0.015083942056819701
0.305809518216101
0.653809385771453
0.7228817141200294
-0.2538147255302138
-1.3623462971500842
-1.1689752269447642
-0.36941463781412787
-0.1888761717508476
-0.23178611870528487
0.11945821791645442
0.3387646366484499
-0.20634279812894954
-0.7440625386671854
-0.2480484687307497
0.5374593240838511
0.45112035185503785
0.04104288378084909
0.19911766036826595
0.18609464122040312
-0.5542946393434206
-1.0704889617196192
-0.8363327830521656
-0.20813773323695692
0.43359149068378183
0.5483789443452363
-0.009614330755364072
-0.23439048636981827
0.372631592464074
0.9225304774794217
0.7515558432750521
0.14246147743781748
-0.2511918362945108
-0.35550013411350767
-0.4497545166112064
-0.6907088616671392
-1.1541529738202276
-1.1833365103930014
-0.6726112535688998
-0.3161698474081825
0.05151498106138895
0.13140262767215746
-0.23005055756652462
-0.05554523937569899
0.4958817747721774
0.511867051472929
0.21212998785941806
0.2469720154057216
0.22211339207815053
-0.0958019473868853
0.17514440464318323
0.8069417580021789
0.48786090564182094
-0.2792550252199787
-0.4149992496421226
-0.30581004806247913
-0.20317725778492546
-0.0966621514335505
0.04947485855169773
0.4340326699982562
0.5123696312682997
-0.004061369079979513
-0.2602863842150986
0.18786640337134924
0.42417685559747753
-0.1091042598217953
-0.02110019917080703
1.1143392551653897
1.0820686812711102
-0.2837474933316023
-0.5533345468893714
0.2236730561819177
0.5718113913113857
0.8762047489292101
1.0637764870610102
0.18945336303978025
-0.6748782947327215
-0.2265767681305787
0.4597021281796252
0.45017558706663163
0.27418962959524096
0.2543942430498594
0.27711261798463416
0.23791622744916438
-0.01362752827551572
-0.3140641867640249
-0.058849623152803524
0.4450906197003205
-0.0783298008269634
-0.9764779324933645
-0.3146476787594092
0.6387985750774156
-0.021602666795395693
-0.6128088916976722
0.3103125229025465
1.1881163402099857
0.72541739703867
0.021441181050052934
-0.32280944147538854
-0.856180912342493
-0.7323618722302441
0.4683784980252495
1.2531562084405812
0.634827868246756
-0.6439820977862445
-1.1018148479893457
-0.6328210876399175
-0.5579582180065061
-0.7590123685099532
-0.10629546141033293
0.6915503419631729
0.38079172100621433
-0.3654993908408367
-0.35307396823469694
0.1814530729404346
0.423171106813227
0.29570530302319725
0.38216443100650344
0.42092009517360063
-0.4249993776952177
-1.2458428354990032
-0.7942440961293451
0.4930216350747886
1.2910708827892783
0.5435933282163072
-0.9970191849480836
-1.3098737370790354
-0.3267098191032421
0.1552689743830725
-0.17759015978404832
-0.16419870359879327
0.3475366436771685
0.4414494985147198
-0.05698235965219287
-0.3715645828047631
-0.12088024688294237
0.10010528511627027
-0.06256776055851407
0.04899385297273074
0.5156213022751117
0.4698186966549256
-0.28613802905358027
-0.8930989725288312
-0.6296665395645988
-0.04811487174612631
0.06607881704481666
-0.17444642033753419
-0.41344282782356834
-0.42657409235503396
-0.40001360295869287
-0.49281413763702053
-0.28116267505468057
0.4788414127473947
1.1742738275336526
0.9600277678737882
0.22428828507297394
-0.2552515839975642
-0.6535587120203409
-1.0387499773701798
-0.6638781139088706
0.6345419943816172
1.0603065181967153
0.07797592283702112
-0.22872115459983222
0.1594733458857228
-0.24359161284865025
-0.7181044993146855
-0.24402750899696402
0.2869180807855036
0.0008831342556162527
-0.14374587837858824
0.6357256345360173
1.1363522498289236
0.506647596680914
-0.5356291755653372
-0.9739330483187596
-0.43116614618038046
0.2761750650973454
0.57654108945468
0.5293736602463588
0.022066591941862213
-0.5184385687909234
-0.27815748197178775
0.5048200663205772
0.47726817860311166
-0.09983422455254293
0.3733353628756179
0.9291103540177182
0.16591906818345298
-0.523214570091912
-0.32440982469374
0.014418264579528203
0.019545846105655032
-0.437382732730252
-0.8061850836688133
-0.5899525949945718
0.046486187260463906
0.5607684369562774
0.455779043759582
0.185757170235489
0.30012205669498565
0.5802538383539082
1.041700102746909
1.216223442745837
0.06301483043606834
-1.4757022112701244
-1.612121105329072
-0.8806378999388427
-0.7873224565944079
-0.8639165289489874
-0.07915379456519356
0.7959495994647223
0.9565910209392983
0.3282366271822211
-0.715588112577228
-0.742103865458736
0.27129163788339705
0.8099446360858196
0.679076021596441
0.1556264460419027
-0.48622122086923375
-0.36104790980884127
0.035220182843922816
-0.4429365018248386
-0.8903541068423035
-0.11441560683016958
0.8048788772086338
0.16864322341770815
-1.2391753118599913
-1.3724127266674644
-0.31090239647561707
0.3641287590440361
0.19850191631931655
0.09189536615584937
0.4614482167509089
0.5343564534464555
0.021522569310084953
-0.5413909429492136
-1.0491428232624922
-0.8891077831387456
0.43334396982911355
1.383196228715948
1.1556178137606232
0.6497169777316536
-0.04583336094688122
-0.550200061243132
-0.49115580053527563
-0.8245857505926264
-1.0072632891649629
0.10678729463300697
1.3907776828892342
1.5684249241730528
0.8158284142657904
-0.10657359624417985
-0.6750063109837776
-0.9952388517068239
-0.778360720507218
0.29824965196661446
1.060256544841367
0.7789538117601386
0.19678878604952774
-0.1808689283919194
-0.192667561011241
0.005254929363565523
0.19332980057135254
0.5951549826024869
0.9305178581832397
0.4046117803874303
-0.48781653198875846
-0.38500223783585047
0.29416885283445615
0.5215896857094127
0.28054066683097967
-0.3270169016176101
-0.4672627696520493
0.288303860258394
0.727684349056838
0.26727833105247767
-0.09945793651776817
0.2885484372943147
0.33709652969398973
-0.6649546626090218
-1.1434811956230042
-0.44384735815562665
-0.0743698655196744
-0.14053423038490742
0.09122804895322251
0.296701109376187
0.32979581343493025
0.11010039633825403
-0.16769676830769945
-0.2914718492663543
-0.36650183203398284
0.10952003844598103
0.3906263907751303
-0.46739954644352205
-0.6873356022389394
0.32370037147707614
0.5391868124610563
-0.183808572247974
-0.4820392786352972
-0.17760387578046724
0.4010725432708216
0.9025440275178033
0.5658448729730761
-0.5225788409700418
-1.1180677694040617
-0.9110787968028196
-0.8673972936810193
-1.2231738354058561
-0.7467815210649111
0.6859992106407783
1.3359974245522392
0.602386808918576
-0.44824665665909275
-0.5189817029721279
0.2616167545466762
0.5802777979237487
0.4475250239162014
0.09496539312165908
-0.738366069180719
-0.8174576951478063
0.3878889388585714
0.7274426929181226
-0.635844850743488
-1.4138705877533255
-0.5593654506610003
0.14892666172813138
0.01797741312647141
-0.13917308781398116
0.07085370254305931
0.7151196393114472
0.8657940881527857
0.3239415674780571
-0.24573525924842154
-1.0595081072958852
-0.9870631690415059
0.2998497201076795
0.49971157189484233
-0.2396602966299161
-0.09450588030586331
0.4714829030550365
0.4366263328602558
0.15084270807985464
0.3348093827792549
0.4123846103446077
0.3178398597522697
0.9559439024657238
0.9734091194689518
-0.23324094604020928
-0.644030427577082
-0.308790039819229
-0.5176336630294035
-0.9014706224716786
-0.7465138311119979
0.07378085128649739
0.9887470771258721
1.0799327155861136
0.47814357718532735
0.10484215321373394
0.1833771173572792
0.4598554404175562
0.711238952930202
0.7516855252175403
0.4237238616905572
-0.13034178285233697
-0.6372140848488206
-0.9569824566913699
-0.4788819815567857
0.5684077408709837
0.9771262042396236
0.6753495507611852
-0.08099160263530167
-0.6746662728000654
0.10112860861780834
1.1807939675861876
0.9288297786447068
0.09264626961400706
-0.35706926843926906
-0.6770827349484443
-0.9940870551116089
-0.7576402453159455
0.024090654127769378
0.6336332837314687
0.6207322803423487
0.07748394694394765
-0.5674201681706721
-0.4624693806237653
0.5777437329517691
1.1188440517166787
0.347587403401308
-0.6349360479126777
-0.6130599215404385
0.01313385973722261
0.12542915550724112
-0.1415713299002308
0.10670919646406758
0.6754677731999525
0.44529027317822495
-0.3130863224571507
-0.6492412176247938
-0.818822012809503
-0.7086540410247055
-0.013636860999750115
0.43111881059347507
0.1003714572311957
-0.2242778462541387
0.11736353756682598
0.42177410211310445
-0.017925553643959362
-0.4648315362218693
-0.18292915233046686
0.28439072102776636
0.25584897822253616
-0.24440300604176793
-0.5955626277790622
-0.4098556826006396
0.025224867954265876
0.38502670985523474
0.31746353399832
0.06706025951127438
0.25011046077015847
0.36795602665595156
0.06349121798673085
0.0654106808336091
0.22930869929988773
-0.18322752593634972
-0.4951706042388097
-0.19795614703192854
-0.20359779413087417
-0.5897308959496604
-0.4225671837616671
0.30437931738663504
0.6485558076513612
0.09103422285036776
-0.6525606174625468
-0.6212419111087316
0.0494009202515268
0.4946498302689434
0.40536243583335674
0.1509240164688317
0.16092553452853597
0.5118301903071976
0.5598258189633395
0.11184849356397072
-0.18598253397207543
-0.10774505815777437
0.07741161451545349
0.0008434996262747998
-0.2251791885867588
-0.2721655959886809
-0.1540166232378247
0.14670702743452488
0.36775721807916184
0.1330423027933574
-0.3175065047648217
-0.5354270257096032
-0.48652735033945776
-0.20505433662989905
0.19345195920867464
0.125963041518957
-0.5039855015081891
-0.8038061799240847
-0.2764745868578265
0.30482197620897156
0.3001825822274464
0.1743639003440613
0.3259628795549294
0.51073127322806
0.46389064445279604
0.2183953618963931
-0.14287785810936976
-0.5294987672289114
-0.5842723226746077
-0.3133520776258828
-0.15347208134474957
-0.03920957969826948
0.10352626635069348
-0.07289344226425118
-0.41159260261680236
-0.44035230985597845
-0.3017985445462044
-0.3188700905385611
-0.3787771997428534
-0.14662326338034284
0.29752566488886467
0.3923668443960964
0.05918965735870491
-0.31926367897337016
-0.49360289335999413
-0.25231272392616916
0.21725111855750392
0.4197280636041174
0.3293577886635199
0.2298639875899303
0.12803719855374643
-0.041895490378143656
-0.0451007547818933
0.09783091488712815
0.06676407833136351
0.053143432506099104
0.13486019637213892
-0.24928791163793063
-0.8207560218391455
-0.8265675135791982
-0.4775034795374728
-0.15940575807062946
0.1432501115510524
0.5494737693318914
0.6292119057270753
0.005199386384380241
-0.6468582642163527
-0.6375193895027186
0.044045225976447895
0.775537419408194
0.8554514975546899
0.472311063948394
0.2536188593276577
0.09889204779072881
-0.16648394320032908
-0.096808782547514
0.17104641330418932
0.23644195614140726
0.09329493443517435
-0.28323511657432116
-0.42980080444479896
0.030189526278116257
0.45320064593476894
0.24360562479486297
-0.27767279851493415
-0.5249388786331164
-0.1482171566639774
0.4877929955146253
0.5287892394629081
0.05300626556503911
-0.2691029109504351
-0.15951521654997655
0.196625769692676
0.23802503567430958
0.02705580613066511
0.26340188391666863
0.738508101271568
0.5251565552599772
-0.2289567851004967
-0.43948606342673324
0.04926961281757447
0.38489857598863153
0.1715019115358937
-0.1618201574419169
-0.2531880362616286
-0.13469828991567004
0.06479195615713709
0.0923368438148066
-0.08769781304696805
-0.22035676558297645
-0.21804665563810302
-0.10310282010550413
0.017543222941074375
-0.05231945870426149
-0.10000317779511286
0.169129304585571
0.35539596164174425
0.24829551112384313
0.16318699214779553
0.018873308141436927
-0.17563992039596418
-0.16144636040400345
-0.056927944583809426
0.10038619422811894
0.34497232623181
0.4020624213054537
0.16974921033384063
-0.18355958247723092
-0.46651834921838264
-0.47234831269839983
-0.2821933513357601
-0.12565470361613282
0.07340044908099151
0.2093517306780578
0.040866159806690484
-0.14319526179948078
-0.10733140191873666
-0.09184582188492443
-0.1645601202173494
-0.08205609806666947
0.14627088709451014
0.199600899043823
-0.055016494106550635
-0.29951939756220264
-0.2383131641478168
-0.06624116417332215
0.00590809390969427
0.019600108498392634
0.11499715722691489
0.28922475430461453
0.2351320238053753
-0.07272349584235574
-0.3283722039633005
-0.39360082504768457
-0.18349774917005263
0.2312475018691465
0.35898199418425
0.024576129215856852
-0.30315619843799985
-0.3365873278640619
-0.13828326675885788
0.013459864041445032
-0.11155488499946294
-0.24853823317203466
-0.028649344032462377
0.4728764067178317
0.7286626127039544
0.39870907186106175
-0.18579582407670947
-0.43564133125430426
-0.13937244084335962
0.23146668554379182
0.1953874362521818
0.02943473655407724
0.09646401285629227
0.18909831353062695
0.06021121426455053
-0.1326378162038141
-0.10230159684716189
0.09305408837506629
0.1949222616716345
0.19475291677708884
0.15617566715821174
0.0445312033961244
-0.08815620731724824
-0.09853261266265968
-0.09397362262880952
-0.2086315524466359
-0.12923150419964324
0.11357896036435057
0.11761925137325474
0.010079445899834286
0.018618939240340332
0.15343609964254037
0.28556339549467125
0.19874769865334374
0.09238703322992603
0.16067380430153938
0.09693652447093667
-0.1394332597419127
-0.21756378486817032
-0.14505813954332875
-0.07492741240441063
-0.03143528053119951
-0.10509621690457105
-0.16589989571396707
0.031760579484957814
0.21297111901522667
0.05785132105998482
-0.17234304905118966
-0.2449581927814713
-0.1690112554679282
0.016482853745067454
0.06412080110111923
-0.023876366376536645
0.028634231259888194
0.09096927725714055
-0.025163461063670862
-0.10646768165623542
-0.0269016672958399
0.07681293877166463
0.10786427585099438
-0.03134854184834561
-0.216454014957342
-0.10372194975953765
0.16486394469848065
0.21041874130972862
0.11233752772242665
-0.02968032127941209
-0.2526266570854618
-0.3443694255862841
-0.22795410468152874
-0.062416549043517566
0.028907522587492802
0.06463597576522921
0.19758223800908803
0.24242261344881383
-0.05425691931581508
-0.3221263766614829
-0.11871813945077851
0.3061465061190831
0.42097132723925923
0.0684391507138332
-0.36176565472706135
-0.26852375854596705
0.2503404064252105
0.4660196785040006
0.14080882531830802
-0.2681252243012196
-0.29572870929416767
0.030276757982801158
0.20748296026823487
-0.0026035042233296846
-0.18877236305939507
-0.10629565737218308
0.026226612963339887
0.03743685817054347
-0.032168730341531296
-0.013067102397089423
0.11828075054312678
0.16948774684966933
0.08849636561341788
-0.0299397419698182
-0.09445669245700851
0.0022329757193745707
0.12753343598605096
0.11669137064487715
0.07785631222084184
0.006273109671812829
-0.1118992550776064
-0.09695441455034719
0.04486680722645789
0.1420498024606117
0.13478249931284225
0.0036901831483514298
-0.15511273387048943
-0.15811875005642825
-0.04743579070663394
0.021252660340281396
-0.037281002247675846
-0.1639306676338184
-0.12755101982047665
0.11692932378457083
0.2785738377096559
0.16093069881426197
-0.07553513194840335
-0.19433226256761374
-0.15524156127570407
-0.0023377079939158043
0.20374845965965835
0.23773681075298636
0.03497901551849881
-0.09478915642923841
-0.049344947332595646
-0.01413308890903423
-0.05326181168993951
-0.10891850189100448
-0.14800756838800116
-0.1476899153418885
-0.1052879513590603
-0.030193057452585024
0.10404665429408579
0.16887798294044445
0.07917943419075905
-0.03623282359092064
-0.0733186677681735
-0.03414947614131318
-0.03265666804475723
-0.04150082030017538
0.03297917191223976
0.05487144856194972
-0.0216119281550137
-0.056072701780250624
-0.058619171094038004
0.020377841940740375
0.2644413397442386
0.31755305988245974
-0.0668486328710844
-0.46541031464526095
-0.3651435963864869
0.08229514156386779
0.2863552874905889
0.15416931654894117
-0.0004041834830304969
-0.12213215464736082
-0.18447789308947393
-0.04379349570298928
0.12194933761544018
0.060913312089072975
-0.07283213921235931
-0.04907558100400581
0.09019429720855797
0.14128905314829662
0.07579920050468947
0.03502422101864236
0.008391196847882436
-0.006806421007176816
0.034701385090970774
-0.009691009443414524
-0.10840855896626617
-0.03416855554596619
0.05333312068646546
-0.018648375926260893
-0.07999824321007555
-0.0748001555692603
-0.01668427801128414
0.11158207171462745
0.20462340554748393
0.12824426247636808
-0.10368796551447283
-0.25617585787490776
-0.14285927124975697
0.06955795266342638
0.14139577255086433
0.11955270881774814
0.09280968884337087
0.03258334584444159
-0.05957001335722495
-0.11153109717611956
-0.049706591793431655
0.055235641429011516
0.0846833134927359
0.03358479959983457
-0.027868448055358853
-0.05882787295563155
-0.06774605576107562
-0.04205581325052603
-0.014646622954512856
-0.012651441740722216
0.032829734716181815
0.08546031480160388
0.03824473344268621
-0.054794956843887396
-0.13057127172526237
-0.1416220471621041
-0.013278916439534634
0.14777641604720032
0.19125498425444107
0.09491951235405054
-0.04151776106950918
-0.0904980909006775
-0.09887243713566482
-0.1041927412772094
-0.03056828397797309
0.07745616606525149
0.11399402092741288
0.030888318681256258
-0.10705453190736343
-0.1280454308579162
-0.023926092150114153
0.0421732519971724
0.020465940467838718
0.0023693779281663487
0.02861657687432579
0.020694457762867238
-0.05951277404201804
-0.10428308616624311
-0.00511318681833356
0.11355039091296666
0.05349053954541544
-0.05611218712190534
-0.0076404773654016
0.09038352246301695
0.07185711728064019
-0.04321386065457905
-0.14555442306305733
-0.13897315992934944
-0.005120084681001308
0.1530957885685942
0.18994150593569334
0.05091662114615829
-0.13198589311877032
-0.1560323784469453
-0.05399708764646582
0.007683810745591702
0.039354852354353764
0.11396325593022867
0.14236438406815138
-4.875690385612342e-05
-0.18656542584301972
-0.15419764257820068
0.05965676735485741
0.17752805537960076
0.12478375496032214
0.012459259548708159
-0.06838013921771031
-0.07213190082249721
-0.03575624581541768
-0.017956243073547918
0.0005997263235514555
0.06042202544931468
0.10347896857799077
0.04149088726636035
-0.08084250972575832
-0.11803723918823919
-0.021478678942855958
0.06933798121116153
0.04311070565590855
-0.027590931985461007
-0.023844079045752576
0.04596755593190992
0.04709330503752885
-0.015569383825275937
-0.0076739922024931665
0.005690710256994203
-0.0306971088010632
-0.008069704582876171
0.028034457132539926
0.018495330276722476
0.017743738297138135
-0.002024340192432214
-0.06060744406526441
-0.09722171833052529
-0.032546751272236656
0.1019638124449419
0.1272223859971831
-0.003374551995642432
-0.13067118618738155
-0.10315155486714757
0.027376845645732478
0.05549992737898944
-0.015030825582963397
-0.007651116741199267
0.04925114512580404
0.017819729202270606
-0.05558272647466693
-0.054554954124051536
-0.003965459181446201
0.026681096774396323
0.020371241693292807
-0.0059900239902007865
-0.0061228046337782885
0.009474534585215242
-0.002498098665373922
-0.02518403182265608
-0.044170617763720305
-0.030298234176616097
0.035034838229597694
0.06509233761624406
0.004725727692321564
-0.07123776362979663
-0.06519955602541942
0.008428896591405898
0.04986436813256994
0.027840008618005393
0.006889543620382549
0.018188023848663283
0.0054888685691431615
-0.023568737171791844
-0.01413456947690958
0.0006640027170221516
0.004635110180364145
0.021168234785920555
0.016919673642773362
-0.014852599656700872
-0.01953465325728791
-0.001316731583140149
0.013673116081267657
0.016936810903960632
-0.0059945048223491205
-0.0044021904326588725
0.02595517479876338
0.005556115146568209
-0.03151132192814736
-0.002163235131242167
0.04365910791767758
0.030359291445114876
-0.016301094425140633
-0.0416869931644931
-0.01098659082920471
0.044859100699767646
0.05113324439118081
0.011492859652687093
-0.024279457526104026
-0.032990315772310645
-0.015944766049442574
0.01816391473505551
0.046983446994236226
0.029803636536318196
-0.0112287968215306
-0.028395839599316096
-0.03856559193628988
-0.030032234527618325
0.022464611288883368
0.057243765232513316
0.020602278014454654
-0.03176996438351802
-0.03659945885056742
-0.008829194189574655
0.02863304420816684
0.035154848286765294
-0.001142947660944661
-0.012555328405820718
-0.0035516298007875063
-0.013624357257031518
-0.011626250762626019
0.006449930205761293
0.007059213837755461
-0.007543993094492487
-0.01075031482885261
-0.0066190208231064
-0.01103199734905817
-0.005761790697592599
0.00824425662748888
0.011251221323383338
-0.0038354863864006254
-0.02335284290313449
-0.014691119772901544
-0.002222317297601094
-0.003514422548374656
0.010550508482576711
0.016314062567629618
-0.00120078111630581
-0.01830835199080588
-0.02972570503641499
-0.013143988626346302
0.026546837328243374
0.03234238219338557
0.007104340726111072
-0.012997277194918678
-0.026190041861756712
-0.02335682048171082
0.0006853186774068587
0.024305975243424607
0.018234698148917674
-0.007641092084813321
-0.01747442944538491
-0.015117327622094319
-0.006482052551164234
0.008140847724800048
0.012068860777002182
0.011606651643802158
0.009234693952545154
-0.0006410159340833653
-0.0020477479417131067
0.006087670927760039
0.008014132098683267
-4.410258654519542e-05
-0.002325646087713879
0.007551142610073537
0.010616980802695738
0.005651767262985587
-0.000446116965928001
-0.00795663618566744
-0.0025068962901453485
0.010138512519344955
0.009039310476413327
0.004148736988685161
0.0012376281278499845
-0.0010289376271240675
0.005863769843758743
0.005047972957025486
-0.005239026707373083
-0.0006551895620488146
0.007609116003373471
0.002710238779086414
0.0015670823127037698
0.011767458515763836
0.008512054806883778
-0.006933213047593138
-0.006503054878202247
-0.0004159263060162842
0.0064618522464216285
0.015645234514262817
0.00431684997518283
-0.006883423372196809
-0.004765160048439112
-0.01001322370828599
-0.010384492365588098
0.00041813063588760685
0.008455138986793847
0.002918057131073682
-0.0074150105547323725
-0.004287492076832071
-0.0034814081430105527
-0.007315461250150412
-0.0032495343567241616
-0.0005956512969361744
0.006208345097698766
0.01012560067516697
-0.0026691020149787934
-0.013518324376581993
-0.01160575260866935
-0.0033256100040626887
0.0015499451755827424
0.001614870712655173
0.004527442625399059
0.0005508838940146688
-0.010014138298649061
-0.01122762187298355
-0.0066800339926140415
0.0007043712771416455
0.007589376433456728
0.0016815844284321705
-0.008401344593207969
-0.008445793926144866
-0.0018505354068092735
0.0012841921028404755
-0.0026528422807131063
-0.002333831310719862
0.0019411360145669746
-0.00039323814509797527
-1.1312846171104616e-05
0.0035698595226321263
0.0019263365468279875
0.000996446120511256
0.000786711043193031
-0.0004094654613900596
0.0002638023927002229
0.0026945069618710057
0.004119897904439821
0.0010756267281121852
-0.0008816160114055273
-0.001282136530543005
-0.003352805934522105
0.000586926047753905
0.005828744869455527
0.004494658646455502
0.0038500464496596487
0.00338616780237111
0.0011720749745896613
0.0001743780419794987
-0.00045818682158711504
0.003873106370002601
0.009242726128780245
0.007736465273815363
0.003036952880678968
-0.0020011718529162337
-0.002859655067268584
0.0011930824245632043
0.005286789599282777
0.006657825397613797
0.0033108235767493836
0.001788102216162986
0.0007462650851501662
-0.003698424021329051
-0.00026040708674389493
0.004650205820830003
0.002296379892684556
0.0015446992749935582
6.639873352669331e-05
-0.0027747634963451685
-0.0014606121200858855
0.0014270993139713136
0.002075381685209522
-0.000440063309232714
-0.00010823862882392539
0.001535550596508363
-0.0005544059771735091
0.0006087342142463034
0.0007985416516798353
-0.003251758146460538
-0.0020165356321543452
0.0004004875155815956
-0.0020450854561959385
-0.004433806530091801
-0.002457127242791536
0.00011628966079302143
-0.0023883510309452302
-0.0048744902594771685
-0.004009603970084805
-0.0029514502979148915
-0.000695311376281694
-0.0002432887659787022
-0.003066805492933802
-0.0025914371274424483
-0.0005710679503290535
-0.0021663516269556145
-0.003819807379829482
-0.002566840038936467
0.0003462976335714446
0.0006896418924297928
-0.002398675776961668
-0.003650268077752251
-0.0026675427141103535
-0.0012313130651364634
7.570384131142511e-05
-0.00022669308952803115
-0.0008272011983409277
-0.00048028910639350713
-0.0001448198624376608
-0.0009653444358087436
-0.0017336238321271115
0.0002231257115126354
0.0015848146550592995
-0.00017785725481498892
-0.0005727148490537737
0.0003346232463194622
0.00040151723194431526
0.0008835675582285685
0.0010482810291635735
0.0012498128398516707
0.0016437868187839585
0.0017889663390334542
0.002762764726109415
0.002608753651141213
0.0018896085894386345
0.0020261133041378013
0.0016085694846427658
0.0022929956094332694
0.003328625863939549
0.00213973234880874
0.0007349438349045549
0.0015447759279887702
0.0029870847027724675
0.0018181435249747654
0.0006471918309823684
0.0022790950878628646
0.0028985417558230007
0.002275958735869524
0.0020752358844639916
0.0010468987121044853
0.0011672119699431354
0.0023296768976637026
0.0017086787422674618
0.0007735763334229676
0.0012373860782410513
0.0021736327996230978
0.0015706065625183947
5.8481611896805636e-05
-7.967236919952643e-05
-3.561746253504088e-05
-0.00024178833554044138
-0.00017100113776158233
-0.0008487368563993384
-0.0012035270636738093
-0.0003703549026969645
-0.00014767509136413723
-0.0011768022618679408
-0.001693429861215394
-0.0010386080298483568
-0.0008960176041860116
-0.001537929668209513
-0.0014773614073783244
-0.001117451943212266
-0.0012032962909344343
-0.0013899914865373188
-0.0019777537392851904
-0.0022153336436946244
-0.0016958712462074635
-0.0014241665846207424
-0.001251009600093407
-0.0016618798169271687
-0.0023340262430542485
-0.0020504936388203525
-0.0020228290693269082
-0.0024478471268858434
-0.0023269307380416526
-0.0020806414776805586
-0.0016845891627458225
-0.0008511713804941062
-0.00043689618795209284
-0.0009645661935078936
-0.0013138418820567684
-0.0009530334126195774
-0.0009362881242733706
-0.0006468291644239393
0.0005170736372755475
0.0008176531325383641
0.0004421455935377913
0.0003187868712393928
-0.0004168907676097557
-0.00126726669615272
-0.0011605690698465612
-0.0002502602356515666
0.0005022328970034074
0.00043657075019925813
0.0001574731543133357
-0.000271605030229891
-0.0007334779120691463
-0.00047332543035362884
7.068092305640252e-05
0.0006000551201566079
0.0013073270032824703
0.0015217637671289372
0.0009752115571815386
0.0004362045339223331
0.0004395902647023286
0.0005176498657547265
0.00032369580550735394
0.0005525177304224959
0.0012452643533054125
0.0016085070539972749
0.001283528932228201
0.00036026471178740176
-9.486796520311928e-05
0.0006262485557253484
0.001717765136552999
0.0025411341372648098
0.0028731509509113927
0.002936408812015599
0.0028116964926511736
0.0018326483660649755
0.0004922459176019112
5.275026377749141e-07
0.00035786770254592285
0.0008141704924933979
0.0008357920864142732
0.0002795764151345257
-0.00048432193758304854
-0.0007522656030639113
-0.0004704162379280898
-0.0001499369445965083
0.0002822333929363989
0.0009136026675322992
0.0010838967336476114
0.0007218627046237287
0.00028571327853749704
-0.0003296752962069755
-0.0008863443974714238
-0.0007838906602395844
1.1053761143382475e-05
0.000799762788108978
0.0007234381633279572
3.729498179731462e-05
-0.00043199746460687445
-0.0004665508208942021
-0.00037464426755476696
-0.0007020610508937236
-0.001211716302414562
-0.0009620962657623862
-2.7676523295168235e-06
0.0007197622038076066
0.0006390579904970282
-0.0002515987791939689
-0.0017149916085688487
-0.003147297622530165
-0.003682814944828436
-0.0032637635311075753
-0.002553450099170277
-0.001870843884758215
-0.0014823271035912316
-0.0017110402461737513
-0.002420470769902556
-0.00290999044618681
-0.0024126903625552947
-0.001117812095119333
6.531411767498178e-05
0.00046230211292116124
2.892580631445268e-05
-0.00047839546722797783
-0.0003645134302786595
0.00015516008361714416
0.00046653638484914255
0.0003142027014306936
-6.76367036477825e-05
-0.00027601736743045453
-0.00024193178734229574
-0.0002362414351352427
7.684453682397035e-05
0.0014918394308030968
0.0034810768541253838
0.004352198751813384
0.0035579459534361884
0.001981647310504671
0.0002795051515006558
-0.0011901493470527775
-0.0016017058815750618
-0.0004241213462832547
0.0014051679861341382
0.002269276085817037
0.0017127748087361733
0.0004429160900078988
-0.0006174770387361549
-0.000744583726369763
0.0002930998287207748
0.0022955485434651276
0.004449342500096971
0.005505733254362744
0.004993757845691446
0.003431710848002614
0.001609448500913384
0.00031476109238090966
-7.418988848780112e-05
-0.0001435757955610184
-0.0008900898932885547
-0.002240740550459403
-0.003310748930641456
-0.003915689185570471
-0.0038859069856330727
-0.00239703527829486
0.000468668210230286
0.0033268429699181354
0.0046602116543510465
0.003636859108020249
0.000747277077871551
-0.0021095784731256667
-0.002849841221357692
-0.001280483412684422
0.0005583173668573415
0.0008597949427664938
-0.0003210354925316205
-0.0019676727889587574
-0.0031036307272329796
-0.0031331804086202533
-0.002019955479698154
-0.00029606964476727
0.0009489230595039191
0.0006918925831869903
-0.0011716918665269592
-0.0038861710447358456
-0.006161904188989728
-0.006581078211231179
-0.004798293110398214
-0.003432008066570258
