0.0
0.0
0.0
0.0
0.0
0.0
0.0
0.0
0.0
0.0
0.0
0.0
0.0
0.0
0.0
0.0
0.0
0.0
0.0
0.0
0.0
0.0
0.0
0.0
0.0
0.0
0.0
0.0
0.0
0.0
0.0
0.0
0.0
0.0
0.0
0.0
0.0
0.0
0.0
0.0
0.0
0.0
0.0
0.0
0.0
0.0
0.0
0.0
0.0
0.0
0.0
0.0
0.0
0.0
0.0
0.0
0.0
0.0
0.0
0.0
0.0
0.0
0.0
0.0
0.0
0.0
0.0
0.0
0.0
0.0
0.0
0.0
0.0
0.0
0.0
0.0
0.0
0.0
0.0
0.0
0.0
0.0
0.0
0.0
0.0
0.0
0.0
0.0
0.0
0.0
0.0
0.0
0.0
0.0
0.0
0.0
0.0
0.0
0.0
0.0
0.0
0.0
0.0
0.0
0.0
0.0
0.0
0.0
0.0
0.0
0.0
0.0
0.0
0.0
0.0
0.0
0.0
0.0
0.0
0.0
0.0
0.0
0.0
0.0
0.0
0.0
0.0
0.0
0.0
0.0
0.0
0.0
0.0
0.0
0.0
0.0
0.0
0.0
0.0
0.0
0.0
0.0
0.0
0.0
0.0
0.0
0.0
0.0
0.0
0.0
0.0
0.0
0.0
0.0
0.0
0.0
0.0
0.0
0.0
0.0
0.0
0.0
0.0
0.0
0.0
0.0
0.0
0.0
0.0
0.0
0.0
0.0
0.0
0.0
0.0
0.0
0.0
0.0
0.0
0.0
0.0
0.0
0.0
0.0
0.0
0.0
0.0
3.5485569645424144e-05
-0.00010279507239250851
-0.00029988888990414224
-0.00010684762521941142
0.00012036240268042242
9.620988588403079e-05
5.2947062043967044e-05
3.6962989788475616e-05
0.00014208333334663327
0.00020441122456252324
-0.0002076000414079901
-0.00041678533471302664
-0.00022495957452705454
-0.0005067041603169292
-0.0009073468788309659
-0.001395014062884654
-0.002915624949265575
-0.003230255306644037
-0.001046477712720529
0.0008760592301326363
-9.317211506591153e-05
-0.00506448528682928
-0.0061231598754788565
-0.002445036004321643
-0.001665819567041555
-0.0014945175580640731
-0.004345998223816825
-0.008023540007107253
-0.005045382160840321
-0.0008565237936095371
0.00400731747648729
0.005926177672333936
-0.0055707933799899745
-0.01620325422373687
-0.01471080755527392
-0.008986557804480495
-0.002090694639587505
0.007288809041292227
0.009155402433038619
-0.005810478896632797
-0.0008267800390073937
0.015847163886618942
0.005213302425919497
-0.000759856096439044
0.018713225280825585
0.02105773212174856
-0.009380985913107839
-0.022842783878099533
-0.012135244203301535
-0.009387099793953059
-0.016719788613828064
-0.018539744475753225
-0.006295911103885186
0.00421800801288378
0.004429467962327328
0.011904439562097968
0.020976001047244154
0.009233677194991442
-0.004441497148147983
-0.001897503701266949
-0.009977266165350995
-0.025559945995283058
-0.01695699816866008
0.006223937474487989
0.012325149229835547
0.00766208772982474
0.015699440013346343
0.015981175714943428
-0.002637692199302207
-0.0025230159551228523
0.014421175862305638
0.015576793876645234
0.007438361866291637
0.0020038176514925003
0.002813921500015224
0.009305161082873681
0.013025204232342708
0.006445885814222887
-0.00561610351534672
-0.005773693492011088
0.01196496805916853
0.0206162431937862
0.008561492268657421
0.008184209750191282
0.0202801626147503
0.018971218173641776
0.009202517405961494
0.0026604970729485547
0.0038673039417469884
0.01109734684366559
0.017156665057236536
0.02513210566490255
0.02445806084050249
0.007849534842822331
-0.0005830226356595275
0.006445066754018847
0.015689364922422816
0.018420564090307623
0.006572008087649239
-0.002852632535301061
-0.003958642753837449
-0.0019136671399722777
0.009042487297460267
0.0006759933647303012
-0.01954142988306426
-0.0046814594767488615
0.017858516843379357
0.0049015444765201505
-0.015409503871764083
-0.01656998114277565
-0.01683635554327395
-0.025665938390577042
-0.0258980199219535
-0.017664246501019498
-0.008322574171086838
0.0026373337625966373
0.021039738663920567
0.04277888795411539
0.053563587752857314
0.05543963004073958
0.03575853584196487
0.001580665477506571
-0.00893910595909922
0.003188534346239724
0.030984111393294544
0.04216976948256054
0.029954831823465616
-0.03167019470498758
-0.18036177589667102
-0.15965314791197247
0.03512505545771495
0.06451021965299479
-0.04697557457072028
-0.23309556106194806
-0.39066706931064077
-0.3310097705590534
-0.27574218440720216
-0.2572577463177466
-0.04448796493520657
0.022240927548809686
-0.12073840068718533
0.035179419139158785
0.25745335433632344
-0.0742094219558388
-0.5423910852556084
-0.2536014258551822
0.33911985935759414
0.43304987402592854
0.2794091060114455
0.10321267809507922
0.02892543970711947
0.3693645098112732
0.7210630438215491
0.6813624541230254
0.5930911897012752
0.40222023766660286
0.08041724017005658
0.023355316066803744
0.14491432797145642
-0.018114354484435435
-0.2696508971371201
0.11868073827174042
0.5424872757136612
0.2059502915330531
-0.20974641145155282
-0.4066861657319666
-0.48949421820067995
-0.3891987864123386
-0.28827903724285736
-0.08703813520930814
-0.01477556995219409
-0.186456727160833
-0.29110352758879954
-0.28872189696509415
-0.09633819200478198
-0.09114241538843607
-0.2767777490969126
-0.11632788320171189
-0.08405918342226942
-0.5127297189014339
-0.5261349121740764
0.22717988861613914
0.7711675027118201
0.5453547709130838
0.019402276723527595
-0.17946805481103606
0.09497158878791907
0.4470010205224634
0.2870513572965892
-0.42254201480539744
-0.5348209322947048
0.06139841385153892
0.12029633040261767
-0.2626524764337378
-0.33873760190189967
-0.09404891808851029
0.24478213900052626
0.5652714722960293
0.6254362472853774
0.32555697656673144
0.22612025833841948
0.2588582715051389
0.0844676354302013
0.23590925642082883
0.1770551506363094
-0.6113751414566138
-0.5427713369279606
0.7369711076437218
0.8212258268070906
-0.4017284855650316
-0.37183769356668117
0.2946429702342799
-0.22642775573813878
-0.960181623315854
-0.5905614653204485
0.9332745430959882
1.8023945596458084
0.4110380345527124
-0.9923450980316937
-0.5272052588702821
0.2373130556649543
0.38996344058756527
0.199323910018258
-0.5185930857649564
-1.1379389517170455
-0.49544130482949533
0.21781096762595065
-0.4608304752093505
-0.8015059803062764
-0.06763790433642386
0.07614436705293964
-0.37700110298478945
-0.378982288862791
0.07423326525966623
0.11502287008672063
-0.5447460144544503
-0.6445894414335287
0.09612344567481634
0.44214691863365485
0.31376379574288926
0.39318751725329726
0.6546589092341121
0.45130187038672626
0.14936105296337301
0.6430866877767758
1.065642029665381
0.8205502496889525
0.572179958715386
0.3661296797416562
-0.09248598799167929
-0.539000579231252
-0.4600680210953467
-0.2721616852081833
-0.36165838434100106
-0.33501852765654516
-0.5112775574074041
-0.6403004245391447
0.08756617118832857
0.45354395531561914
-0.4674847287202588
-0.8286018996851403
0.04038194090662947
0.19187055309471293
-0.28631998585079077
0.2671234843874914
0.5306337088678845
-0.49933644980255065
-0.49302575298638435
0.46106291772913527
0.38675577712505627
0.0551738980286545
0.14673079316470572
-0.22517396184102373
-0.8007469457476667
-0.3947335123418827
0.31855941538820476
0.23761929375568913
0.0456449452289478
0.1402509629224672
0.20187307786807196
0.483852537574115
0.9912380471136037
0.6941655326767326
-0.24984573041716007
-0.23080698136008004
-0.00021347932378534829
-0.886403715147495
-0.9925939110283473
0.34595823643396845
0.7130753608046012
0.23643615684902747
0.6053894722605452
1.0862878616174605
0.6224977649951753
-0.5133429950846999
-1.0261366131646106
-0.2365826725188519
0.3996987655776938
0.025394323491184756
-0.6352025552885933
-1.215122143226529
-1.19387967996856
-0.3705160922981124
0.02368410976526636
-0.33017082740847215
-0.17853116167328154
0.36628160803477583
0.3891701712449763
-0.06070411113451213
-0.5502443716773816
-0.6089992017392664
-0.23416755013471358
0.48922943112527495
0.9590834608679231
0.3826838009376681
-0.15534059132467853
0.041642321633273416
0.16581699198150562
0.7317987415480149
1.8027126293718863
1.581360952436123
0.2682430785225973
-0.541717557297438
-1.024431562383013
-1.0300402334118623
-0.10504011699803772
0.533921271112209
0.5250195220490871
0.3701325116144576
-0.0393393069905803
-0.28956644905803997
-0.2319221360491387
-0.0965849131411659
-0.21057834415827303
-0.4715615428730037
0.060021535814601346
0.9497741416536347
0.9138681236338472
-0.4212657464984274
-1.566783695017669
-0.9736691681858387
0.15480178341906206
0.32748126000968275
-0.6925463724801905
-1.4668783935530987
-0.31854529689955924
0.5455537887075445
-0.5883472155329733
-0.8461394875988014
0.5964967728646617
0.6985503365956278
-0.5593383352439203
-0.9140570696926209
-0.5990746215763458
0.33632173896826423
1.3343901892128218
0.10382157408094694
-1.5263427906646743
-0.3571526907808844
1.3366570561874882
1.1302115738557883
0.48116937227799733
-0.16396825808831472
-0.8411533410851171
-0.40582402128620787
0.9496554504283193
1.7470675463762226
0.561906956613236
-1.2596142470611895
-0.7935259281394951
1.1031604214831607
1.4319999370285457
0.0588374536229031
-0.5099659599411387
-0.22509191431436443
-1.2440533587609983
-1.7336894621599481
-0.26226469143280673
0.6081750510529634
0.6446721767399339
0.872954244014356
1.0681523984655725
0.9162532470576211
0.12412227108431251
-0.5689548917487635
-0.5511228262092983
-0.42481746138839604
-0.5722255446069877
-0.31432025537027153
0.3332034995804213
0.4196171739629432
0.17888422657915598
0.18761839867662117
0.32214252320115544
0.14518243648085521
-0.17661753065348368
-0.18489892530758506
-0.25216454187935583
-0.34731924526652974
-0.5868437959252458
-1.1188252809910795
-0.8907348967704375
0.17849713430524417
0.799577488785466
0.35882603605252295
0.029405128033575756
0.5834542272790418
0.5195091495810269
-0.4636752159955674
-0.8407295550191672
-0.2818165724466184
0.23747389207590341
0.08958610574220338
0.04739084473166266
0.5637929156237131
0.8890993825988095
0.7280367139175573
0.4231750129410765
0.45961792182196204
0.8042339548654167
0.6286027762697282
-0.20708258856011064
-0.6803577545282009
-0.26682037854529006
0.01190561875948748
-0.6293532337786373
-0.9772566783412834
-0.31714225916376526
0.42038087866278384
0.5148428020103555
-0.35805788592834437
-0.8204125941545282
-0.25305787315630685
-0.5138127910975345
-0.7992418584589246
-0.41780968786710526
-0.429524752112606
0.2132369407399619
0.9162795665175084
0.2678267534805434
-0.37978872017217513
-0.058073955950363465
0.5378388768731919
0.46579749399408926
-0.19491556568518315
-0.44575946127242566
-0.03035460012772928
0.5154235208860848
0.5698141154217017
-0.24986669969853934
-1.0594843333573796
-0.7370650361463449
0.15544214928334676
0.5882438657745809
0.4479342734868551
0.14290457441583326
-0.015620694667231483
0.09256715859197306
0.3022279938135729
0.13196340119509625
-0.36239578455623
-0.5528682860036418
-0.17983881808768087
0.4033765672604289
0.9042751585787493
0.9756267046833818
0.2447473811731893
-0.4342255759555255
-0.3318616287599349
-0.06342137242209261
-0.03458723972008206
0.037632491129755447
0.2450362259890048
0.36256739605619503
0.3380970575561069
-0.01332495349934093
-0.5637360043575014
-0.5790870542276858
-0.23380064276804022
-0.26856135384128293
-0.2650267462702278
0.183096256327675
0.3577661582582979
0.19907089661638902
0.19779150922657723
0.07940661978410268
-0.06516797160678561
0.08936187668603995
0.09219301458067865
0.08938854328498111
0.4450147143373363
0.3881564747170246
0.06301725056513419
0.30248995899325015
0.2596996430010545
-0.5087436050650074
-0.8203499408899477
-0.3285442917418376
0.12757050804621428
0.1033936282765395
-0.09027065323940317
-0.16198146724613632
-0.22164893826419702
-0.07585533693343836
0.3592202294063288
0.25548169950103206
-0.38462881842622687
-0.47085106930991705
-0.016734489633215777
0.12142119166461401
0.0884409713571731
0.2382600416257224
0.020045931178411296
-0.3681144753791393
-0.18754319264163372
0.13879050743544064
-0.07081654201417079
-0.25446129461459194
0.2938019449794263
0.7682990995237207
0.4686753346902538
-0.15785492809438942
-0.711395346663257
-0.6996563533102135
-0.03664383118416181
0.408112005254899
0.2912585548607326
0.02767698801183885
0.01754549400658409
0.044373407181392266
-0.2927862029042407
-0.18132838989619715
0.4901260339707235
0.2847717590919855
-0.4773534434499903
-0.45507034711233246
-0.04316588620203493
-0.023078229388053262
0.04093701721075094
0.3376704387270933
0.04341646878673436
-0.33704812611681334
0.11917086153748323
0.3586684864624005
0.03870047478742941
0.23410711407863735
0.5696323202740221
0.16909473541297237
-0.31490045054192717
-0.25666510411960924
-0.10111662791774143
0.01189375096019804
0.2450137342037617
0.19461859847658816
-0.37951977081565946
-0.547618825439338
0.06495675664778064
0.4510994365812665
0.3362181583371982
-0.02122188182869933
-0.5152247744071092
-0.8096540779324013
-0.43673611479744157
0.4942858392661212
0.8771119457538237
0.4281287662552585
-0.025624209864303416
-0.19606304297854488
-0.1742522972150724
0.013162935846219442
0.2887140616286529
0.32732722492634875
-0.08247771795058295
-0.25011835901546375
-0.004362001784468661
-0.21630737856531643
-0.47084225812403735
0.07914700655604961
0.6233055198708327
0.4234419391367557
-0.037433314543777296
-0.31965498243772605
-0.4342324288621122
-0.34158141686547816
-0.07909957324572436
0.047008320116171745
0.05643574624038294
0.03715206310159873
-0.15314396602888172
-0.16199500429586441
0.11502676031602609
0.1454487122124411
0.02300816081599015
0.1435719596119393
0.21564098695989561
-0.05184594215395802
-0.2608346009577041
-0.09083963211865456
0.11004383114393125
-0.05519812867604379
-0.324985780474936
-0.22912784719336177
0.09059540295897153
0.305401488310322
0.30295946548762165
0.022717052060478943
-0.22202734664211127
0.044960473837128076
0.4550071611683436
0.26195714758756783
-0.24729013698616187
-0.3813948799616148
-0.16239205023687842
-0.027573676777032124
-0.05809786164429119
0.10571978932088297
0.29613752669737614
0.08917986646187827
-0.09351021146739316
0.0928807683652559
0.09955622059424012
-0.08877488909013824
0.10450346089530174
0.26463335781429714
-0.09663538870627797
-0.443798898003092
-0.35942698565433306
-0.06864266033673459
0.17051339194176576
0.23459005234486907
0.006224733657554729
-0.2492312804273935
-0.1505887446108788
0.14165821698936015
0.3208509789061708
0.13799338916149403
-0.22063254280622935
-0.1458270247471028
0.11152530741282174
0.03343534532109559
-0.1392180359293321
-0.14974483759998114
-0.020836085802219295
0.08940636296800425
0.053497409008021427
0.011502893954200871
0.06786654507320664
0.15895860491113056
0.18563789982263995
0.02413090031906283
-0.16500464358860897
-0.15168748389068026
-0.07300832586938533
-0.013035397219684282
-0.0361022223861186
-0.17770247104010486
-0.10169259694739938
0.14446395621031594
0.12943611593229637
-0.005273452498575179
0.08038919769124224
0.14601658700792688
-0.06765370277713798
-0.1420929124030263
0.1057618140306591
0.05331684539745785
-0.30473666643092623
-0.2231330894802726
0.11730730500621789
0.11233956898901937
-0.035845910526671465
-0.005011608463839218
0.10629086331131665
0.15691852098827894
0.1614534850743583
0.06718795666830261
-0.10793276549200642
-0.07942054005203386
0.15581001056986976
0.18679261416174625
-0.08930565766207732
-0.2503573400111685
-0.09115652445163056
0.053951675757889055
0.11409235138828488
0.2663910306860318
0.24349122178929994
0.01804282675701216
-0.1200663006602718
-0.17185232311903342
-0.09347770372618984
0.011705159407053772
-0.0479147487588045
-0.11297503985668561
-0.06800701838034111
0.06577295702114619
0.1572815064509122
0.035971347382856754
-0.04498291624949513
0.06260739433450234
0.06553464316360456
0.028017374960575714
0.13309536967366747
0.13406858244975975
-0.06933163325546421
-0.1757462192750437
-0.04564420632323313
0.04228755794304001
-0.0595974155729318
-0.08211996867332598
0.008725179275526518
-0.06054657879289539
-0.12844238590807208
0.048180057001405305
0.16520263082798767
0.08025243163620681
0.07182198614788465
0.09814626302944826
-0.020126418335661783
-0.14314994434336875
-0.20792365895410692
-0.24013475282125446
-0.11945048647304386
0.08996628799245829
0.14481972839578652
0.05470597233217906
0.050646047995111194
0.08949834279978226
-0.03299426104272279
-0.11436309965885846
0.03830666718272897
0.14224797702714317
0.003397454250629789
-0.17049652062337178
-0.26323120167743963
-0.27376344253613777
-0.10773155253988695
0.11332022543475695
0.23214339059562156
0.24160463476200353
0.11020251587155133
-0.09246392577057258
-0.1618839874659918
-0.003530210457046372
0.2009597944994838
0.17400706479820346
-0.03999093758590194
-0.12204774342329787
-0.06459135797449479
-0.09095587486975279
-0.15120221461009414
-0.09908593756756572
0.019089538038257414
0.08908258732299854
0.04611516322162146
-0.028956412590711314
-0.016527555223430454
0.013473115353649284
0.056294319352880366
0.10374930657529256
0.03350349704687024
-0.045484071679241074
-0.08639288086143157
-0.1559497282123432
-0.08444580112701373
0.08059871701436977
0.053914746922102186
-0.05364644979950259
0.034930804924342126
0.2200585210925891
0.1890455040733372
0.005917408364634016
-0.04458396068195022
-0.05106115976248867
-0.10520890797256793
-0.05128566548437055
0.06294042011957918
0.04076814236083319
-0.08185312406292333
-0.12759928986341743
-0.07064870427872103
0.025606924739029785
0.1210114627999218
0.1796758230461688
0.18176754511974286
0.07840029062833175
-0.09793953306595404
-0.17230076526434668
-0.07664881729888928
0.0729652082307203
0.10681079192489576
-0.02345091921528827
-0.10889441963833531
-0.046753915036820956
-0.018689351377693016
-0.04750523042861489
0.008635562328113251
0.10601838947657044
0.10147488701478344
0.019629903930222112
-0.005125001958692227
0.030395650709417972
0.02261445054506349
-0.027114197917772365
-0.05526326829320678
-0.03337325463781178
0.028960525398389395
0.03184637341565355
-0.0564070705231844
-0.0668275535384883
0.04806047172022388
0.10230110144772087
0.054588047877521674
0.036943407960575506
0.07434867243343363
0.07423067238861301
-0.029416199760586292
-0.14522806564792995
-0.13635237762769634
-0.051093897972433716
0.014946638677636973
0.034725385069605895
-0.004690101855772094
-0.0632931084146903
-0.08528293346959502
-0.02577532403487676
0.08646686050901776
0.12408961809005364
0.05975025619657455
-0.004474211945588696
-0.0168312225140897
-0.0283784044138222
-0.06793546164049696
-0.053584852090614074
0.03635333260787019
0.06670128835644322
-0.01818181460544146
-0.1009575892067831
-0.06291602910334868
0.048606147759906675
0.05961981172334789
-0.02160598591652231
-0.014178122626997455
0.05272426768906574
0.0359478552326284
-0.02675157469128093
-0.0485449522434918
-0.014404657596767487
-0.0027034768846606327
-0.06790563499087383
-0.08371278524677604
0.006227622747066633
0.0889193669283662
0.07596276242177429
-0.014178178678562765
-0.04951451760730169
0.00409168837520852
0.04051384406268145
0.03580315840485286
0.03652244852519336
0.04082341399932973
-0.020995007485486883
-0.10807513983423467
-0.10182952627692432
-0.03297661936718885
0.04668117958308618
0.08624549300143879
0.03852468643001766
-0.025111513822545874
-0.057835300488259134
-0.037927939976836016
0.043260582308243374
0.09302679003272604
0.06138328577784485
0.001321732381214958
-0.03484196103533631
-0.026005396943864653
0.0027324054793571705
0.00670763964108627
-0.0018179339687348136
0.020646717231299475
0.03773110884753103
-0.006778260445062516
-0.039209535038778984
0.005685644126469908
0.04806799042859699
0.02912325565423195
-0.010013142970829385
-0.010185632787354418
0.0241886474208775
0.013376323830539924
-0.032592553643165004
-0.03157164567834748
-0.0056943136685350774
-0.012610113065884
-0.03511814658113819
-0.01929264313543274
0.03744231691445355
0.06861258229207574
0.03108743907273527
-0.020977117617568007
-0.023188711044575927
0.001317399658275438
0.00396285073526121
0.008918808100851695
0.03332838126030067
0.009167734964684003
-0.05996937377492883
-0.07168798031257075
-0.014457567958620878
0.023008021061770568
0.026764562833677907
0.03226818106599548
0.013847835121250672
-0.028804642102333546
-0.05249555235384768
-0.03530872010189064
0.016628495328665678
0.04953750314428795
0.004482954102604242
-0.05490238104337082
-0.02933590623407599
0.017427128932429196
0.013527266999033791
0.0013156434496075856
-0.0021457963629461715
-0.00012491099296874433
0.0038659363329194476
-0.005654906435074227
-0.005863647030529828
0.014913453852495033
0.018472515859903067
-0.01281561783489513
-0.03204311095738588
-0.007057682140459428
0.023629405222572702
0.01846140180415569
-0.0178619130688715
-0.035725041666349676
-0.013934953870944379
0.00032001936547525894
-0.008961893687077276
-0.001763593866551262
0.02760215401334265
0.03834879429341233
0.007308859492282675
-0.03358064078847227
-0.026819966913927774
0.010563163735139228
0.015132502940158752
0.0008705399708879916
0.005905441641693784
0.00535688991645634
-0.024962457635210697
-0.0361296094761678
0.003129216253604822
0.03183214894718339
0.016309786939604564
-0.008028826610666076
-0.015381058612158882
-0.006300201406956255
-0.0036781091441700567
-0.0035472639689318533
0.015023013956891498
0.024596603429027957
0.00674803104575678
-0.013148336222039368
-0.005099679801887129
0.0209745633754633
0.020845959859523113
-0.00014275726462822588
-0.008409205248538512
-0.009555234046401706
-0.007258106043934141
0.0017020138271473164
0.011693630497158932
0.016463416441255596
0.005738685110479955
-0.010428402920635562
-0.01833398857384446
-0.009782857491801113
0.016077386536545085
0.027983156733319046
0.009260348051823273
-0.017731605950798937
-0.022271926976072963
0.003329671884200321
0.0240357137271773
0.018738089607623923
0.010736929448429978
0.012519612454650345
0.005838164360239456
-0.016610187090963964
-0.0184542777544588
0.00997767656532658
0.020287684639812474
0.0024466002164826063
-0.010119306377792684
-0.009831244941806292
-0.008686077464643055
-0.004595885696913349
0.006923022383886989
0.011169248641525081
0.001961065330631777
-0.006938370788225307
-0.009742158941318416
-0.0036602724143984158
0.004522732559913466
0.001410874027651346
9.71819926640239e-05
0.004625099501054228
-0.005920960433241659
-0.019304797205337038
-0.004528545221948456
0.018124869334083273
0.010464118975651904
-0.00906009652023022
-0.01218447461923605
-0.005500276669283018
0.0021249115280640735
0.0071130980493131785
0.008896721208169322
0.0063929015669603705
0.00032734372764584886
-0.0037831941713647003
-0.006985587046660455
-0.007765072254661044
0.0009691222712445036
0.009945163126613126
0.004125268791752847
-0.007948748574290575
-0.011625679278302848
-0.006194635246276328
0.004767830648521965
0.008488571866484253
-0.0007864914899585055
-0.005443555214841302
-0.005032186995110941
-0.014654320709756575
-0.020178686921139617
-0.0058113843679224505
0.008545729995202178
0.007571797056542914
-0.0003564960763816523
-0.006325999313072759
-0.004979710810773209
0.0015225708652662068
0.00695966923361689
0.008542354879617697
0.005725903704823388
-0.0001302044073821021
-0.005146542307179063
-0.002694793751269276
0.0062401887596252705
0.008049441211336912
-0.0010537869164223257
-0.005957730195620015
-0.002404007911770511
-0.0019129475006369155
-0.0013205541772746123
0.006118538779734329
0.007217781872695935
-0.002421009165450041
-0.00603668681591893
-0.0015813525117967762
0.00020184204552181704
0.0024587663929142595
0.005698530967659426
0.001733060800227703
-0.006389116991729387
-0.008057390127782282
-0.002576037861745162
0.0008838438041343915
0.0003675384858520588
0.0013603908643069415
0.0035629458446329795
0.003552807575963513
2.2520031970115623e-05
-0.003980796833803576
-0.0007233217786844258
0.005993825829223938
0.0026412343172731714
-0.005620329438153448
-0.0023699477615312546
0.006015739014089661
0.0025156569390491017
-0.003730237441753442
0.003509731059607371
0.012495225068110261
0.010321413071894048
0.00388103379165555
0.00015935953662046115
0.0006415760032930096
0.002918017132110486
0.0026034855471806385
0.0003281208192386052
-0.0005813306754932236
-0.0020066387564169775
-0.004547702768533578
-0.003768590080043205
-0.0016388770207743895
-0.0002687459528967068
0.0010099316495495152
-0.0017057673112913585
-0.003667799468446159
0.0009567910722806071
0.0035716482540267564
-1.2020794939333716e-05
-0.003060471588943554
-0.0036719006017079843
-0.00407035493221506
-0.0018655152703206293
0.0020303851725052757
0.0018088614303531077
-0.00046622345635214616
-0.0008727701336812641
-0.0021308019856771912
-0.002969019862623983
0.0008090110320467817
0.004786152270822055
0.003691917811720704
0.0011296032455387606
-0.0003384152019773219
-0.00271248806381863
-0.0035635642840096105
-0.0011476339377753913
0.00046528666576601673
-8.785421595318421e-05
-0.000783633484843662
-0.0012838963301923783
-0.0013794492040814016
-0.0006617502913907798
-0.00046911102164514187
-0.0009728378557619184
-0.0005354894830725309
0.0002119704378891116
-5.930213720527948e-05
-0.002349033069954083
-0.005796888877239392
-0.00641882362077429
-0.00497629169843786
-0.004423190969756666
-0.0033588429068878278
-0.0010698630633031482
0.00033101286735112007
0.00022883390039147786
0.001067168260287736
0.0024677964408745395
0.002010685798750609
0.0009914030134003538
0.001476721557976261
0.002603829054880666
0.0019275080070529239
0.0010963716027330393
0.0022556491830681806
0.0015894165341217995
-0.0013307361670773787
-0.0017579327074235453
0.00026582891744639063
0.0016316703714271963
0.0016165975894346426
0.0002665122529852699
-0.001925131726743779
-0.0013078532732684316
0.0032382212730418395
0.005401658147968546
0.0027918868492153915
0.0002893114116065483
-0.00011094349706452112
-0.000538953198337141
-0.001492519011578008
-0.0005249628330702351
0.0013274786386388584
0.0009478007813305228
2.9320865424075932e-05
0.00019840049627734306
0.0011036070705470822
0.0025476607948117617
0.002709461000571025
0.0011365488625534556
0.0002930302877458689
0.001113413377053341
0.001192298804397038
0.00029255520429391415
0.0008140369053967213
0.0018523614584519724
0.002039851364509394
0.0021728869417053237
0.0022400446204011723
0.0019685375241213074
0.0025830915474371685
0.004252322449460473
0.0038614751554206517
0.0008906709329313898
-0.0006861866448964679
0.0004470159942897168
0.0015798096412143452
0.0006841324589082209
-0.0007830182033001318
-0.0010103902369214546
-0.0016563141971978716
-0.003285039351906941
-0.0031684135929698955
-0.0017484203259484684
-0.0022368619724885946
-0.0033164369086464635
-0.0018551255331806429
-0.0001916157981065661
-0.0006069463328007068
-0.0010262574576812523
-0.001033662168057285
-0.0011706347346579203
-0.0003144783703906964
0.00011294221509378739
-0.002352039510720296
-0.004861528015820442
-0.004175620619398386
-0.0021882763753377455
-0.0006960393851967333
0.0001684198326197552
3.039650421225162e-05
-0.00101951562923035
-0.0018275286324205232
-0.0010959468518154224
-0.0005165999322936559
-0.001485724132025636
-0.001650239643985637
-0.0007819486544530822
-0.00021708049930604673
0.0006364991197912806
0.0015273291577605095
0.0014753651757560306
0.0006933269760588433
0.00010160470030443763
-0.00048808247157117006
-0.001422954018345057
-0.001616022605894248
-0.0010868718578869105
-0.0008597825943092094
-0.000755997405186044
-0.0010302569958745029
-0.002029322379668984
-0.0019205718360088553
0.00033256528281345836
0.001995732522487019
0.0010485644921434147
-0.00022415905239158394
0.00013795854402233118
0.0008318591547965895
0.0011210876093157521
0.0025940611739115587
0.004744280864933418
0.003969865867677473
0.0009451880861996473
0.00044187133747437607
0.0021887905381580896
0.0024964591395972855
0.0018386855437863268
0.0020874790917969196
0.002008166142805544
0.0006573401137285159
-0.0009394716117868212
-0.0018069651636007558
-0.0008003923373654195
0.002045906741912326
0.004051883529750376
0.0037436971292904974
0.0025531534341713107
0.00150029616173276
0.0003917465716115863
-0.0005877015668593732
-0.0004680430057053559
0.0004869290527293735
0.000605827940443603
0.00028593182928826275
0.0006862961522703537
0.0006021541828116674
-0.0005304637328885451
-0.0007777240331367247
-0.0001256597146610007
-0.0009416894070141237
-0.002456531953028639
-0.0021991477936860572
-0.0009298984302767424
-0.0003518330108746191
-2.6819402475410613e-05
0.0002870776532954214
-0.00014375599708423264
-0.0007167134069764958
-0.0008719259559945508
-0.0006573700877349504
0.0003876870182318798
0.0011373391494873871
7.12916200472629e-06
-0.001422119827465052
-0.0011005576600358305
-0.0002373173698068734
-0.0005482031212920633
-0.0015743387743189022
-0.0019515229743434555
-0.0016666759240728023
-0.0018562301012791298
-0.002320165444718276
-0.00220211348019881
-0.0014530589634853066
-0.0009683027986054885
-0.00162985016446336
-0.002430231085315925
-0.0025137548821054694
-0.0023833246638092715
-0.0018462599646645013
-0.0006980397148486622
0.00019823911185817833
0.00011771411792082208
-0.0005868094774637549
-0.0012742184557218532
-0.0016078185582560599
-0.001214118434534608
-0.0003867531004068947
-9.90402682731397e-05
-0.00015442494553874302
0.00033713178302767835
0.0010995073371111476
0.0015810775327478772
0.0015753711728886833
0.0010019378531539343
0.0004718343977034266
0.0006639129987622474
0.0013326997606495352
0.0017032814660885472
0.0017230636187953782
0.0017365153747352507
0.001554919229882542
0.001343313747433478
0.0015498332944970882
0.0016052184632716986
0.0009838761054228803
0.0006924278686741623
0.0010092204835083155
0.0009140604195407275
0.0006903505970263859
0.0005538463576762879
0.00020306418759418588
0.0005866526907474506
0.0016324788017884873
0.0017983143648641318
0.0009597024838295738
0.0002775652193227102
0.00031211141053186014
0.0008220058053801755
0.0015969986868320523
0.0023856812124879163
0.0023978599145249397
0.0017868013183696876
0.0014490358393955717
0.0009536636277583232
0.00037641528910360364
0.0007333673469306669
0.001614213079155418
0.0018832199665996929
0.0013420260387010802
0.0005991959391900142
7.749648460866551e-05
-0.00013450818601914126
-0.00016453164424210832
-0.00010374204402958248
0.0002225449511764864
0.0003092195817796413
-0.0006112631880885282
-0.0016607992501222572
-0.001465703884336587
-0.000787518482860957
-0.0008498946813547612
-0.001495050622162009
-0.0021860338486235894
-0.002345487807739015
-0.00206846580205494
-0.001920619139918688
-0.0017100765812573387
-0.001398203539021078
-0.0015206498872010765
-0.0018816344540606607
-0.0017954398440704043
-0.0013902220115644434
-0.0013923806547957776
-0.0015985389351210588
-0.00103127735219178
-0.0003503670535189478
-0.0009384384077040994
-0.0018887629602955046
-0.0018048706364867306
-0.0010491940425945978
-0.00021001594804966484
0.00037494544880304227
0.000413023011116901
0.00027458839596106264
0.00014318049731892359
-0.00028005203904726047
-0.0008731129976859691
-0.0012674085893417458
-0.0014597015491997732
-0.0015839238303047877
-0.0011775010537548973
-0.0003724340325415923
-0.0004764051061933259
-0.0009339586932499404
-0.00038594395852433946
2.6626609083979513e-06
-0.0006881524832329129
-0.0011211779769997928
-0.00041202489486438267
0.0003682623288963141
0.0003202304558386458
0.00024862318211483006
0.0006681375146628636
0.0009911995448856955
0.0008172318217879084
0.00028891190036420614
0.00031080315090371846
0.0011911924200981487
0.0014654795148320958
0.0009519123842625732
0.0010793869489790133
0.001792793751621953
0.002416725625681498
0.002590448050226136
0.00207831221028136
0.001533102547906383
0.0014497124948439778
0.0015122677297874925
0.001778131188760461
0.002288247936194215
0.002330591837915827
0.0017982321208922288
0.0013199985149520933
0.0010441274585278777
0.0009186835582861335
0.0009768583369679775
0.0013039365949460043
0.0018356793210480907
0.0018322596054836798
0.0009349871003412561
-4.364107218111403e-05
-0.0005308420020110043
-0.0006624585406498733
-0.0004795743393852126
-0.00017271499342792242
-0.00010439834140573215
-0.00022736636874586165
-0.00019705327026779858
-1.03027665826292e-05
-1.4956544502554153e-05
-5.3210990600436464e-05
9.781659867489842e-05
0.00016135179590335072
-5.764134310604421e-05
-0.0006008124845579537
-0.0010589641962539063
-0.0009610615600260403
-0.0005997039539064929
-0.0005041318777058226
-0.0007753089792970416
-0.0009803896979980603
-0.0011025985619336912
-0.0015503192643903383
-0.0019566697975376274
-0.0018130204950502072
-0.0011184403988019817
-0.00034179607059071134
-0.0004494138418739697
-0.0013383501401635367
-0.001736781456747559
-0.0014976825467315424
-0.0011868719868758867
-0.0010685797885999226
-0.0014599867000685174
-0.0018736171112483688
-0.0017748861912660042
-0.0015827035861450318
-0.0013087076535416593
-0.0009545515605457085
-0.0010778056162062816
-0.0012776145622408206
-0.0009427024569843801
-0.0006881404422477049
-0.000731592512257042
-0.0005383862654996779
-0.0003477008623810132
-0.00039281481278356095
-0.000430468147540837
-0.00044003376176446514
-0.0001247599787853968
0.000584381060719865
0.0010080602609879759
0.0010518058232817148
0.0011105931328618526
0.0010621833321688354
0.0009610925181050963
0.0011202751977823612
0.0012263579641503134
0.0008980286934112732
0.0004704052315813367
0.00041855947184431686
0.0006992152272726334
0.000963207790785021
0.0010524154573775318
0.001084761502421168
0.0010098761001932242
0.0007265973798590869
0.000615349688651786
0.0008650407975506556
0.001153016123518682
0.0013044267660735926
0.001255050141772004
0.0010102173889593687
0.0007962610447971685
0.0008054007333013911
0.0007620909500154886
0.0003713547655172706
0.00011759239295064177
0.00042536553555171715
0.0007893029576301596
0.0007676333748953042
0.0006882185152621936
0.00070127552255502
0.0007325514306760934
0.0008779353548115654
0.0009123941816736002
0.0008045767320596876
0.0007767166349684955
0.0006914916111134088
0.0005295172180559754
0.0004314524494556226
0.00030195941464599124
0.0003036659237136167
0.0005995876951526737
0.0005590611190164378
0.000126574528675193
5.0880220216917293e-05
5.151134384258349e-05
-0.0003293407454337243
-0.0007478131483360404
-0.001014914817775903
-0.0011184138558304113
-0.0011656300996530783
-0.001395658946898309
-0.0014736907838656457
-0.00108928653469521
-0.0008955062168476626
-0.001284189443533811
-0.0015827583359133042
-0.0014363748469630186
-0.001248629389524802
-0.0011097260387811234
-0.0007907479499223272
-0.0003936361148486029
-0.000260149371499827
-0.000670544414247871
-0.0013482567449902682
-0.0015755038533199677
-0.0012999853561287905
-0.0010030333651273016
-0.0007679985283649601
-0.000504036263873877
-0.0003893957039046254
-0.0005683220811418853
-0.0008100499230873854
-0.0006557915279157382
-4.628017465044872e-05
0.0002670443036079965
-0.000172085147528752
-0.0006045622936318674
-0.0003666837899979746
0.00015365343840727762
0.0004945668544077816
0.0005365790327805271
0.00012753390989517568
-0.00038342602537733226
-0.00034776165758289117
6.110806708093525e-05
0.0002788096232083136
0.00025730666525181165
8.483093811470152e-05
-0.00016594986502572583
-9.930273807453281e-05
0.00027752073519771506
0.0004852542158350079
0.0005076655146791457
0.0004496958205913856
0.00034193809706816163
0.0005094191525518727
0.0010094256896301217
0.0013589016990235223
0.001233672407393902
0.0009692499077180951
0.0010038888623726317
0.0012281653167734942
0.0013320197778914232
0.0013240490484439235
0.0013977408408308621
0.0013812641297727577
0.000945500942422698
0.00045903127401815185
0.0005889354409689069
0.001113189410459542
0.0012210958397666609
0.0008406927147912389
0.0006063067114791178
0.0006873464214028346
0.000660288205163213
0.00042892510971954956
0.00035608854159776843
0.00037136343889974596
3.098837386491301e-05
-0.0004313652687737276
-0.0004123772330622182
2.0197309539136087e-05
0.00035625494625123825
0.00022410212431557726
-0.0003509198778740919
-0.0008548190794185643
-0.0008907291280282476
-0.0005764568642261936
-0.0002710510709510528
-0.0003818663142935901
-0.0009489903798092251
-0.0013904430000521851
-0.001264351172665712
-0.0007508694641532262
-0.00019374360403931565
2.4398714616371414e-05
-0.0002691222002446617
-0.0006238276628377929
-0.0005647543031399832
-0.00019586649220835247
-3.181832478166844e-05
-0.000352830377952351
-0.0007343530039059214
-0.0006945039815750534
-0.0003740471421218804
-0.00017656799990236385
-0.0002783402410326445
-0.0006272022110036357
-0.0009600060168181532
-0.0010429266366971542
-0.001070280704604922
-0.001192687503458187
-0.0011551025780755062
-0.0008299992723816681
-0.0004528854179841877
-0.0002931483045679737
-0.0003658211204270816
-0.0004839314722403314
-0.0005867410522491373
-0.0006841063151993617
-0.000569875157002634
-0.0003102238568183889
-0.0002818008203393299
-0.0003773179739286264
-0.0002603161903565517
-3.2482352831663536e-05
3.0517080926856233e-05
-8.303206696872595e-06
6.166116543004658e-05
0.00022367923717886255
0.00042471681553457943
0.0006352598666043291
0.0006287224826100335
0.0003429358373707534
0.0001707199301801592
0.00037316235593093123
0.0008153700265005896
0.0013448917797265697
0.0017829483788382994
0.0017925452344217856
0.0014302087730562983
0.0012516916474456762
0.001334987011613983
0.0012893421437071358
0.0009521554971424485
0.000413199114317749
0.00019824596143988267
0.0006998744500803398
0.0012811013698449036
0.001121873039735534
0.00018511728359080605
-0.0008694638400374125
-0.00119785248293611
-0.000744409079761582
-0.00033419651549270813
-0.0003927707187180219
-0.0005708175009541976
-0.0005013601181428863
-0.00011264661548739639
0.00026811360038497194
0.00022672826389794
-0.0001811330454620033
-0.000725089649208748
-0.0010417322199838296
-0.0005158358032589678
0.0006665065830743935
0.001502588058592636
0.001840689922088108
0.002185013244386809
0.002265412234264958
0.001697332061717442
0.00092176318534316
0.0004621521269536459
0.0003524680058484284
0.00035268794495155187
0.00023188602506863006
-9.59736224884827e-05
-0.0005192369388779721
-0.0006722167276071427
-0.0005621614747513938
-0.0006422126568459158
-0.0007359159100602947
-0.0006819888691252593
-0.0011550031371117542
-0.0020295117571598074
-0.0021978719070866724
-0.0016361680648982835
-0.0013456153343334033
-0.0017150142340898933
-0.0021729563991970354
-0.002181855223178721
-0.0021275843055449228
-0.0026773766353338515
-0.0036122367182365653
-0.0039629564472544836
-0.0031500667644063854
-0.0015610043220039057
0.00010043897869359102
0.0016764514036992795
0.0032548757358358653
0.004307438029004711
0.004200908410465206
0.0035542885659227913
0.003443061881588974
0.0032692167614596047
0.0018588449454349963
-0.0001959661521447201
-0.0013118707624328349
-0.0009500382816208553
-0.0002951885673576576
-0.0004052683874833577
-0.00013557001856680888
0.00187919236957542
0.004326488344065487
0.005215166620133112
0.004902370661859095
0.004224483106159279
0.0027008450194509117
0.00033345720385090545
-0.0014534866948825841
-0.0012065321716654524
-8.927794004530247e-05
-0.0011756299376398244
-0.005370236748602382
-0.010332845424974655
-0.011371350003889799
-0.006772631676264376
-0.0026828754496802266
-0.004569194700465398
-0.009646601460116212
-0.013074559896155902
-0.012441356168060868
-0.007062808660330485
1.1023591253368076e-05
0.005133445416082363
0.007697812843704851
0.005905112407768483
0.0004774186667685053
-0.0007886346876387722
0.0048530401233679125
0.008591039072291676
0.005129385649410286
0.003179494060310588
0.011907437095693831
0.028847696091855245
0.044102553377296384
0.046743187776288414
0.03532284706537102
0.0166732751071155
-0.005143865593245145
-0.02143919268317499
-0.02339793521339288
-0.018893648196784768
-0.019665966314744286
-0.02194105237987865
-0.013796518915900183
0.0006006123353018145
0.00015878506196321043
-0.015048930044817383
-0.021585331760043118
-0.020514789378803463
-0.02817664830511893
-0.03287252000146448
-0.019441836334840888
-0.0023810835783315623
-0.00030185798135847625
-0.011564045079612582
-0.021295789601919725
-0.015125467234838104
0.0039170040549435375
0.016779391739548004
0.016785398038255996
0.012418115389918646
0.006313164682478362
0.004655087089409378
0.018049458655694232
0.03287627348292459
0.03659857096667844
