0.0
0.0
0.0
0.0
0.0
0.0
0.0
0.0
0.0
0.0
0.0
0.0
0.0
0.0
0.0
0.0
0.0
0.0
0.0
0.0
0.0
0.0
0.0
0.0
0.0
0.0
0.0
0.0
0.0
0.0
0.0
0.0
0.0
0.0
0.0
0.0
0.0
0.0
0.0
0.0
0.0
0.0
0.0
0.0
0.0
0.0
0.0
0.0
0.0
0.0
0.0
0.0
0.0
0.0
0.0
0.0
0.0
0.0
0.0
0.0
0.0
0.0
0.0
0.0
0.0
0.0
0.0
0.0
0.0
0.0
0.0
0.0
0.0
0.0
0.0
0.0
0.0
0.0
0.0
0.0
0.0
0.0
0.0
0.0
0.0
0.0
0.0
0.0
0.0
0.0
0.0
0.0
0.0
0.0
0.0
0.0
0.0
0.0
0.0
0.0
0.0
0.0
0.0
0.0
0.0
0.0
0.0
0.0
0.0
0.0
0.0
0.0
0.0
0.0
0.0
0.0
0.0
0.0
0.0
0.0
0.0
0.0
0.0
0.0
0.0
0.0
0.0
0.0
0.0
0.0
0.0
0.0
0.0
0.0
0.0
0.0
0.0
0.0
0.0
0.0
0.0
0.0
0.0
0.0
0.0
0.0
0.0
0.0
0.0
0.0
0.0
0.0
0.0
0.0
0.0
0.0
0.0
0.0
0.0
0.0
0.0
0.0
0.0
0.0
0.0
0.0
0.0
0.0
0.0
0.0
0.0
0.0
0.0
0.0
0.0
0.0
0.0
0.0
0.0
0.0
0.0
0.0
0.0
0.0
0.0
0.0
0.0
0.0
0.0
0.0
0.0
0.0
0.0
0.0
0.0
0.0
0.0
0.0
0.0
0.0
0.0
0.0
0.0
0.0
0.0
0.0
0.0
0.0
0.0
0.0
0.0
0.0
0.0
0.0
0.0
0.0
0.0
0.0
0.0
0.0
0.0
0.0
0.0
0.0
0.0
0.0
0.0
0.0
0.0
0.0
0.0
0.0
0.0
0.0
0.0
0.0
0.0
0.0
0.0
0.0
0.0
0.0
0.0
0.0
0.0
0.0
0.0
0.0
0.0
0.0
0.0
0.0
0.0
0.0
0.0
0.0
0.0
0.0
0.0
0.0
0.0
0.0
0.0
0.0
0.0
0.0
0.0
0.0
0.0
0.0
0.0
0.0
0.0
0.0
0.0
0.0
0.0
0.0
0.0
0.0
0.0
0.0
0.0
0.0
0.0
0.0
0.0
0.0
-3.4214235482172295e-07
-7.520702655807124e-07
-8.502505780243855e-09
-6.377722767424921e-09
1.884975326387621e-07
3.209980765705419e-07
9.346605908089458e-07
-5.053210575054759e-07
-2.32835216351149e-05
-5.001513778804093e-05
-2.4583539188863762e-05
1.2165120732467927e-05
1.4009296858386171e-05
6.117180654115362e-06
4.234953490909505e-06
-1.6693755371471158e-07
-2.1537308478310225e-05
-5.449007921089118e-05
-8.861133134592097e-05
-0.000149081374805567
-0.0002147936365210229
-0.00030596701512768565
-0.0004086109685729506
-0.000409017697701918
-0.00028620685056122367
-0.00022616083422965103
-0.00031583495491864776
-0.00033506348619057275
-0.0001668530441412777
-0.0002110981073495412
-0.0006600646394237957
-0.0009286915360002452
-0.000843528471325566
-0.0006507363170247518
-0.0004053770106369606
-0.00016246199781730486
1.75970757308123e-05
4.478373878554047e-05
-5.381419224642013e-05
-4.0863000006878245e-05
2.7129737354134416e-05
-9.253428319897145e-05
-0.00014806696039957836
0.00012217039982138564
9.69430938469816e-05
-0.0004903975099623407
-0.0005073103261887718
0.00017081590251988367
0.0004297796636253077
0.0003617607856736478
0.0005412558565066045
0.0005036903843137218
0.00021324551106379053
0.0002909505502774662
0.0005784281127513632
0.0005686032923810195
0.00012881989519139824
7.226123943135284e-05
0.0010364116419977485
0.0017790921132341008
0.001412078006412548
0.0009214279953135015
0.0007754978409859872
0.0003546205831678926
3.429923697974658e-06
0.0004899040966271967
0.0010895149135847547
0.0009863764401608702
0.00011778525896821788
-0.00012518458984647329
0.0012348596006636191
0.002263058007299733
0.0016604827390105513
0.0005593138291585283
0.00018154954667769634
0.0006932667882900235
0.0015883550756600321
0.0016943674402241735
0.0008638253734884466
0.0001298210828958125
5.47464091746139e-05
0.001354329777825409
0.002914253354832974
0.002780020717365046
0.0015091693855602579
-2.9332426116599437e-05
-0.000720882330453305
0.0005967151284924667
0.002115184896297982
0.0018512384110861472
0.0008385523116748482
0.0004224478446252284
0.0010443360121268014
0.002409141086571208
0.0032435857917654273
0.002841571018442016
0.0010923480855433666
-0.0008196130053338843
-0.001842838148834098
-0.0015674666052487092
0.0006517482312683244
0.0022042930014599593
0.0013131436495087993
-2.789660500891023e-05
-0.0005009745766985233
-0.0003124935691654301
-0.00046095076805612717
-0.0019082263438582436
-0.0029960429010454158
-0.002959361320601604
-0.0035909597317414278
-0.003043445824404595
-0.0007528212526600184
0.00014909803056744887
0.00027365803631348133
0.0010464565616282058
0.0004381719159693241
-0.0016832600468968482
-0.001982796462339296
-0.000398651411064553
0.0006800262795590716
0.0004676614221758609
-0.0007281550196205552
-0.001995199426777769
-0.002758829831256526
-0.0024708825782412654
-0.0009186246562568057
0.0008204803162734047
0.0008284009406344658
-0.00016305452109923772
-0.00029627246405585395
-0.00027291978675608416
-0.00013733395499857318
-0.00021248069046696398
-0.0013709025650666346
-0.0014940549285855443
-0.0005794278253682113
-0.0011465206321941126
-0.002153319516126747
-0.0018989823574564984
-0.0013678726239793328
-0.0014596121130817272
-0.001922055693160236
-0.001969879032882203
-0.00189157224167468
-0.0021359447409730606
-0.0014551383176339976
0.0006095799679649413
0.0016921085306326987
-0.00036860716712527327
-0.0026215489845218517
-0.0027110530302495283
-0.002868708279459363
-0.0032864909520226664
-0.0030586679069790124
-0.0029738089919194017
-0.002506678943292431
-0.0010101730771810062
-4.4687692886038144e-05
-5.740457749779898e-05
-8.173843383206582e-05
-0.00014349041998660918
-0.00039640324142704164
0.0001334595184696852
0.001737970419026437
0.001678566430249768
-0.0008485984364128007
-0.0016933600503548215
0.0009865235789434813
0.003359734085657963
0.003073940764846351
0.0014959596568261313
0.00023679045165991025
0.0009507182386667531
0.0029840705947533856
0.003432869543810525
0.003076289738034122
0.0032051877378688636
0.0014588902776987423
9.160161326367387e-06
0.0020066541811947784
0.004109940078429702
0.00545582138228717
0.0064190488220292165
0.004582337038890266
0.0024049075133303183
0.0019523116023734256
0.002515853461257786
0.00447706978524369
0.006413108447438123
0.006409222938089195
0.006642657003943798
0.008263657138679612
0.009356667762009677
0.009771583014112633
0.009349123562317664
0.008686014620205216
0.009954216816534476
0.009306088900781962
0.005534203630775094
0.005009871610318429
0.007813649660533875
0.009793377433809631
0.009404170341149518
0.006900269529310309
0.0056064677443160025
0.006321264900339947
0.005516379536335978
0.004470900653285468
0.0062133586997738886
0.00700207820186182
0.004107888672442367
0.002787903854696637
0.006647697269388331
0.010233269727109891
0.009308674866605044
0.007879651081238679
0.008210688195192403
0.00852746415467884
0.00891690168701351
0.009201831575768654
0.008986786614701554
0.00628816377349868
0.0013208653136201902
0.0006945790267388108
0.002308784417666395
0.0002099010904767682
-0.00015185928936681118
0.00122879135374056
-0.0035772870203459256
-0.011065117812352232
-0.011022309199545959
-0.009696923801481926
-0.011998150763676607
-0.012090272237587662
-0.014172443516277014
-0.01628237254088172
-0.017480764393424275
-0.02202076140998808
-0.019805467949005368
-0.011025130173290846
-0.011001244749670982
-0.02101067666209888
-0.03025977850276415
-0.03519617246959659
-0.03439697219078643
-0.024404740540176342
-0.015786738856846408
-0.015367160111725767
-0.00999098024260373
0.0038508936788431954
0.011751755423808696
0.009168625703023878
0.0021106266207527764
0.0007607890834744322
0.00884307285247013
0.014293330269462716
0.013939612224034247
0.009082178422047008
0.0035679498297707946
0.005517984382430102
0.008726093508302184
0.011400828609798946
0.0167443084925258
0.015786903109386314
0.005975748184370495
-0.0035658216750346443
-0.006474628985746648
-0.005700514074270323
-0.004642882246606721
-0.002952224227528506
-0.0049062942689985945
-0.009846586484783733
-0.010412230612276785
-0.009354987658601249
-0.008589577776178465
-0.005938309314202139
-0.005521826483386798
-0.006467630387172462
-0.008819867219834293
-0.009206882920320437
-0.0017815204144592156
2.2680961066451366e-05
-0.010362117980906896
-0.016306453731996788
-0.007632032721659585
0.0004862816546430007
-0.007025992623429592
-0.02458991810238802
-0.04276795252656629
-0.04602738401180173
-0.02816093820508409
-0.009253096409845892
-0.0023947737835311946
-0.0022781866470029523
-0.005246384993262861
-0.011096416605276502
-0.018191636970626927
-0.020323657962778408
-0.01979909957553297
-0.03299308314485841
-0.04946162103696344
-0.0533352346177155
-0.046967101755253156
-0.02733565168464927
-0.008612220162792917
-0.005940816522332674
-0.015134431374300357
-0.03050357989340022
-0.048685864237034145
-0.06577377687801139
-0.07182168669935655
-0.06973260192007465
-0.06879489627461267
-0.05483499902543309
-0.032978093285419494
-0.03313908476369508
-0.03340585536463687
-0.014264364806639163
-0.012870488967355143
-0.023966081871695556
-0.014407764072159466
-0.00046785632474162134
0.002402998250949105
0.0048214782700081145
0.010524830523232399
0.020655752616609548
0.03730284233824499
0.04450236061795684
0.031074458506680065
0.016572095422381413
0.012203467312859217
0.015602300906998028
0.02330998380568308
0.020853468571244836
0.016400161428936303
0.02426478008795156
0.03319565394725564
0.03947722162268681
0.045486538311850164
0.040060153480708856
0.02439360752188995
0.014967734390323978
0.016423188663099754
0.02393896104203089
0.026325345785214407
0.021624993905597672
0.025222302106492414
0.03438585288480364
0.0274406604371807
0.01219454818830336
0.008598720686923536
-0.0011234191143452968
-0.014184103600757095
-0.012862231815169173
-0.02182219047592118
-0.037313734542147245
-0.03166042195354238
-0.010669512530686326
0.005479471703232034
0.004374337262836794
0.006696989952581717
0.022149349869922532
0.025918867815525243
0.020134028149462923
0.009861508722391556
-0.009760997623869208
-0.01777228875119909
-0.003899111631923814
0.018948974362761266
0.041975686873972726
0.05144731956091479
0.04314721226916874
0.03208372549636429
0.022471294614828934
0.0251737670153398
0.06011218216169607
0.09643677006977182
0.10299956208042842
0.09876342409846486
0.06762843379457001
0.007074373420217478
-0.024813558726423466
-0.02189524435608168
-0.012476752298911922
-0.003650519561563887
7.711385764648126e-05
0.0021709975837485955
0.0013384298170337676
-0.0018064925451047533
0.001834933510917403
0.008918433918977378
0.014044610620050716
0.010576759384969318
-0.0002230727352093136
0.004928912926800561
0.01813084798681458
0.008348075054900025
0.002268921685481619
0.031439098646606406
0.06688069494045401
0.0747135028291849
0.06605718600071876
0.05916649474912942
0.05038862932157002
0.05699541578085513
0.07381726091001965
0.07350817541972708
0.07836516566367158
0.0916194504575195
0.0910269903235794
0.07592738870190503
0.045981577489688286
0.011145132044844479
0.004903744853943955
0.03087671107576784
0.04325821661207097
0.03946643289564393
0.03692975014268267
0.031180002163688384
0.025050639436966914
0.026647405446039937
0.038670916259458336
0.025324582406737534
-0.017547992907357042
-0.04321902318374382
-0.027738765704936063
0.01112941397695097
0.034912484801526006
0.03283558296790176
0.014846267542292792
-0.0009870050476864479
0.007580708065750244
0.020443644953057605
0.004666992166492282
-0.023619131220104332
-0.03645211413717551
-0.04085670354173082
-0.04192108428722163
-0.03743975160290473
-0.044436761792154944
-0.05050199546361058
-0.04945683254490448
-0.051317534590928734
-0.02680897497086892
0.002827342309544123
-0.00812051250173687
-0.021260330206276025
-0.01192637217196839
-0.012342693573542195
-0.02382257022678825
-0.015192013163576445
0.01795992337187306
0.033170097214924796
0.03270148016581375
0.052585747964247115
0.052656143497649306
0.024759252527494297
0.03049677963626217
0.04145120115249905
0.02603974143883615
0.05093877209819262
0.0895459262929323
0.05852308675091192
-0.011654702422583403
-0.05745794023414521
-0.06339834841683725
-0.05858810709695554
-0.05256686204613665
-0.03926933579490122
-0.03668571283969349
-0.030435933717641743
-0.00579883299212664
0.002913299199975707
-0.023966266900746224
-0.05093899059068264
-0.05238617995506688
-0.043952571379738695
-0.03569162355422908
-0.027601629791333102
-0.025391408076438107
-0.0299290454159636
-0.03764946588434662
-0.043810762598452645
-0.04597798123318215
-0.054340750495009915
-0.05371297257254838
-0.025470333925881158
-0.009854968406174598
-0.009060260124439258
0.009460775042854206
0.028993292478364106
0.030969377234064156
0.019825967354760672
0.015328532075742049
0.01771303435731026
0.009265839851672168
-0.001485105463095256
-0.01665750832274013
-0.04391968777895246
-0.036472815076050435
0.0032989274046573403
0.0007725307361699648
-0.040734042110958664
-0.05501272667222641
-0.04255662633356602
-0.05963133641740875
-0.09053428836839483
-0.06650055691036873
-0.03505794749395839
-0.06866404451752917
-0.08197285172312226
-0.027167454584258753
0.004656354536447594
-0.010438209156014509
-0.023702428205230837
-0.026574414539401084
-0.015506622895997198
0.0035138066503062836
0.003270331416591601
-0.014552897894716463
-0.0401691328004458
-0.04989278005335731
-0.025773636585235234
-0.0015279872533671796
-0.006187097791118818
-0.01871809624516664
-0.020442003081022876
-0.025417467986908155
-0.026535050006892325
-0.019645529132083638
-0.021181442029566473
-0.028168333061021015
-0.02067805712137536
0.0008861589654998633
0.009241686891460441
0.00544515392579172
0.014058167579567047
0.03758024750514622
0.025370950503979483
-0.014490646337000231
0.019610410306124145
0.08259987503763214
0.08296777664878745
0.054863298292336146
0.017679008838404623
-0.029932682608008493
-0.0583342899580862
-0.035522152703171765
-0.02177676771520156
-0.052041625558423656
-0.04529815584823256
-0.0007201168238544067
0.011023803949077178
-0.021819591472387618
-0.051337598652665836
-0.030874418362374926
0.014817038140935594
0.01962869018787101
0.01945961979096757
0.032358253050825625
0.0027985091372489533
-0.029037179460650132
-0.025060757592931963
0.0026948656442259333
0.022829354819395093
0.002621345878194992
-0.018742494241853307
-0.012668816804856618
-0.004041881024739309
-0.002546913017611717
0.011149329272199953
0.0253904044560209
0.010398236948737115
-0.006675774318865714
0.015705766195140546
0.05294770355529567
0.0523223846414889
0.02170702228618344
0.021067074641522028
0.05332417513656428
0.052281247061025576
0.036382384308611154
0.04630093817779539
0.05577653125746098
0.04727912517010867
0.032436845015371765
0.04581210544279044
0.048286455963593274
0.00296729440257111
-0.01626040757229877
-0.004903122358199861
-0.018682321820445692
-0.03462540805168319
-0.038847389011092935
-0.044415569091988974
-0.03235146418707751
-0.010074258846302633
-0.011736516952933157
-0.035387044774797635
-0.040289713221835964
-0.02669924395147234
-0.020184987541583287
-0.00807574961761917
-0.0025307055317844145
-0.015764032644529927
-0.020628866281730766
-0.0030521501022607493
0.015553143765826774
-0.005731772187301301
-0.04535908811875207
-0.03808418728675769
-0.005497588498991626
-0.00028383111711250965
-0.010379226994643602
-0.013672136503324028
-0.01689935107401484
-0.020450749832101045
-0.020001855925568822
-0.021218461026090887
-0.017805246938030258
-0.01098132595496474
-0.020799520588435066
-0.040251925028318716
-0.03856716962394193
-0.018780061022824857
-0.01148107608675992
-0.01702191448976797
-0.015001395241658068
-0.016661363861541365
-0.034540418895707255
-0.05211001443663219
-0.0593595323211868
-0.060432778989297886
-0.06257562828850911
-0.060337981538305566
-0.05897192939619036
-0.07549040914493498
-0.08603969234874201
-0.06838456399917027
-0.04261179289736882
-0.01984277285578247
-0.009341387936457864
-0.028227414179324666
-0.045710697377978705
-0.044254291321930296
-0.052822240832733014
-0.049705940242330875
-0.019398256159346924
-0.01029822217109244
-0.03374959978223178
-0.04638821150433963
-0.031615868429019554
-0.021183954639699715
-0.02619010930277105
-0.030602145911231112
-0.02788273654367335
-0.02175509802749836
-0.02958751449981794
-0.05838269629558219
-0.08175968684591514
-0.06778384391846712
-0.03573871276748065
-0.022510486691850535
-0.02482923115203443
-0.029379937707040858
-0.03389207526976803
-0.037324565239927894
-0.03364323638086525
-0.023403877364162377
-0.01694496404441879
-0.018456966839089
-0.02158746893790573
-0.015360863842038549
-0.001951689811474753
0.0021948611492512643
-0.009589344270237835
-0.02047678057475118
-0.015739657225733193
-0.006257153570492863
0.00434366105170239
0.00857008131594506
-0.00634598910164426
-0.008221218635842084
0.02310571178887458
0.04623710867072025
0.034113445889989415
0.008975873114673192
0.0034489463005159837
0.030618038658776745
0.05585138536661742
0.054535746271140065
0.0545361345619246
0.055902695330222546
0.041996775989489414
0.026613499840512245
0.022652318986250374
0.03072008797235715
0.04093817680857955
0.04372546845595534
0.042033212767624256
0.041946227571764576
0.04310577343881808
0.04307217190842499
0.04223236814509384
0.047615500174807826
0.06223840310221579
0.0669051474057475
0.05551957592009044
0.04220453372302603
0.033573812474191604
0.03969993215787161
0.05699077191529493
0.06411043654820954
0.054491795777442065
0.04027944862971008
0.03521934314303272
0.04123883549842024
0.05310904304282145
0.06634950289943278
0.07508688697640122
0.07853786913657103
0.08232259824250233
0.0737405074192516
0.04811963285976443
0.03990754262813958
0.05707298295357915
0.06662627330745256
0.06900584079326422
0.0806178393681845
0.07801680296223636
0.06179740753394349
0.06382116412999563
0.07394403908213693
0.07474904201153319
0.06977946458658947
0.062332335187785345
0.057243121713096964
0.05235021989551248
0.044334709124388375
0.04001940354546982
0.03695282205374374
0.035731431421309745
0.04284305233305866
0.04849044510015951
0.04887328360968296
0.05124202847197
0.052612326839893524
0.05141613918431032
0.05695728617381698
0.061912215242375494
0.05070790731896646
0.03435784744852305
0.024659672573003756
0.016965569807024752
0.015486662952675525
0.022669113254477614
0.026480626165327176
0.022693901043592087
0.021150928136685
0.02122262243513552
0.012669707292752302
0.008141201640422643
0.01802737995627179
0.02278734769770199
0.01344323853962135
0.003229201861061249
-0.003434195882207391
-0.01121754533386512
-0.014934280989323388
-0.007339487504922955
0.005279275350097327
0.010803290103298105
0.011743789518226723
0.009560597933020762
0.0004751781574044322
-0.004826530964184323
-0.0030815546811078353
-0.0033090957664986867
-0.01115321110395605
-0.02012360872628179
-0.02412441766463472
-0.0259120877870174
-0.021737107643454608
-0.01309321564356301
-0.004829861682748628
0.0004621198822748031
-0.0014874427390449887
-0.008343236868884532
-0.013216869788917913
-0.014577963700068577
-0.015448066176850092
-0.015094457673550353
-0.015116603765771959
-0.01519982308644314
-0.015742558094271306
-0.02559614052382523
-0.03708505048672269
-0.03439241001229198
-0.024646535999983735
-0.019139556553076895
-0.018071359985738895
-0.02090577817587234
-0.026682311327679453
-0.03269860101282336
-0.035836403807433435
-0.038914698443288764
-0.038983408089942787
-0.03143978629137289
-0.02814719005307438
-0.03024389443477712
-0.030853835922419373
-0.03182383261713858
-0.03082516010264295
-0.0254415473145275
-0.02053234820559582
-0.02149453538960714
-0.027971947955340446
-0.03627596067161374
-0.04006714552582437
-0.037143664477243606
-0.03463427367908225
-0.03582583071844433
-0.03574183060713909
-0.03303095777283493
-0.029241432525793698
-0.02701335756307567
-0.030024979664140937
-0.032287314447022555
-0.02462502733730267
-0.009885620830845796
-0.004165067486195264
-0.018402650521066922
-0.03457025338702779
-0.03637511301270932
-0.03533072459990098
-0.032058298403491205
-0.023270786561851893
-0.018100359299703325
-0.012885858558782663
-0.008156966008047634
-0.014807717742543759
-0.02586867357786293
-0.026993077676651756
-0.019363209156581098
-0.013199896427182969
-0.013017488768790875
-0.013460765713360133
-0.013292265826224406
-0.020971125659220057
-0.025576835573736356
-0.014500583858796339
-0.0024018766145246415
0.0025894991637107193
0.002193328055283499
-0.0023296766976494154
-0.006503281606214745
-0.00872143120698523
-0.009043887585911691
-0.00965963039567203
-0.009269581176425156
-0.006083858457220204
-0.007081081376440203
-0.01457288725416765
-0.020125479353378876
-0.017738773617495613
-0.009615703563788849
-0.0036243923215967177
-0.00026638857196242745
0.00735564403714627
0.01045380787221364
0.0067189678480054265
0.008301896873579096
0.0067851356328978525
0.0006127062164982461
0.0014376087751897047
0.0011356794162256162
-0.004553861167462988
-0.006359756691889096
-0.0037904710340792604
-0.0013448401908484726
0.0032697535262957776
0.009297711750098485
0.008108487294198196
0.0017612004349123493
-0.0016240105423158885
-0.0016719227617355917
-0.0021625159713006695
-0.002636687684890446
-0.0001388624711747093
-0.0005519403888733819
-0.0012653282419951635
0.005004996180549323
0.011340308718630236
0.01502941643990839
0.019387141498406302
0.02271956163565821
0.022118368678155885
0.022168846549962002
0.02556619353112886
0.024341122163102767
0.016658987307418247
0.012733486481383784
0.01425191755931449
0.01367961176139266
0.014377458484517833
0.014842056784152345
0.009412353085842502
0.004709877933425971
0.005773573719444203
0.012452884978049403
0.019972858756451342
0.023545124920141797
0.02574663008221947
0.02760813980313404
0.025920421170232185
0.02114064281342488
0.017254871486495415
0.016396572513147956
0.019710025626315845
0.024433195754554778
0.02432627099526513
0.017416994443956592
0.010362819497391526
0.01236761242773531
0.01991267534472149
0.0214673949383284
0.015373696329673742
0.007445349064659866
0.0005222892776628612
-0.0018168213564905614
-0.0006556821784094775
-0.0011193252761999436
-0.0029353321065368186
-0.003300470331906947
-0.00029641795990143394
0.004576918342494721
0.010640433386902027
0.01371619773756572
0.012479842414165778
0.011356409925512085
0.009407102648876621
0.00843202711710367
0.009267090172961503
0.006973375703549847
0.00031565434310625034
-0.005328472239758234
-0.008011413503716721
-0.011856473791165178
-0.015101639876588562
-0.013688732719824745
-0.013808104595150259
-0.019534398353693763
-0.022021581497745944
-0.018655390676109992
-0.011725809357005262
-0.0021123219016124747
0.0016078589070159647
-0.005688985571838029
-0.01314130700889241
-0.007561184972467233
0.002453185248228781
0.0010257829701094533
-0.005684760967033362
-0.00443443425800143
0.00106234046247256
0.0018211326684382943
-0.0025591869034414143
-0.008179584348406975
-0.008163275833841679
-0.002917759434602173
-0.003483600010417418
-0.012196814385543726
-0.02019821729193941
-0.019563842209240404
-0.012036519905012323
-0.007778118601111124
-0.00876339663888126
-0.008316806291144587
-0.004661551985171264
0.0006235725201837832
0.0034569414139030905
0.0020770164618759647
0.0010954865811998267
0.0020584706594410393
0.004552285549055574
0.006048637334062592
0.0047305170686953784
0.005448977683294263
0.005778289469850816
-0.00026508101753937866
-0.005274913126589876
-0.004109127173643321
-0.0004161180142751717
0.0017576001233329753
-0.0006998856601764419
-0.005024456771943509
-0.008839356294748654
-0.009837810323553908
-0.005964905838868581
-0.0013549615417979305
0.0023405506244442123
0.0051749237678329835
0.003947141619637948
-0.0006997170912571239
-0.0019400928370406198
0.003934921656816192
0.008619171947577386
0.005499832986414008
0.001059599280028271
-0.0003113851274310231
-0.0004624383089288321
-0.0003942229334743917
-0.001553226669057418
-0.004301229293268956
-0.006182099708138175
-0.006322058539270997
-0.005811796745428945
-0.004163732380004822
-0.0007994223672629757
0.0016523753024641394
0.00027608417433808407
-0.0019314760506584886
-0.0011197009480086117
-0.0007764198632890994
-0.001296181681603374
0.0006913988264382812
0.0012699664576024427
-0.0003337686160967262
0.0006419184574275768
0.0039520713008801
0.004696613419902371
0.0031724243434114777
0.004440716376344475
0.004383257807804782
-0.0010419976239309273
-0.004199911011509678
-0.001820435242040268
0.001387504321523547
0.0033806460988423325
0.0024747754925328797
0.00026194585618194264
0.0019327653247007295
0.00569671798729375
0.007507125029861489
0.008015894288975298
0.009744951000072936
0.011832558764795243
0.008763649026253744
0.000600281658527038
-0.004941512096008166
-0.001383980495191148
0.007988339609247202
0.011177451724481874
0.006520006968510227
0.0022645674716404852
0.0016692271726182497
0.0033983026689117846
0.002794741173287979
0.0002757017785660687
0.0010706442711740252
0.004400051692223197
0.004986265178078222
0.002049890896390116
0.001730770837284971
0.004420547157980105
0.006113192867904846
0.007766518412322483
0.009509943407183422
0.008752648777745495
0.005501919901549059
0.0031819908995572247
0.00309158577556736
0.0028711045035146065
0.0030280311527595546
0.004050588131465588
0.002101481288354084
-0.0014885632301799058
-0.003595193517214051
-0.005326781712022215
-0.006347736771867071
-0.0034893983333392723
0.0024757675346239265
0.004649246081625817
0.003237903878109701
0.0032694933837369797
0.0040549400487903285
0.004982123612731566
0.005421153018464645
0.0019410455273985033
-0.002000342344352769
-0.0011954532537372918
0.0007349873359594255
-2.2481583617803482e-05
-0.0024355196846901146
-0.0028588660208977755
0.0003783267732201306
0.0037770159629953687
0.0025480971876990746
-0.0020332991311314687
-0.004522370556583564
-0.00432069431711233
-0.0052652054581346225
-0.009653376687356111
-0.01182643700822728
-0.008107795121561262
-0.0034348805731455115
0.0004307133095397085
0.0019667881196395783
4.5654056137630386e-05
-0.000683744045860248
0.0007457166215991237
0.0017442094333395305
0.0025817186901485895
0.0024545850839526
-0.0007777664511331673
-0.006238834039487689
-0.010460110999622288
-0.010701050473267752
-0.00715816260989897
-0.003013852615904608
-0.002658143239086631
-0.00700534345732613
-0.010545496006146288
-0.01037357658834798
-0.009105333056694954
-0.005754425035681379
-0.0012072677688278312
-0.0004180846138397835
-0.0026992653166589458
-0.0044451291516528
-0.004799513565883804
-0.004349187359837687
-0.0029720008608993295
-0.0010390387460027335
-0.00037131065694939546
-0.001131655548565631
-0.0012398304040283116
0.0005902643091740894
0.0018301753679951867
0.00021528052281364154
-0.001679220634234116
-0.002090455697084237
-0.0027656816319007664
-0.005367630669407393
-0.007137711338716884
-0.005429533846067566
-0.004422517780141706
-0.005055463170742098
-0.0025330952632946365
0.0018300822444957175
0.003516780034760204
0.0041202585209529465
0.00534442330627884
0.004333833831777378
0.0022782470663927352
0.0032773226711559533
0.004884934307787441
0.00355354835690676
0.001269404351035969
0.0010060121599771187
0.0030140269274795415
0.004173725289092868
0.0027845552745101873
0.0016976494438183472
0.002412084170293401
0.002397394914350377
0.00013416663406839505
-0.0007037751635986896
0.0009339081844495676
0.0015770993670484643
0.0019136023594134755
0.0024178733034941227
0.002463860581824659
0.003278690982373504
0.0041173499014357995
0.005107536927880181
0.006406194497783436
0.005874806074068454
0.004265036318561409
0.0034338534557074546
0.002902549618002741
0.0027587112778715184
0.003267109590735636
0.0035793430231858122
0.0016658217401190015
-0.0016244877029072257
-0.0026486077896475503
-0.0024518366536613032
-0.002915977914484856
-0.0024355162771441596
-0.0004334477128531812
0.0008195612906454761
0.0008915061966157489
0.0014303893226741016
0.0016211291858179869
0.0006770466296145759
-0.0012882194620899554
-0.0025819921278957656
-0.00043689200463957066
0.002574368554864363
0.002383740226469335
-0.0009475703640753593
-0.004093309367248954
-0.004080424621341663
-0.0017223338161725475
0.0008434595852420124
0.0014251893329155765
-0.001319559524160439
-0.005755546897547767
-0.008556579370576377
-0.008554210029351424
-0.006636732799188459
-0.003805942126205979
-0.002476318301229027
-0.0027406294557449145
-0.0027119301964600826
-0.0032033944457588643
-0.0036925820247679657
-0.0024867900372232696
-0.0005226971194968044
0.00028088989537443257
-0.0008166117259439438
-0.0026176554620857525
-0.0034328385479735785
-0.0030487902240822883
-0.0024524141709347854
-0.0029467020324731585
-0.003983789745155439
-0.0034779238406290464
-0.0025952430647613184
-0.0033660728607753025
-0.004388002357338637
-0.004356442488158236
-0.0034317256013110726
-0.0017256819918727302
-0.0003470294241491001
-0.00011302166963353553
0.0004091283434086067
0.001321835038849032
0.0007146589200682781
-0.0012071859185160945
-0.0018355744000369625
0.0002038331577778869
0.002947464709581141
0.0039048146991693396
0.002837294693784858
0.000984033533398935
-5.6207656848448834e-05
1.973897136543253e-05
0.0004299050869986045
0.0009974839754781618
0.0010282560482898632
-0.0003098378429786992
-0.002351261387371329
-0.003162142764559707
-0.00185937721487814
0.0009827412153562642
0.004193213635691615
0.004917003201113739
0.0025148819600952334
0.0007578740860885743
0.0017410038685084295
0.0037484811583148067
0.004535172733698525
0.003801100741907735
0.00246106503572874
0.0011946506020456243
0.000984284622298838
0.0018423919517293848
0.002689089751521731
0.0018803738837518214
-0.0005573333783531606
-0.0014892203906709178
-0.0007608083604125521
-0.0008073392287528836
-0.0011413400141217082
-0.000755857489880582
2.6625579725562758e-05
0.000992002089319624
0.0016775262706611228
0.0015586040501663065
0.0007630015470484886
0.00040589794177551083
0.001360814256134961
0.0024638497488243785
0.0022798477093606056
0.0017962905635304687
0.001829914832957621
0.0009594046538485515
-0.0009062449473188981
-0.0014850713987710471
-0.0001410387139642215
0.00026773510542422687
-0.0015036468806324467
-0.0031024373059055587
-0.003433037513828631
-0.003234956542575554
-0.0029966794469972586
-0.0026586142369809727
-0.0010877928780769891
0.0011356085873857607
0.0013527348818538627
-0.00023511920911079972
-0.001431800056953659
-0.0012397658753010407
0.00022610786441197938
0.001571955016001255
0.0021521012771091572
0.0024922256330992053
0.0015585840718218627
-0.0008308003386308261
-0.0021610344273057017
-0.0015465929344189414
-0.0002363450538654271
0.0009468954769948035
5.487686723873889e-05
-0.003523017471973276
-0.0061423249755709125
-0.004890891510687384
-0.0018714286392732715
-0.0008886095324385254
-0.001551956951594278
-0.0008544676899830985
0.0006025768118829601
0.0007871913367089163
0.0007330883123007078
0.000869922861721829
0.0007784028163184732
0.0011338547589133708
0.0022347448671441762
0.0034582773697802815
0.0030834278131749446
0.000892020533476894
-0.001295830579755159
-0.0022709580846240972
-0.0015922149608164108
0.00023050742463172718
0.0010265061745005652
0.00016122448148932165
-0.0012500937604743173
-0.0027856419456531363
-0.0033826933870964786
-0.002059113331627519
0.0005723318585756606
0.0022476308138961046
0.0019652779315865294
0.0009245349268275511
-0.0002740447865415315
-0.0008305340049542666
0.0003953291713935126
0.002370035555366518
0.0035532661186461452
0.004308848073935819
0.00423088873982457
0.00195489559906127
-0.0012720592962474644
-0.002253213060380533
-0.0006518205580259578
0.0007352085547148514
0.0006962754571615
-0.00028834052678507996
-0.002440405205617442
-0.0045135123128542875
-0.004508932479646112
-0.0027069351828544488
-0.0001561756768251917
0.0017497772470252938
0.0016980351323615294
0.0003509126960348282
-0.00035861078041997635
0.00012222884673451854
0.000532546479510095
0.0009305209603037935
0.002061399146940971
0.002701859455453586
0.0023195082906864624
0.0017066052230350552
4.8643335033689067e-05
-0.002441806399500729
-0.0029160298283161883
-0.0006814461398441198
0.0015017702455052354
0.0013718318532894734
-0.0006647602980567725
-0.0030310834694060964
-0.003996703308908311
-0.003095904078343834
-0.0015467658223378966
0.00034667773562922403
0.0019200004481880536
0.0013390303481128412
-0.0004908081096683674
-0.0010788398231607861
-0.0002185416290584543
0.0012688731664375536
0.0028405713466425216
0.003568281900723611
0.0031692043105470604
0.0022701524409665702
0.0011613188690768432
-0.0003022499510173446
-0.001546938955520884
-0.001557926939405161
-0.00014891304006173805
0.0013857338418791706
0.0008103279968362853
-0.0013499117589596324
-0.0026814931201920877
-0.0027028867298565565
-0.0017033435736122245
-3.794876525753586e-05
0.0015121931461644378
0.002512254027547509
0.002214858975916751
0.000747476842432302
-0.0002419492491491359
-9.49734533224395e-05
0.0009904646037538097
0.002501583511729129
0.003573826449603615
0.0034436455250383387
0.0020692501074172373
0.00014140928463639667
-0.0016456130218128267
-0.002187557161788472
-0.0008060618842221241
0.00139007284616286
0.002229177462532184
0.0004373656766983783
-0.002788183742926213
-0.004315159468265464
-0.0028178271020135206
-0.000754666639891457
0.0006036786443316575
0.001846772423450733
0.0017130535622005296
8.463934505500588e-05
-0.0009450804390085677
-0.00043106504147075945
0.0009105374475826282
0.001981786706470011
0.0022251425446911653
0.0020099204318776262
0.001659863015531987
0.0005568484884831126
-0.0009515934323757008
-0.0015727656422636553
-0.0013091993845029428
-0.0008428384007909086
-8.04104383227957e-05
0.0006236132031251846
-0.00025716887944968723
-0.0021633317673883747
-0.003017309489490759
-0.0025665520768900886
-0.0013481688121217846
0.00013838205101381694
0.000991333860642372
0.000956914182811918
0.0003642013569444031
-0.00048530851071603033
-0.0009246356677502809
-0.00038322169546579503
0.0008596834006122974
0.002002723333604248
0.002324872753849996
0.001489887976031126
-0.0002486798354936125
-0.0017873099417760098
-0.0019277804675244176
-0.0010792111769731363
-0.00011027008160681258
0.0006989074643047793
0.0006407041069737339
-0.0005951929928826175
-0.0021580134412616486
-0.002635646513143802
-0.0010876725250295724
0.0007786919506483594
0.0012903930105454052
0.0014139835333193717
0.0010799409503303343
0.0004477177998948348
0.0004939823106197279
0.000493991712760243
0.0006285721128526459
0.0013513328203543407
0.0017783380856031777
0.0019092738478762722
0.0016771067988809146
0.00034621203863625493
-0.000905228579272901
-0.0006558970908793332
4.21608144324682e-05
0.00029260789316709173
0.0006446721398123824
0.0009697669338496111
0.00015328865476568954
-0.0014250195145852017
-0.00187681150127641
-0.0007939234447858753
0.0008940651609919599
0.0020127100071080815
0.0018027552437855012
0.0011210787322839635
0.0007423090259716887
0.00046459373712239466
0.00037002883136165476
0.0006662061192687456
0.0012552079508352098
0.0016804248337959702
0.0013383915498973943
0.0002281961636258396
-0.000866225441956313
-0.0013695122880473542
-0.0011112976700395928
-0.00047003296138804307
-0.00030946548523130965
-0.00057379579544505
-0.0006637982758821083
-0.0006830326265211625
-0.0010795950828091927
-0.0015537733005632395
-0.0009841822349188425
0.00019615098032358386
0.0006010091551766173
0.00045816996159632787
0.00025417959571711235
-3.71137958842269e-05
-0.00013310418173715925
-7.234240998664512e-05
-0.00021671588248925992
1.5228257680753173e-05
0.0008788434491257784
0.0013648931071456232
0.0007590326604675729
-0.0007977691583233601
-0.0018810688689277282
-0.0013698821762317325
-0.0006051520611078088
-0.0006717183181596142
-0.0008862416709882843
-0.0009552317604259429
-0.0010409757468456664
-0.0013647686420707465
-0.0017013877545783206
-0.0011262237040624097
0.00019832538742751743
0.0009949701697167135
0.0005384362278338453
-0.00019381429288422262
-0.00011369824607284726
0.00023136316394679876
0.0004574377426885368
0.0006666516339745202
0.0007179833729302732
0.0009502617881137119
0.0012872934885596516
0.0009322175204388119
0.0001323685392749295
-0.00017851308968812123
0.0001323394995711629
0.0005102998284568455
0.0003118645895523662
-0.0002666785505110132
-0.0003027746880119365
0.00013718958054739178
0.0002836275313221842
-0.0002337275162770049
-0.0007147265157473548
-0.0003364543594313871
0.00015710763074573982
1.9593253093002296e-05
-0.0003686713067248522
-0.000418579187245725
-0.0001747639090402528
4.34524892635217e-05
0.00020289479700320398
0.0003985169647846451
0.0008598462535815757
0.0011888504615479262
0.0006437560249152489
-0.0005909823533317674
-0.0012892131247607757
-0.00046695895222045587
0.0007907166220814635
0.0011558151423976246
0.0010451679651114463
0.0010559588492879473
0.0012000356672586673
0.0011982664393096845
0.0009767120947646488
0.0009518772973969893
0.0013597967189853425
0.0017114159123104325
0.0013449007023338716
0.0006195834427188703
0.0005688042685554751
0.0011382470858379006
0.0013485661018682758
0.0008882212739248903
0.00013548693175292867
-0.0005571228862432697
-0.0009584614432384105
-0.0012244896018910889
-0.0017000795555180243
-0.002105730065290558
-0.0019472951867068118
-0.0013970073394827295
-0.0010725005745404754
-0.0010883970185172694
-0.0008944336948900808
-0.0006808729062541097
-0.001090550545125815
-0.0017247733980257063
-0.001891621060600798
-0.0012276446308827557
-5.721423069650376e-05
0.0005729408588742935
0.00032650669141485864
-0.0001447874725441807
-0.00019211639838536472
-2.3238818765250044e-06
-0.00018241127723159315
-0.0007208810485501489
-0.0011848557667533746
-0.001384392075558284
-0.0014319095463489865
-0.0013841432799624016
-0.0011146984694495549
-0.00045255640495160546
0.0002236820080519092
0.00014230315858077642
-0.0005596207469496139
-0.0008593552387600094
-0.00020401373835840053
0.0005766519003013353
0.0007352413549171233
0.0008222216178494945
0.0011424588888428898
0.0014699610585793374
0.0016647570294627953
0.0016119819887434315
0.0013130864210738743
0.0009572854967035085
0.0007495562540658411
0.0005234759356777136
0.00043147717066009564
0.0008187842694551195
0.0011737030902474774
0.0010006915453839383
0.0005534870026976993
0.0002264205972097024
0.00021995556274375646
0.0004933953038451466
0.0006350373467363188
0.00011089980574826544
-0.0006170064995282222
-0.0005910648046616904
-6.414959287778212e-05
0.0003369890970777685
0.0006421820884511657
0.000769016635115458
0.0005481214112259272
0.0002978284179938133
0.0002633598413518178
0.0003436616989573835
0.0005522673228142822
0.000837172829936365
0.0008443704613270399
0.0006681891479307122
0.0008084012911477776
0.001210492237655
0.0014509831515190294
0.0013550808568696293
0.0009684209598924666
0.0004422236741368517
0.00022559453572151584
0.0005212664443932064
0.0008492937680714199
0.0007640297476546721
0.00046684207275287737
0.00020909132957108614
-0.00033142716343536894
-0.0011246776604247808
-0.0016488141631941656
-0.0018622753712480614
-0.002012106678287497
-0.002223929494469301
-0.0024130012571053987
-0.0023323070717103864
-0.0019224311383401916
-0.0015200733048928738
-0.0015267969868587533
-0.001655464521366263
-0.0014759682890979127
-0.0012055466356502137
-0.0010962163074536388
-0.0010154228102265072
-0.0008391491778539102
-0.0006979974600939615
-0.0005106184898017552
-0.00015281590919078315
0.00011276131656299764
0.00022694941505151274
0.00029511015845057955
0.0001220718680212062
-0.00022378415045498876
-0.0002267351733032651
0.00010473820475212574
0.00025244388806710584
0.00015022279286763782
