0.0
0.0
0.0
0.0
0.0
0.0
0.0
0.0
0.0
0.0
0.0
0.0
0.0
0.0
0.0
0.0
0.0
0.0
0.0
0.0
0.0
0.0
0.0
0.0
0.0
0.0
0.0
0.0
0.0
0.0
0.0
0.0
0.0
0.0
0.0
0.0
0.0
0.0
0.0
0.0
0.0
0.0
0.0
0.0
0.0
0.0
0.0
0.0
0.0
0.0
0.0
0.0
0.0
0.0
0.0
0.0
0.0
0.0
0.0
0.0
0.0
0.0
0.0
0.0
0.0
0.0
0.0
0.0
0.0
0.0
0.0
0.0
0.0
0.0
0.0
0.0
0.0
0.0
0.0
0.0
0.0
0.0
0.0
0.0
0.0
0.0
0.0
0.0
0.0
0.0
0.0
0.0
0.0
0.0
0.0
0.0
0.0
0.0
0.0
0.0
0.0
0.0
0.0
0.0
0.0
0.0
0.0
0.0
0.0
0.0
0.0
0.0
0.0
0.0
0.0
0.0
0.0
0.0
0.0
0.0
0.0
0.0
0.0
0.0
0.0
0.0
0.0
0.0
0.0
0.0
0.0
0.0
0.0
0.0
0.0
0.0
0.0
0.0
0.0
0.0
0.0
0.0
0.0
0.0
0.0
0.0
0.0
0.0
0.0
0.0
0.0
0.0
0.0
0.0
0.0
0.0
0.0
0.0
0.0
0.0
0.0
0.0
0.0
0.0
0.0
0.0
0.0
0.0
0.0
0.0
0.0
0.0
0.0
0.0
0.0
0.0
0.0
0.0
0.0
0.0
0.0
0.0
0.0
0.0
0.0
0.0
0.0
0.0
0.0
0.0
0.0
0.0
0.0
0.0
0.0
0.0
0.0
0.0
0.0
0.0
0.0
0.0
0.0
0.0
0.0
0.0
0.0
0.0
0.0
0.0
0.0
0.0
0.0
0.0
0.0
0.0
0.0
0.0
0.0
0.0
0.0
0.0
0.0
0.0
0.0
0.0
0.0
0.0
0.0
0.0
0.0
0.0
0.0
0.0
0.0
0.0
0.0
0.0
0.0
0.0
0.0
0.0
0.0
0.0
0.0
0.0
0.0
0.0
0.0
0.0
0.0
0.0
0.0
0.0
0.0
0.0
0.0
0.0
0.0
0.0
0.0
0.0
0.0
0.0
0.0
0.0
0.0
0.0
0.0
0.0
0.0
0.0
0.0
0.0
0.0
0.0
0.0
0.0
0.0
0.0
0.0
0.0
0.0
0.0
0.0
0.0
0.0
0.0
-8.167243741386358e-07
-1.9530790091377237e-06
-5.636597147188427e-07
-6.800740219828918e-07
-3.593727062929175e-07
-1.4658002308234959e-07
1.11494407227509e-06
-1.962516170013706e-06
-5.115026374131094e-05
-0.00011074542377954281
-5.970758333827103e-05
1.7285307395477065e-05
2.0915742879681753e-05
2.869937958020453e-06
-3.3949871732674147e-06
-1.606417429129073e-05
-6.595573069764569e-05
-0.00014261618560195498
-0.00022339533505163662
-0.00036381558960922367
-0.0005189642749094817
-0.0007319403147964429
-0.0009791827544520279
-0.0010171371977603632
-0.0007909111165653709
-0.0006904100153484894
-0.0009108604330743076
-0.0009942024571110676
-0.0006772852096625182
-0.0007949119637221329
-0.0017834320306998222
-0.0024221266069747375
-0.0023281194826252813
-0.002011319667446089
-0.0015806646264745702
-0.0011276964209167729
-0.0007812026679269252
-0.0007724514860280549
-0.0010604722090980497
-0.0011043172061346587
-0.0009952596139224355
-0.0012875254643057435
-0.001467205236029478
-0.0009330609877404275
-0.0010189161095964904
-0.0023371604859994126
-0.002470243690225704
-0.001111839354142429
-0.0006237498066971767
-0.0008558103221457804
-0.0005784085181978858
-0.0007539470350653112
-0.0014750541400290668
-0.001380482164166096
-0.0007950494980148629
-0.0008645204863776155
-0.0018874279693432644
-0.0020765562848686922
-7.125931920347351e-05
0.00140726038138171
0.0005042435058195097
-0.0006046143975392079
-0.0009668260650804293
-0.0019140868839926089
-0.002653763930177352
-0.0015691604765168056
-0.0002798215546827543
-0.0005356010213592861
-0.002459067420378698
-0.0030342036648517987
-0.00015660677332799612
0.001961144220338762
0.000562968051204494
-0.0018563627285412534
-0.0026499124032711256
-0.0014562124202147106
0.000493477460294115
0.0005827295950174137
-0.0013175024909627194
-0.00284892555713767
-0.0028941892306831004
-1.6720458001289017e-05
0.00331962670737897
0.0028752672953304545
-1.4197093503140634e-05
-0.0033025393530840916
-0.004706806130042312
-0.001950718382396312
0.0011110719727791326
0.0005155011121223789
-0.0015491807863614053
-0.002544675820732713
-0.0013791749341486397
0.0015286004432809106
0.00325358742115587
0.002183395762364494
-0.001713273783848961
-0.005677381773772524
-0.0076003852943055845
-0.00696433074870352
-0.0022259153040824447
0.001235070255726494
-0.0007371734914451083
-0.003811598906768025
-0.004837696601019918
-0.0045695617105239875
-0.005257926397326903
-0.00864221560998913
-0.011157349410977742
-0.011131240054303486
-0.012625487891426446
-0.011664275281841763
-0.006855368350619602
-0.004816638985067356
-0.004028205571042313
-0.0017759046767387842
-0.0029943186107549316
-0.008060498139389674
-0.00939596398425818
-0.00641219539748592
-0.00400417456586545
-0.004427534524094124
-0.0074094560382818725
-0.010120655536583263
-0.011370651859137968
-0.010679812448448261
-0.007633433078672104
-0.004016267302144445
-0.00393905939561585
-0.006651954036826941
-0.0076530252893877064
-0.0076455742185399305
-0.006921032913247637
-0.006953559503241418
-0.009854944915071495
-0.010247181091821185
-0.007997424837753009
-0.00889610477195891
-0.010992008118923199
-0.011116110142675757
-0.010975737498853635
-0.01152055097671121
-0.012409233272602157
-0.012394130814267459
-0.012030615384138238
-0.012234503538625475
-0.010414887786954848
-0.005885311995298164
-0.003331218139692747
-0.007077996516825523
-0.012475018659825404
-0.014737735468394554
-0.01604899266990202
-0.01656897523561126
-0.01599673912984597
-0.01596096147058074
-0.015111766347641194
-0.011730474533978078
-0.008622360154513774
-0.0074663284220792886
-0.006820532639855673
-0.007008672942624926
-0.008982440917884195
-0.009815794239741807
-0.007133058628516052
-0.006772245806977401
-0.011427608108413824
-0.012944595796562411
-0.007381929117840723
-0.0022064600363034285
-0.002344699522103881
-0.0054510098937243495
-0.008103272101471866
-0.006687096214686347
-0.0030832343299152954
-0.0034437375460594083
-0.0050012365628710875
-0.004523910048383155
-0.007148236688020355
-0.009216251995281007
-0.004717422468940558
-0.0005738896886256733
0.0008245797220867394
0.001343286482150882
-0.0021323941796668323
-0.00601441553396817
-0.007670068590911292
-0.007637009050872805
-0.004036022436985107
0.0006541719055097689
0.001901854106487027
0.003354042136592831
0.007378415446138341
0.009464544992602944
0.009997392114165088
0.010001222859703908
0.00848292219682359
0.008797400905170262
0.006366774315308376
-0.0007472868862795473
-0.0014733277432106085
0.004215553815045996
0.007923424821880949
0.0066788012444297705
0.0015305602555170609
-0.00011450390398672801
0.00274091142450239
0.0011657503800723782
-0.002355240040298788
-0.00015222954679446218
0.002385410745458371
-0.0010494653280676875
-0.0037146185065207817
0.0015660236273400887
0.005932578151534948
0.002159902272328435
-0.0006764639245475405
0.0016201841656884556
0.005132419285678319
0.009794692694741978
0.014777159643583403
0.017572489534154807
0.018183040104556646
0.018256495834780943
0.01786659561154685
0.016034736299886873
0.012242550586945749
0.00819993976030223
0.004416938973384117
0.005678391010773387
0.016708781271915486
0.02614770272395518
0.025532153076012726
0.01752127890142259
0.004936270028868243
-0.0009290687771712794
0.005013508718023189
0.008602216578222294
0.0011481899604900174
-0.0073452856285050805
-0.005004977859667517
0.0010320411205886686
0.0063682216280255815
0.019170692962496513
0.027297710597208685
0.016154044795100596
-0.005584720876323907
-0.017385102953089236
-0.005697179030359365
0.013082483803500992
0.0176126466806483
0.01456613020467911
0.018593936379292315
0.028143234048704273
0.030956368680902065
0.023346286703048797
0.020463210729189867
0.029853852542617913
0.028945241669982
0.01238192736310964
0.009511880531494791
0.026836655056938795
0.037826685242220597
0.029235890179391245
0.015579697011094929
0.0037530250618041743
-0.006375760044298705
-0.0022364508656066966
0.008873703628887918
0.008343845485643762
0.0006769029948491464
-0.0020383159546958273
0.0018450859284244864
0.007047970823043646
0.012592136198222068
0.014591084887927935
0.006752194947697175
-0.007253590613247537
-0.01986578292833768
-0.020632278324459567
-0.008314434180022114
0.0035723300848057612
0.00904803132307222
0.006229064212560842
-0.0020134346091175894
0.0009032651080846589
0.01189609027766163
0.01634496893278066
0.009788630244088194
-0.01142427251803927
-0.026948669473729606
-0.009528766235560392
0.026787527517091958
0.0452495945369485
0.037023845642888596
0.014689188266668663
-0.0011774571561722377
0.012427021097242034
0.018442243009976437
-0.017663749127397866
-0.035829763615634384
-0.008793649084818314
0.021408534357409557
0.03306642269965168
0.021366779690059914
-0.003416524639897826
-0.021230247990325097
-0.025935161364543248
-0.025578735263352588
-0.023565286432532275
-0.02411465356013803
-0.03503083188838452
-0.04260788447090965
-0.039183746440008944
-0.025998226679033218
0.003345059484607832
0.022058195206503792
0.015781408427180548
0.011853725737572903
0.010919077386541907
0.0009779285596074596
-0.0057318877526298
0.0027136981046748153
0.01986942499603936
0.02879456523364803
0.025731912869319275
0.037722096773808986
0.06118461423743978
0.05363532620554266
0.027106763989424954
0.015946333208044314
0.019527715280939047
0.028343528637086862
0.03126678194857361
0.02640493394131921
0.02734260739623202
0.035878163845764866
0.0222593730939131
-0.0025208752256439025
0.015421107251422008
0.05147142026045353
0.03935553620505695
-0.006026535118701656
-0.01879182994716603
-0.000734651722469586
-0.0019051620928741632
-0.01973358616572403
-0.017931883911246737
-0.003179971126493338
-0.013492687138604086
-0.036323308505408214
-0.02770957744143779
-0.003663548003923413
0.0033163763395734056
0.005638624622349678
0.002219311544399886
-0.011659052598113498
-0.0002884844109222497
0.04104325920686125
0.05588549118604519
0.04037966684979353
0.048836571544718814
0.0586784729812899
0.034129623805523465
0.011332386620921998
0.017961814364566432
0.03266642521068557
0.029952741050733752
0.034860490133486716
0.053888903396153605
0.056557891348731175
0.05653786231867219
0.04927924411435722
0.020287656479734975
0.0021773581580881466
0.005008813332684372
0.023226744975770777
0.04423183254351697
0.0438849317032355
0.028013673031494168
0.016114957587013968
0.024328372781753725
0.07035758880917503
0.12642976384245586
0.12595066703287533
0.07171597664846364
0.022120585835214278
-0.006904402414799098
-0.014020450400857904
0.009785790484125104
0.030310025038499732
0.03240769230194808
0.037623271668445375
0.03775336396014767
0.016018055926879195
-0.022242174886232372
-0.06345177635157435
-0.08546770238482651
-0.056201744496037646
0.0071901120418530595
0.0554241703703993
0.06722193924222937
0.06665509026652287
0.07502148915984234
0.05374324788225202
0.013514654691543433
0.005614178657436898
0.007125037128414135
0.011152177665120985
0.0356939771745564
0.038130117430796
0.0010025011975432886
-0.011081739618214627
0.00648391446127061
0.0029492810949954995
-0.006176432801666793
-0.003357660206787336
0.0025797801517097882
-0.0030202763931637326
-0.022983647438256694
-0.02096969224827325
0.02353179018736659
0.0660305634422552
0.04310062443907812
-0.010128510374175358
-0.030323029117186515
-0.03127949917937905
-0.02047313286117462
-0.006618655445744598
-0.00317274472259555
-0.0024091780169619987
-0.012014327784988028
-0.02453563797779431
-0.01392099247676142
0.006389356901753726
-0.003184882826767198
-0.031076453873034926
-0.039461733767756836
-0.034570823732761526
-0.04041091008588368
-0.04819661923004886
-0.03616256061514125
-0.030104930975966507
-0.03492761535372592
-0.018961358232181633
-0.002013043052278404
-0.002800004765289205
-0.008660291293733243
-0.015358596015865967
-0.035029036661499785
-0.05841274175913902
-0.04819421623558057
-0.012352730510479864
-0.0026283940022224284
-0.020837356154277748
-0.03023573579333422
-0.03522185521538124
-0.036369108819190726
-0.03331579191371968
-0.04943188630491175
-0.059953595861421266
-0.04809850792366261
-0.03522806146692737
-0.024206042178278764
-0.023051986671652324
-0.013419252507625845
0.01849001425348034
0.033168359580461486
0.032837746545827176
0.03659439639956264
0.024017149564177446
0.0062376156980219625
0.011175553136901597
0.0017575504115796964
-0.02346965046044375
-0.014333973988580034
-0.017117717516007065
-0.05493446741202899
-0.06359902207674603
-0.04478970926547852
-0.045825721095382584
-0.07454069777318616
-0.10058227152865132
-0.10195975359750588
-0.09320413973677963
-0.08714994065086519
-0.08261004639726065
-0.07139138937997691
-0.05755072215757557
-0.032767109465601615
0.0038428941951671658
0.0056468241352064805
-0.01714464047445796
-0.03207541889873849
-0.034528192924022434
0.002188409582971524
0.05269249029062183
0.06811943694618203
0.05621278154615546
0.031292217513954515
0.026247137602523927
0.06006505821559774
0.09025643427991978
0.07579824649390539
0.032585858175404964
0.016036561611025443
0.02119606298649163
0.007056563711935783
-0.008930847887310939
-0.0005959028033193573
0.002922187358685007
-0.009128064115049857
0.00950675911149769
0.07210136426165774
0.12336549183550567
0.10454362928523184
0.04685933689767776
0.006120717051833537
-0.012527563527524384
-0.001153027805350801
0.02286223277831427
0.024113460971492705
0.01289494171812384
0.013462023746188944
0.025273178673598604
0.03746279622318518
0.03852865882261395
0.020968746503061023
-0.011693615872470003
-0.026753951606367617
-0.015839752391355124
-0.021948054064158982
-0.02862447941582495
0.00023973889349925386
0.0219503043342012
0.016688631134476436
0.013738083771075217
0.005194829981584167
-0.010517047374801506
-0.02537381045576301
-0.03587941805947365
-0.017018580277159412
-0.0033200181791746227
-0.028927585954838745
-0.03746578191122317
-0.0218090028177064
-0.021684314263838357
-0.03744243447085692
-0.056443327064696194
-0.06264373903523575
-0.056091139095772985
-0.02234911215408083
0.024473314755217544
0.02334286329301642
-0.018960497585933673
-0.06350943909651643
-0.07939543269019665
-0.03475884647881141
0.013618444732216599
0.0065374031292065185
-0.008803625145891263
-0.022110626099049163
-0.05398634372475662
-0.07019200409673429
-0.06662692553781281
-0.05339265833096378
-0.02663485563183573
0.0022113023952005273
0.01514466689530634
-0.0012424617644228226
-0.021121376748891533
-0.0135632793659652
-0.0033004587149556993
-0.0016335622269947748
0.011211561973338165
0.02865123698610221
0.036000503481855906
0.024956508504621194
0.01318816720539849
0.02741199818421632
0.07126236643460898
0.10688156679310608
0.09740069714973588
0.05873062294936184
0.02545746107335891
0.017838416202121034
0.011436923458171105
-0.008571879902382772
-0.010320315142986503
-0.0028174108818979065
-0.005144862844530819
-0.010876076916296933
-0.03484679948893855
-0.06509389492075021
-0.07472916285355558
-0.05306977606120144
-0.01755908633807399
-0.02023497636990358
-0.05434564910915578
-0.06746727924881483
-0.05396695124072019
-0.047094740274250146
-0.046146434056957134
-0.025050037399237723
-0.011946675663214846
-0.027661618132828785
-0.03271510073601709
-0.0216432760607594
-0.019276256821475858
-0.03405207040331743
-0.05820879510536676
-0.05128746999675356
-0.005353037319768684
0.02603929994119086
0.007743097077694516
-0.02392862012713791
-0.016556725705038005
0.02187711446944064
0.03798078192696323
0.028272045180600308
0.05249220645687443
0.08993947889930368
0.06226927096241396
-0.004449668474741181
-0.027607943702963725
0.012183048646765096
0.051644704004203026
0.04309690164838808
0.04143470315862358
0.04321465844946793
0.0063324070993706575
-0.013153794805032657
-0.014656805924461072
-0.03110437697056198
-0.04147437733266172
-0.03412779315166119
-0.0223186607039915
-0.0232349667395815
-0.02083135067927987
-0.001632367002902718
0.033058838905274925
0.0706114910440436
0.06413686036190884
-0.004414659888568189
-0.06314861559754537
-0.040407484565267236
0.0020950158387790145
-0.006149992190878272
-0.023161685526384937
-0.018764076877910197
-0.010255661514131483
0.00013111968352616301
0.022767487040442926
0.04945625263874793
0.06697616962309258
0.07318474021658926
0.04959897631940381
0.010558526093703108
-0.009524843050704074
-0.048928645122921735
-0.10185670305035702
-0.08295797344463367
-0.028645767927796214
-0.02586790406075803
-0.03736980628273988
-0.03208677500953903
-0.048233207602870705
-0.07905033918693616
-0.08044402195437994
-0.050761614931755975
-0.028113974287780064
-0.030182535749094727
-0.03431753601080152
-0.02151209243837508
-0.006184349540622843
-0.011338213871215185
-0.04050219441996798
-0.044576885707468594
-0.0099323935149989
0.004578202006207632
0.0010030441186431147
-0.009129556757461783
-0.016386436039415617
0.01277250693871904
0.05050733226688365
0.04177637929458401
-0.004492429716926173
-0.04140415385839801
-0.049708949401699426
-0.018107172244785655
0.02806478851992844
0.04859132180114359
0.04654831052147274
0.0259962692294767
-0.0073645973066610295
-0.031078056264797954
-0.03560362960014103
-0.023070274311607894
-0.005770895831734303
-0.01279562168676268
-0.044317352640574105
-0.055269464357917616
-0.039206179865269496
-0.04196809675525534
-0.052590791337769234
-0.027548654787013984
0.004323692205893289
0.006137638575812321
0.005311919171364541
0.021946516231921544
0.020150286845198012
0.0016504725194162078
0.026390529432696038
0.07118944796970558
0.05894184104103291
0.016500113661534088
0.005450646369927353
0.015978881342694276
0.034738277511744325
0.04212187029993955
0.02714660606552019
0.04832721687333632
0.09967939599050436
0.10015494420373576
0.06499112346173375
0.057772251579943625
0.07047220310788187
0.065132846846924
0.05760475859828944
0.06616844271946132
0.054450465358476814
0.027761256613841528
0.01865580135727534
0.019052146388287578
0.02271509025620026
0.02783308611353057
0.026485637308521666
0.025160118364309845
0.02214548457424688
0.0058826198281502215
-0.011558322102915854
-0.02860973649700372
-0.03710483068908517
-0.019894570369657125
0.0011772896779450835
0.014028549740288259
0.02728443950403629
0.028440863345089273
0.007998245887918068
0.000531460355403134
0.02212057173289174
0.021393556645729634
-0.01143619356217336
-0.02641638522023146
-0.01591459386826354
0.001397131150973721
0.015783322001654027
0.009645888294040185
-0.010936085326300153
-0.018536353981230557
-0.020382942653310802
-0.03315622169300211
-0.028993143393482204
0.0006774013030160081
0.01008106042659203
-0.00024470066641386597
0.0034110979027573525
-0.0014833454360687014
-0.02478217884975013
-0.028144992959554724
-0.003541850200111027
0.02588171633840686
0.036794703682528886
0.022033880118582986
-0.006378400072805234
-0.02599012699956304
-0.023343408837294424
-0.01114995841004402
-0.004763160194980019
-0.014045225559950827
-0.02964874992124814
-0.03501917280517651
-0.029143570347432434
-0.010961172937455056
0.008638300813131617
0.022264627519486224
0.0289540436845496
0.020984514954093036
0.004578218791458276
-0.005732012741921949
-0.001471172840582023
0.007957888492745032
0.007446936653692813
0.0014006851846849887
0.00014398233851619808
-0.002081708351974132
-0.01838765267538407
-0.034619147936313426
-0.024773627115471222
-0.005476837849202242
-0.0009382321301979069
-0.004463917295318704
-0.01163918003833744
-0.02413398192879497
-0.032069659811271294
-0.027413865556355194
-0.0266407812242178
-0.029053867823371115
-0.017507711919181712
-0.008378071158208749
-0.008503323615901242
-0.006105955990300144
-0.00441710253808119
-0.004539029714542672
0.003405482083039001
0.013838231723526948
0.011305422071794137
-0.004386258717992471
-0.025201320873585818
-0.034447600557624955
-0.025596619164111
-0.018978884686744833
-0.02379027726101194
-0.029340438374473612
-0.027529711661491756
-0.018061815036859045
-0.014888588099018859
-0.020480257104539407
-0.01602984705364683
0.0006517600287603522
0.020027504753370215
0.026154512246546153
0.005285582508172798
-0.013618335425264477
-0.00708913514747918
0.001027714838880904
5.939020116862271e-05
0.002696498061399098
0.011591871471233469
0.016679168141605104
0.009076268662484793
-0.006880618848958639
-0.01693768950048854
-0.008479003975171293
0.008400524942434892
0.009734716724546615
-0.0021158025610198816
-0.007379611812295949
-0.0063045799488558
-0.011982846150776561
-0.014597248790067404
0.0003154521594769522
0.0169826080644191
0.018634152086871806
0.008821288751295184
0.0031869659174736022
0.007297879348874861
0.010559998396898909
0.005268131070329113
-0.0031671582568087685
-0.0012489825767750598
0.0013693190121932476
-0.012912788631274973
-0.03027286047439344
-0.03269753391835106
-0.021483179673130914
-0.0098421868508432
-0.008556566756049822
-0.010335517744742348
-0.007083970685150077
-0.005364005483828666
-0.0014918831405596775
0.005175923905991206
-0.0013247411936078417
-0.007072946170337654
0.002869516744190093
0.006219518435626705
-0.00541352121530097
-0.01381643212641334
-0.011400240939265288
-0.004236052009913271
0.002935102790585879
0.002800675233213447
-0.007692101717646308
-0.015300855322629111
-0.011062746349813288
-0.0024183385855293758
-0.00433909607768895
-0.01667183050596734
-0.018507817670403954
-0.01156552050042744
-0.010191258263228708
-0.006190711728076508
0.0018604845162296117
0.007853272323911017
0.01663694281574747
0.02099353460314772
0.01363563317543216
0.011246091648515937
0.020997954132579762
0.027632590419458765
0.020915596114169682
0.010427294617229226
0.005829103969135121
0.004609029799766024
0.008540513704546256
0.010380842244010834
0.001868558528418205
-0.006418046788227805
-0.004643194481149537
0.0053135171653799496
0.014297891225197902
0.018100887779956554
0.022473129770005495
0.027634896627447558
0.027766360686518107
0.025102931785732394
0.021950568678803323
0.01926612457888664
0.02602145243664631
0.03738343228485928
0.035489293563159614
0.0177462637757238
0.0002674884400716109
0.0025373800998813594
0.021269629719455497
0.031019959799672953
0.017884051681010753
-0.002613831412353952
-0.0103294510989764
-0.004240063337620922
0.002445873550830466
-0.000356618025780194
-0.008076383896680464
-0.009323202914922472
-0.002841605835559544
0.0034937903957096275
0.010079734092473978
0.013193276442390588
0.010778102998754252
0.010384174978831618
0.009855356021029113
0.008394133297529428
0.009703809087993917
0.008247853535517368
-0.00019276317629653126
-0.005942617508841439
-0.007358556187157649
-0.013674714975466514
-0.020751313676084078
-0.02005733627164229
-0.019728565323838317
-0.027624023927435085
-0.033521155792343556
-0.029771411553950425
-0.016640660183128344
-0.0006989980444417742
0.0038289540531300827
-0.006821111975323105
-0.014958400646339246
-0.003228791763850607
0.011240778613470854
0.005604653715915616
-0.006484176028442294
-0.00396478406302652
0.007748712420127367
0.011047061921512318
0.0009936124493304165
-0.010118552482987942
-0.00819557504240567
0.00308219543946975
0.005353633905833399
-0.008553862474363854
-0.022606990637873775
-0.02097223901335016
-0.008730681988380222
-0.0005314160780075336
-0.0011858850394247944
-0.0037832595548069007
-0.0009796915220510244
0.006614794591562183
0.00982611854089651
0.007397407110606054
0.008353567068777584
0.012903154345664346
0.018200509504049396
0.022557426752616096
0.025447164929971598
0.02883080791095982
0.02594487650275557
0.014791728010155904
0.008307829494423376
0.008875959046645525
0.01108224829862737
0.013730856986543203
0.010965710490779138
0.0020381053632539106
-0.0070817805220945804
-0.007974631870081824
0.0022939289917100055
0.01431832082923662
0.02196206679182852
0.022989438542189506
0.014697469220764871
0.005100807914511509
0.007333908339258779
0.019954345205806596
0.027656247432425025
0.023374698653050096
0.013572530300127296
0.0073352082179900125
0.009527984324353716
0.012729016300298778
0.008026713556922752
0.0022326469432697982
0.002778333489167966
0.0035775052858458786
-0.00037212653127194535
-0.0036411703123851885
-0.0011313768132790618
0.0017933377192010744
0.0006812651345396885
-0.0008669941463355482
-0.0011551300178948539
-0.003550037883712019
-0.005762272267844483
-0.0026445489585569613
-0.0008024430699577904
-0.000830467346177337
0.006039608864564279
0.01359735242093681
0.010774652368936691
0.004865419047655237
0.005362813667513104
0.0010912949784693353
-0.01119574988064631
-0.015348860972564472
-0.01092959165938711
-0.007662428903067412
-0.006007519667342447
-0.008359908991632916
-0.013444894200560685
-0.012137957815423256
-0.006049130658284755
-0.001909368311097685
0.0009878513056752296
0.005131835174472174
0.005325929631046473
-0.0053480998513641045
-0.0187287970084104
-0.02181850337337796
-0.011840165642180623
0.0027979347973319
0.007795135525663705
0.0013926569812792024
-0.007012758659957287
-0.008668399143935959
-0.0033004796296039205
-0.0035996349139710625
-0.009397152059857332
-0.008686210046798343
-0.0033406805588849786
-0.0037071218306200773
-0.010845798598546733
-0.014559796942720485
-0.012217124889751093
-0.008686724197366462
-0.002908980850387338
0.004508934713858932
0.006185934004152407
0.0003100681535036012
-0.004357683021138629
-0.0025954793155689927
0.0008216661399629728
0.0043436679310156785
0.007711917471727485
0.004664039242398695
-0.00227424384028095
-0.0075110731494842835
-0.012202875169240594
-0.014705053836247987
-0.008257415855565811
0.004546639504144973
0.008488941364890031
0.005098234285004571
0.005901018150711934
0.006962393264131466
0.005412669989574933
0.005126523238065375
0.003684750889624119
0.002476836622933495
0.004214328956003302
0.003902638163760602
0.0002656353637794729
-0.0028552794323026404
-0.0004250343430145574
0.008193502023234161
0.0156906623211295
0.015200529014378893
0.010153779101748354
0.0067918898573534345
0.003462261825843595
-0.00011296935415065163
-0.003141364413101894
-0.004919585633125336
-0.003887364560194648
-0.0003095061590188244
0.006023449654026071
0.008249497002542412
0.003933300088248371
0.0019234744927899992
0.004193863869890579
0.008044690299156113
0.012921457200154259
0.014910822012856824
0.009745946855722729
-0.0002110392472509937
-0.006951867759645427
-0.005953862335729192
-0.00044865238516606036
0.005097627552406457
0.005420535618855878
-0.0016858556439244116
-0.007343158545060347
-0.007223369707670624
-0.006372623816200658
-0.0025442479132973626
0.005297772872981534
0.007977936259531629
0.002828811156619459
-0.001728413877691315
-0.0028212933658345193
-0.00393016859669545
-0.0042641517717229805
-0.0030551925434951213
-0.001968273711768825
-0.0010522963039796408
-0.0002764028140131397
0.0010931588858103427
0.001424202341358318
-0.0010683505266999886
-0.0012994195334266848
0.0014573140162132392
0.0009922136772595497
-0.004576599809840273
-0.009003006117284896
-0.007913883676085674
-0.008086509639941342
-0.010802332403208974
-0.008010304452481378
-0.0015286314223566986
0.0008345808632955673
0.0009123096290779005
0.0019026927730758738
0.0004725223981461842
-0.0015414728894210387
5.519406813336873e-05
0.001489240287429153
-0.00025480108317609793
-0.0017300498336568176
-0.0012492020077970283
-0.0006630855973426449
-0.0019153304355819909
-0.0038327479678524783
-0.0029729935558887566
-0.00015018770426593797
-1.3811977252254214e-05
-0.003970044265228079
-0.0053872828108062236
-0.0021390202743419287
-0.0007713339276558448
-0.001420809238441065
-0.0014366787049063757
-0.0002804547956130573
0.0009286087525580819
-0.0002540981650894824
-0.00019690223983517797
0.002308042936120566
0.001839977263200154
-0.0006989823239969477
-0.0016120382716668443
-0.0008192555097424977
0.0017100795992234393
0.0034311001510959915
0.002362017466722771
-0.0005554657451290919
-0.0035225828495094786
-0.0037524498764578995
-0.002598033674356091
-0.0033535997225447515
-0.004173764872708221
-0.0024040516258926926
-0.0006020322042841238
-0.0002561138053301368
0.0007972718298568199
0.0018739370405105476
0.0014317262767142372
-0.000494718034082305
-0.0018609289888676403
0.00024598106757397944
0.0030658677262520033
0.0028008895964785553
-0.0007780857955185102
-0.004231823021159302
-0.003978299127277596
-0.0011033130958452702
0.002477335053443072
0.003060176985658091
-0.0011917023979461597
-0.005880778542334865
-0.007213283055784894
-0.005641599338471963
-0.0032244066503141454
-0.0013133151524245647
-0.0006167824678898164
7.985999114738286e-05
0.000840578443410099
-0.0004921817826689771
-0.00184502679543325
-0.0002148798375792277
0.0024495440093956155
0.002798827893989822
0.0006254160858600279
-0.0011555377215662931
-0.0012454134303051066
-0.0007106398092567904
-3.6336057319649216e-05
-3.222514200934225e-05
-0.0004259320921810327
8.909873909753992e-05
-5.596495349671436e-06
-0.0017814366732667602
-0.002650843890179455
-0.0017086398875671809
-0.00042460739239454185
0.0007257787889818739
0.0014463061110129623
0.0018999159029444797
0.0031966921127671247
0.004298676936748528
0.003227710143105435
0.0008935154422574321
-8.671015989598888e-05
0.002026950117073362
0.00501025036187025
0.0052125220840332194
0.003296128424239125
0.0015836358370486191
0.0004980597662939148
-8.97399020034217e-05
0.0005040064049146144
0.0019620440121647406
0.0020193303671549078
-0.0001161542236335108
-0.0030448233862956225
-0.003859667376591921
-0.0012104436278653602
0.0026221584903911724
0.005282934009749486
0.004791056102028181
0.001834112777527685
0.00040529445799956113
0.0011670869323662024
0.0023839058977525667
0.0032648134256836716
0.0027580427116404827
0.0008221864965381602
-0.0009993711797839223
-0.0013633021742687247
-0.0003746466204050558
0.0010659100619079952
0.0003516140490454288
-0.002814449353722845
-0.004023609982894485
-0.0029221940564098754
-0.0033407258854027916
-0.004607781281733757
-0.0039000976888297384
-0.0023603058028903614
-0.0011994673213700032
-0.00019748972054656335
-0.0003210870445021393
-0.0015829515930048284
-0.0018916394703170725
-0.00017617847007404507
0.001363563058357183
0.000654405479082351
-0.00026450520279156707
-0.00019134605445418284
-0.0012770204174848336
-0.003148195929914051
-0.0035610108264793974
-0.002358801834305916
-0.0016688643015328774
-0.0030035992621246285
-0.004934304483247244
-0.00554487880357274
-0.004619408861321727
-0.003671683166765314
-0.0035545897161027226
-0.002113149316653733
0.0006843196462637058
0.0014040095650199988
-0.00011966555926142233
-0.0016993159333687456
-0.0020651688065065187
-0.0003817721775379129
0.0018179008311668572
0.0026736461259583206
0.0026842205748928323
0.0017539116887786252
-0.00018125191475632958
-0.00140179201347319
-0.0009536547356939272
0.0007337403975954885
0.00234721223183847
0.0014110510523257318
-0.0024161943117079103
-0.005512822055228423
-0.004313193913839119
-0.0006954670186479124
0.0005498348216323069
-0.000299087628868197
0.0006026122427941115
0.0027122153959880787
0.0030985412073242587
0.002925807056500798
0.0031702734151309005
0.0030566952585019
0.0033962089749356938
0.004751977804048566
0.006152643335604714
0.0054209951436172115
0.0025448560336489494
8.507335210916147e-05
-0.0008777253774930363
-0.00022477593385563716
0.0018673814548609126
0.002768194494487559
0.0015148381659106452
-0.0001501749807973894
-0.0019397104454762072
-0.00284656488313425
-0.0012890549892624196
0.001970084132721556
0.0037513242459286298
0.002924554643800199
0.0014595087649543735
0.00012826068217192794
-0.0006190865014864225
0.0005808502026282336
0.0027519775849499674
0.004016141286289152
0.004971825672520894
0.005028073342991331
0.002238393158408183
-0.0017145470304295127
-0.0027371861308569893
-0.0007001903667622172
0.0006934503888177326
0.0003270594627415626
-0.000891733263813114
-0.00354626612373248
-0.006141957050248887
-0.006202311642083041
-0.004286213677598538
-0.0014195358130631571
0.0008958751189663119
0.0008862543998573101
-0.0007711324101903216
-0.0016906343085164074
-0.0011325858582935582
-0.0006644418412622864
-0.00017090042735835173
0.0011974734106680103
0.001836379841485002
0.001282808063996098
0.0005627954693428362
-0.0014392362528705405
-0.004443028985410069
-0.0048762778613117815
-0.0019926888610561407
0.0006347369191246791
0.0003647193824243996
-0.0020104901040654557
-0.004568529653591246
-0.00554367598262087
-0.004508456077774021
-0.0027230948572526292
-0.0003468191354704561
0.00175223670921237
0.0011169920114742701
-0.0011317778123703652
-0.0018347343460212778
-0.0007367949802938936
0.0011746981776854122
0.003170642776254639
0.004164068946578533
0.003864196927007029
0.0028928170327698036
0.0016097579565161146
-0.00010121364998646863
-0.0014831570643737714
-0.0013362601989931177
0.0003574226565403978
0.0020931393468934063
0.0013520148209759562
-0.0012280934423992368
-0.002730604533776642
-0.002683598068899603
-0.0014875147096781434
0.0005418867612628114
0.002462140548445429
0.0037148761076984532
0.003367961338045553
0.0015661141655284776
0.00033995653581511074
0.0005682444384393772
0.0019467215933515474
0.0037782644530417976
0.00511370047313009
0.004939103247923052
0.0031780595180607284
0.0008847493636394866
-0.0011228993761765178
-0.0017468244625683548
-0.00016289653759780272
0.0024837962940520864
0.003514460875605411
0.0012565506487816687
-0.002683200657232811
-0.004467489727132762
-0.00270119714344908
-0.0003723105226798113
0.0011426031866744548
0.0025711884790318128
0.002381525957109873
0.00042440370551536223
-0.0009369484975561771
-0.0005206008393697316
0.001031557151287907
0.002332711848483255
0.0026260111227149044
0.0023918304667662794
0.001905478321609745
0.00044574752240152875
-0.0013878988070200552
-0.0021211931837101503
-0.0019024780361428897
-0.0014435696609415773
-0.0005859157960458635
0.00019147237355817724
-0.0008604781015542
-0.003081891897550316
-0.004095452397038535
-0.003565959626426891
-0.0020953512236477
-0.000373189457412524
0.0005242306647620717
0.00042893598551828306
-0.0002519818090151032
-0.0012358527477811898
-0.0017423422197241868
-0.001088703204253879
0.0003857713549468098
0.0017256633443959522
0.002126521174509437
0.0011062113187393667
-0.0010530862520815721
-0.0027541525963301118
-0.0026681959040270632
-0.0016333488260227944
-0.0005857671809982322
0.00040509154458012096
0.00047394825318794134
-0.0009268524738543383
-0.0028028984599384886
-0.0033654724920345012
-0.0014883744808932456
0.0007714102136175224
0.001437118540117346
0.0016286941962175845
0.0012305973181458848
0.00042308788216925594
0.00041771493746661255
0.00042148894764334853
0.0006320016937355214
0.0015239223215006107
0.0020650202390279076
0.002265036353314719
0.0019774476155593706
0.000352421332660996
-0.0010773016124219468
-0.0005964129030148044
0.00036102874494657806
0.0006265157934539438
0.0009942095195078667
0.001463686192489071
0.0006621976927735254
-0.0011029482772336955
-0.001653362587160965
-0.00045297663221051344
0.0015203093077561956
0.0028940995875283352
0.002653686090120616
0.001805941594612123
0.0013518841951509451
0.0010682874212460988
0.0009388586187858444
0.0011293727849282793
0.0016785244119766757
0.002126556756576223
0.0017311511176318457
0.0004729305755347745
-0.000856456873553583
-0.001515189599548015
-0.0011194903495883432
-0.0002923993392659994
-0.00019407660564712835
-0.0005802933895226572
-0.0006795639016719048
-0.0007267201752039693
-0.001294404619873322
-0.001970802925926622
-0.0013779848524481002
-5.567843418150318e-06
0.0005520159908803078
0.0005010562707637103
0.0002995297193005971
-3.347607386070365e-05
-0.00010873676181088145
8.45960972271597e-07
-0.00014526956090113005
9.45854576411525e-05
0.0009893742969503804
0.0014104891403707387
0.0006320973280440136
-0.001130707415056022
-0.002348661174485806
-0.0017443136785033446
-0.0007506872067866642
-0.000771053942918393
-0.0011994970050510892
-0.0015463755180664888
-0.0017695254200688487
-0.0021140942384610603
-0.0023702893895778923
-0.0015242374806697055
8.568132162615437e-05
0.000941418878082307
0.0003110981255659128
-0.0006010479230326001
-0.0005840979059862214
-0.0002531208548696207
4.437914251972443e-05
0.00035190166243896306
0.0004538800807959914
0.0008219137410134824
0.0013797358596525987
0.0012012840090356387
0.0005480103505727889
0.0003865956475720736
0.0008188023032468912
0.0012783180707907692
0.0010727720094921055
0.0003334485727321571
2.4654955007243833e-05
0.00017600641060644908
0.0001525314033869165
-0.00038001240066840285
-0.0007731723918400483
-0.0003276576918097026
1.8092255066527726e-05
-0.00040139918614869437
-0.00103935253857054
-0.0012275943171704197
-0.0010119776351463
-0.0008481171777081669
-0.0007667921583413889
-0.0005934147563004386
-1.6836657502375993e-05
0.0006295854978176786
0.00038234565706124116
-0.0008182369547272073
-0.0016141626749180183
-0.0007489434895941383
0.0007066939785052227
0.001300769079171182
0.001438779062291107
0.0017417187585893291
0.0022216602661507584
0.00250773063424256
0.002388657115652482
0.0023493194588919313
0.0027714074761039584
0.0030364347680063367
0.0023588087811760145
0.001394316083158324
0.001417715462293357
0.0021538841155116996
0.002407555785523009
0.0019112497531242885
0.001162110849184882
0.0005960464171361813
0.0003201501939740105
-7.734402722477572e-05
-0.0009013500495357716
-0.00160943791937641
-0.001687000454684154
-0.0014212142740831913
-0.0014422082211905222
-0.0018294328641004088
-0.0018520999854430564
-0.0015875492602044927
-0.0019031110283168069
-0.0026076386215283798
-0.002944480842471779
-0.0024079703070717037
-0.0013104091904276025
-0.0006993372956317059
-0.0008568254724378934
-0.0012175734620305098
-0.001267932745072733
-0.001221431874981206
-0.0015427272150571967
-0.002024196524660945
-0.002340049095609446
-0.002490056746880405
-0.002505873672541864
-0.0024587714054024666
-0.0024669337949935724
-0.0022300515935821355
-0.001595330729823823
-0.0012052711405140229
-0.0013757657135012834
-0.001424565973877269
-0.0006741267308494709
0.0002422904974488634
0.0005524190326174719
0.0006937809472162854
0.0010889243197279754
0.0018552591573596064
0.002684014477053082
0.0029349886156323575
0.002751420166084126
0.0026264491143004895
0.0025121682986171414
0.0021188692171859396
0.0018990574658063653
0.0023634035287767507
0.0028942193747925884
0.002768437710813993
0.0019736202680042487
0.0009769229892087946
0.0003703450341151963
0.00027407269929275054
0.00023251171625097796
-0.0002109702356030889
-0.0005572519341865881
-0.00016257970760249764
0.0003613456618352761
0.0004697645719248639
0.0005472026222107841
0.0006558527483861454
0.0005005671152392378
0.0002596017060845012
8.381602921749218e-05
-7.622399174765532e-05
9.703282918178362e-05
0.0007512463218209432
0.0012512332553519913
0.001338111893083149
0.0015228042958036953
0.0018167330748775088
0.0017453861855821194
0.0013124839483172558
0.0009528840130833339
0.0009497852504176776
0.001476788274793363
0.0022358445629039898
0.0025396882546060338
0.002293231661833408
0.0019733652796591517
0.001680572546158977
0.0010553872976069153
0.00036473551655001455
-6.94798355132946e-05
-0.0006250920825766171
-0.0012446856267412296
-0.0017354582865847055
-0.0022543887553575946
-0.0025351957287413776
-0.002422833555953912
-0.002460812462456671
-0.0029613356877382815
-0.0034032660669001315
-0.003488255225039855
-0.0034833732323138727
-0.0034619019707924797
-0.0032948714115494187
-0.0029001771874801042
-0.0023011153343183107
-0.0015505725899287762
-0.0009891361121130416
-0.0010267313177049575
-0.0015260896352540297
-0.0021123212964509457
-0.0024996915917571876
-0.0024301596541611782
-0.0018923530318041438
-0.0014384592480934076
-0.0015296421335293754
-0.0018040863085398244
