0.0
0.0
0.0
0.0
0.0
0.0
0.0
0.0
0.0
0.0
0.0
0.0
0.0
0.0
0.0
0.0
0.0
0.0
0.0
0.0
0.0
0.0
0.0
0.0
0.0
0.0
0.0
0.0
0.0
0.0
0.0
0.0
0.0
0.0
0.0
0.0
0.0
0.0
0.0
0.0
0.0
0.0
0.0
0.0
0.0
0.0
0.0
0.0
0.0
0.0
0.0
0.0
0.0
0.0
0.0
0.0
0.0
0.0
0.0
0.0
0.0
0.0
0.0
0.0
0.0
0.0
0.0
0.0
0.0
0.0
0.0
0.0
0.0
0.0
0.0
0.0
0.0
0.0
0.0
0.0
0.0
0.0
0.0
0.0
0.0
0.0
0.0
0.0
0.0
0.0
0.0
0.0
0.0
0.0
0.0
0.0
0.0
0.0
0.0
0.0
0.0
0.0
0.0
0.0
0.0
0.0
0.0
0.0
0.0
0.0
0.0
0.0
0.0
0.0
0.0
0.0
0.0
0.0
0.0
0.0
0.0
0.0
0.0
0.0
0.0
0.0
0.0
0.0
0.0
0.0
0.0
0.0
0.0
0.0
0.0
0.0
0.0
0.0
0.0
0.0
0.0
0.0
0.0
0.0
0.0
0.0
0.0
0.0
0.0
0.0
0.0
0.0
0.0
0.0
0.0
0.0
0.0
0.0
0.0
0.0
0.0
0.0
0.0
0.0
0.0
0.0
0.0
0.0
0.0
0.0
0.0
0.0
0.0
0.0
0.0
0.0
0.0
0.0
0.0
0.0
0.0
0.0
0.0
0.0
0.0
0.0
0.0
0.0
0.0
0.0
0.0
0.0
0.0
0.0
0.0
0.0
0.0
0.0
0.0
0.0
0.0
0.0
0.0
0.0
0.0
0.0
0.0
0.0
0.0
0.0
0.0
0.0
0.0
0.0
0.0
0.0
0.0
0.0
0.0
0.0
0.0
0.0
0.0
0.0
0.0
0.0
0.0
0.0
0.0
0.0
0.0
0.0
0.0
0.0
0.0
0.0
0.0
0.0
0.0
0.0
0.0
0.0
0.0
0.0
0.0
0.0
0.0
0.0
0.0
0.0
0.0
0.0
0.0
0.0
0.0
0.0
0.0
0.0
0.0
0.0
0.0
0.0
0.0
0.0
0.0
0.0
0.0
0.0
0.0
0.0
0.0
0.0
0.0
0.0
0.0
0.0
0.0
0.0
0.0
0.0
0.0
0.0
0.0
0.0
0.0
0.0
0.0
0.0
0.0
0.0
0.0
0.0
0.0
0.0
1.9882437904866557e-07
7.810101156259431e-07
1.2396232043450089e-06
1.0803687440601537e-06
7.376485669880468e-07
4.779308652706291e-07
1.7556332844605175e-07
-1.1126474214101593e-07
2.98174356896431e-06
1.243890772244097e-05
1.7406425932840856e-05
7.224078110712169e-06
-4.537208781771137e-06
-5.827863518317325e-06
-3.6893203777495082e-06
-2.6175110666996526e-06
-1.855621834521655e-06
-1.3841125462938677e-06
-1.3446328996711152e-06
-1.2571039100409365e-06
-9.052703506342109e-07
2.92304320558891e-06
1.3192368086240167e-05
2.608836917714038e-05
2.642916563433442e-05
1.2571716934778192e-05
1.4586943054590455e-05
4.7456454718743895e-05
6.264755265540768e-05
5.3292768149968916e-05
8.675594605285848e-05
0.0001533523979343242
0.00016060606179819266
0.00014403124279150826
0.0002423705470802682
0.0003572302473300812
0.00034366991701249795
0.00013515325574289138
-1.93509929935576e-05
5.021383350011683e-05
0.00019758482320736732
0.00032652440134553744
0.0003908559200133609
0.0003787604099848771
0.00047256349987894543
0.0005745887658347092
0.0005468018958884263
0.000516800452490751
0.0005045789786557206
0.0005745784653862893
0.0007127014564332698
0.0007378408063780131
0.0008963870822213839
0.0013756750513404814
0.001846471038133136
0.0017504486652393581
0.001454614203421154
0.001756874806196664
0.0021654159596261368
0.001706442800279961
0.0008279256587412577
0.000736041170442514
0.001374157383533591
0.0016528418771848043
0.0019193916237744014
0.0024542455456392433
0.002648286288985783
0.002355500618747746
0.002056315053593437
0.0022286567584608088
0.0025827235714363864
0.0030586538938235704
0.003265526206599756
0.0030085186632866343
0.0032986501662750274
0.003977930799396361
0.004211690343878637
0.004325354966549944
0.004379033985353511
0.004091041763832029
0.004086366931333871
0.004100402103341627
0.004720074877850576
0.005636729261216601
0.005361080639052897
0.0051889755321549635
0.006335823675223004
0.00734261655098545
0.007148775988637546
0.006145359610784121
0.005864383012921598
0.006962265129291382
0.007662346598856677
0.007500748233985382
0.007249498623225468
0.0069238224115277065
0.0070426429258541355
0.008120978763771696
0.008812499778803481
0.008382674341342608
0.008239376265837976
0.009542347825138837
0.010681882754162948
0.011071436262330514
0.0117184924768064
0.012779014104857404
0.013037300402409769
0.01259019100217767
0.012700791218126959
0.013783791059083485
0.015590612271167622
0.016305068008523774
0.0147364567080858
0.012875944102430866
0.012195652154910645
0.012808160879994783
0.015301981196505035
0.018408874174960444
0.01916956216695238
0.016630370772360504
0.014071043893022175
0.014798473026432453
0.017383638616595788
0.019592977254896442
0.02081253212018676
0.020415114900160347
0.018325045316802267
0.015824840099539494
0.015079951067062792
0.016466494977253485
0.01774331692841499
0.018242898083310047
0.018340380507799608
0.01876534358231013
0.019666282992977357
0.02105660970700674
0.022080527965838224
0.022155341097665548
0.023080160069371723
0.02403833420335222
0.024559544762039164
0.025378434078496576
0.02414363346328958
0.02150007150333386
0.01963257106117071
0.019448463090752915
0.02141356284565924
0.024332281288007403
0.026618638627851285
0.02747209444628455
0.0269630904515582
0.025295487749648574
0.023664882711230753
0.023973441897723
0.024956518606478385
0.02562615034541167
0.027946829219586262
0.031057638430461047
0.03219216983062154
0.030025625131726914
0.027349611999484744
0.028078006309533898
0.02990401572813051
0.02904384341558874
0.028706433490452873
0.03111851503054911
0.032509430740681446
0.029574219681204553
0.027776962153025997
0.03161873350585708
0.03455406389746345
0.03431827145572426
0.03349301396170648
0.03339628176728706
0.03508600868722255
0.03606210557236638
0.03529247403637468
0.03467898818093589
0.034319719912037715
0.033864127390980964
0.03342466498968192
0.03220027775760826
0.030256363947181498
0.02808151871389435
0.027224637889692937
0.029913717986611747
0.03353441863821175
0.0341388782958043
0.033232413033511224
0.03461862959240032
0.035967570150617495
0.03436754011960172
0.03250118289777479
0.033234855056137616
0.03476955733567783
0.03345754428659389
0.029889857936473193
0.026795278875546127
0.02696028745460851
0.030469625429127914
0.0337139923908624
0.03523605258251331
0.03267976422404886
0.024930307731492466
0.018926423183250357
0.02156186967124912
0.030376793456212508
0.036699786954714486
0.03677544206192578
0.03244857833174123
0.02653114802023032
0.023646028432577716
0.027910799984423876
0.03524605649455388
0.03741051365962091
0.035980234865127095
0.036836819618824374
0.03585354472890507
0.030205121735959847
0.028206657326941456
0.033878985932474195
0.040528464641793105
0.04177548366243938
0.04101406381163457
0.0389302907326645
0.03644161527894114
0.035255093955424574
0.03322786614818707
0.03449226158876735
0.041060420030475095
0.04651671134866993
0.04630516890752074
0.043048071183982434
0.037862314183665535
0.03371519617058011
0.03353611801699336
0.03614629724863187
0.03774118163779375
0.03523670364109089
0.03278558482931168
0.034185732231928175
0.036656859802456164
0.036056449689797355
0.029449715370102828
0.022024749440642567
0.02097099281574504
0.025312603797026094
0.03142268476745151
0.03381903354378248
0.03326671024555052
0.036405855500063304
0.038150837544079
0.03316732759450388
0.025429717276544174
0.0229387552966371
0.03174993096245896
0.040046970972817654
0.035760899262982426
0.030557337714796674
0.03347430175060018
0.036592448674135476
0.03412743066522566
0.030673898929881344
0.028904449455220423
0.027990542571013893
0.028985814850128504
0.03052623166751785
0.031136703384581035
0.029792435667228806
0.029672646602206247
0.033313630386716815
0.03742218869315087
0.03967753434701239
0.03762908399039183
0.03249466674939208
0.03000609221371085
0.030368822214174383
0.033382482892729805
0.037115822594474206
0.04073280744903263
0.045253707581790495
0.04567476828117296
0.04289696321426192
0.0431506209948808
0.04471760539743851
0.042166156707326014
0.03659626656612314
0.03174749644433624
0.029682753227274684
0.030918925365036428
0.03120851473875393
0.027474952089058077
0.024487074162208692
0.025822650746448687
0.030280575058754446
0.03583964213979464
0.03863296773187512
0.03778699829082593
0.03547580178803983
0.0344624732656637
0.03728486632883048
0.04264886865510003
0.04483488295798462
0.041135362088376363
0.038048782673608374
0.0360324644621582
0.03427391321500943
0.03725264773586979
0.0391601610956223
0.03612508543254849
0.038523286498883015
0.048473601634048874
0.052335581724097906
0.0455217580644916
0.037856412287832805
0.03277037798587528
0.029077270501392537
0.03172082006140361
0.03314706422764522
0.029784748057568446
0.030546406116046566
0.029165969534240336
0.018772962750226437
0.011719669079799553
0.015510795416489675
0.018234744029945654
0.017514348984643227
0.023008344676914063
0.0320186479386771
0.0374275905849352
0.03965072406277087
0.040212526528808114
0.03461153940784837
0.025009017316288035
0.023443338527839135
0.026954647100282034
0.02524403090380007
0.01883936789591189
0.01623276341905423
0.016706770747688702
0.011692172830522953
0.009252996900380929
0.014960070078374741
0.021686815260858947
0.029903546269182023
0.038083938371120216
0.03592222030448861
0.023919137902830366
0.012983218868341662
0.010182218490583721
0.015365759307476292
0.02005800860158554
0.022583045315208716
0.026685987247019725
0.019487156136109074
-0.007977742525962775
-0.029486538185608643
-0.019675997051457523
0.009358398460050946
0.033051312759972945
0.039936991650043795
0.031335927582320386
0.019551326535857026
0.01959870772123569
0.03199667382146981
0.03903248719310278
0.030353022464342006
0.0203322640466544
0.01621877881296011
0.012229344159044444
0.008730896831207135
0.006103112053845406
0.0039287281055755
0.011187665811228698
0.02649619710034257
0.03221673150031396
0.02114792578643393
0.009738480954752273
0.010876634171368206
0.009525719564751147
0.0002442270268159244
-0.0020501569173050926
0.004863306096046935
0.010066403976100854
0.007016426635786981
-0.0005270641877318247
-0.004168269176780846
-0.0038809749910508665
0.0027419513475647295
0.014490195743970903
0.012601725081497832
-0.0018540976588106502
-0.007527483479797485
-7.350185654940218e-05
0.004575303606220141
-0.004158395239797588
-0.01234922199956456
-0.014990314509325978
-0.021684930834685947
-0.028989690222405537
-0.030081348779746976
-0.018830256441896873
0.0013385796837865672
0.01728453317006693
0.015694030413047205
-0.005109272012915166
-0.02296402586157298
-0.027029171514366828
-0.024313002111972966
-0.013566341264345392
-0.0003282140121322647
0.005693773020673624
0.0018083866023779443
-0.009685523496948243
-0.01859538680389077
-0.016384822408799432
-0.002203724900307147
0.004216088308803942
-0.008850316699470067
-0.01868045012645778
-0.00925998779715022
0.004425697172471113
0.003369045012558712
-0.001164904869421448
-0.0005577418674523638
-0.006517891308470252
-0.01579669214985243
-0.025761873117171808
-0.031682022473279364
-0.02496336169169278
-0.01079331557926
0.004714461991065234
0.0034192719621964755
-0.019173854769680605
-0.03611568201639205
-0.03191249066371148
-0.02218004120562148
-0.02493722401831491
-0.03004946337483256
-0.03097190230743204
-0.03663395134625858
-0.04593202455867031
-0.05118652731509135
-0.0429265665008749
-0.017125631386823617
0.014462606397056633
0.028657896966937536
0.014357781888855812
-0.00802322841639875
-0.015045060332230548
-0.0049468465356152635
0.0030004652225188674
-0.009300782368345306
-0.027653342460346158
-0.034129830061766425
-0.03700245185484773
-0.04265982048902301
-0.03996358405784366
-0.031014782636099907
-0.02816375498666012
-0.02108773407432409
0.0023153245043793934
0.021878106814528574
0.013867210309808139
-0.0025404932048115484
-9.398288412412863e-05
0.012625085615699713
0.018175364945435517
0.014564537202677117
0.01294742449223771
0.02554091074231638
0.0433930315594707
0.050958433583961925
0.048348085338184854
0.04609884352091708
0.05237627401804165
0.05839892728219657
0.05256544019707041
0.04433512203179582
0.05482703347087977
0.08325303981209392
0.10046344096343227
0.08628146823347219
0.06381070106322226
0.06169346876719415
0.07412816518563796
0.07451975293383373
0.060402697454462015
0.05787835388485003
0.0753055486426021
0.09879472002612896
0.11164605440861036
0.10958211847390587
0.10214828661541708
0.09573660588178326
0.09832414150358383
0.11983834416653415
0.145759979554132
0.1582234399854461
0.16319125588280226
0.17170609284395635
0.17371875505982548
0.16340445931400646
0.1530799640351996
0.1475726090051075
0.14026147232802144
0.12526460300202416
0.11919518735732393
0.122792622068208
0.11924016589899894
0.11855057503656666
0.1279712757015123
0.13572316815974064
0.14012444231911236
0.14741935401648543
0.15888030851051435
0.16839886627908243
0.170528440605558
0.1733745933621698
0.17388138968992264
0.1673646199067016
0.15572579373642545
0.14679507466635455
0.15456800408671187
0.1772643272876556
0.19935534299384883
0.20602587198900305
0.20635331497070755
0.20936444096826795
0.1987139755079529
0.17606629845043598
0.1607610216430484
0.1624220266725051
0.17275228865636397
0.1558855157518207
0.10978639197580191
0.07603505512879967
0.07878173694921221
0.1140818917883612
0.14200776785430716
0.1314837164516135
0.10518732556509972
0.09620074956595533
0.10376054322888827
0.10849448543123745
0.10523417858735307
0.10175862539472068
0.10164221896768161
0.0985532602220534
0.08325402954104684
0.06811920778819754
0.06969190997912227
0.07596540809574517
0.06539686761767609
0.04035250887713729
0.022239984751794905
0.00544325337223457
-0.01979483761739305
-0.03162476484367598
-0.02039549292074565
-0.0014376996664155885
0.005617603409454433
-0.012637079636423167
-0.042447804199264846
-0.05449116313968532
-0.04537543051144867
-0.04270602770029281
-0.059069394097993506
-0.07346815523244196
-0.07330957697991504
-0.07373301643456205
-0.08931449826583543
-0.1041117041061621
-0.10785202259445592
-0.11270820933050488
-0.1097696937528508
-0.08731026939913615
-0.06329049953573056
-0.054432506035872845
-0.05898266046908677
-0.06841112832001248
-0.07304314625872181
-0.0711110675020394
-0.07807151634144888
-0.10479614499184318
-0.13775836403371694
-0.16109158771988924
-0.16651210488742005
-0.1550404913419408
-0.1417172561900723
-0.12616620221379107
-0.09901320125275098
-0.08163227548906415
-0.09521017091214398
-0.11495766061166314
-0.11763262972615865
-0.10927395819204923
-0.09042427638851172
-0.07960356262969978
-0.09371846291572312
-0.10391251361889936
-0.0921902607616287
-0.06605407989727512
-0.04390187662199195
-0.03457319946617359
-0.0172215344841699
0.005206682369764345
0.0115304054955178
-0.005296993102387886
-0.045603650462878155
-0.07491167872762511
-0.06381653744704885
-0.04336484004374104
-0.043773013426935944
-0.054832558197627446
-0.06587437910202674
-0.06982728578247156
-0.05330416283825691
-0.03522837304770606
-0.039778260919927644
-0.04653918850428755
-0.04032077970444591
-0.02996463602470224
-0.013672188838819582
0.007732820775836101
0.011910066692985529
1.0240224987883618e-05
0.011821912082006602
0.0397428820860278
0.028901636808324246
-0.015440186090172253
-0.029659291756206536
-0.0022729439815527127
0.02365217864680527
0.020361387556248233
-0.00806478780948519
-0.03471700783726577
-0.03462715911744311
-0.015345887569511251
-0.009742211727599414
-0.01569369980339492
-0.007334629000872255
0.009108601841797754
0.01280820000575505
0.006635090230696557
0.006144687005654148
0.01563076239209114
0.036111542803081785
0.04843000966224161
0.03398879434361773
0.011286645632842086
-0.0018041615163133192
-0.009528319239137932
-0.009512144628835997
0.009560500757660283
0.035393146727238825
0.05155767228095253
0.05088765763245877
0.030168542001871936
0.010526791115571024
0.008938349427090923
0.01449441700246687
0.014701047083072011
0.015328468210940967
0.02872383688550699
0.04804913159480296
0.04707678352390723
0.028080930679499492
0.0213609376609458
0.02235083342006971
0.013556477831826213
7.87783057698827e-06
-0.017104251537746303
-0.03838000150423305
-0.05198760328188362
-0.04821376534445546
-0.0427333388145258
-0.050122836076942005
-0.05551555014217928
-0.046887073820787814
-0.0218558511002084
0.0038982295898579785
0.012461159992069277
0.01969983147201793
0.03416019982881499
0.036845930140230625
0.016866486484799926
-0.008977902063246014
-0.02507790674615644
-0.039279648251637427
-0.05297412617954441
-0.06391842486307016
-0.07723306409832677
-0.06749576489295323
-0.024520534684579702
0.006791871736708992
-0.00127155893541294
-0.02967392141602614
-0.043169958526948854
-0.027756914547667325
-0.008953753414388522
-0.0159881106617671
-0.03162656159949413
-0.029808343940166345
-0.03095134782568988
-0.047573721478981076
-0.049404844315094454
-0.02499658501722954
0.0058209851938656855
0.01758314308536395
-1.2346931267629787e-05
-0.010458392264184942
0.007027129289883914
0.022270990426811996
0.016416142790950574
-0.010372466205952393
-0.029992025446791828
-0.016328715733159537
0.008634587636865714
0.018192890087565902
0.009270929321635016
0.0027806199248793864
0.014037492647315698
0.027836220260286756
0.017063466295829846
-0.006146842423639779
-0.004824510112735085
0.01880533709108153
0.040383101433260626
0.05419516146064441
0.07195221686124334
0.08688091646200505
0.0860560155804106
0.07430163061754268
0.04823259142007086
0.006592235326517416
-0.019804131795587612
-0.0055088212249512014
0.02686784927075988
0.0426294115690504
0.04420791735925781
0.04749493482044865
0.0537040831273355
0.06577302592579518
0.08465692581354656
0.09349084023836368
0.08642889102424932
0.07312349049496145
0.05056296046660611
0.030460556416662038
0.026522630916100676
0.0348396081178811
0.04203470534384923
0.025566444782646528
-0.003461368387432538
-0.010622987327028788
0.001002325660898914
0.0027420959349625535
0.005962523811942689
0.032732962425006396
0.055422937815582385
0.0510723751832248
0.02569673829275071
-0.010784863557463855
-0.02447190479539045
0.0026573309096169988
0.033932365339531166
0.031498689431600356
0.0028632702672619996
-0.014010620729674537
-0.012622209752286912
-0.01902970628636576
-0.028755175030638163
-0.021625872420870062
-0.003966657997846184
-0.005612669129408268
-0.03516676333197647
-0.0484636454401656
-0.020548028840776562
0.005569312838458027
-0.010646645325608531
-0.04024385690443448
-0.025212895752918983
0.017435448087868347
0.0009091763890104876
-0.06821873264883234
-0.0860514964153563
-0.03491862966153638
0.01334680341888904
0.017626125565209098
-6.407538958271035e-06
0.0015970805088619377
0.021020631339643586
0.016385948101873094
-0.026026642767716348
-0.06874737628953902
-0.07654891424160681
-0.06357317167144551
-0.05779190390500271
-0.04769560289156831
-0.02640769822004888
-0.002040936098561064
0.021860696154710115
0.01704275451852553
-0.015306395907598793
-0.03240563571516845
-0.03257880931997042
-0.030791104166563957
-0.010854334110935112
0.02317110303334216
0.026475521120430924
-0.014643452687233797
-0.04324902481346571
-0.024411438346261305
-0.00791698566982822
-0.011925115931515575
-0.007033044333105608
-0.0070141585727693445
-0.025103875214095368
-0.04078655637698613
-0.04274973525234877
-0.0426564896667191
-0.05176166088835141
-0.0609033448068278
-0.05676731109893354
-0.04374431927802428
-0.025137752904339
-0.001998741259994098
0.009489410789708741
-0.0007568375225663422
-0.01746483010741304
-0.024064798317283066
-0.021777519042800456
-0.021417750626353357
-0.031014842774007095
-0.04350696663193867
-0.04482372869600271
-0.035564047574777595
-0.02474580458820817
-0.01945086769563669
-0.006148766452175872
0.035590188036557384
0.06634907647810864
0.04813449243587455
0.0066375865616655405
-0.018837132614118325
-0.0033587855534887886
0.03158723496880796
0.0426091108010697
0.03024377426482727
0.015307155773874499
-0.004029106060825924
-0.029012129466149995
-0.05452437565870868
-0.0618853218808486
-0.02668915197475737
0.02412658772062191
0.046269137954313734
0.03760046368549143
0.031033459322284695
0.06151526508287277
0.10872030123245176
0.10608568941495393
0.05036196285081603
0.0065001749127199795
0.0027201763226144056
0.00793921012751234
0.0067468922227992565
0.023683104631006553
0.06053502920630537
0.0855888445257856
0.07842913602035136
0.04912832004135807
0.024550849548054463
0.030275020571710637
0.057192094692422486
0.058677765600213455
0.022502495819870596
-0.011484650070358664
-0.02394232329432451
-0.035460706522560725
-0.04394727578269461
-0.030782109025281973
-0.0030934111709546236
0.028406906379296274
0.041346819367017375
0.016616844869080823
-0.01334052355841711
-0.010860594363976097
0.010001181777689586
0.010816037685254158
-0.00950088047890255
-0.01602663185193584
-0.007142422882777306
-0.015921526363076696
-0.028766054245743997
-0.00613349150075277
0.03482050201027675
0.05159161611364447
0.03160207314481199
-0.003842975146302107
-0.03856590543745012
-0.07592240559455063
-0.10506387547444483
-0.10720146962947665
-0.08077014187871508
-0.04353489124473568
-0.027172880745485798
-0.043205336753334406
-0.05027139339529453
-0.026596324367507182
-0.007577355520831928
-0.017047118644316208
-0.036416690230623855
-0.037399971800036666
-0.019959599859150648
-0.004397405096020505
-0.001709653364120319
-0.016065931937426947
-0.038714961062712376
-0.038981825726636464
-0.014276254506055948
0.006450490803232088
0.006835721826607613
-0.0018742940235933403
-0.007551536407748707
-0.02288111489015168
-0.04750833319206286
-0.06960517002270226
-0.08387845022573634
-0.07655660279467585
-0.047759818396440216
-0.025357405426710538
-0.029191615544580263
-0.041125334818168824
-0.0355839416033391
-0.017877915726789755
-0.008789027263199372
-0.015271203004208247
-0.022745790318724427
-0.012526680222882051
0.0038975659388091515
0.005127862274403708
0.003116701508122863
0.005014867683574266
-0.004312596038828375
-0.01778363569264525
-0.017461874643899526
-0.0014852635858912811
0.02009244172772332
0.02372346525405481
-0.002002485372477225
-0.042886812508200846
-0.06860138588822265
-0.056106391914227734
-0.0321844778263997
-0.012473181464480468
0.019402784361303063
0.03921995632865673
0.023511732096189137
-0.0024267964098472574
-0.011082509335492766
-0.006755200224968017
-0.002406739963797503
-0.004529116139767262
-0.009036136126448706
-0.0010116083266535683
0.016500210627353858
0.016165092698142737
-0.007449922281567069
-0.02433933959327782
-0.017273529855858984
-0.0035854564250030825
-0.003194118753646448
-0.00977675702805697
-0.018138727750309613
-0.033328823762231584
-0.0434564389963648
-0.04008043574909564
-0.02808103712140811
-0.012499010378532138
-0.013253186539068956
-0.03514623472260539
-0.0487328401289031
-0.03606984307567006
-0.009467021399347108
0.012359932660549272
0.017369194119965948
0.0024312390935529054
-0.017469717946914348
-0.029050792320812348
-0.02879551238937299
-0.013177128447494
0.008103900571268178
0.020089888190436424
0.02041687636444308
0.011124213457149498
-0.003325830329142697
-0.014673812037296759
-0.020157475263656098
-0.01639095922401702
-0.005431676458795145
-0.002321030709088441
-0.009138317759833777
-0.011910499352851642
-0.0022534386918242905
0.009721730435003493
0.012103561907421926
0.01089952184071595
0.011545987444865827
0.02199728123335696
0.04307480375575928
0.05248187112547526
0.04199386867200005
0.02550490313727453
0.02048514720275182
0.03154018251593664
0.0406526972664201
0.03601127746778583
0.02984897023762817
0.02461199890211676
0.01954107560235397
0.027330385935141418
0.04463434434317733
0.05426226285510509
0.045566218112554104
0.022069287187607485
-0.006103150765574308
-0.01632949393366623
0.003724326169227926
0.023304438722708907
0.018729101574303582
0.006259014415318437
0.004596591831161962
0.009002624456920892
0.011842189999519873
0.01606620202585923
0.01884021932612196
0.015553515903689209
0.009038037026454324
0.005531625509917179
0.008265173229060995
0.008627680498059757
0.0016673271984709494
-0.002100661977210826
-0.0006933337096638863
-0.003602558805283189
-0.010836105179424982
-0.015772580106468904
-0.014486889569255215
-0.008482450212289043
0.0009402795461911234
0.006204411430530803
-0.0066609127161002275
-0.02244093921210885
-0.020425532274105165
-0.01113191443916925
-0.01120506780177767
-0.02083483984041546
-0.02236211505720133
-0.007205503234692144
0.00782904270458038
0.011558458749364212
0.009658342680355128
0.004557702822267031
-0.0023014413895277018
-0.004537428845277601
-0.000520204072473335
0.006207676318361929
0.01620219889766669
0.020287471460921556
0.007650880632755879
-0.008230930548636196
-0.012510082348047276
-0.004141003137513228
0.011930592890439283
0.024880950616770058
0.023733764681952978
0.0085041855925999
-0.0055847736289035025
-0.007535109034483737
-0.004186502280469605
-0.006966368979868224
-0.013808788189844264
-0.00899843364328045
0.0060450956773598664
0.017328351959915847
0.021518387049174952
0.014518589157057796
-8.4821373942844e-05
-0.00794310899705936
-0.00204217917712484
0.011165893659210016
0.016590599336796814
0.007737033949446538
-0.00505578822859307
-0.012712218446478463
-0.01381788153921166
-0.007836668174508475
-0.003358693554039086
-0.007088252389689676
-0.008784792908704646
-0.004729991812493644
-0.011743758891551515
-0.026777432784836852
-0.028319007799977515
-0.020441932394852605
-0.014468617840453057
-0.011526967844365505
-0.015023669283728214
-0.024800729016013635
-0.02777391064878783
-0.01681129755896075
-0.005832759952381637
-0.004535078715817035
-0.00683005379454479
-0.0075320984715178734
-0.010378060326203229
-0.017939730441379018
-0.021931826940676778
-0.0176254170367933
-0.012734036481859496
-0.012626631813385077
-0.010657897373729316
-0.006301303559730584
-0.007198534878975201
-0.008663992332745337
-0.009917351188767132
-0.013089918613541486
-0.0122918600253
-0.012315289465586007
-0.014044222088032368
-0.0059424625849401605
0.009451071009196697
0.0196233586149824
0.01829807368042301
0.0074953391912552896
-0.0001993801752448974
0.0026415394999531744
0.012570365164532563
0.025259257821828578
0.03210544066345453
0.027028531971027874
0.014849677587048249
0.0037433277870355763
-0.0005262199769477393
0.0005748759665282134
0.0007089710955747603
0.0020993700648219457
0.012766200051272271
0.030925611904671704
0.03895551582403045
0.030407386434039736
0.023134282977711546
0.022851266844907625
0.021994784000560482
0.019611910939377263
0.013202746935117615
0.0071524308908023256
0.013054496797226844
0.027815105672764125
0.037747856685886615
0.03636339874301093
0.02579368964917289
0.015867753879683023
0.017437294672920885
0.02593211244268306
0.027742533487067046
0.017872228389034267
0.003914199336964777
-0.0019400416987484699
-0.0010426246339622696
-0.0036340952243308637
-0.0046206457694560055
-6.976613677309648e-05
0.005152039716098698
0.013285976516322401
0.020518655605072454
0.021053828984778436
0.01720560791566866
0.011823235558291689
0.009291932317531088
0.011046857236631649
0.00905341849117345
0.0014119916387050591
-0.0032047234863253507
-0.002897369356462338
-0.0009602848909732701
-0.002317385383689239
-0.008225399043268937
-0.010750448626319893
-0.010829253120397108
-0.011195289539040082
-0.00741023495224143
-0.0059606240771798704
-0.009524908781885047
-0.01047695573203257
-0.008970609745182571
-0.008718896472299401
-0.010221907351067093
-0.012639849271544726
-0.012214927644279675
-0.0033385295544787
0.009192559563482715
0.016896862866684376
0.01824255687266805
0.015546244934591549
0.013467924313950174
0.009729404287183203
0.004453942750554372
0.002323951315912347
-0.00284139406149653
-0.012730993008256553
-0.015201839914235054
-0.008569647945761828
-0.0022010815436428236
0.0004794675726733379
-0.0012987974834198944
-0.0008213579456327851
0.007280291207029354
0.015049546483699524
0.016936185745492736
0.013428130007183075
0.008162133008820084
0.010569074246399935
0.02155880375647022
0.027718508388147392
0.025575201589512674
0.024410174677891226
0.024167223144881175
0.02007438627316401
0.018515914572055966
0.024246932072600213
0.02587008215008215
0.017942160454949497
0.014777180537054027
0.01806792226668969
0.011362023579025078
-0.00474807652327903
-0.013324926184244348
-0.011741981396248966
-0.006400338607775386
0.005813414988769141
0.020619210112910416
0.025177668220330997
0.017594765762061204
0.01026590878021444
0.012773602783737785
0.0158236711732049
0.01340862329388797
0.013239319255595612
0.017533997738636835
0.02208159002674099
0.020973068381752176
0.009446491788891743
-0.005846825099900595
-0.013854384530975164
-0.013889008461000963
-0.009510021295618516
-0.006605822354574413
-0.009231180201305842
-0.009726526882494249
-0.006857153846721038
-0.008439326597371727
-0.01248649679144221
-0.016293106351292858
-0.019352638220651724
-0.01745943225162376
-0.010506639520029934
-0.003323677305200766
0.002316119606222706
0.007484444368851697
0.012469481802589985
0.016208861013856043
0.011619713632762005
0.000246509004593731
-0.008134876655170256
-0.011040742507538674
-0.008315946588770003
-0.005468288331744059
-0.007581243507471415
-0.011843585689553748
-0.014236582203023037
-0.014032421689723783
-0.014318341587087863
-0.017553572536506284
-0.018547729480758526
-0.008750474901461663
0.005540776968472578
0.012270961198123192
0.00913153968285333
0.00045968759000957366
-0.001892976146848746
0.007163850633107782
0.015503851335929294
0.014385538621636268
0.010244243015894954
0.010713139626862978
0.016439763722442463
0.02320648418095754
0.021924398630978663
0.009241749565713756
-0.004294549635689482
-0.007880615320558908
-0.0024516071898242025
0.0012374185471513061
-0.001431988739346954
-0.0035188664899082336
-0.002945733826936169
-0.0003466445632650611
0.004495032799108602
0.007579289878737177
0.01012978501650046
0.014713204974839626
0.017030086183781292
0.017876747819477297
0.020719117589653713
0.021706524055736056
0.01932665192560736
0.014408727925461386
0.007347354211678613
0.0029374995361955932
0.003215458009548586
0.0035857127831808453
0.003280445591066653
0.006840729280753071
0.009796361367908471
0.0034972068090579522
-0.007072071625679501
-0.00956714790086245
-0.006233465077209294
-0.007800794252554531
-0.010500637467204102
-0.0058766385734866835
0.0009671054286968944
0.002621963198583577
0.003750820694051122
0.006587021905259819
0.007376063016478201
0.0071339587152058495
0.007079960998989848
0.008043020369009586
0.008374664876099983
0.004812095343552269
-0.000901528930694719
-0.004998448779748703
-0.007658303576740515
-0.010528121136961128
-0.014428076192317696
-0.01873830978951165
-0.019439129263639537
-0.015026674721646075
-0.008766912876525177
-0.004699576367022545
-0.002765436319778138
-0.002552888042491333
-0.004329205905756697
-0.003791118076037405
-0.003310712818187012
-0.00657012889821834
-0.006501911412269517
-0.0005631145019904632
0.0054570352721440354
0.0071200856330736004
0.003184245020819297
-0.003974657516522309
-0.008199967855669732
-0.005025757971395128
0.000801490512410162
0.0006414713962059242
-0.004811894670366249
-0.009246418854462538
-0.010885531671420728
-0.00995459198166068
-0.009177355187457988
-0.011096553366598065
-0.011296401886837087
-0.004908019643112809
0.004667532580264649
0.009676927907904654
0.009061393085461675
0.006991032417790749
0.006021847597436683
0.007227340010278277
0.008042977202090677
0.005506588071720232
0.004452436030812282
0.00624341649661812
0.004481553844516355
0.00035783337647314807
-0.0007739283247471558
0.0015767042807505406
0.0016856608947884413
-0.003228518739076363
-0.00490929109757033
-0.00048112552409128626
0.0026883288903246905
0.0017622545950825845
0.0004929062830984268
0.003189896689852486
0.007319003745865455
0.0060774693281619345
0.0023305175202543837
0.002150198897799475
0.005154511279636943
0.009456577024907153
0.011383450505181652
0.009323223100867495
0.006893242066314577
0.005785202590647397
0.004469142513506688
0.0004655627170263864
-0.005286753390994037
-0.008320090794803154
-0.008219442607068299
-0.006371641563991639
-0.00350694454980477
-0.0019379328954719738
-0.0017296611139709377
-0.0005934188281914537
-0.00041867242845844074
-0.002329342066992553
-0.0028277103050681433
-0.0013063957719305229
0.0007601424453006159
0.0026777041559934533
0.0034705569023485896
0.00252123698468498
0.00040740323774752753
-0.0026968532042206026
-0.004887986110789162
-0.0039040634100996957
-0.0038921790069522512
-0.0059126830352524955
-0.005360292721903344
-0.0038508081039158653
-0.005685053610205589
-0.008635209354626317
-0.009008769158014776
-0.009335501275166276
-0.011007463082214026
-0.010143531556934485
-0.005638575596760545
-0.0015728507979860143
-0.00047808006072090885
-0.001490102034973208
-0.002273765202080221
0.00011431239701229215
0.004387437882839171
0.0063532229203349545
0.0029964226673839306
-0.002945560065102173
-0.005475686793756407
-0.0047083387000148615
-0.004802160143375454
-0.0067602297081179735
-0.006959008544560173
-0.005283230230425939
-0.005139938866539068
-0.00564280111484001
-0.00414576858415894
-0.002552567839341185
-0.002761299695956088
-0.0020181991367237235
0.0014911827687466087
0.0059338518482650255
0.0063548085088738415
0.0025064975364278283
-0.00010163694925946576
0.0012207461338856198
0.004712033625320675
0.006439091254724466
0.005515382711424819
0.004658594891799312
0.004807379762511407
0.004132002742209513
0.002160612717029632
-0.0001342719356367914
-0.0022122036028039693
-0.0020363401668228934
0.0009440396605305357
0.0014846404852641019
-0.0022310268878197523
-0.004087966852624408
-0.0019493404451925926
0.0006117630811076401
0.0023914151553382675
0.004626279072467607
0.0077088658975529275
0.009610221456173691
0.008187321630991317
0.006051150299848305
0.005484985930531425
0.004185207799905941
0.0028355312056199244
0.0030018856821536597
0.0023782366326074553
0.0003278957567273881
-0.0018214332579729803
-0.003615127188989757
-0.005649335129277094
-0.00710629802895787
-0.005401863408644465
-0.0020177304730862127
-0.0004913384756136767
-0.001256176015222961
-0.002698910206712928
-0.003687457495406327
-0.004515897704885694
-0.0034290101160091885
0.0007011004344695866
0.003863837210572836
0.002888892013185783
0.00017797092703976424
-0.0009377197932285098
-0.0013133180826615195
-0.001265608314523922
0.0002081312046992637
0.00019985174325694562
-0.0026261748947954233
-0.004603734027605645
-0.005138960807606608
-0.007040409372908445
-0.009694660491854083
-0.010196424683923087
-0.007115028646913245
-0.0039165195250839575
-0.003537137782431623
-0.0038673060023911303
-0.004053907809993161
-0.00351169118369138
-0.0017467674078467037
0.00013718408116508577
0.0022436169153343794
0.004446425510562847
0.005433478049109546
0.0040473382490596645
0.0009780787630854892
-0.0014889845746935604
-0.001808795946161632
-0.0001262688784868
0.0013187235929414196
0.0004660944900008384
-0.0013426411099125449
-0.0023251683097782992
-0.0033374916817429413
-0.004030898869069076
-0.003340348298633208
-0.0016370150628887566
0.0008717527904179534
0.002350991670729324
0.0013436220551349522
-4.434295106035436e-05
0.0006744228833301513
0.0035537373058428653
0.006291814137739824
0.007049266712418587
0.007205849136070391
0.007596018726888537
0.006570204667417022
0.004237199678748691
0.002460581015736113
0.002116768504096001
0.002337263685736701
0.002296269499483234
0.002083821760508916
0.0010443857592643516
-0.0009437766874720323
-0.002363111003413074
-0.002771118571593576
-0.002521137975959939
-0.0004667289849597079
0.0025359472598433315
0.003431134411311484
0.002035250684307743
0.0005050185309002037
0.00042760259138122856
0.0022601557378315235
0.004837638559509315
0.0059329595646849765
0.005320865248789056
0.004114461154936594
0.002334438412579783
0.00016330919745170572
-0.001063759576009794
-0.0002933430152159717
0.0011950268211779528
0.0008463030841102664
-0.0016146710372985196
-0.004018894867426204
-0.005082703054542839
-0.005159254331469695
-0.0049383723169080015
-0.004174782712816982
-0.0027127938056886146
-0.00156353093837876
-0.0008847538523631822
-0.0008845325243727342
-0.0015797016081608016
-0.0013504216583919016
0.00022554768632126416
0.0015665825893243655
0.0018233194495259665
0.001130617257985705
-0.0001564397994965336
-0.0014090004766719926
-0.002526043630082606
-0.0030446656548224747
-0.002721011553412134
-0.002477638073091509
-0.0022831688681145775
-0.0019008256918327656
-0.002975082388656207
-0.00542032403311874
-0.005953223032710546
-0.0039289766070201545
-0.0018985984472994029
-0.0005576477113912995
0.0005813061954922894
0.0009114159126323577
0.00010356322420908362
-0.0010370901352432713
-0.0004363577138142023
0.0024448099988631147
0.004667022354028243
0.0044384052264826515
0.0035257431629919225
0.002836531710339325
0.001645039142079545
0.001055797808316449
0.0015338746955307373
0.0018279268618710423
0.0019240544123451655
0.0018582441560589175
0.001196729113779206
0.00016908920136691412
-0.0007392395651140904
-0.0006013728762779693
0.0010822926753389752
0.0031349944997346836
0.004528202299594232
0.004898477553324631
0.004317177059221559
0.003687868274965368
0.0032817131547788606
0.0035621892901612226
0.0047989083193325345
0.005976172214946179
0.0060191937884124195
0.004635421720542913
0.002987355279037199
0.0018272886616850137
0.0010858093136482336
0.0012193408148272512
0.001899800451869809
0.0017523001279143744
0.0007788502054920766
1.7475428787064606e-05
-0.0008967874160914703
-0.0020815755285135944
-0.002031176374758976
-0.0006248423715902964
0.0004938900215248561
0.0009401629433807324
0.0008391524090122547
6.409091754373888e-05
-0.0005274644238175129
-0.00029018789065727495
0.000527273561766012
0.0015087131040230361
0.0016034918930938865
0.0006526366691671396
2.1902735033253635e-05
-0.000644363887979295
-0.002121919712949065
-0.003290074759690226
-0.0031371226758344344
-0.002468457639893802
-0.0024874983516671827
-0.0029717839300180747
-0.0032743516287502476
-0.003418593593610617
-0.0036388415877357527
-0.0034442700793328456
-0.0019231410291629786
0.00021139565840899734
0.0010325391165862052
0.0007303775503756391
0.00038479415867798806
-5.975195212347125e-06
0.00020410619492615577
0.001268554968704401
0.00225840044594459
0.0027398049067043403
0.0025712068679989764
0.0019035196781937154
0.0012791313403873314
0.000810390015874152
0.0005872162493817975
0.0009171645513725086
0.0016069030250347777
0.0017602132073453352
0.0007543900729022229
-0.000511011186906544
-0.0009361004875286799
-0.0008338795499781164
-0.0005089147566891583
