0.0
0.0
0.0
0.0
0.0
0.0
0.0
0.0
0.0
0.0
0.0
0.0
0.0
0.0
0.0
0.0
0.0
0.0
0.0
0.0
0.0
0.0
0.0
0.0
0.0
0.0
0.0
0.0
0.0
0.0
0.0
0.0
0.0
0.0
0.0
0.0
0.0
0.0
0.0
0.0
0.0
0.0
0.0
0.0
0.0
0.0
0.0
0.0
0.0
0.0
0.0
0.0
0.0
0.0
0.0
0.0
0.0
0.0
0.0
0.0
0.0
0.0
0.0
0.0
0.0
0.0
0.0
0.0
0.0
0.0
0.0
0.0
0.0
0.0
0.0
0.0
0.0
0.0
0.0
0.0
0.0
0.0
0.0
0.0
0.0
0.0
0.0
0.0
0.0
0.0
0.0
0.0
0.0
0.0
0.0
0.0
0.0
0.0
0.0
0.0
0.0
0.0
0.0
0.0
0.0
0.0
0.0
0.0
0.0
0.0
0.0
0.0
0.0
0.0
0.0
0.0
0.0
0.0
0.0
0.0
0.0
0.0
0.0
0.0
0.0
0.0
0.0
0.0
0.0
0.0
0.0
0.0
0.0
0.0
0.0
0.0
0.0
0.0
0.0
0.0
0.0
0.0
0.0
0.0
0.0
0.0
0.0
0.0
0.0
0.0
0.0
0.0
0.0
0.0
0.0
0.0
0.0
0.0
0.0
0.0
0.0
0.0
0.0
0.0
0.0
0.0
0.0
0.0
0.0
0.0
0.0
0.0
0.0
0.0
0.0
0.0
0.0
0.0
0.0
0.0
0.0
0.0
0.0
0.0
0.0
0.0
0.0
0.0
0.0
0.0
0.0
0.0
0.0
0.0
0.0
0.0
0.0
0.0
0.0
0.0
0.0
0.0
0.0
0.0
0.0
0.0
0.0
0.0
0.0
0.0
0.0
0.0
0.0
0.0
0.0
-6.250231570023756e-07
-1.851237644443868e-06
2.6977066991737013e-05
5.557639491334038e-05
2.0897911536169184e-05
-1.6264543092371065e-05
-1.5436692969914103e-05
-9.218124339655387e-06
1.9567296299186034e-05
6.0075900751987e-05
0.00012720102616587789
0.00019018169410331537
0.00021601108846101727
0.0002490239733514567
0.00017564068046643867
0.00017240111862295662
0.0003740562884534899
0.00033981976825286486
0.00013345072991460038
0.00018806025482536384
0.0002831558372926968
8.965722809083176e-05
4.103276327974714e-06
0.00023349410860351577
0.00033858892262798645
0.0007325046301053569
0.0019524034501896897
0.0033978359448632333
0.004427428714007279
0.0045824505369439494
0.00394381967472891
0.0033016628077444233
0.0023983116383684638
0.0003001247113794375
-0.000782788667835476
0.000326979131610185
-0.000479682736255033
-0.003008683184317025
-0.0031611931283724187
-0.0026406298005355365
-0.004105321732919594
-0.004937463733049464
-0.005806205297771885
-0.006374105192142045
-0.0065139800014651
-0.006381399224715746
-0.006154407266823499
-0.0059208139412935245
-0.005554364795164993
-0.005794227952593931
-0.0061830699075079345
-0.00665295799135812
-0.007697868990495868
-0.008398997205970867
-0.009701253244516634
-0.01108405154367162
-0.011745542585008154
-0.011179345240707088
-0.011456812834203613
-0.012149065343879452
-0.011691575881830275
-0.012032238843315309
-0.013253985076248373
-0.013688453556222445
-0.013210406292570285
-0.011879180876445546
-0.010116537606611504
-0.009498906984467863
-0.008627483198725364
-0.0061419157742641705
-0.004941420664468301
-0.005817069649365048
-0.005527864022047243
-0.004275512724260355
-0.0046623863051339556
-0.004351344258595003
-0.0024270323820663286
-0.000892556095162752
-0.0005267335519390987
-0.001155957157176882
-0.0018237723935571983
-0.0020867756133827204
-0.0027846853603443805
-0.004010224906702212
-0.004066544919854287
-0.0037994135008447816
-0.0034095510696072326
-0.002533177078596587
-0.0033502527466663366
-0.005613653081838119
-0.005645651024340714
-0.004400855869106149
-0.00414897743702389
-0.003989407008326856
-0.004697065837308164
-0.006364677899824669
-0.006817018893899318
-0.0056287764825088205
-0.005554563883720404
-0.007867629213166288
-0.008453742293755485
-0.004399217492421538
-0.0008648028207977741
-0.001739157925866251
-0.0021600660674120117
-0.0001524363844803573
0.0008704780167915551
-0.00020420468771983977
0.0018152420059040842
0.0039648355897342995
0.0006077960238816957
-0.0030942184004489524
-0.0005362242773934824
0.002286018395081107
-0.00013974964008468113
-0.0008628360032151473
0.00033525098483433647
-0.00025762966304161385
-0.0008907994416375248
-0.0009985562073315476
-0.0009141359485527429
0.00013355006487046072
0.0019084827336976538
0.0022728090680343253
0.0014024646454121326
0.0009738383958571048
-0.0008498162049318548
-0.0025409705291172123
-0.004394213468811242
-0.00700286077302508
-0.004549645923264751
-0.0013917983568763372
-0.001934507254002152
-0.0076913151272009084
-0.011659430947808833
-0.010238561822637568
-0.009498206616037935
-0.01073220768991431
-0.010733630293079484
-0.012048367518483644
-0.01727152132127053
-0.018221805806106613
-0.013864143764337991
-0.012910586407990343
-0.016479464421918343
-0.021731728949461824
-0.020504150816713952
-0.015302198285317174
-0.015705722611559888
-0.014999965507534132
-0.007106200212865088
-0.006458358759136645
-0.01412387268219303
-0.01705804720954
-0.01879081064438929
-0.020189615666606826
-0.020055338231960092
-0.0215174807835427
-0.022367982394730052
-0.01900767399606445
-0.009860458582885768
0.0014640599342831526
0.008407889474076934
0.010815799448994195
0.015760203692428365
0.017543841742979068
0.011846033590923656
0.015098536766146203
0.017188427394955335
0.0014472277226546708
-0.012288128236354575
-0.006574234852258013
0.011754828441523835
0.027584757128358464
0.029405441007193396
0.015696629659529407
0.0015853457279303626
0.003325654953312428
0.010124323065617362
0.0004753860352394668
-0.017021760764836677
-0.022797886580787317
-0.025923391964686317
-0.03250153369302034
-0.023230870322662456
-0.004829998206544166
-0.004502304886148127
-0.016177938281357027
-0.022929089624380068
-0.03050063129797054
-0.036704468441768216
-0.028085412123164073
-0.011152391426273773
-0.00043872081210017517
0.006262176575455559
0.014658261548224149
0.01626904434308353
0.01606380277281379
0.019858604372175022
0.012508489021241362
-0.0017312918536348206
-0.0016366532954170698
0.006660947006869315
0.009929455056850561
0.015611294017583625
0.030994670215337434
0.044219264333375634
0.04725618953809194
0.0458236501011257
0.0369123100356007
0.024866620736462
0.014297120944941755
0.009063458602769239
0.016265407840918542
0.020719377030237664
0.01689695094015955
0.01299279590636189
0.013466097867124079
0.03235397051016676
0.05496328745371182
0.0412902344538071
0.013480196416743766
0.012594105728802934
0.03258970077528454
0.0533130507005544
0.04578917105762023
0.02613240715525886
0.01790590101683743
0.012473850836616219
0.02563781943955253
0.04206926409639589
0.04831872258721249
0.05079151790133193
0.028886259930756122
0.00623116427368092
0.014631642452990876
0.024210786171620695
0.011782928187329733
0.002787096406424685
0.005545339452129217
0.0016556811052251647
0.0017778898999822987
0.005099175664788445
-0.007234833682874588
-0.019231385606845074
-0.021375659369597056
-0.027880122482383838
-0.028443929835023498
-0.022668213374920865
-0.017754660463654735
-0.005502151148237233
0.005464179084071256
0.014624106885154822
0.020773441456450357
0.017291687608116686
0.012377961707438871
0.0056430198585407446
0.00875103284644312
0.033535151004100226
0.043485567287500054
0.029030644954562954
0.03179815307599095
0.049681725759377425
0.06148206446623244
0.056936936286401424
0.04071845504652022
0.04387465109306384
0.04254243549815441
0.007683271108947307
-0.005410050651977459
0.02486653885595491
0.038713407097724896
0.026010017120539606
0.03490127581903877
0.054566129446174234
0.054894049926642936
0.036183484424987596
0.001283404231986838
-0.01358417849414019
0.010340847692382289
0.03330321312630434
0.021095124073204536
0.001659371171022874
0.012133595773862674
0.01688339116077833
-0.01104836393101912
-0.03245541991776857
-0.03183203627693923
-0.022838386165144938
-0.024000242900288554
-0.04435379413116003
-0.03663302002232481
-0.0010425572701951197
0.008301800823318647
0.010169201344324247
0.034925161534907156
0.05302030707234829
0.05770854867924613
0.07179366508036608
0.08159655870347877
0.07907637539699464
0.07362060551436886
0.07944518638440454
0.0867374456215726
0.06362353311451757
0.04603005693114358
0.061767515765545095
0.07335115307405371
0.06499287809633304
0.058101179186833635
0.03913314850893372
-0.0093212247732876
-0.04256806060587952
-0.04163820714841949
-0.022657225884038918
-0.0031628680585166864
-0.004543178938938558
-0.014392739065765622
-0.02086408165913119
-0.02025819546863045
-0.015207352883425299
-0.021170500149460227
-0.02927980484285105
-0.03558643849596443
-0.0388040141134439
-0.03748432504097399
-0.05430108264329468
-0.07806550626933986
-0.05879146742317724
-0.025421368649317343
-0.043271021029850885
-0.07368348291078824
-0.07049929650521926
-0.059041915456983805
-0.059387992109091486
-0.041301739061377775
-0.006667820889093436
-0.010227345642278863
-0.024409482909534562
-0.00828436018710567
0.0026166730172524186
0.010921935382590484
0.03788854553291351
0.03815538840568412
-0.007379013720280348
-0.03625888688972267
-0.011529999657967797
0.017533212427296208
0.015405862308795312
0.03006986734494011
0.04278585306246463
-0.005412132814550898
-0.03719393887289222
-0.017506298068342533
-0.011801213258411864
-0.03940249435779901
-0.06096417196438196
-0.050783299420620334
-0.042997131974257495
-0.02565253585426142
0.01901132473475165
0.02227479086655223
-0.00889683495956353
0.0034596297837081445
0.01834421670976711
-0.0031602748626132966
-0.018046464784508283
-0.017540504942889282
-0.009618566724090102
-0.0076887037924887
-0.01383673454530105
0.007931570777831739
0.04383205509069576
0.06399271342711359
0.0731877119393125
0.05263621327205787
0.019549308148345334
0.025010986448145377
0.04715823178870501
0.039405521215588594
0.029831624186702845
0.06657824692482027
0.1062777055138692
0.08532034694094168
0.030080631393492818
0.0038098608403136767
0.04347996645575535
0.10001615908548572
0.09122278499370165
0.028710095803818825
-0.009025293636096669
0.01008624547109381
0.021252716666489826
-0.0259861581446774
-0.06456914016228349
-0.041708665932763477
-0.018222402454682818
-0.031174422223254002
-0.04154632168568692
-0.03517156241449726
-0.0319965340534374
-0.03323728193786036
-0.02904226282257799
-0.02093397459395443
-0.02984269333636699
-0.04322954466651238
-0.03708908977582659
-0.03401145511512998
-0.02560257781863806
-0.0028944123365979217
0.012429991060563797
0.012182476360816421
0.005877223107364421
0.011580846070424346
0.007597481049004889
-0.009759890485195042
-0.013334789874994549
-0.012778863003240618
-0.014049619726723406
-0.013496609958684862
-0.01541474925904016
-0.011293935527402188
0.001249535484297576
0.006494975079098165
-0.004238072434688437
-0.007711423261138611
0.014593729702515533
0.0316316211407956
0.020169112724015996
-0.0009474963761217013
-0.013780177927536264
-0.006364713080575345
0.005933566462190186
-0.017775164902015445
-0.04999877744121457
-0.045734844483049195
-0.03877109216342709
-0.032507170846875336
-0.00903988915400532
-0.01194758533518892
-0.030833724554259503
-0.026234214609619493
-0.011103279816863425
0.0018288566116511514
0.013229653414030143
0.01409691013450478
-0.010719868744518806
-0.03895322860809988
-0.04976097474738693
-0.04508104981009215
-0.022393950807602037
-0.005038556304480003
0.0008240670469391613
-0.0007184234341483972
-0.03136411383935368
-0.05789716277680518
-0.03612050679396554
-0.009151587409848352
-0.008014336666457081
-0.020806603984306463
-0.05056275918267581
-0.06951999637588559
-0.06853960614291693
-0.07961599915146987
-0.07837506588992726
-0.04670547191101656
-0.023261764657309867
-0.012645655172136032
-0.011112300907560027
-0.025684915538911408
-0.031139075559692968
-0.023943845715530942
-0.020449717077740022
-0.03119137784593379
-0.03987980195490566
-0.010066627875427111
0.02949120292213527
0.04136788051748269
0.02363444339024786
8.900412035520718e-05
0.0029351266568588396
0.013797283044106785
0.005576537292779256
-0.014548453351483135
-0.02078107443135224
-0.009089894379130724
0.0016150408499784152
0.0024982292352388417
0.005002015543694679
0.0061158339440025855
-0.0034826958395474195
-0.002173588807922394
-0.002102732668934588
-0.018235431903377425
-0.01727163046816318
0.002825772888622731
0.0050101306022304415
-0.004007637055324204
-0.007223041475914332
-0.014815268603506225
-0.009505820385743966
0.0024094029342120135
0.013717323243441151
0.026507184663016787
0.027846574091008287
0.022045630986115394
-0.004542239977207035
-0.03644052306533009
-0.02787902533405073
0.020979439841638078
0.042800555969731084
0.019193241411740395
-0.011043788484835695
-0.03785908388922405
-0.014319304550539137
0.04029842691062378
0.05391958934519404
0.03574140991435935
0.016203242574127554
0.030310031395900973
0.0640555472995977
0.061775423980936675
0.03539196211230501
0.02832984015346731
0.027693121942514436
0.01059488629599336
0.003144700942251903
0.008131929926316521
0.021873436673944712
0.03145547674056756
0.0027702662549145044
-0.015820898854499315
0.0075641932543627855
0.017624897354283815
0.004968726791781268
-0.006046820575281225
-0.0037701138434909865
0.019273696131659777
0.03335520958335509
0.026475464271051786
0.018948624665298494
0.0130453613566257
-0.012030350027831906
-0.04354186321690701
-0.030735198035655296
0.006940160625325087
0.013962454672360078
-0.017823720997486518
-0.030281411603066452
0.01265145408596043
0.03182337842950742
0.003969796424085468
-0.004590737534674001
-0.007906304787040836
-0.025587357868178215
-0.01430540967205172
-0.004238590105254112
-0.01658406367524231
-0.010534387548051471
-0.0061498548602754895
0.0018064435948544554
0.03125812567726656
0.04718723231214555
0.03844992122106296
0.01831695356878287
0.014050652061245799
0.03407293473346127
0.03513434794735752
0.011948538037880615
-0.003397741841005835
-0.0056528345270391005
-0.001053718877276592
-0.020023802680569223
-0.04831732224386222
-0.03846865484387666
-0.022189580106883964
-0.030124361909329725
-0.034069874765163675
-0.014196979020083347
-0.003609802269354645
-0.019876710625106476
-0.031235462924475047
-0.04352834199665066
-0.05172792102096638
-0.028113296077902347
-0.01553931796066563
-0.028198910340253305
-0.022132126843038193
-0.0073371962700591545
-0.00941846431513549
-0.0203520466996736
-0.022706893173477575
-0.02735227415513552
-0.0396476584608008
-0.028236876948864308
-0.009848907280078686
-0.018490372010990793
-0.02650354050138295
-0.02208205366327506
-0.025125324032380967
-0.0026361468440596553
0.04060382966942251
0.05000034061901958
0.032083493821706124
0.00966860994183637
-0.0013334848009124098
0.003988461732150824
0.013079085454558909
0.018643195147375828
0.018301880505497747
0.007077822006095015
-0.011977000632925812
-0.025905640710210846
-0.025803057932977328
-0.012398447707821728
-0.0008706719238476605
0.0003409881672789359
-0.010030574670384155
-0.01719920932417226
-0.003033006958207125
0.00517391373928173
-0.011516067132992075
-0.02340362383091403
-0.009877194561132084
0.014130689018244469
0.019449404924854634
0.003875588193482338
-0.01412826055334044
-0.015236726600484028
0.009659353533121348
0.028553600736692334
0.027093048906775233
0.030399283414051483
0.034696833138011314
0.02495821454688966
0.008112173894622009
-0.002121197855884839
0.003097567524661172
0.006034530502727756
-0.0022866743807209602
-0.006126943373391384
-0.006116919096500074
0.0018958765787937648
0.013139668706034745
0.005953337603016139
0.0005932365336686324
0.016745025926823327
0.02353348177533065
0.012978732436779503
0.002400155418658615
-0.004362238448629832
-0.0004933634773396892
0.010977107497113534
0.014778957982940898
0.007670353356426549
0.004696375403448801
-0.0005348159891326195
-0.013345506243839728
-0.014470639333949585
-0.007775248195400808
-0.007537709015685287
-0.012623425847287179
-0.01717092804691464
-0.016930673583740678
-0.008355095863303274
-0.005471756659300836
-0.014515843305339289
-0.024634649067360938
-0.022729353301321854
-0.007986690513002877
-0.0036825042239444225
-0.0028491461317621744
0.004718008591585404
0.0015800888391105427
-0.009084790439656668
-0.011735893844362437
-0.008345253741045992
-0.005956248660246888
-0.0031773564554879495
-0.006910447409796229
-0.01662456727799339
-0.015559512330985271
-0.008717810152350283
-0.013022701696810923
-0.02157903777628572
-0.019876149602643795
-0.01071108279472828
-0.0010017551428515216
0.0003758606070435418
-0.004777025213353243
-0.0029534717770196826
0.0020054805501570714
0.005108487460787197
0.004166237288808298
0.0001297391713575984
-0.0004662911793393052
-0.0016931110423496025
-0.0035304340067177182
0.0007031036351426628
0.00317582514752364
-0.00045269719859765493
-0.0027340431114151837
-0.008890634368178258
-0.010697483802027995
0.0020263395301524092
0.007776344262799141
0.00022018397133130406
-0.0014578399856601308
0.006711826874425841
0.009884593117373884
0.006142535670015879
0.008544650813314632
0.015964197673196037
0.017911011200962182
0.015865310025578182
0.014638311707953945
0.015404210198377873
0.020947810243270984
0.022901993195159346
0.015411571905971392
0.01340218893956542
0.021756840935456084
0.02298441452256801
0.010257763770557819
0.0028330361222709192
0.010543583572866869
0.01510917155030855
0.012363648107066461
0.013844591078151515
0.013712796532556148
0.01151450103228856
0.015548425441553547
0.017410277791443964
0.012357592245756938
0.011734697893315696
0.017325891572860398
0.01788386393724995
0.011988893559037048
0.005387661670464625
0.0022067189776226437
0.00012076157573831536
-0.002708033900599143
-0.0004729740026329161
0.00287585121552562
0.0023635385033978166
0.0009203377257090214
-0.0006339465381612257
-0.006215001420203272
-0.008103061805536186
0.0038882664167013354
0.01277550038547914
0.005661310419458347
-0.00642412139899295
-0.008612098847441166
0.0017916456177204524
0.008948593527386237
0.004666387302990388
-0.00011487117123416676
-0.00014883693724364395
-0.00020780688977579197
-0.004706761967285617
-0.011525442257146912
-0.00789412963098039
0.001034674234278977
-0.000671158794329191
-0.006602482203864101
-0.009645400073465852
-0.0099643781199373
-0.006186618566870309
-0.0004939094312968491
-0.0018639839133668932
-0.010561821093048093
-0.011150951979493838
-0.005456395256832051
-0.006450315938048001
-0.005636912381063944
0.00037314908068265893
0.001830571224938473
-0.00010283881073189917
-0.002114066735514076
-0.0043608227722604235
-0.004932288324327155
-0.0025407068492177246
-0.002354208524902624
-0.003042281166159879
-0.0014574859406130134
-0.0025974980009899748
-0.00589591801393483
-0.006289228754633601
-0.003703280182519914
-0.003071885905308317
-0.0036543704671689195
-0.00308694433065012
-0.0024329392147447587
0.0009684739247801685
0.007982231147645059
0.009242663665223555
0.0017095911000777127
-0.0008063252124133953
0.003607195034802479
0.0039292623014506286
0.0003945681708064017
-0.004241354879199068
-0.007912952200575878
-0.007564027008607152
-0.0071867279375375705
-0.00821360933074568
-0.0030922163644515914
0.006048841261272381
0.007316760508351299
0.00198944140424459
-0.0006756708858678303
0.0024500611885646868
0.005122111963120946
0.0026810647512353924
0.0014724698484716798
0.003639683410369528
0.0055555462137067725
0.005715436098159647
0.003408699875436694
0.003004398536034366
0.007268845894048956
0.01038931231420925
0.013292590762978833
0.01699294255814889
0.01355694408795069
0.006202902821412801
0.002138275357213007
0.00231935243192178
0.003587933030998157
0.003135123174954694
0.004165338955556664
0.003640721127579539
0.0018530330132506402
0.0031017862231992425
0.0032276813622481517
0.003569430984935863
0.008128483861187643
0.013764527597039711
0.015603284833122687
0.013537946308938186
0.010449472206499446
0.007527349641360108
0.0053776533815478094
0.0027379313298404448
0.0013169485166070025
0.002555496852266829
0.002390653190653083
0.0005312051227428408
0.0001615479977211423
0.0018017991628998806
0.003404026580238483
0.004161927347867228
0.005072020329437228
0.006814195685246132
0.007810437809976926
0.004245737643673412
-0.0032592434073254843
-0.009389151433875476
-0.009559890389501523
-0.004255932420317704
0.0020130666648626185
0.006261620515024713
0.005586685150913359
0.0003105622385521224
-0.00293349041669374
-0.0011206835776979974
0.0018293230557437834
0.00416014680753734
0.004081947585027117
-0.001832049464670123
-0.00919711785192096
-0.012608327137630305
-0.013457763191803309
-0.01082166346511723
-0.005228210214866199
-0.0028852693899750655
-0.004408472298768317
-0.005612349228669476
-0.00505548488843148
-0.0034757540564870413
-0.0017453208774867344
-0.001608155205746362
-0.0018465449565542385
0.00041072551351454336
0.002192187596142743
-0.0005546839653043761
-0.006394507223563424
-0.009220957094912269
-0.005341376261884558
-0.000952281247783731
-0.0010553719974902209
-0.0008682027585457322
0.0008628196721508557
0.0013738020006775974
4.6606275596283866e-05
-0.0038303117278572535
-0.00550331446767805
-0.0017738968989414686
0.0005097612426656138
-0.0021142735171159614
-0.0055705264172628615
-0.006252309736155813
-0.004216796700063139
-0.002975933367014569
-0.0018861735129547432
0.0016164721618626202
0.005365644510643242
0.007217849776212946
0.005033622473934242
-0.00017931543680611915
-0.0016635007380870468
0.0013631687861121726
0.00279487876548038
0.0006939104491594544
-0.0026201639027435024
-0.0034268445941069235
-0.0019115084496378642
-0.001324530040060921
-0.00019631030639802346
0.0019764278022224527
0.002828398412871046
0.0031419971389223325
0.0029768389075335703
0.0017226459060911221
0.001981243796071469
0.002886498512629622
0.0011336452241809216
-0.00048531385211593263
0.0017733404538859355
0.005231073875242935
0.006110356251998123
0.004571295842163042
0.0016824425961441177
0.0007514108580133375
0.003665594581313515
0.005368698564132505
0.003774850978889335
0.002568650292549136
0.0036161249552690853
0.0024183844969901214
-0.0023881128021232215
-0.003157158430216953
0.00023353319025310384
0.0013238099713175151
0.0004982142795699233
-0.00014465080565019997
0.00037805734526124955
0.00224612220789283
0.0024417830656662137
0.0018630631423859094
0.003511990077706222
0.0049469957254443765
0.0044897772566670395
0.003555864123132862
0.001735076996414897
-0.0009244875421184764
-0.0024109755135219846
-0.0014588249091408037
0.0012502379624396594
0.0028310604640632846
0.0012298693254178313
-0.00043274138123458085
0.00019286178108600166
-5.3356071649596e-05
-0.001339079011704374
-0.001429125459966765
-0.0013995116645392552
-0.0011879829672886422
-0.0006390055519388943
-0.0013565121609671197
-0.0018662699083469483
-0.0020610231975193892
-0.002810105691299176
-0.00099631213205921
0.002397275415965247
0.003407511011034466
0.001799343673023782
-0.0009804263710480802
-0.0030046009027629907
-0.003414366393518498
-0.0021263129185356737
-0.00048472345530849864
-0.0010418391610289143
-0.0021719719878641472
-0.003079169764918579
-0.006048562145635243
-0.007533444435501643
-0.004828875787180124
-0.0018337651330302053
-0.001149006525661149
-0.0010986238319558974
-0.0006569361460275399
-0.0016699852491440848
-0.0032211414212864778
-0.003367628307584553
-0.0027082674111997083
-0.001784840731410865
-0.0008422940781525652
-0.0010531534003513552
-0.002643293404336677
-0.003594764852197014
-0.0036277118721047877
-0.003343963380608006
-0.0013767201930948792
0.0012464684875391808
0.000683150298061935
-0.0028564043807338827
-0.0046177326717549054
-0.0030737784350708466
-0.002084168547606926
-0.003927295152395159
-0.00426804531267966
-0.00150468365090375
-0.00015149307401501663
-0.0006395759190754493
-0.0010468998171281197
-0.001316622515799711
-0.0011089166397246098
-0.0001547311159510059
0.0012976621493119074
0.00262613239724041
0.002940204698314311
0.0018271771577041587
-0.00048047463251230755
-0.0019457015086915127
-0.001467899709616787
-0.0003919812857314356
0.0011156846601052927
0.002542491001445206
0.0017611359771552751
-0.0011654445156052897
-0.0020907307919686806
0.0006891662572912949
0.003125278841410354
0.00325743505974127
0.0032552426352774775
0.0034316893941797847
0.002195686626148759
0.0007418938529137207
0.00017258366229833504
0.0005410810435184325
0.002658292342794858
0.004001989706357821
0.003134670809982156
0.0024598924017198084
0.0023697868715342983
0.0019053652219074714
0.0015720019727652667
0.0022125981392225654
0.0027201907445354046
0.002512333834382759
0.002370164681960812
0.000729114009637054
-0.0011043892217804923
-8.582293881874028e-06
0.0011055064448263565
0.0004087301313131784
0.000316776454730333
0.0013908521475383595
0.00214113447605171
0.0017105295127611245
0.0013739781685000196
0.0007162818327330481
-0.00036750732711814815
0.0011194792506816602
0.002803407238235537
0.001461636022807374
8.029976755526713e-05
-0.0004811650487982279
-0.0015198448164131784
-0.0019797412422744944
-0.001813918920791245
-0.0011907309906283275
0.0002891973527146282
0.001167501290267636
-0.00044827045645306145
-0.0031062771919161975
-0.0026487025573649677
-0.0001333020985706212
0.0002368280855708564
-0.0011221183194463594
-0.0020462696970552606
-0.001657668189775516
-0.0011206154616280478
-0.001993726830666404
-0.0028921534787452008
-0.0022728077684655017
-0.000851954580010547
-4.7586970321697314e-05
-0.0006100878907640461
-0.0013699869529748704
-0.00163902427463343
-0.0019434320318256581
-0.0018750568366602488
-0.0017064331238030642
-0.0018445869543895423
-0.0013921177743433431
-0.0009385837439736164
-0.0020867651511765504
-0.0031253948265453284
-0.002426815849261213
-0.0013706385439387592
-0.0006758261736414728
-0.0005113298597283096
-0.0005865607236511031
-0.0002431305777615326
-2.0673995690398387e-05
-0.0002477892165922104
-0.0009390053945389731
-0.0011872093113022965
3.4843790016635543e-05
0.001006626271980521
0.000248146761105198
-0.0013257290790445772
-0.001633111358069939
-0.00035356213691489975
0.00016441958713467265
-0.00014776177379589216
0.0003503268363202015
0.0011844547095067265
0.0012580320910391257
0.00043818750582646197
-0.00029321534111460205
0.00022231368477069037
0.0013321407759544395
0.0015811801781481858
0.0010061198782443787
0.0005052733443727562
0.0010306533230289969
0.001964443167667973
0.0014584125987348636
0.0005589437678635397
0.0011216810849175658
0.0019562593985067793
0.0023451803571907896
0.0024010329386320232
0.0014094259242736675
0.0006245738390781139
0.001000328569916754
0.0011455783965644102
0.000753930475838136
0.0007857775154533361
0.001221325547147173
0.0013012514977448243
0.0005749020154144284
-0.00013343150068333972
0.00020360006194618512
0.0011261804959897149
0.0016882311435175354
0.0012710185287954858
0.0007168804951495808
0.0007439367977080388
0.0006516569874635198
0.00029700663039359626
-0.00029417442103865047
-0.0005072370346483916
0.00020458313128035854
0.0003912241467600972
-0.00045746750822171225
-0.001117754992165444
-0.001023786095936648
-0.00031768854588417407
-6.40549197450587e-05
-0.00043388941056296033
-0.00046817123383971173
-0.00026359179053055674
-0.0004910596363365201
-0.0011692414233387344
-0.0011725239550068136
-0.0004793612207578435
-0.0004903386975441763
-0.0009411178288467368
-0.0008492527022616957
-0.0007773864048277933
-0.0009413366323916567
-0.0007385489444426628
-0.0006127876827564225
-0.0010335337187256507
-0.0010086868984560677
-0.0005410272843260591
-0.0007210266910608411
-0.0007856768315591071
-0.000720686424177817
-0.0014446718670174713
-0.0016457271945436484
-0.0008225002820761212
-0.0006397562491296859
-0.0009592399018132706
-0.0006131809917184531
-0.00033282005560660054
-0.0006085990134888626
-0.0005940903107257329
-0.00025897303061037373
-0.00018237055208979205
0.0001058085842921056
0.0005433962534518721
0.00014374736105105624
-0.000331126998652939
-0.00010692835810466729
0.00010300522605062651
-4.514414695238661e-05
-6.067297167344743e-05
0.00041274513240020436
0.0006731495563199509
0.00044047808942785657
0.0003082832320925044
0.00023369244956514848
0.0004592188992627432
0.0010651657749389325
0.0009698655505549676
0.0005566716587399283
0.0007022925070478942
0.0006760148273448125
0.00029568729405597216
0.0004500035906989312
0.0009407219991166011
0.000853300609786254
0.0005908855501525908
0.0008009856375126446
0.0008764424023518012
0.000616622601979476
0.0007393394801459167
0.0008791180691360955
0.0007439298019993502
0.0006964199215236615
0.0006160296171008865
0.0005583280891287919
0.0006450199059291618
0.0007028856409680981
0.0005071229632235212
0.0002563144560659605
0.00042908319376825613
0.0007156584209604725
0.0006365974226309418
0.0005694560172987691
0.0005683802273068606
0.0004967658008790675
0.000489197828749355
0.0003731925022622852
0.00016976752503212498
0.00015080980409669167
0.0003020808291038351
0.00029400716223392166
-0.00012693992522842457
-0.00048123337468182416
-0.0003022236186493121
-8.507468593026027e-05
-0.00018725397626885237
-0.00028786475476367195
-0.00015329038468734992
-0.00018689134207658175
-0.0004512529568556549
-0.0005076231546415269
-0.0005335221774289055
-0.0005144840540417231
-0.00028742716826212183
-0.00035990894918164765
-0.0007133409653966359
-0.0007892106811138156
-0.0006117854667023164
-0.0004635673326813195
-0.000373153344760791
-0.00038787064061022406
-0.0005522956890677693
-0.0004699187169348581
-0.00019251033681870936
-0.00035468061499068713
-0.0006083935834281392
-0.0003334046498313189
-9.519769967844972e-05
-0.0003034800603044455
-0.0005075972857102509
-0.00038826740281293045
-0.00016667893903139343
-0.00010239683749703861
-0.00013691845732450003
-0.00025198053944152835
-0.0002077782237985588
7.442226905050166e-05
0.00017181775895549917
8.464346991001342e-05
0.0001367915961012448
0.0002309161251986996
0.00019662668673719563
0.00011704759254139797
9.308950577052025e-05
0.00014034840286485803
0.00029514820913886087
0.0004250021560164779
0.0003195116466620906
0.00018503862464394166
0.00027795088603046146
0.0004908483148090821
0.0005589852537954716
0.000498132681043426
0.00047706286402794885
0.0005026990693217015
0.0004717474787921265
0.0004154979140945783
0.0004612185086798936
0.0005036822879174093
0.0005021012186238204
0.0005256906267110953
0.0004828651918828161
0.0003593479922947514
0.0003532068489452657
0.0005241439583310321
0.0006114374709326533
0.00046282244284913
0.0003151962609217141
0.00031487663037737444
0.00036246824610785145
0.00034460303980505803
0.00018512825065799515
5.371152415814403e-05
0.00013034246244773606
0.00017990973039891533
-7.232172779676009e-06
-0.0001256819833999501
6.10924438599528e-05
0.00016618887132243128
-2.977076015984711e-05
-0.00015605626875170485
-0.00013854880154738744
-0.00012215245105530435
-7.265926946077452e-05
-0.00010749935259955298
-0.0002401533389168228
-0.00026656826869587443
-0.0002065678661633985
-0.00024930813430502533
-0.0003376711730096343
-0.00028614578527871187
-0.00022590474191345848
-0.00029070441403233996
-0.00032413254890468465
-0.00034905172367329004
-0.0003891196554563266
-0.0003090700258476428
-0.00024422207289822884
-0.00032865116011050055
-0.00039910169742519443
-0.0003573470939200989
-0.0003369469415025101
-0.0003954171473811249
-0.00038557831206990553
-0.0003300643448622371
-0.00035356285382235237
-0.0003374547243224941
-0.00029019378709590034
-0.0002881612359539895
-0.00025432267388334867
-0.00020202394683746308
-0.00017744408127864158
-0.00021608442492067947
-0.0002822453699389816
-0.0002803898111906555
-0.00024041366173338383
-0.0002037878074119828
-0.0001921360950124889
-0.0002010243490823414
-0.0001355920900773001
-3.1209997880017304e-05
8.978228671962172e-06
-6.097692140737555e-06
1.5301127024927087e-05
0.0001012856642396378
0.00012178565244744462
7.339752826351431e-05
0.00010149062260738456
0.00017925866365608341
0.00022825982751718203
0.0002668799537678871
0.0002792471539357816
0.00026234356082913314
0.00025485619248649953
0.0002686141104387165
0.0002738202796516934
0.00026523690913350423
0.0002911912520883587
0.0003271410892823985
0.0003164423287668062
0.00030755372155588174
0.0003187569264168287
0.0003173434362963081
0.0003476120778229811
0.0003757492112127518
0.00032548827428161497
0.00026842308445123426
0.00028246954407537496
0.00030495694506878825
0.0002660992633328159
0.00024225780454956874
0.00026117393433666106
0.00023793722867080608
0.0002176157561220249
0.00021343592149498654
0.00016319003780039805
0.0001339560589952024
0.00013425480790524254
9.915421195213433e-05
4.833044349885483e-05
4.000580151119179e-05
7.238789000977459e-05
7.693296126591111e-05
5.803011657161417e-05
4.271488311528276e-05
-1.1844865648383865e-07
-2.8760915673081615e-05
-3.548544089970346e-05
-7.1015806498204e-05
-0.00010285651731860066
-0.00012465531340160894
-0.00016190554472606477
-0.00020509915376413452
-0.0002229868317796873
-0.00021846764357982934
-0.00024221853144354663
-0.00027193853148261616
-0.000272142897369107
-0.00027334789254349984
-0.0002697068197715325
-0.0002596805610502248
-0.000249030529131654
-0.00023093156661644552
-0.00022981899983389115
-0.00023598220090296094
-0.00023179381292227593
-0.00022574547534048707
-0.00021869529639434928
-0.00020305829318540696
-0.0001800930404203057
-0.00017194271964639157
-0.00017864402400018576
-0.0001819210280623968
-0.00017760005721926964
-0.0001483595486263731
-0.000106952739035761
-9.146654878516237e-05
-7.850796589633304e-05
-4.8855334750876384e-05
-3.37191912632721e-05
-3.181721489399266e-05
-2.3557163116636258e-05
-1.1667307592242086e-05
1.0604204472998419e-05
3.94533991245549e-05
5.221251590591571e-05
5.144790611685582e-05
6.228316872095253e-05
7.839311896534852e-05
6.926763642703302e-05
5.418069106916999e-05
6.183249445102426e-05
7.481385279825037e-05
8.767509529457528e-05
0.00010070984851780052
9.688204100528883e-05
9.096758188476475e-05
8.83890015223857e-05
7.488297304914506e-05
7.356951771590449e-05
0.00010248581573599074
0.0001296474393107545
0.00012349560541550375
0.00011826546345123847
0.00013965794848754323
0.0001454565087411807
0.0001268788828841619
0.00011084340004681173
9.84894526886185e-05
9.022781881551946e-05
7.936512568431798e-05
6.580342142394165e-05
6.263996568301394e-05
6.526262244375249e-05
6.0204992646094786e-05
4.80302689924483e-05
4.844910524037199e-05
6.235854620342459e-05
6.819253798639663e-05
6.320685028789271e-05
6.24139577792534e-05
7.051588859172307e-05
6.88950722434297e-05
4.8563358993373584e-05
3.107607165517851e-05
2.0532744267703504e-05
1.2912376152263204e-06
-2.1824858374898182e-05
-4.037706623967901e-05
-5.949975567930482e-05
-7.709680995750789e-05
-8.726949275574047e-05
-9.660918313122515e-05
-0.00010439292326298128
-0.0001004277806807909
-9.476159491719906e-05
-9.579999726726022e-05
-9.181585011264586e-05
-8.681652205998765e-05
-9.07536870344626e-05
-9.583835317996661e-05
-9.726117568216607e-05
-9.78259658734896e-05
-9.373236082302547e-05
-8.401459720838545e-05
-8.013612156142836e-05
-8.414542805686814e-05
-8.328629501911783e-05
-7.975436996704147e-05
-8.846620426565356e-05
-0.00010317277283687831
-0.00010539955021371385
-9.734013350296611e-05
-9.405289821407041e-05
-9.997174490525393e-05
-0.0001077246931602178
-0.0001068854886920916
-0.00010153022327911613
-0.0001039478749310734
-0.00010597877924104252
-9.862582288767427e-05
-8.819145010990437e-05
-7.549546634808808e-05
-6.043484951138151e-05
-5.1145739679192e-05
-4.7080946186256004e-05
-4.01240272434092e-05
-3.0621026739202836e-05
-1.8658856691615396e-05
-3.1621253232270055e-06
7.702164960706189e-06
9.150740247232485e-06
6.227904371279338e-06
2.38405353913646e-06
5.159694091025776e-06
2.263604834604365e-05
4.532611175458238e-05
6.0461702963824015e-05
7.059537710590455e-05
8.552797901662033e-05
0.00010568104389347855
0.00012098862099161885
0.00012296858792137534
0.00010504673422956333
7.506816594606164e-05
5.7607715427437296e-05
5.8547096506908246e-05
5.920008635540686e-05
4.587521528607101e-05
2.150457835009564e-05
-2.921770597103217e-06
-1.771039626280367e-05
-2.0840418813420007e-05
-1.9178632333895882e-05
-2.0952465946892762e-05
-2.7253720448737328e-05
-3.518704544487577e-05
-4.403872805344879e-05
-4.7514657970213266e-05
-3.912089254815277e-05
-2.916122989329075e-05
-3.010549723520424e-05
-4.2954896691404114e-05
-5.639355044108702e-05
-5.3127833241130067e-05
-3.593286222003997e-05
-2.116307605875438e-05
-1.4145077241690142e-05
-1.2160925597201437e-05
-1.396091970324042e-05
-1.6489938124943912e-05
-1.2823240904101488e-05
-7.820992491594175e-06
-1.1136599459268403e-05
-1.4911472065820153e-05
-9.199333525918112e-06
1.997409291778473e-06
1.3782199049389463e-05
2.3078712679062664e-05
2.9398086388963483e-05
3.9264893898464454e-05
5.016535100910624e-05
5.6597653653779677e-05
6.42432713139329e-05
7.198306367780706e-05
7.17398060229282e-05
6.0183972077220696e-05
4.541860231856997e-05
4.3525500159046166e-05
5.37808901780647e-05
6.157873245336396e-05
5.545921523979561e-05
3.2329528407880834e-05
1.054844465779657e-05
8.807268075984246e-06
1.606776947824179e-05
2.073979514581784e-05
2.4574575754544473e-05
2.421039864722509e-05
2.1912385587291086e-05
2.4194825090546795e-05
2.793853151337976e-05
3.137441286951368e-05
3.327213856756974e-05
2.8925443929949958e-05
1.8010867831967003e-05
8.208958856171226e-06
1.0705508609101104e-05
1.8105749437365417e-05
1.0771232636936523e-05
-1.1231500002294405e-05
-3.284766525854726e-05
-4.4077160259578847e-05
-4.785779552325405e-05
-5.103999897716085e-05
-5.618748712663619e-05
-7.17356143265902e-05
-9.545439129419816e-05
-0.00010756563894046174
-9.931272964849978e-05
-7.833044958734111e-05
-6.695620093188166e-05
-7.806960806351672e-05
-9.399106692943896e-05
-9.973632366971678e-05
-9.227620486038873e-05
-7.728298511401099e-05
-6.66817647908349e-05
-5.9115191821061204e-05
-5.487966605797763e-05
-6.370104082887523e-05
-7.612439647985193e-05
-6.8857355992245e-05
-4.519718802104537e-05
-2.93042658905926e-05
-2.9835029965241e-05
-3.609231870704024e-05
-4.091621487536574e-05
-4.94905161128527e-05
-6.39832124045981e-05
-7.992329195999452e-05
-9.000921091009566e-05
-8.991653697206435e-05
-8.104869139052347e-05
-5.508992719047752e-05
-3.376890991827094e-06
6.219299637559057e-05
0.00011534498284247563
0.00013876115955930522
0.00014772695206562508
0.00016816028432944637
0.00019942869740539537
0.00022558582569273485
0.0002427275298324651
0.0002582283470574365
0.00027727937591309114
0.0002958648360848688
0.0003050039634404901
0.0003008597906787023
0.0002792300670794637
0.0002370909552660599
0.00018449475010420095
0.0001384956309201661
9.755592836880251e-05
3.9427302585593944e-05
-3.555746021634186e-05
-9.45391475534734e-05
-0.00011763503435712146
-0.00012728327279931133
-0.00015318348536142937
-0.0001803419980253928
-0.00017031225468931146
-0.00012630478235985004
-8.962134421926616e-05
-7.632071583853972e-05
-7.301763924711094e-05
-8.629200345525643e-05
-0.00013714016722441816
-0.00021498493735891947
-0.0002824379031834861
-0.0003050712454859722
-0.0002617663905437467
-0.0001795672509894822
-0.00013264428450568942
-0.00016288339881228824
-0.0002397818881866818
-0.0003091233538095901
-0.0003560715872364183
-0.00038078185659318545
-0.00035962469602292404
-0.00029521684652827456
-0.00023003642209080735
-0.0001882692424857152
-0.00017527494651718186
-0.00018636818169579102
-0.00018710859523293828
-0.00018677091408761032
-0.0002514996355890842
-0.0003612042494972383
-0.00041492130861117606
-0.00034755305486167137
-0.00014621537088552032
0.00010687999569209967
0.000266861603010396
0.00029279098436018334
0.00022974609733428293
9.581939327282529e-05
-6.715946923499842e-05
-0.0001731406634193991
-0.00019433785728738018
-0.000187132269559962
-0.00022006459576533945
-0.00026517235319370485
-0.00020956875524399767
-4.6682775786184057e-05
0.00011850230775615045
0.0002474830177021919
0.0003879865594253572
0.0005784384943082453
0.0008021178114180217
0.0010147205596200235
0.0011809538125035514
0.0012879300990403246
0.0012899051561412733
0.0011462335699125171
0.0009902153161318512
0.0009409601976789018
0.0008440893734240649
0.0005281283785956546
7.798139663334077e-05
-0.00023556470032189483
-0.0001945607620793483
0.0001070277223422653
0.00038498123392254497
0.0005024899391604655
0.0004887829788347541
0.00044253624390771357
0.00042541450863737765
0.0003973752941234744
0.00034690462232183104
0.000245603244003545
2.503634558883313e-05
-0.0001340613656281293
1.8929378394452983e-05
0.00042275587308670046
0.0009081882606599117
0.0013346594850299292
0.0015661717460574895
0.001563554773511598
0.0014011902603313403
0.0012854757954127232
0.0012626401186085817
0.001006699426039126
0.00028994117303508853
-0.0005774960302769358
-0.0010974208405386615
-0.0013920798079434778
-0.0019273349510578839
-0.002487452177728758
-0.0026647967485486372
-0.0026315850920700648
-0.0025084879301440926
-0.0023030504581913924
-0.002305792499042513
-0.0025676292295644804
-0.0028362949261905262
-0.003066975523342489
-0.003217480318851229
-0.002970737707891114
-0.0023575583750249734
-0.0018949587604350378
-0.0015788803168298433
-0.0008082216756823812
0.0005194799327072027
0.0018468153727036923
0.002815666812993018
0.003300608663646972
0.0031772507043431597
0.002875456195354507
0.003196184463440394
0.004308065716786134
0.005405554256685764
