0.0
0.0
0.0
0.0
0.0
0.0
0.0
0.0
0.0
0.0
0.0
0.0
0.0
0.0
0.0
0.0
0.0
0.0
0.0
0.0
0.0
0.0
0.0
0.0
0.0
0.0
0.0
0.0
0.0
0.0
0.0
0.0
0.0
0.0
0.0
0.0
0.0
0.0
0.0
0.0
0.0
0.0
0.0
0.0
0.0
0.0
0.0
0.0
0.0
0.0
0.0
0.0
0.0
0.0
0.0
0.0
0.0
0.0
0.0
0.0
0.0
0.0
0.0
0.0
0.0
0.0
0.0
0.0
0.0
0.0
0.0
0.0
0.0
0.0
0.0
0.0
0.0
0.0
0.0
0.0
0.0
0.0
0.0
0.0
0.0
0.0
0.0
0.0
0.0
0.0
0.0
0.0
0.0
0.0
0.0
0.0
0.0
0.0
0.0
0.0
0.0
0.0
0.0
0.0
0.0
0.0
0.0
0.0
0.0
0.0
0.0
0.0
0.0
0.0
0.0
0.0
0.0
0.0
0.0
0.0
0.0
0.0
0.0
0.0
0.0
0.0
0.0
0.0
0.0
0.0
0.0
0.0
0.0
0.0
0.0
0.0
0.0
0.0
0.0
0.0
0.0
0.0
0.0
0.0
0.0
0.0
0.0
0.0
0.0
0.0
0.0
0.0
0.0
0.0
0.0
0.0
0.0
0.0
0.0
0.0
0.0
0.0
0.0
0.0
0.0
0.0
0.0
0.0
0.0
0.0
0.0
0.0
0.0
0.0
0.0
0.0
0.0
0.0
0.0
0.0
0.0
0.0
0.0
0.0
0.0
0.0
0.0
0.0
0.0
0.0
0.0
0.0
0.0
0.0
0.0
0.0
0.0
0.0
0.0
0.0
0.0
0.0
0.0
0.0
0.0
0.0
0.0
0.0
0.0
0.0
0.0
0.0
0.0
0.0
0.0
0.0
0.0
0.0
0.0
-2.5699450735949267e-08
7.358235450823347e-08
-8.683547409383992e-08
-3.637252928755761e-06
-1.2058239907648494e-05
-1.796292076499182e-05
-1.5585751506042987e-05
-1.102132676593829e-05
-8.99609983610211e-06
-7.864805508386619e-06
-6.920659709290665e-06
-6.197966273155314e-06
-5.597918400703714e-06
-5.123481326735719e-06
-4.726557046430347e-06
-4.383810626033266e-06
-4.12711196366363e-06
-4.015624890816504e-06
-3.822547880790828e-06
-3.35523124287038e-06
-3.032165222373024e-06
-3.164797934253855e-06
-3.4664144079741267e-06
-3.07878914205642e-06
-5.21148362870824e-06
-2.297419994339857e-05
-6.685662570752363e-05
-0.0001739827757174799
-0.0004575259027125752
-0.0008324491513861402
-0.0009386076608753928
-0.0008477783764867854
-0.0008189832659727826
-0.000743314833277994
-0.0005611373848086331
-0.0004563464700855102
-0.0007619438515841271
-0.0015178113297928126
-0.002189265649877466
-0.0024469916417210287
-0.0025060007339580896
-0.0026732455064512953
-0.0030663325599290664
-0.003345785740992079
-0.0034333439230043654
-0.0041376090838787915
-0.0058112452256729764
-0.007869493348737109
-0.009859205021164615
-0.011220916603939965
-0.010471235544094843
-0.00954489803093753
-0.012274244345976803
-0.01726793289759055
-0.02096222152553564
-0.020581432221636015
-0.016767193100064703
-0.01308560743316585
-0.010287229763692679
-0.007558606205785113
-0.005353450077733943
-0.00537144904187994
-0.005753268893603545
-0.004968618655603787
-0.0036338708642651507
-0.002470505871285178
-0.0014905160141121412
-0.00013603807926029993
0.002185510632795288
0.004575228447846494
0.0047136148480657
0.0035508601336811355
0.0023258484269609524
0.0009029081567359853
0.0015479122836850306
0.0033538154757335953
0.003896107617368647
0.002711006510525925
0.0018548916258787373
0.0027757228572069994
0.0040283094681132815
0.003987960579728913
0.0034368090832480862
0.0037034688374205397
0.0038772488251201036
0.004167645322054787
0.0038119062738372084
0.003818606380716343
0.004088713959543608
0.0023758948086708216
-7.371842120623805e-05
-0.0009733646603760155
-0.0015310110335561133
-0.002275254143238174
-0.0014501723083562728
0.0003815978215126007
0.0008349448009475966
0.001108093904289571
0.002382692804132795
0.0047030661083562455
0.005987652804212228
0.0031366131193237947
-0.0011332217182305467
-0.0019690275669867092
-6.852680098776383e-07
0.0007752801944076668
0.0004957277293045306
0.0014369620789432024
0.00337546031665476
0.005075574013922989
0.005365743302729605
0.004322514230137204
0.0014636946488092168
-0.0026148798182372623
-0.004270192993021424
-0.0025108079308480856
-0.0014832581631913436
-0.0013743715209404415
-0.003296571880914564
-0.004799424604853505
-0.0017916004409959934
0.0006876031965798496
0.0011559948656896424
0.001974670187313869
0.002088830913822279
0.0014762158482638078
0.003003077739460544
0.005057494853179085
0.004586549273993223
0.0021246913639763995
-0.0003313998346351119
-0.0022533005134266295
-0.003923074249201024
-0.00614414529579254
-0.007679675866639822
-0.006444461350891306
-0.0036335492032980236
-0.003195900598703528
-0.005127823033119733
-0.004995819567684284
-0.0025074631748914474
8.787922318464686e-05
0.0015309590462421084
0.0009939439971678253
0.0005205374293358936
3.078428482260745e-05
-0.0021238842198814346
-0.005751659359377657
-0.009940928461494771
-0.013419013982185094
-0.01447787714735117
-0.013841166551324472
-0.013537763381493758
-0.013469902185302448
-0.013578358642860536
-0.01327377895017283
-0.010756613566841123
-0.00725408027569197
-0.004761194292509943
-0.005340914192497035
-0.004959110525331695
-0.00034178386885326756
0.004192545752812047
0.0048116211956071376
0.003202459658088365
0.0018834874538394553
-0.00011010451560300178
-0.0006586073003284728
0.004148998858347523
0.012772293375970056
0.021474895254348234
0.027663036465780562
0.028551055659057557
0.024696219957251204
0.020886650716919336
0.022235121686076633
0.031036727666235983
0.03996390449852193
0.03893088124005052
0.03048251676330406
0.02397339278810528
0.023455062741001842
0.025391616145994313
0.02879954607747865
0.03425612766320738
0.04326064473988363
0.053647889548692686
0.06397857835360798
0.0723758912483921
0.07261420821195555
0.06605948090217385
0.05035933103365492
0.030241199439372833
0.023423596344383967
0.026169693246093452
0.028438702473818512
0.034083445395724686
0.03934944499698988
0.04425252591624829
0.0560440677327061
0.06352617654111195
0.05679546170636979
0.042120570632056625
0.03165443058493202
0.03138189843948875
0.028717223763912957
0.022472221240684067
0.03446969409282064
0.05764677294510291
0.07600609993953795
0.09078826857847923
0.09562101583701973
0.0948781447984254
0.09393297234184077
0.08524686192392207
0.08144434106826787
0.09760722934994431
0.11878072478549828
0.12281274926217332
0.11158024461484353
0.11504515966456633
0.1470472780169729
0.17163742633774265
0.16675334891829408
0.15737183417295808
0.15236175172012018
0.14452055075182824
0.1404561445246554
0.14873071219148426
0.17566941524511714
0.20726159422800228
0.22257730124717642
0.22576143438748553
0.23200949365706605
0.24551704714106334
0.25483273737218115
0.24787597630098474
0.2251069703058377
0.20045040501095054
0.1809523699387785
0.1610753219504408
0.1471588135889482
0.15745722007565166
0.19404610272627906
0.21504524097272962
0.18863695925922433
0.14343510174133145
0.12067624343609976
0.11290444624384346
0.09117991697346921
0.0705232097686589
0.062279672074057664
0.06333738002898996
0.08899414864663653
0.1303688705247055
0.15867806680298552
0.16497029505325264
0.15150775328189395
0.12497855852504279
0.11272608533627905
0.13251061160822072
0.15853765092142832
0.16968341547414692
0.17421656840317418
0.18287463239673227
0.18647909248947434
0.1675658026036624
0.15517021742308842
0.17130212048481575
0.17908999869201317
0.16856565992352326
0.16673838182887094
0.17907479517539301
0.1974983591521112
0.22998571701658732
0.2654278272550446
0.2675019900064012
0.23887760048763865
0.2167350743303887
0.2116956252753778
0.20635462169265115
0.2103733921035925
0.23480420184201256
0.2526272216870503
0.2518717943530659
0.24709344253010807
0.24579594535542434
0.2347769013589427
0.20323660488136544
0.17101444814445932
0.15181035015932898
0.14361821523274543
0.14472539822260638
0.14872186443277818
0.16698726492306237
0.1984780828561449
0.21047006998673662
0.1936196171699167
0.169626252085524
0.16288140772823667
0.1716778478972202
0.19541330395914258
0.2332980097019821
0.259201758171855
0.27244454399865214
0.29482950415912007
0.3183622091726856
0.3189864431132626
0.29510627482261337
0.2628321958366638
0.23633667000685132
0.20992613065490542
0.18349332275164
0.17928210028636046
0.19218904781642987
0.2016125878016201
0.20820343985437878
0.22789358926469389
0.2640881828844039
0.28180228982020006
0.24431166754842507
0.18527290824846257
0.15835881224941403
0.14919763090491991
0.1365068031126845
0.13194939579791318
0.1468563781551098
0.16719334100114525
0.16241190269941283
0.14709167026952802
0.1478614646283585
0.1386110039217555
0.1073453940053766
0.08253804187870821
0.07431289362367305
0.07137872438133964
0.059275146137072535
0.03085620483349597
0.0010662048137461137
-0.004168494194330988
-0.01182317145152027
-0.05003508269441682
-0.07766238745880016
-0.07274340619080223
-0.06812163437106283
-0.07241463188954764
-0.0619189732447378
-0.052740858867668196
-0.07476659617389576
-0.09740059350195149
-0.0965699442081148
-0.12693989672463551
-0.19651628307874217
-0.23136112256633667
-0.2265315896664047
-0.22941201404427505
-0.24659568063120454
-0.25606108608969325
-0.2635472795157246
-0.27376816790888786
-0.2674987639667384
-0.25417181189441845
-0.24487120425983422
-0.24704803306569365
-0.26743853225423286
-0.2752593775639404
-0.24909530269990887
-0.22092826729862147
-0.2180326611944274
-0.23157901929723493
-0.2427462873318489
-0.24648973307436892
-0.25406907509426996
-0.23836368609806272
-0.1861773263566059
-0.14849278621784487
-0.1451918807705254
-0.15459997381741775
-0.1492383715589466
-0.11037032460731058
-0.07305780992621157
-0.07798135390691571
-0.1023831629687108
-0.12023222365424042
-0.14641077457760815
-0.1767135435884577
-0.18856699045424624
-0.16632874508318835
-0.125965442770257
-0.12252391371457089
-0.155980300070868
-0.18107862701484828
-0.20338186080337958
-0.2477820665575224
-0.2723528356862342
-0.2510268971489442
-0.24122969229689353
-0.2518891663815022
-0.24153949032679428
-0.21923142849621566
-0.22136857590268114
-0.24927801937245947
-0.2466883234423767
-0.19819305687405195
-0.17033617692447053
-0.17017992528000203
-0.15705542438224676
-0.15205222875978439
-0.17289737738539732
-0.18501886816787658
-0.17256863989955962
-0.15103009183242877
-0.1298572785362062
-0.11209905800012393
-0.11025293723924497
-0.13150374437806164
-0.1412465093904426
-0.11718106665902132
-0.09066495907782125
-0.06934351546206974
-0.05468181685497537
-0.06769674425199422
-0.0777942472411998
-0.062404644778148055
-0.07220919187792602
-0.10683321034171511
-0.1206773272448881
-0.11324324334489166
-0.09937872788329205
-0.09265108966450579
-0.08110813115153774
-0.062445736856312335
-0.05564795052749473
-0.04488345325999601
-0.022143284318717763
-0.01905452939867388
-0.036908261427343096
-0.06163100318588595
-0.09810495872452044
-0.10309801843692033
-0.03513098041693168
0.04094650099978228
0.05313616586337107
0.03206755652959588
0.01386648272360941
0.0172270280484568
0.0737277831693142
0.14412538284978268
0.17004403188195746
0.16204311721844017
0.1581943437983598
0.1705089318307613
0.1691188155443011
0.1471688958964155
0.15896254536979046
0.21900052061252667
0.25472110897963507
0.21507410073113412
0.15207366582345977
0.13904741990819583
0.16720632831112825
0.18171780793314277
0.16955444374517847
0.15503572369983784
0.1448626638413736
0.13964712898787054
0.12769187255035533
0.11130818726501014
0.11173410175548196
0.09799230784621722
0.060537392575824765
0.03920509378847019
0.04130837100634277
0.04930912679295616
0.08714680010587968
0.16096155404857196
0.2151654743503952
0.2214877392039002
0.18365229886644846
0.13499878807970303
0.11286816418028942
0.1147978104351759
0.1186511140029819
0.1166017813757344
0.12051971724094314
0.1228731970501787
0.12128895410376407
0.135104554124706
0.16150597949551257
0.18450857921251265
0.19692607154957606
0.20131939030372584
0.18293197358061503
0.12982595448371578
0.0692397398036725
0.04990040189506907
0.07810537727453169
0.09834040319125184
0.08927078373694568
0.09297036004814012
0.1070483816725722
0.08309354597744462
0.036930989686844225
0.03233719703311334
0.09106381457576987
0.14943414550261572
0.15407427494854287
0.12403922479342357
0.08773998083335993
0.08293874724121768
0.09533244607957118
0.07557807943994005
0.019423115460059207
-0.06336152696108416
-0.12625114934378773
-0.1227508365802752
-0.055407937381049654
0.047863349923936004
0.11019383822405673
0.0944321072073219
0.06139479866611059
0.05809882763150173
0.07668132092251834
0.08867079936726976
0.0598220087702583
-0.008339795255815302
-0.03631127427055321
0.019672486317973973
0.09728505053137644
0.13605134419524062
0.10744312415380575
0.03474882371254295
-0.023714185438888858
-0.042266647516748926
-0.021074960217984454
0.028724811197303083
0.06255636486650604
0.04753728551428632
0.007309439765227188
-0.03598681722139121
-0.047346135211992595
-0.0023166477900247394
0.03885488013407976
0.01470645974161249
-0.03645804405320671
-0.0605129249836199
-0.06252665840165528
-0.04224693951378913
-0.006426184638361578
0.0036712907553001018
-0.012052284256754593
-0.008318234034788085
0.03613771443909139
0.08700799546647586
0.08478007635907125
0.025050185475595625
-0.03931079583841437
-0.06156338867785072
-0.03413705118553574
0.025920822004138623
0.08653479025939824
0.12776054966068792
0.16157534397156978
0.16960472023464396
0.13938682992162088
0.10512241467386178
0.07018651477521246
0.04150329378196237
0.028595166098641163
0.008456578589335325
-0.007432799274553637
0.001756780591509816
0.03486346210418161
0.07469918569647106
0.0846440737843235
0.04411946586881702
-0.017722668406663738
-0.060163976400850395
-0.05218642360790348
-0.011113366903113065
-0.01609666204250102
-0.06251547132439901
-0.08698516170715224
-0.10378194966267047
-0.14095592627980444
-0.16096128661769868
-0.12346353829667443
-0.06664374991348278
-0.05263281319248182
-0.07138811269661414
-0.06939651429810384
-0.0370555206976782
-0.014182305029353876
-0.019784651045629504
-0.05106068849792133
-0.09669310641712787
-0.10355626816605774
-0.04762272214494862
9.318256315101804e-05
-0.010104557434545637
-0.03632468170487833
-0.05771723435205014
-0.08877286215885909
-0.09842937062464267
-0.08209372095382703
-0.06744344379069656
-0.06803660567462334
-0.08827979154305228
-0.08762156839626846
-0.06073038845299237
-0.05220019444030735
-0.058946910485998184
-0.06376632984413756
-0.04599038881384249
0.012009785246782752
0.05696119454511483
0.04567575448770662
0.012087031732180667
-0.008922081980468777
-0.03622690927975404
-0.08502811041167449
-0.130599499519968
-0.15481293601011775
-0.1434785649352986
-0.10094224658948035
-0.07249274924284645
-0.075629445596741
-0.06436435458508485
-0.012615735826193715
0.02459922365656155
-0.00284284075766331
-0.06414573526556985
-0.11452541894634347
-0.14313145327230564
-0.13889792271038465
-0.10659035749609867
-0.09074449738662169
-0.09927715580587962
-0.09448317603764321
-0.07124033616854537
-0.056134130044419306
-0.06129447081710557
-0.05977264153894636
-0.032777231278074186
-0.012034302394369024
-0.00703344559338551
0.0010473698954302372
-0.0027075305385714
-0.01858324275554377
-0.025325709066720763
-0.022390126397658413
-0.015826878336709014
-0.02345813597973594
-0.026750647458016523
0.0087846683544239
0.06376838658927146
0.11207892304523678
0.12377658472333285
0.0906613705509268
0.048789609673111654
0.025636489090961546
0.02121775133165275
0.013929125089829927
-0.005481159971567085
-0.0278547402323563
-0.037076551470872944
-0.012642142031547343
0.03024992735239699
0.0574341489919503
0.07582329009213529
0.0953613125495301
0.09835657076870795
0.09483844051398091
0.11133852097054786
0.1351484554554855
0.13276452110242143
0.11419070904057874
0.11031387323913294
0.1076062275652239
0.10368251964902374
0.11423585478888199
0.13945545062837772
0.1775550681932442
0.17631043308510552
0.12950720309006458
0.09892013731261612
0.06924170190390357
0.025899424030231377
0.00075799174265395
0.003074548621342153
0.016507436505880525
0.01849335474939051
0.010015160289140037
0.00794938632324788
0.03401388483475866
0.06498885428343751
0.060941095468765194
0.06065579795378943
0.08893770111471179
0.1404701806018756
0.2164019106383055
0.25636578319698866
0.2031357882715848
0.11303104696029347
0.08584180271036715
0.12661590153331476
0.1611886153912026
0.14232563762562805
0.11482682019576713
0.13738063551328758
0.1782952197879582
0.1855231129154216
0.14412205618665994
0.0744997898583938
0.035068111266770605
0.03524332239625687
0.052955510687047534
0.09254865927206245
0.13356149082026497
0.14338475392761557
0.12193938154523495
0.09310513377095314
0.0907593779155427
0.11950377803995434
0.11657349519315052
0.06593742055010202
0.03207083137435431
0.03620817377566621
0.07576998139296888
0.13015611475001848
0.13284203205913414
0.08546625836154179
0.05673150632824818
0.06363799784279453
0.07686456988566616
0.07617039769186075
0.05226201508213577
0.0002832433735889171
-0.05255415550642533
-0.06467081226301455
-0.03316350823575737
0.002563349030587372
0.003700067369860186
-0.0034916789380029702
0.015555639628153326
0.03042060478918226
0.026406623633451524
0.03369243855538833
0.06098033154006003
0.08540921171207012
0.07671828537083403
0.03928637641579725
0.024431922875096466
0.03391455818259717
0.03348960786987095
0.04550926504743224
0.07828118659098503
0.09872564489367885
0.09301203576676136
0.07076526855298991
0.061320564788498594
0.08457287182441599
0.1269909734794905
0.15287922596143014
0.13955358577222937
0.09719747874170806
0.045301552665953745
0.011969230891922979
0.012249137513894818
0.025331238879591697
0.030937501502436852
0.027781692419286307
0.026614430861827486
0.02782114001224098
0.015074859126929924
-0.00968543458011128
-0.025545603638335187
-0.0178455891068092
-0.005145437009205505
-0.0045492293649039926
-0.0015817487928196788
-0.003064906845013304
-0.01604434337548573
-0.02102134756775246
-0.015334772025518759
-0.014539362997350544
-0.02825377472418737
-0.044648524938471545
-0.04407929630434865
-0.02096369561338355
0.013064580663966983
0.03224325171819567
0.02437559252843612
0.004732940046534903
-0.013836417447462114
-0.029317991776730543
-0.04245084619975226
-0.03942035536104866
0.006489957858930513
0.06938076317754947
0.10460678778914376
0.10237396635275756
0.04395147604704653
-0.04699039574117324
-0.07446022488311026
-0.02257150390531112
0.02556521322345107
0.05794729802237244
0.10340158355546393
0.1362226865973282
0.11282645649913103
0.011071205604394058
-0.124080042705061
-0.20297062298831844
-0.18437299303725935
-0.1206248280896083
-0.08245593610708005
-0.057551657045652134
0.00411100010340047
0.06248763961702032
0.04717363761850064
-0.0005217023002765554
-0.008305295349130857
0.009801911481708487
-0.007623325846309437
-0.07371153496458951
-0.1285672389665541
-0.13159902942305518
-0.10327458515643091
-0.06369434898151445
-0.028328931326056225
-0.01279400683396128
-0.009051951689729708
-0.012047803475843933
-0.00873971722702187
0.010377242591564894
0.018983114259416595
0.03580027899475751
0.06837268488133627
0.058629354523794246
0.0017500745341464308
-0.03921897732421308
-0.01340458204472203
0.0472722690080077
0.07350081737213948
0.043265148929421016
-0.012271643133260597
-0.05008728370360564
-0.05252090237925183
-0.03578484991081322
-0.028777324839837404
-0.03615230311334142
-0.053260020033646105
-0.07779211065830131
-0.08404843524453141
-0.061195214965370524
-0.04456280633179757
-0.03841840962221726
-0.034984644477511394
-0.026262032250511092
0.0031053571591374593
0.02398108177027154
0.013818104099885526
-0.024341322064858582
-0.0658410056566467
-0.07821219327165839
-0.04928410665627309
-0.002495561280762089
0.006036133417815661
-0.00986520292383583
0.0034034772222003434
0.029163372641705668
0.035427181102213226
0.01863124121472881
-0.005531731866550851
-0.011410242516297913
0.022693722179492015
0.06141316072644966
0.02522401137062599
-0.05946661095869242
-0.08738675664296967
-0.04341921275324888
-0.01370023234670277
-0.030472902878930216
-0.03713351296280617
-0.015402395012425619
0.014680375126523306
0.0211641964508177
-0.008687323811287753
-0.03698361116604278
-0.032152625725349236
0.005937760900851503
0.040799801889339765
0.027653012155545262
-0.027459088946101964
-0.05699839878917209
-0.04427497030249664
-0.042159400675191125
-0.06680566968161165
-0.09886224113974396
-0.08931958981427167
-0.03215888529721739
-0.00553813633137726
-0.025410655898335698
-0.05020563887641775
-0.06987596115528956
-0.08093567730837456
-0.07310897363011641
-0.06042558350255295
-0.0745809567314475
-0.09382379134241943
-0.08831280076286661
-0.0670721940243655
-0.04869371982778042
-0.04982775933730209
-0.06445090573473447
-0.07196957997789974
-0.05364579949638291
-0.025424905118118
-0.02078951395494431
-0.035313976131893916
-0.05023932809979296
-0.05622142218076051
-0.04761479671341487
-0.025190566819344076
0.00439947818234017
0.009001254270956948
-0.010809401361686021
-0.026684205192764966
-0.05622556671489001
-0.07558650830259898
-0.05768257401157207
-0.04231652458237312
-0.03252996840604507
-0.017112298033856638
-0.011768451778008586
-0.00642871949268041
0.0030533597537173713
-0.01319372520863184
-0.05726417292019755
-0.09180448242053288
-0.08983647006853156
-0.07420199688141288
-0.07963311016117187
-0.08374660831735206
-0.0666285329776569
-0.05660117387185141
-0.06746935596717135
-0.07215048323515412
-0.06601639413900026
-0.07238376231589642
-0.07372171900945879
-0.05389467143402542
-0.036509638197758966
-0.026695838871288662
-0.02346865587484828
-0.033064583651680156
-0.05584576685494486
-0.0787751652124858
-0.07042771082102028
-0.04013099719691033
-0.0205227104495318
-0.01803844479788179
-0.022851737298646754
-0.026713603150826746
-0.030908371969528933
-0.030523570656890035
-0.031340728978090635
-0.04085890996095033
-0.039082817838576284
-0.02823584888310534
-0.03316872027288166
-0.03990004409689207
-0.02600915630599333
-4.5767539607576555e-05
0.02355490399585757
0.033251140974327
0.024135075826356392
0.016656849414576944
0.01825408512294751
0.014100691885243604
0.010080634894139637
0.01007329534344258
0.012342097841514063
0.01938178152554287
0.020400672826531182
0.008992117127931522
0.004028339781507844
0.02166286304650195
0.04761584325332179
0.06015480682665983
0.06490281474552506
0.07551126946771398
0.08294476276910945
0.07830444890502028
0.06773538438696908
0.06164325086192978
0.05676503056343771
0.048804255372127556
0.034983632653070716
0.01283581091054272
0.006645994066677346
0.01947378763524552
0.022804445623101764
0.016502183359103303
0.015524699004314321
0.01585570363591569
0.013185586000478285
0.01589510658246843
0.018974233072556638
0.015681555322353335
0.012809485692828044
0.010658165326109185
0.011692462748543627
0.024290153053965282
0.0401210185246155
0.043187124033432035
0.03669862942439907
0.03712676731566003
0.04157238845434109
0.03441785464377679
0.025216368068099765
0.026182823566055828
0.03399599717335994
0.03863658274032282
0.029347137239755686
0.0099077449313148
-0.0032689350414527862
0.004822655421973785
0.01873316878167047
0.02023741845002218
0.023589370511324155
0.03793609078858068
0.05243614759164343
0.06160155099246283
0.06588584862953227
0.06197887675815271
0.058369303324281155
0.0585505608183392
0.055445054357599215
0.047642286056208544
0.030219598669536264
0.014561913876376991
0.01596392795719846
0.020950228307383256
0.020561193637074236
0.026229787372729223
0.03496067290349384
0.031244305457855243
0.012652183678711843
-0.010053140123670142
-0.016963350306907116
-0.0002791826595834744
0.01676672444885813
0.015504903193810567
0.005078811886107702
0.003908903901459172
0.020127531171479918
0.031628420328513984
0.02599333224842403
0.024777937685159304
0.024838095898746013
0.014116947955305399
0.004490429275508984
0.003602601105605274
0.011279501943537905
0.013801091689929627
0.00022802963578308114
-0.020560387924157618
-0.03621861751940439
-0.035716046236692396
-0.026329189781795544
-0.019321934361919146
-0.011678086322433747
-0.010299396661222551
-0.017500155479941142
-0.017810281374863665
-0.011442512497949711
-0.006176722455272058
0.0034022478909203893
0.012614242794941416
0.013436971083861266
0.010739733946005733
0.007165047036386858
0.007059459403151316
0.011195668143651987
0.0069427437154553785
-0.004045300302471066
-0.010797943149490147
-0.013005063854554686
-0.008614242115989672
-0.0030201802734943664
-0.002730968186392218
-0.002109149775443086
-0.005327689884993203
-0.013811559593433873
-0.01705491224966487
-0.015876160434234395
-0.018795657986313857
-0.018879974592276826
-0.0031551282867019726
0.01773391305146036
0.028435943742574462
0.028727507400199113
0.022797015250850927
0.010208585775261778
-0.009558018403638402
-0.02110867072531242
-0.014598290705857173
0.0040183796252532475
0.022519480739685023
0.018217726199099317
-0.007899590802259078
-0.026476708625364487
-0.021245127986306234
-0.003854795819302621
0.0009523415389202093
-0.004923538637176689
-0.0026539299673804823
-0.0012355654458852036
-0.011699665913733191
-0.018763862262572498
-0.010775191500992713
0.005684349100002786
0.020326064432062283
0.024923074146186826
0.01847696414542333
0.008783486064217002
0.005385514706324941
0.010986344657925026
0.019221442864368818
0.023875415259045532
0.018680311579921047
0.006539433394759134
0.0021263838231058586
0.006828304086365736
0.009614524521213672
0.008487615647612102
0.007853511036388629
0.0056090907093950555
-0.002484648741106276
-0.013265193679963122
-0.011752120133485354
0.00956303251774975
0.03675791134941527
0.05126727717489627
0.04342441732104857
0.025944075629096508
0.016240975353486533
0.010374811744372249
-0.000201292465158191
-0.005536831443554696
0.005178253712573381
0.017243942296188107
0.01873341500928804
0.017408330787242843
0.018314231473232526
0.0215678449206459
0.024129994657163714
0.020687228603886207
0.013843101687740654
0.009017448117266595
0.004494328140820885
0.0019122319170648216
0.0058041482536034875
0.010479995155334746
0.016895361927942627
0.025564835747009157
0.026802962150997128
0.020535601247972754
0.014686749342457608
0.01706407217009796
0.02280850551242605
0.023041038425422305
0.019698193897697884
0.00921146468471707
-0.007901634648085415
-0.017962040280507772
-0.013122043810391015
-0.0015981720936442479
0.0025111749202777465
0.004048353418624275
0.006401375263025553
-0.0010492766844199801
-0.009280667872823197
-0.005780145972143015
0.0016126274985988668
0.009559309605092011
0.01691609988122723
0.01201206630152828
-0.0038141482176418636
-0.014577807403326688
-0.013893318629513264
-0.01058434868480575
-0.011207730555882187
-0.010686475141827039
-0.007751625307457484
-0.007191874835787238
-0.008367537289727773
-0.008372922919011627
-0.005641851792136041
-0.0008341063793732162
0.00042364710186714697
-0.010112742899827325
-0.02742959630763445
-0.03274901819545042
-0.023179773982631404
-0.012809178918291279
-0.007108221504963973
-0.0014782097512656604
0.004056534937641343
0.007431620141165973
0.009100034168533121
0.0062838474005443845
-0.0038139966069201145
-0.014906823225539961
-0.01579216943088772
-0.011542487927093042
-0.013770568839019568
-0.020560283383728287
-0.027228951137312656
-0.030063692008716638
-0.02506390668640401
-0.012449901704866609
0.0019624043287459463
0.007984964292261056
0.001487387701797435
-0.012225392802771518
-0.02231147714283425
-0.015776003908493662
0.0026462907669650487
0.013763315879427192
0.011604655513979389
0.00292373518794753
-0.005558591398119756
-0.0074011785216460775
-0.0014157438656256687
0.006475253916325348
0.010375315300341595
0.007205339078212601
0.0011420225672810432
-0.005319374455721229
-0.01094241153393363
-0.010564620040368905
-0.0060918545944874895
-0.0023481608371350615
-0.0014380579690468766
-0.005663834079398688
-0.013793104201256689
-0.014723901790289507
-0.002906710988442312
0.011755656677476287
0.019765884147208465
0.02009968192411552
0.01878211451820345
0.017031372968811062
0.011616869245379103
0.006578794072515516
0.004372564658423552
0.0017434641864706839
-2.1415455991610042e-05
0.0026385484967005966
0.006575248009600117
0.006372217601632131
0.0005500245746394431
-0.00643841885417781
-0.007698752604455788
-0.0021678740008521094
0.006612131260423162
0.011490263930508636
0.005537863138118208
-0.006790518517443676
-0.01269673489006099
-0.005626978303192829
0.008995988030965558
0.018353990157657027
0.018166018789137588
0.016071724985687815
0.011699179640744373
0.00466423110942029
0.004268846612985548
0.008738234760503867
0.011145264885815076
0.011484389020202893
0.005409810921664774
-0.005125559190467293
-0.009750000787714829
-0.008682068875165549
-0.008924944018847126
-0.011549753088071935
-0.009792435567436295
-0.0021393339843968112
0.0024399158453765764
-2.096611673737601e-05
-0.004378528371666147
-0.006685061286322418
-0.00425661953964882
0.002487441122649712
0.006863543871776503
0.008427164174399763
0.00989489143120335
0.006227169393917339
-0.0027006041207129
-0.009173459081578648
-0.006377063465091421
0.003788563666986032
0.009346492950814488
0.005353649918775641
-0.004333249752495458
-0.015573310077320907
-0.022164163335331943
-0.01909947304956314
-0.010233934181277507
-0.004065449795698115
-0.004183624018903885
-0.008892459528413164
-0.016110405183512515
-0.02030729429414855
-0.013449094743317819
0.0009023391811882838
0.010565756604086584
0.010458499522975215
0.0057853952575190335
-0.0014389559683936405
-0.009243060293556041
-0.009658706046366913
-0.00509116670233376
-0.002047322365765724
-0.0003026440546907158
-0.0017920331369807104
-0.007080465697816079
-0.008773311188562134
-0.005899278007111702
-0.005747178625565537
-0.009581388317344978
-0.011118594667181316
-0.006969133685697538
-0.0039852403310631414
-0.005472288356229725
-0.007092335550214005
-0.008111986887197343
-0.007114246559302622
-0.0014922594330282306
0.0057352995490596494
0.010928558171992668
0.010002939962093258
0.002496683793053024
-0.0025018260670902435
-0.001651343125763182
0.0013814637277022152
0.005202180318046693
0.006300432043356734
0.001710850366881506
-0.005482150215300672
-0.010560057205578302
-0.010776577429637174
-0.007016767827185855
-0.003463026826416906
-0.00144254804011926
-0.0019911732978012226
-0.004246083561327202
-0.003478075912815998
-0.0007807681710729578
0.0018882461358798147
0.005415252044584315
0.00779426827695835
0.006510214465257862
0.002981860531973475
-0.00015323156102774323
-0.0023532747363167053
-0.0009471966257251061
0.004078279303310315
0.00772170139448627
0.0073645866235413655
0.0028862215012108085
-0.0016593111140944864
-0.0016396340751934485
0.0008756188031328594
0.0015954571269834936
-0.0012746727461803984
-0.005261907663939859
-0.005959685379066648
-0.003592802242160622
-0.0011094618702709462
-0.0005157970132997691
-0.0005936779793223601
0.0019789559161045582
0.005794153161528707
0.007809731943164977
0.00776165106674666
0.004546109217528785
-0.00013558121715559682
-0.00030704477659203235
0.00425221446252887
0.006964155446583942
0.005511776480191415
0.0018828594848657443
-0.002629064711059427
-0.005626059247501333
-0.004757754561769955
-0.0011243338813546051
0.0009396171323079644
0.00045554075776012645
-0.0017065147541209331
-0.004876945538855701
-0.005595785642713761
-0.00206823148902399
0.003463169500263033
0.006330854666697651
0.005166951628829205
0.002287373074183398
-0.001823104598351753
-0.0037148164677996407
0.0002960982485172925
0.004708674749813097
0.0054164042295503
0.005517128702971623
0.00474679831292373
0.0005284826698279402
-0.004012704701526078
-0.0040132789690073955
-0.0012374432136450443
-0.000347979993710716
-0.0016013036074240307
-0.004109204064828064
-0.007271722386060397
-0.007261401732437984
-0.004247174333900589
-0.0022656268571329095
-0.00010289613732287967
0.001496771712577877
0.0003861531504377408
-0.001268297271518226
-0.002166004227925352
-0.0006826369369383323
0.0010823728688096515
-0.0004226136397594047
-0.0015335315629786044
0.0005701571925568919
0.0038053657116266797
0.003693473316234613
-0.0014471912314532216
-0.005995254525705998
-0.005679075587655603
-0.0026298420367653324
-0.00020104013546058428
-9.797842966041166e-05
-0.0020830980640460595
-0.003965428575235838
-0.005098539764419891
-0.005260408147081261
-0.0027447194539626644
0.0020099789064063453
0.0055517159244154665
0.003504556814844705
-0.0023560210303383237
-0.004965357494347775
-0.002877795353502215
0.001429963791747911
0.005567659260046677
0.005923302268516277
0.0027602956884388396
-0.000146596003660589
-0.0020558437403580556
-0.0035473542549904033
-0.0033667787566398003
-0.00010177444300411567
0.0029494830690337697
0.0013129650120239933
-0.001988238512967556
-0.002920617098798002
-0.0022670250518103913
-0.001303867121187572
0.00022354907997736913
0.0022785245660769155
0.00362064334900044
0.0023364138375944555
-0.00022681317401533155
-0.0007629955029964287
0.00017476650557774967
0.002609814108039693
0.004909689900935276
0.004492478767430975
0.004170120192830927
0.0043072948163929104
0.0025396413602306244
-0.000560143066569138
-0.002392983026881481
-0.0011091785054823133
0.001298679349852485
0.002290803745662194
0.0018418044924802574
0.0003656836251836621
-0.0014184131884730868
-0.0024631304303850327
-0.0016312032346076674
0.001768664553337836
0.0053012812913824136
0.005673604774488323
0.0027309679163654544
-0.0008377835617931263
-0.001920304587876975
0.00024950159096341114
0.0031028692948035265
0.004352829696529733
0.004249226550346369
0.0024292245213535656
-0.0005601206539605164
-0.002226865442096188
-0.0015464272154212773
0.0003037704919975119
0.0016546249730929293
0.0019593501793043967
0.0013463536831970235
5.7947414723006946e-05
-0.0010807721831499304
-0.0016460417245361958
-0.001908417229283164
-0.0017105000458171892
-0.0007169373025194374
0.0008965691928010717
0.0017454957826157072
0.0002617844248359646
-0.0019484563484337884
-0.001759826212785063
-0.00018906746532912935
0.0010450608823741132
0.0021379862842489444
0.0017302310668848154
0.00027151918570218
-0.0010846577136609324
-0.0031757181738400384
-0.0046464012214413476
-0.0035517660005408
-0.0008127899283967548
0.0009634741685304215
0.0001755847381132256
-0.0018646381226507228
-0.0028721639786778693
-0.002617788900070983
-0.0018291498960702215
-0.00033097787111005305
0.0015891139499596095
0.002513311637663412
0.00119764808173936
-0.0016284202351797312
-0.0029882895217725226
-0.0016069965958942687
0.0007311246906943058
0.001966237826250485
0.0016062846621005117
0.000543096566641118
-0.0006903830089448894
-0.0010326988058604353
5.6885973064093624e-05
0.0006941372201795628
0.0007342139516885722
0.0012402751312629496
0.0011679807220996792
0.00043553775551887186
-3.2464496437745424e-05
-0.0006185005308057881
-0.0009921057796731022
-0.00048761033908995113
-9.215562833790722e-06
0.00047248006639063616
0.0017238299496053068
0.002710337947539427
0.00176955020915847
-9.334082567889998e-05
-1.3909765943931624e-05
0.0013799083953657928
0.0021343655119787685
0.0024366237671237297
0.0018328203840250325
0.0003576321700462058
-0.0004897218204191876
-0.000790511332930803
-0.000509977806586633
0.0008887984749767202
0.0021110577343555824
0.0023207743807375438
0.001734629865807979
0.0006679807009778352
-2.405279535641744e-05
0.0003202284565986411
0.0011917949603719013
0.0018161138023110816
0.002025387169350767
0.0014005705249280393
3.897993310644655e-05
-0.0006777562060234439
-0.00025791316744510696
0.00019332893224292027
0.0003695346108947829
0.0009017632674989063
0.001123879160259906
0.00047591674900199785
-0.00036898694980739134
-0.0005861421586942654
0.00029054838907896556
0.000773106895815189
-3.327600223176129e-05
-0.0006490821071109368
-0.0004249396557028274
3.6367993024791376e-05
-0.00018928480392086695
-0.001180701914922718
-0.001321032497880607
-0.00017191219103637883
0.0006075594274784052
0.0006716406829675825
0.0007192684657289615
0.000629899285510548
0.00021750081728385613
-0.0004746820304380271
-0.0007604095332167005
-0.00026524248446583264
0.00013082968504730467
-6.799255149076509e-05
-0.0007606617158362615
-0.0015541617481433583
-0.0018784948153094156
-0.001553077349195964
-0.0007482596318908602
-0.0002739216043577873
-0.0005958425664601037
-0.0009145981337359274
-0.0008348378620036918
-0.000847486365721309
-0.0011436460423024908
-0.0011946091931984994
-0.0007183723893400745
-0.00019100833658963978
-4.7548750721270216e-05
-0.00044062839151160605
-0.0008729058509020665
-0.0006486805490333418
-2.3817169159378212e-05
0.00017184623950346786
1.9409800639166493e-05
0.0003885213356552934
0.0010166119626349643
0.0009727833493007541
0.0004469036779417281
8.270095219054355e-05
0.00027138258132404546
0.0006774894313726781
0.000514047010843941
0.000250570357317805
0.0003323536543456673
0.00048438016839024345
0.0006976619651333971
0.0005985097621510813
0.00048390980289369703
0.001179666203240906
0.0019443587867211105
0.0019355405448615655
0.0016199140671762627
0.0013937376084551187
0.0012427155176315079
0.0014216784792216765
0.0019104370962845089
0.0020218614629350117
0.0017270961462267668
0.0016812662950161984
0.0016851077874508286
0.0012447902445462615
0.000849312752812982
0.0009065881164632931
0.0011507500056273825
0.0011898213301169576
0.000746912075052449
0.00033543024515932037
0.0005150581315673354
0.0009553614459091929
0.0008767174837874894
0.00013962564225806806
-0.00023325368148257875
-3.832069264511571e-06
-0.0001415248307950298
-0.0006640899148543256
-0.0009155992620269824
-0.0008008503985918642
-0.0004684521330781566
-0.00021187208681730456
-0.00021670003410311512
-0.00021696255880357772
-0.0001521492580529932
-0.0004807324390528816
-0.0012473960461007816
-0.0018524417552730483
-0.0019535201325320767
-0.001780442797416676
-0.001625424758133054
-0.001664911686914232
-0.0019268473275423947
-0.0022162518359122524
-0.0023873407180162592
-0.002416134585802394
-0.002488148936869978
-0.00257019443620699
-0.0022761287700472587
-0.001772783270250915
-0.0014332823023520053
-0.0010944668281369307
-0.0006519439802988946
-0.00011371912824358621
0.00045076870781524646
0.0006823447387927512
0.0005049931537225482
0.0003950632369536969
0.00073814853702353
0.0011966879192524208
0.001357858428804116
0.001566596202750345
0.0019579294581679066
0.002021398236618762
0.0015690339218128921
0.0009365695145463446
0.0005218979917176384
0.00021711722239751914
-0.00019295336892936207
-0.0007955374385244616
-0.0015494154460482992
-0.0019075318386728335
-0.0019086400358338058
-0.0021245990587045738
-0.0022917352796566477
-0.0021333470705523576
-0.0019359282658129708
-0.0017633030824044066
-0.0014607743967700402
-0.0009896162053317599
-0.00045696089093654596
6.886783820277354e-05
0.00042459120790718603
0.0005332706104518763
0.0007296384260227878
0.0011499590555977294
0.001501566566124981
0.0016323509325695085
0.0015729086208982263
0.0014323846961111614
0.0013825729313733104
0.001492953716565131
0.0016557503560504746
0.0015511671163495858
0.0011960099755987002
0.0008589378274643124
0.000355365546015519
-0.000351683347965217
-0.00082280202084531
-0.0009537491466111533
-0.0009425070360501035
-0.0008953569067685482
-0.0008297441764355571
-0.0006113159312018987
-0.00014802184174663097
0.0004079368488992681
0.0007929037650597921
0.001021471283326776
0.0013785695148864929
0.0018788157304794428
0.002377378535619036
0.0029060199102375027
0.0034062721326788697
0.003689364332043776
0.0036038015239318838
0.0032158230978923024
0.0027125384069746393
0.002197808276979301
0.001819141938496573
0.0014959881623502166
0.0010438003807316026
0.0006350870723642018
0.0004202281734665802
0.00028803507540528744
0.00015545000691188275
-3.257326374978176e-05
-0.0003113177838450916
-0.0005164847297186655
