0.0
0.0
0.0
0.0
0.0
0.0
0.0
0.0
0.0
0.0
0.0
0.0
0.0
0.0
0.0
0.0
0.0
0.0
0.0
0.0
0.0
0.0
0.0
0.0
0.0
0.0
0.0
0.0
0.0
0.0
0.0
0.0
0.0
0.0
0.0
0.0
0.0
0.0
0.0
0.0
0.0
0.0
0.0
0.0
0.0
0.0
0.0
0.0
0.0
0.0
0.0
0.0
0.0
0.0
0.0
0.0
0.0
0.0
0.0
0.0
0.0
0.0
0.0
0.0
0.0
0.0
0.0
0.0
0.0
0.0
0.0
0.0
0.0
0.0
0.0
0.0
0.0
0.0
0.0
0.0
0.0
0.0
0.0
0.0
0.0
0.0
0.0
0.0
0.0
0.0
0.0
0.0
0.0
0.0
0.0
0.0
0.0
0.0
0.0
0.0
0.0
0.0
0.0
0.0
0.0
0.0
0.0
0.0
0.0
0.0
0.0
0.0
0.0
0.0
0.0
0.0
0.0
0.0
0.0
0.0
0.0
0.0
0.0
0.0
0.0
0.0
0.0
0.0
0.0
0.0
0.0
0.0
0.0
0.0
0.0
0.0
0.0
0.0
0.0
0.0
0.0
0.0
0.0
0.0
0.0
0.0
0.0
0.0
0.0
0.0
0.0
0.0
0.0
0.0
0.0
0.0
0.0
0.0
0.0
0.0
0.0
0.0
0.0
0.0
0.0
0.0
0.0
0.0
0.0
0.0
0.0
0.0
0.0
0.0
0.0
0.0
0.0
0.0
0.0
0.0
0.0
0.0
0.0
0.0
0.0
0.0
0.0
0.0
0.0
0.0
0.0
0.0
0.0
0.0
0.0
0.0
0.0
0.0
0.0
0.0
0.0
0.0
0.0
0.0
0.0
0.0
0.0
0.0
0.0
0.0
0.0
0.0
0.0
0.0
0.0
0.0
0.0
0.0
0.0
0.0
0.0
0.0
0.0
0.0
0.0
0.0
0.0
0.0
0.0
0.0
0.0
0.0
0.0
0.0
0.0
0.0
0.0
0.0
0.0
0.0
0.0
0.0
0.0
0.0
0.0
0.0
0.0
0.0
0.0
0.0
0.0
0.0
0.0
0.0
0.0
0.0
0.0
0.0
0.0
0.0
5.6363585879118515e-09
1.7437812173342444e-08
5.0507771042333894e-08
1.0538293110656717e-07
2.547668621969568e-07
4.97152579979473e-07
-2.138116460664566e-06
-1.204675579399895e-05
-2.7153312632859897e-05
-4.046797561948925e-05
-4.2281240642994617e-05
-2.3635052296916607e-05
-6.109916894902698e-07
-1.9579129765644573e-05
-0.00014221006912311306
-0.000425626616594846
-0.0008102426126572767
-0.001082750091520257
-0.0012013886490188207
-0.001320502748318772
-0.0014126518939987889
-0.0014575742666679977
-0.001537368586163903
-0.0016667356879577066
-0.00171550981391722
-0.0016378917973111215
-0.001707276884950833
-0.001967754163452938
-0.0021663823160161196
-0.0022281303628244333
-0.0022467271473138196
-0.0022684211359310187
-0.002328414776804743
-0.002446254597161679
-0.0024856473789544044
-0.002403735310414356
-0.0022209966943705956
-0.0020906630377802373
-0.0023654866037743777
-0.0028151332999561923
-0.0030644327084633116
-0.003028564433343322
-0.00291866768193679
-0.0030060900457748348
-0.0030924615829930353
-0.0032642263746984522
-0.003674200591272202
-0.003940499691264568
-0.0038575235642182397
-0.003614936570896646
-0.0034255594819680704
-0.003373285785211558
-0.003523134122536332
-0.003612845710808492
-0.0034633780941027187
-0.0034372208707965472
-0.0034755358419267376
-0.0032353242080669677
-0.003125079533251303
-0.0032780756870228293
-0.003277118168392984
-0.0031629942461190563
-0.00292550286928163
-0.0026149152337821275
-0.002660004176647385
-0.0029576619992507077
-0.0030899483315223746
-0.003256792340410518
-0.0034967606350362972
-0.0034580352151167715
-0.003052201828458443
-0.002729713200895514
-0.0032161466297165953
-0.0039405274292713495
-0.0038369964552469925
-0.003195353201667833
-0.002501208697220888
-0.0019838175009525235
-0.0014663022109731411
-0.001043260344657642
-0.0019348227634408668
-0.003543608660999592
-0.003779670839844607
-0.0034979401419855866
-0.004452547355162931
-0.005618014800030988
-0.005948822853098449
-0.0059715933221750495
-0.005864721099967341
-0.0055951328210269696
-0.005459653786781703
-0.006543150675621086
-0.008718089112225854
-0.009675457220321744
-0.009303009255349383
-0.009466984586269352
-0.01017746617763953
-0.010215021354199723
-0.010375912302538676
-0.011470164961666167
-0.012278250589829037
-0.01236207874828688
-0.012656315701034308
-0.013318669135567463
-0.013082502049844553
-0.011238039744424442
-0.009247427420339115
-0.008865170309227587
-0.009298005683428619
-0.009278455123527759
-0.00973865984787226
-0.011774343209884821
-0.013148576642817354
-0.01267999546099032
-0.011635343296456574
-0.010803338719636355
-0.010449625792124639
-0.010317441081548525
-0.011066251598455461
-0.013487129100776372
-0.01554528134046365
-0.015566414844123699
-0.015144913779245452
-0.015875396192457522
-0.015677202398933714
-0.013335126080163318
-0.011702103735145195
-0.01260321348173335
-0.014751659792373644
-0.015996015709598695
-0.016197999088839978
-0.01592649303247192
-0.01609548329556146
-0.017182111813628772
-0.01923026261020045
-0.01963946807369914
-0.015736829779384537
-0.011681452046939341
-0.012112647094669027
-0.014425253903582076
-0.014486106335650834
-0.013451888864408065
-0.012505272938061638
-0.011785008219610765
-0.012338304004918995
-0.012701390853219786
-0.012215167833503628
-0.012023604120343387
-0.01117181119768747
-0.009007072051877276
-0.007423033977800124
-0.006883653247716367
-0.0072536153404879665
-0.008867308955755753
-0.010626462807365228
-0.012962652391066466
-0.014916967597947011
-0.014049827117325766
-0.011355909025364498
-0.009570643837492988
-0.0070090327712351835
-0.00395698359274033
-0.006279323872311692
-0.012285292785690094
-0.015755580752632673
-0.01568311939604269
-0.01541522452208141
-0.016246592861301284
-0.016119163056300772
-0.014607233880051657
-0.013345042737085441
-0.011030494320102995
-0.006306451436238356
-0.004369741097291175
-0.008010024510540352
-0.01024585730314147
-0.008607344258888958
-0.007482748508890496
-0.005462929484700245
-0.0006227191339472048
0.005058222043410933
0.01011586092051409
0.012817885268339995
0.015061860214287022
0.019945142968440525
0.022603153904163523
0.020776952920935815
0.021066706515820093
0.025707310162437744
0.030440648518363166
0.03185404298075039
0.031144605395483888
0.03393217855353083
0.04294537614251315
0.05068441004116654
0.05060527187798032
0.047041855638017
0.04620919609307155
0.04495110872259914
0.0383704510292234
0.03102305240898574
0.02600728002739318
0.027055507414491073
0.03390086598314054
0.03873262815157514
0.03819410521197204
0.02727146188708132
0.013784898296357897
0.015635658015709895
0.028099304049084815
0.030868617514562404
0.020875964619357517
0.013906065229917436
0.020356757305492253
0.032422590900735945
0.03634934812128719
0.035292491872259815
0.034540228450524214
0.03128335945362633
0.03175225890733307
0.040136642874421084
0.050245536054196994
0.05452767576447065
0.05015738290052157
0.04415963468596009
0.04864820054380665
0.0658917740089391
0.08204922484503531
0.08282520767084334
0.07469048069232724
0.07203526488943507
0.0724403705872374
0.07181870501151282
0.07506551651682615
0.07851002659651037
0.07947848306180834
0.08147458287400239
0.08470562465275551
0.0965033146493131
0.11406857421466574
0.120242605962298
0.10535451464136977
0.07789279537682449
0.06247595440204234
0.06197007038762959
0.0534346458724356
0.03858420092959636
0.04357003656584748
0.06748120568165326
0.09273376328832908
0.10517725982564294
0.09364930898217054
0.0817171354641736
0.08377409717820573
0.08014243272802644
0.06670048815172554
0.055115686446456244
0.05469168197575155
0.05648325128108801
0.054854768570829424
0.05757058739063976
0.06449355272390632
0.07155119976970999
0.06852399657241749
0.03994410193510429
0.0020578127277987167
0.0005825491281734169
0.02827751181286162
0.0384878356236737
0.027187330827731795
0.021038915520500356
0.02736439551665016
0.03161267750145928
0.03848588891235306
0.059293159237128364
0.07227813715899443
0.05957568491449794
0.041865741922603734
0.033718481928432215
0.03978872347253783
0.06552518178848016
0.08076857555431059
0.07418951212080097
0.0701751875662568
0.07818907209173595
0.09135654592436257
0.09535668775999032
0.09787799029043326
0.0993993245115373
0.08661005829451889
0.07288461127272865
0.07018550283376813
0.08198437094080557
0.09905843747734965
0.11112130962904755
0.11456754093703118
0.1040042931350975
0.10346464403202697
0.11993573158065629
0.11860605645000602
0.08873709338492915
0.0652217988900893
0.07747735096572156
0.10125456108920265
0.10910799042597247
0.10306543346214318
0.09376796038620107
0.0954217425213326
0.09561770953198825
0.07876777310088719
0.059921341469151734
0.05521386926394523
0.05221219610760691
0.03386612793179191
0.022515325623251533
0.038111068777117105
0.05422063930433479
0.05333382135365821
0.046302628335625866
0.03141513938643951
0.018339758383871817
0.025086013958278332
0.034583079680180415
0.031166594462567296
0.03069215896330642
0.04553827769072589
0.06740275675335933
0.08541723729600792
0.09582401063449597
0.10078941308830267
0.1074568923259995
0.11691748201904892
0.12252625873919523
0.12256736406560306
0.11747762138989419
0.1072483030459517
0.09552488988643108
0.09333523667672695
0.10579760441112787
0.1261121150339765
0.1419791052280109
0.1328122693661543
0.10778172616600531
0.0941239429713241
0.08525097321038612
0.08166803484838152
0.09226420987755679
0.0962399003885238
0.08816851983205305
0.08595310389002642
0.08499534200709837
0.07135297258422453
0.046280187487095246
0.024603546880094144
0.019631917272060415
0.024008303874780205
0.01995116295976436
0.006726496363932443
0.0028180979284615705
0.01481321951314334
0.026527270259984706
0.01911460515704826
0.004222871450175551
-0.0028219562882335213
-0.006473590098158373
-0.00833870617061678
-0.010233579367035572
-0.005737883201480024
0.002146117386381794
0.00909715584488646
0.02099628312556824
0.03187139050350803
0.017896585309987858
-0.037551882855839054
-0.0921539001235344
-0.08963830079220612
-0.031036436382734053
0.028112970142810733
0.029658745209497725
-0.008747876975194826
-0.04926344775969599
-0.0878362704742705
-0.11722123582133026
-0.13797555987333712
-0.15256887122784704
-0.15840907444063648
-0.1448875622358973
-0.12209988662906618
-0.1176217601728883
-0.13692171308107562
-0.1593274471320228
-0.15603819736602084
-0.13938231297374734
-0.12440005014107149
-0.11071348804380586
-0.1115995706439833
-0.12733758875625978
-0.1425842801596453
-0.13865250462732726
-0.12466125472616331
-0.11207250563708335
-0.09903063966914345
-0.08629369275647869
-0.06651730402102943
-0.046310527075564635
-0.04425032507188961
-0.06321291642517117
-0.07945779837203126
-0.09389395139666912
-0.0996171178360633
-0.06907898877461992
-0.041078094873919155
-0.06703256682137981
-0.12286496244821832
-0.15341620500516057
-0.13487964974550284
-0.07917691547791345
-0.03257247169010753
-0.039764856676758324
-0.09619554732171136
-0.156197435226545
-0.17766288687934353
-0.16307077490357622
-0.15460770752764433
-0.1735992104317197
-0.19323877216784816
-0.1863153055020877
-0.16288633680039208
-0.13555501904404096
-0.123846390628747
-0.1445125725591126
-0.16301000595209816
-0.1520747283862873
-0.132450148754505
-0.141286106602988
-0.16556725509687434
-0.13857104510571347
-0.05848570537001456
0.003789146943460482
0.023444456725155383
0.03774111386751875
0.05588309184476754
0.0542022901365311
0.028992728956191767
0.0028545870928534545
0.003190163254516995
0.02625269459580179
0.04491338887088959
0.04636322823795334
0.03536190532915755
0.012126323133544554
-0.018759391214972058
-0.03817320874721539
-0.044767329728076774
-0.058634113601202645
-0.07800407073155363
-0.09665354591095862
-0.10008678329527583
-0.06547649294577891
-0.02446933860631576
-0.018393856856379384
-0.044102838542687435
-0.0745326365317358
-0.09729746728179263
-0.10287186577194403
-0.09221636133975945
-0.10111871369889011
-0.11103394364550133
-0.09541958932200668
-0.08029286305555532
-0.07053632198036765
-0.07580389493336835
-0.09810073678473354
-0.11651536477039584
-0.12493413983163225
-0.12583581852332823
-0.11436489283317554
-0.07484710011784249
-0.04023764863365813
-0.029760208392798512
-0.011854681537188189
0.025034644656939695
0.07434042740197246
0.10172778465249409
0.10530313935386197
0.09030846346540396
0.05083214591600457
0.015340906954390218
0.0013754372108517852
0.007076299197035716
0.016995078037556895
0.029107503082838427
0.053829464466858844
0.09285893666048867
0.10914313945688436
0.05233204735067505
-0.0305267168183194
-0.06628061913348862
-0.06248736371429088
-0.06279612024384432
-0.08144656321557611
-0.08918974024495653
-0.07226705841514411
-0.027277304225827588
0.03393348574215443
0.058948001730037135
0.029878373808262918
-0.004554490022901628
0.00340821597949715
0.02881477333015332
0.025083286651148128
0.003529773495323017
-0.017263573134490024
-0.05327800938091094
-0.09736566242031484
-0.11261629682390821
-0.08118393340101936
-0.016258590939814053
0.026493176542164147
0.020701881406126665
0.019829233248744603
0.0289320607904966
0.017580253572999815
0.0037480214203347256
0.002834075130476929
0.011238845722038052
0.01579218231432938
0.0177158106521111
0.03709840056386155
0.05244712108370553
0.04422901898530417
0.03792447106831119
0.02880320328617234
0.016176834549902264
0.022034827826865538
0.025066481714227522
0.015230635323629041
0.027045239414312177
0.045293325009907244
0.024100888686179527
-0.013632382275647437
-0.04161164676215888
-0.06939578226080702
-0.07714890918289055
-0.052229840000719896
-0.02045253861432967
0.005973168975833693
0.018634427834659763
-0.006768276879258319
-0.030666226262526908
-0.011317062219004682
0.012327598598612079
0.010561114001265269
-0.00904913146593506
-0.011436707767611489
0.0013652894180410133
0.0018334279841727915
0.011007766139812693
0.024382295903021687
0.032060838671258904
0.05101791838121297
0.06581560877573626
0.05729984817561613
0.02049257199965387
-0.01338828134082814
-0.005662225137218769
0.014653160713393724
0.015903048235549444
0.01749500083042787
0.026893940321844473
0.03174724196830722
0.050498893825034155
0.08630203761199243
0.10587605776740969
0.09640957375645443
0.07731664351731621
0.06527808476631879
0.05559906455965358
0.04044646051789322
0.03033926720270696
0.049000931578715205
0.10358480400903321
0.1555696608128395
0.14606089393022703
0.09651297969675116
0.07717913813633648
0.08646044716962747
0.09716041232652961
0.10486782861448457
0.10794218473506964
0.11105225589659302
0.11893583942903509
0.11645520673545837
0.07904908520564823
0.031413614577035925
0.019715893788880334
0.039644340270455096
0.054663773720742645
0.0508173517261206
0.03550795736896229
0.029391832673327314
0.04504899460351613
0.05011312494582929
0.029513978847667325
0.01000866354702889
0.005064800005842924
0.00319522071737721
-0.013722800974071452
-0.04439865978696976
-0.059955138413963494
-0.03864466814929677
-0.003129282882145639
0.00935801866864457
0.006453209003425215
0.016337736451928646
0.03605502327186606
0.047005107809348454
0.044198512652584204
0.026310509130193567
0.00035908505170891404
-0.012005291531910637
-0.0014859787055307204
0.019888946763392586
0.03627550654438978
0.055105417613931236
0.06859823463957425
0.059206630194935064
0.05438910543298819
0.06490071457025823
0.07690532940693526
0.0824569231643116
0.05427451693011259
-0.0013412419985982136
-0.03405825033932965
-0.029604874822382412
-0.013820153185240252
-0.0037057015712335965
-0.0027749063600119544
-0.017439079237711343
-0.04499560971245777
-0.06149191659853471
-0.04938060482325978
-0.037419270662325615
-0.04229791804165625
-0.03776711645192936
-0.015439103643256524
0.005509119249676156
0.0055739262948991345
-0.004739455116995106
-0.007758041559483513
0.003712187175196104
0.013789606105133462
-0.0016695026520472478
-0.01349258096861465
0.01175103008237415
0.051051439651827665
0.05397609275557112
0.0003449736903549186
-0.060917368446722193
-0.07087210587177185
-0.04786732924815028
-0.04087121662846781
-0.05702713435914517
-0.07938550638165076
-0.08014675110491558
-0.05663498526449039
-0.04032541830678958
-0.02792456284757839
-0.01207312218996207
-0.013319906902403077
-0.02597000242762875
-0.03143445670660988
-0.02981903803121641
-0.012339902859405928
0.017539788627662863
0.015442465948218728
-0.02946431675898892
-0.0817691144404011
-0.10233037478042842
-0.08095324051798514
-0.06308999443450557
-0.06575753569455697
-0.06654957396496125
-0.07092963208451653
-0.06979050665180295
-0.032805839562534175
0.01584824420030452
0.017734014306553008
-0.01791980115106194
-0.04171530936641364
-0.04506293660508928
-0.04089279069351007
-0.033597256426217054
-0.029772692410375355
-0.027887056077326305
-0.012117030065659706
0.006112956922969181
0.005332198307421564
-0.006659687345713883
-0.024469993932991697
-0.05093296525741706
-0.07213782796967037
-0.08762173928310284
-0.09918945871012248
-0.09900983175290214
-0.09362850025533098
-0.07142145000016972
-0.04057253364668017
-0.021879524932670136
0.013295667415154137
0.05300771988591766
0.04857372488994487
0.011583012076604877
-0.013965277852369071
-0.014823769892749153
-0.009734612582108924
-0.0059585754690876114
-0.008687716439845177
-0.010037817898547938
0.0012008734875882945
-0.00564861804992657
-0.03210878251026306
-0.03875901276343537
-0.029400745235969514
-0.028762234877391414
-0.02985435853572649
-0.02860789919600608
-0.02692276424897655
-0.015395296277278377
0.004605612786798784
0.025636368978412507
0.02905914486712804
-0.0012534636171798832
-0.02349807215126808
0.0014393031599730943
0.04008609996291135
0.062356255348571116
0.0674320811279539
0.05276994237161116
0.02886144379625304
0.010227915871530515
0.008533036417833944
0.024488114936149025
0.02954758879981408
0.015497841933114239
0.005734088663727294
0.009857888232626193
0.01665326080388506
0.0166921058165758
0.022400643297876194
0.03315762102368644
0.03361944458869652
0.026250591630404375
0.018231135740614537
0.017638757867513854
0.02813451536672134
0.0353509544509785
0.030311900493622514
0.020498695414474105
0.011863938722301338
0.013282446604223147
0.028151269766781
0.033852948517912484
0.025081500532599086
0.024106456048302548
0.03204920949020819
0.030496464771643833
0.009533188685240408
-0.011317936513228828
-0.00934070708828371
-0.0020056157885594075
-0.005845448264314782
-0.0019773330198042454
0.012321253226046243
0.01967248208771877
0.02831352400966512
0.05050853975850961
0.06945758035828022
0.0668745810474254
0.04488969263052375
0.02152832552575681
0.006702042017013177
-0.0018112999201603504
0.004430774069895267
0.02473553268935696
0.033422498086663796
0.023457736493984492
0.017226498910928773
0.011186400251127243
-0.005900245786492596
-0.013823256267700037
-0.006034312792232273
-0.0015314273464261273
-0.0035333329499265963
-0.00880191706543609
-0.01605611732753324
-0.011208361041351176
0.007065887892766322
0.0224546279952177
0.02897297601767657
0.026414822062683665
0.011473761403464
-0.01098383375499623
-0.025699507198049677
-0.02516770249857228
-0.02195909403867364
-0.030834395791579775
-0.044942591596703316
-0.052392475838303004
-0.0536831991113264
-0.042498737091122604
-0.02018274292928094
-0.0041011136870754495
-0.001127104273982945
-0.0011763654967488384
0.001983644795024981
0.002859178957754359
0.0070700610967303745
0.012027444684440593
0.003978028123156281
-0.0038676579919716693
0.004257731829560019
0.01680320194876524
0.019133979841037537
0.014441607992081208
0.0062537604545227264
-0.008704937673008225
-0.02052592377767529
-0.01790860719657468
-0.006568042570523507
0.0011791629862742794
-0.0019838277387646923
-0.016874905888834946
-0.03441107017334002
-0.0421437446026493
-0.04022361764267288
-0.034392345577296375
-0.026089792395105824
-0.017653730077502924
-0.010582534562948899
-0.006126894418349012
-0.009853434475271693
-0.013328933979633553
-0.0035847088467568116
0.008586782969821778
0.007178858702951356
-0.009517343484802479
-0.029025276402414073
-0.03827584834106717
-0.04046592746370513
-0.03909203460484466
-0.03441205993414806
-0.036998543569303405
-0.049393812920349965
-0.05913759457722904
-0.05764456167178173
-0.05180890121083394
-0.05146780389596501
-0.050335103961492364
-0.04404882802037699
-0.03808995678739513
-0.032262166653896224
-0.023606812197513607
-0.014786690908413367
-0.008817885623809448
-0.0026180229362654426
-0.0022442188662347424
-0.010134512546258974
-0.014904167528520041
-0.01682158330582276
-0.02014060333348621
-0.02040005770595486
-0.016232648875825074
-0.010948726246576999
-0.005591541085615544
-0.0008735444613798397
9.590672496413472e-06
-0.0020559110849301433
-0.0014553568598264506
0.004675226150704005
0.01497935255974293
0.025072410030937256
0.029264742465839332
0.023427847337651457
0.01650293719989593
0.020819979367659242
0.030438751370703065
0.03471835239437471
0.033155138140291016
0.031674204227711174
0.03061497493246852
0.02457327419143245
0.01856096175820445
0.02383476299734353
0.036801758315622705
0.03955383926352636
0.02469504320969491
0.003979069879672874
-0.007709413802828259
-0.007258351472763543
-0.002785678312007963
0.0003548046522223992
0.003587780973069595
0.011316183459373174
0.023649696410421448
0.02876766241331649
0.02047420123536222
0.015250400272148835
0.023886788873763685
0.02728341175179523
0.014649145031609734
0.001964194692887081
-0.0016514057491711569
-0.0018900397063282292
-0.007353078844373728
-0.017657848440018362
-0.021045754408754214
-0.014704171869849876
-0.008487765474690464
-0.008523670199260891
-0.013675180156343506
-0.017187576865306618
-0.013452833985684347
-0.0068492529419917035
-0.004392521389032619
-0.00517382805593763
-0.0022654602763253788
0.0025369261792438447
-0.00042312830665285506
-0.00994795379064236
-0.01399290614030204
-0.006983599370396318
-0.0003705729564056492
-0.0038852282325854575
-0.00664162946171993
-0.001270188116465222
0.0014453111509257729
-0.00586434146295719
-0.014183556153524197
-0.014084420176548462
-0.012264599536832928
-0.017560134153683137
-0.025570982080694804
-0.026402089274992248
-0.017088222322600075
-0.00567837201430083
-0.0002866168031243316
0.0017443090786301036
0.004599961691611355
0.009162982139573077
0.01564495490239281
0.01907948170137431
0.015003686639408207
0.011321161309491134
0.012113738872893041
0.007729321193790667
-0.0004168191530451805
-0.0043194303534931375
-0.002903537882141052
0.0015392205584582818
0.0022162112350964888
-0.00030786029491583125
-0.0012292430170362757
-0.00077292615518358
0.0023484322725179025
0.003802184439846022
0.001414179422689424
0.006511711261750419
0.017640623433043796
0.02115720989328204
0.01764197583175734
0.014773889016753215
0.015300299223711117
0.01976728220853494
0.02538861878823004
0.02483108851568122
0.016736887911290303
0.00993843301350533
0.011690316537917276
0.017833099861259288
0.020527019350918073
0.017139926502176016
0.008845964614281655
0.0009592166940298455
-0.0007801936369131204
0.003873160962973893
0.00732916816480416
0.0028146429531285054
-0.0018285337833695518
0.0009999805153095855
0.007508126752898561
0.0167668593186387
0.028059465630505858
0.03514843443263678
0.03158745565574493
0.020667306659254744
0.014708944841930575
0.016531811315506136
0.018399972341479394
0.0169641351940846
0.013180821866874106
0.01006133529504221
0.012780279684729594
0.014227239493327194
0.005143536286789792
-0.004331913094843909
-0.002357158229560553
0.006806370385808816
0.010339928321435281
0.0060477377525534086
0.0034349268040590438
0.0052848714598317
0.010897982952094626
0.016902074030246062
0.016275010561410865
0.014463416653614652
0.015962290226399774
0.014724850161219794
0.011871126058579921
0.008926145636472973
0.004950817362956533
0.004638505168313028
0.008143818197909403
0.010500928911566287
0.01017122053230612
0.007310796910630973
0.0014731973547132478
-0.007884605689633832
-0.0157676317294073
-0.015298651614465475
-0.008189430152832099
-0.0029076855262355436
-0.005477239092690701
-0.010023568019105865
-0.007453445310885083
-1.8280050664926327e-05
0.005343793088507008
0.008014556368041643
0.008463894601476946
0.004660798083452088
-0.001851154019178568
-0.005790596368496646
-0.005121853748552535
-0.0038448273396767926
-0.006131182711452324
-0.008402269863711483
-0.007561667247851194
-0.0068876671154940415
-0.008209897529082003
-0.012885942876091254
-0.017218087673417252
-0.016557545037396627
-0.013029824394081459
-0.007902477136082338
-0.0026017373282856203
0.000993870353614832
0.0018286354210958694
0.0006545061825110398
0.0010567862587841249
0.001969526054424006
0.0026441206782684993
0.005103926844754289
0.005018425483569665
0.0023168563081628953
0.004087013811444926
0.00763914737890413
0.008777509750002339
0.007999999866116214
0.0036330694651536427
0.0006691011639970908
0.00155361074221816
0.0007093636520993372
-0.0008304284567820742
-0.0028876032009374124
-0.005523959286052762
-0.0037705109200926513
0.001833274535441294
0.007817701155878683
0.01082822624881871
0.010386467370145923
0.010477548578104949
0.012309483950334222
0.014250041228255616
0.01331012185462922
0.00784634460907612
0.0038254281928661858
0.005788759307704226
0.007997421014887941
0.006400058986911451
0.004788024792968505
0.004829072517156494
0.002497502023316269
-0.0029848326136811825
-0.005743681258199173
-0.002192335345109468
0.0013484475398244454
-0.0008585955954046333
-0.004641393317242925
-0.004587099650798891
-9.683077813648088e-06
0.00439040806186419
0.005262325544922005
0.0035209159127405866
0.0010825807125962364
0.00113293332386828
0.0014303108781092422
-7.313910038423153e-05
0.00013190377589536188
0.0022423153774436097
0.0031637784873096244
0.0011735625118828195
-0.0016817575520945477
-0.003852232181716511
-0.006280479768819245
-0.008019697620122253
-0.00830632642159259
-0.008211525183754906
-0.007942394680206286
-0.006816322977043964
-0.006775062932132739
-0.007551365900713689
-0.004723667672356926
0.0009970913254920418
0.004455765358151689
0.002815031451205595
-0.00048252930661331963
-0.0009145304296182317
0.0008058155273858347
0.002087536408699665
0.002335811553859431
0.002434269788421166
0.002504001058498582
0.0013353314797316632
-0.0008935375991579102
-0.0009749691740093442
0.0010020102628541042
-0.0010534066862296736
-0.007014916688957399
-0.008492437158704895
-0.0038179910676640508
0.0005436933980596763
-0.00018232856410790808
-0.0032186143247242066
-0.00296052709992193
0.0004181459841255897
0.003423941832008598
0.004831446549201462
0.005095238532463076
0.004222184448558478
0.0032911807529273354
0.0031043385536308806
0.0018046576072563343
0.0007634513434191749
0.0032189067554216407
0.0060635603685931065
0.004591133583091792
-4.493834133354698e-05
-0.003008613197646319
-0.002428857919851653
-0.0014446941712295235
-0.001985564082637652
-0.0024111959058859254
-0.0019966248529294283
-0.0011355639177988374
-0.0011252096915481842
-0.002674967658623145
-0.003028036172836607
-0.0006930555587174699
0.0025170162607201798
0.004590414817798657
0.0041244648370642855
0.001508113793619264
0.00027824859233191
0.0014737723825195598
0.002129260510995553
0.002847415262101382
0.0032176764260225753
0.0017018596943882672
2.1040908586131203e-05
-0.0027714387998281397
-0.0066770693290493805
-0.007841983478652729
-0.00533170113902154
-0.0032318611828455962
-0.003634808214546243
-0.004055470367240851
-0.0033173673214108657
-0.002263362612410605
-0.001214511963863066
-0.000484500469891954
-0.0005596523422402819
-0.00018915410114014248
0.0008947143555062003
0.0001790175931321391
-0.002161902434651532
-0.002872954068337127
-0.001173733464142375
8.910382848858162e-05
-0.0003911221106332775
-0.0003623375278603091
0.0005242877685285948
-0.0005048728907888399
-0.0034184979471102456
-0.0051682748754598995
-0.00523057496531375
-0.004895451405448508
-0.005127151196832125
-0.006004421088451474
-0.005189451704783474
-0.0025010972653803356
-0.0016415170523027913
-0.0030299540169174606
-0.003337183625408798
-0.0012858157831015069
0.001986794330629945
0.004337053493885548
0.004264789885824517
0.0022800473527033282
0.00047310460987561476
0.000546330160543213
0.0014412923741113793
0.0019390624661218777
0.0008982840375077817
-0.0010313370966441816
-0.0011721248602137879
-0.001392052107649214
-0.0035286222724670827
-0.004093392237619569
-0.0007276556488450528
0.0031598991627979434
0.003754042706423808
0.0024763408957012155
0.001676539212343703
0.0013954282351530014
0.0014742224366956745
0.0015893619841975688
0.002199558000671709
0.0034450096968114833
0.0038438304668176565
0.003448159127326644
0.0029801144013666056
0.002671778753197625
0.0035420560904127507
0.004965940201192872
0.004652754033104763
0.0027038731317762417
0.0007552847033309119
-0.001285956469840936
-0.0027807723395688595
-0.0027894213082889593
-0.00324892783869384
-0.0040569019937719076
-0.002801591716993925
-0.0008212897454955721
-0.0010508490760196873
-0.0018778355769548901
-0.0008624413008766802
0.00015303160900410862
0.00022045906723974909
0.000744776099258937
0.0014230876800431923
0.0010073696275943963
-0.00010388403717828143
-0.0014917336624059845
-0.002762257724970942
-0.002826843339118955
-0.0023131431302437395
-0.0029240486824221594
-0.004511436300729745
-0.0045532862946021544
-0.002909693509155914
-0.003074210256716864
-0.005017421863156524
-0.005122392571007181
-0.003087641066342848
-0.0015557264107806058
-0.0022712538453998512
-0.0038325824987099485
-0.004324233114233002
-0.004422401198885785
-0.004367558539696196
-0.0033172554903356023
-0.0011365545315499082
0.0006616832765775101
0.0005607171948654171
-0.00026497311581819786
-0.00033671981325867376
-0.00035647685046850453
-0.0010197947180814074
-0.00131006102636619
-0.0011371197071794418
-0.0017516890907064544
-0.0026087499135254827
-0.0034008707421797693
-0.00429563594645755
-0.0038523959442275744
-0.002186374023183278
-0.0005338244238085938
0.0009309709039873778
0.001798089895994174
0.0010750963288566947
-0.0003033873421990963
3.292301786093337e-05
0.0015610208931868764
0.002481348427672312
0.002787286483741683
0.002473846313875785
0.00134501949434811
0.0001513104809506412
0.00012122544681977513
0.0013986981450523728
0.0022146213785438824
0.0021264874653698705
0.002046105420168078
0.0017319374274299072
0.0013468601242664481
0.00149322551575241
0.0014388381576903822
0.0005056181633034525
0.00018048184638643354
0.0009974608195383102
0.0012573713219603995
0.000823698535981281
0.0006166436536256389
0.0006895441799983619
0.00110801274209483
0.0020887764551411124
0.003191622704267097
0.003637157378396276
0.0034905945217076403
0.003155859987906612
0.002568974309245079
0.0014549322329639662
0.00011552214156561906
-0.0005606452570065018
-0.00034834769320231916
6.49070473750969e-05
-0.00022493709722896447
-0.0007166506057695
-0.0008069144803706889
-0.0013466074646184562
-0.0019888196446899227
-0.0013076461049207947
0.0006193052027731774
0.0016277856551724522
0.0004962175762262755
-0.0015196387680428028
-0.002788978609273986
-0.0022347469383548904
-0.0010286272511065904
-0.0007201377941394629
-0.0006266064399230977
-0.0006338473169017221
-0.0012275912607449117
-0.002076763403212585
-0.002180319076632743
-0.0010317601013193078
-0.00011380830236984455
-0.0005218265651712703
-0.0015232900266352572
-0.0021183272467905014
-0.002308361562563487
-0.0027075202304363342
-0.0030457282161926664
-0.0029883651105952883
-0.0026428531765787366
-0.0019115286065184923
-0.0014195667521400297
-0.0014033376604592326
-0.0010849919650179297
-0.00047995191811398165
-4.541012386569318e-05
0.00031657854806337363
0.0010068115993657827
0.001173786358867939
0.000436245940966475
0.00011348695272406066
0.0002988163809614606
5.032858773179253e-05
-0.0006378864746678033
-0.0005823324511682538
0.0003424347253909768
0.0009816632594108897
0.0011523615291869251
0.0009783954878395664
0.0006987262239522815
0.0007974481259354575
0.0008202699347008402
0.0008599543579953211
0.0016473764014703356
0.0023563422398659704
0.0017625900084536526
0.0005818976795274492
0.0003400358507862075
0.0009729418795253131
0.001873548072438307
0.0026737655132893475
0.0028219815968821478
0.00240343024168618
0.0021286695690546304
0.0020629032357736294
0.001866930420314954
0.0017455270415186182
0.0016108484800883341
0.0014109475337389418
0.0011270746519695893
0.0006205317567177799
0.00016098299398539995
-0.00012548519597731074
7.961878132323077e-05
0.0005223119566166675
0.0005465266368307536
0.000694901543878249
0.0012470387557262932
0.0013907960843364923
0.0008374614420235777
0.00034572348919005493
0.00039643139519337665
0.0006067721139336672
0.0006701616784967597
0.00026362892043348054
-0.0005299809260770461
-0.0007488337596040088
-0.0005195219468535818
-0.0007246174609478945
-0.0011195379655713638
-0.000929657048494287
-0.00031135001787156583
-0.00024189454618920615
-0.0007457484315026149
-0.001057157843671072
-0.001056425694937865
-0.001118502554365115
-0.001302150767396971
-0.0012949367967503137
-0.0010628992742379498
-0.0008947390448357622
-0.0010157564644881318
-0.001314119586774952
-0.0011846909625057773
-0.0007003610733282734
-0.0004820148706649177
-0.00035053580471180914
-0.0001897655272616678
-0.0003111250024811556
-0.0007932862873907355
-0.00101625059258483
-0.0008082586757196166
-0.0009730183719555631
-0.0014092244453976497
-0.0014469718285968704
-0.0010329516255938103
-0.0008161907752963341
-0.0010700297080958425
-0.0012021774518448112
-0.000954369493606614
-0.00039425476345891726
3.796516600143763e-07
-0.00014541169729491513
-3.6259890731513524e-05
0.000448308082930174
0.0002773409776297056
-0.0003557622495476673
-0.00033737622359220965
0.0002891991126889509
0.0006885983947381028
0.0006401198273730337
0.0003643043592080956
0.0003238799024294851
0.0007794020310344956
0.0010911002357117737
0.000886075104953128
0.0009037178703401471
0.0013780184331159688
0.0014803788717865332
0.0010695796087904388
0.0008023838370978733
0.0009682952943385338
0.0012275007469125497
0.0011960987827234616
0.0011162201538074462
0.001232835944175145
0.0014030255201839584
0.001490038576016306
0.0014469926885897955
0.0014667430540406309
0.0016080552249810754
0.0015973542851082647
0.001420437869940758
0.001321459901821918
0.0012480972023561623
0.0010252119958321648
0.0007827178550278769
0.0007251051617284849
0.00061593784583736
0.00031187034736393726
0.00020135448337507632
0.0003857953052367497
0.0005179583529283519
0.000268918867321301
-9.448331683198926e-05
-0.00015239227823185162
-5.2870892811150836e-05
-7.638090538198967e-05
-0.00026255714411414424
-0.0004170782651376465
-0.0004119848712818653
-0.0004652225981407154
-0.0007406155381276513
-0.0008951493982169087
-0.0006358583411929283
-0.0003536810038948373
-0.0004305201416282047
-0.0006566635177563176
-0.0007792023549543896
-0.0007204040093914917
-0.0006498291110931384
-0.0007072298163955994
-0.000803750606960365
-0.0008442969278192434
-0.0008392771890577978
-0.0010054065365524888
-0.0012182150452707584
-0.0012284094646661976
-0.0011182211716892277
-0.0010588375621254332
-0.001092232351425059
-0.0010122469061704072
-0.0008366752594902118
-0.0006992950527577788
-0.0005046608500331261
-0.00036267080775793015
-0.0003585291019058622
-0.000346908572435759
-0.00033693457872495993
-0.00034117853451071475
-0.0003353685706386159
-0.00033505741268315044
-0.00030847875311232597
-0.00018380666801049645
-1.4338763807038253e-05
2.487749251656684e-05
6.846333057659497e-05
0.0003087848258481294
0.0005039835693593121
0.0004843094454333687
0.000430227574772388
0.0005141805524303573
0.0007384329840382089
0.0009107144031753813
0.0009427515011528792
0.0009766117815966147
0.001061787303029381
0.0010933697487472143
0.0010660204528845675
0.0011429820529040885
0.0013852091175368159
0.0016459748432531669
0.0018101596951265704
0.0019274501733458622
0.0020410449357570522
0.00208403823504765
0.0019558735502981607
0.001646248929518429
0.001292021130532577
0.0009585801582380067
0.0006133383725125705
0.00031265439492994746
9.304310772870531e-05
-5.059107860401883e-05
-0.00015983771840857609
-0.00024005294398651408
-0.0002600700018445023
-0.00025311122398851706
-0.0002003273584361041
-0.00016080548576921934
-0.00020544618366957453
-0.00027525353453761436
-0.00035369791853450295
-0.00040433548787932534
-0.0003346622074990517
-0.00017639955879692176
-2.581950577782427e-05
0.00010518015187043752
0.00028573159421923854
0.0005014351437608222
0.0006294723155213895
0.0005948876386249725
0.00044875704738862415
0.000321223919475023
0.00021158447699043043
-1.3117717926310479e-05
-0.00036769858625055777
-0.000732853501713215
-0.0011002624569934046
-0.0014813640766026738
-0.0017650740532022997
-0.0018300409592920139
-0.0016922073558777615
-0.0015571146072324096
-0.0015458366843546195
-0.001536456983742397
-0.0013812511889849913
-0.0011173613957361495
-0.0009377487072522675
-0.0009437215612312037
-0.0010372430348306076
-0.0011070810626936133
-0.0010622153264761714
-0.0008564752798425862
-0.0005633791196847145
-0.00033783133391843156
-0.0002953713011119357
-0.00034562890929040166
-0.00036308246039496703
-0.0003488036757568229
-0.00029580480846275826
-0.00021986760659580898
-0.00014435428908586518
-7.394054710735387e-05
-4.748144198576352e-05
2.5017153909104118e-05
0.00022442284514897015
0.00045094389436237
0.0005769167293562456
0.0005811965433926832
0.0005865122667252683
0.0006737265169548225
0.0007831600477460032
0.0008219452523563459
0.0007680720300991191
0.0007418321900906377
0.0008558610891867048
0.0010850457532873932
0.001363026314406711
0.001632020657614731
0.0018363151242268346
0.0019488187633304884
0.0020101162033147944
0.0020462025284187606
0.001997598648941695
0.001825261607486795
0.0015917888164333836
0.0014204165445857629
0.0013711253038584178
0.0014067466104551014
0.0014702467588029507
0.0014598907650536326
0.0011583325425867435
0.0004161565060175844
-0.0006180707583508164
-0.0015875085804194003
-0.0022640552750338824
-0.002772235888747901
-0.003355958351134078
-0.004000485390777116
-0.004489969754918102
-0.004689502361181245
-0.004616990301972234
-0.004385130636504252
-0.004071714251742762
-0.00364264959471704
-0.0030300566961898347
-0.002241531455241616
-0.0013282817844472894
-0.0002444276875484018
0.0010602911872030526
0.0024753871442708096
0.00385158237284555
0.005106486473521402
0.006176010129002712
0.006965955197281281
0.007452191782375271
0.007762126257419668
0.007955937137548186
0.008003410593034273
0.007922238257305458
0.007546928841781052
0.006430271385020042
0.004401217448698439
0.0019491478754482111
-0.00031971963481955493
-0.0022872505509993596
-0.0040827786969329935
-0.0056452808053349774
-0.007029363913930426
-0.00859071592174169
-0.010296538065839479
-0.011549793008807837
-0.011948809041260597
-0.011698825636679322
-0.011303737755385332
-0.011058002775157528
-0.01082588928850014
-0.010293338902677083
-0.00928785411708462
-0.007829897418590368
-0.006118824867394106
-0.004295984365713455
-0.0022523735019559714
-0.00014362331098098015
0.0015299986250795047
0.0027620526132503776
0.003945678931921711
0.005068763455626757
0.00596148990019758
0.006849536040511079
0.007905033398723806
0.008736547442611669
0.008899684661269901
0.008562438568498218
0.008295005057881845
0.008344251682126921
0.008524351959441645
0.008622819951306234
0.008434904592425633
0.007767436047931407
0.006702914949893534
0.005650351430752614
0.005008976899597824
0.004775847558766186
0.004502680996760132
0.0038145715783511275
0.0028926900781156488
0.00216180503057674
0.0017407720599719452
0.0014684614590434468
0.0012720866964861322
0.0012512917279268077
0.0013799040438548734
0.0013021586277000609
0.0008342566765678891
0.00035645531341176756
7.35178094526442e-05
-0.0003749415217360881
-0.0010975356176466818
-0.001774955724537406
-0.0023637694504958827
-0.0030335229098997323
-0.0037412637063272075
