0.0
0.0
0.0
0.0
0.0
0.0
0.0
0.0
0.0
0.0
0.0
0.0
0.0
0.0
0.0
0.0
0.0
0.0
0.0
0.0
0.0
0.0
0.0
0.0
0.0
0.0
0.0
0.0
0.0
0.0
0.0
0.0
0.0
0.0
0.0
0.0
0.0
0.0
0.0
0.0
0.0
0.0
0.0
0.0
0.0
0.0
0.0
0.0
0.0
0.0
0.0
0.0
0.0
0.0
0.0
0.0
0.0
0.0
0.0
0.0
0.0
0.0
0.0
0.0
0.0
0.0
0.0
0.0
0.0
0.0
0.0
0.0
0.0
0.0
0.0
0.0
0.0
0.0
0.0
0.0
0.0
0.0
0.0
0.0
0.0
0.0
0.0
0.0
0.0
0.0
0.0
0.0
0.0
0.0
0.0
0.0
0.0
0.0
0.0
0.0
0.0
0.0
0.0
0.0
0.0
0.0
0.0
0.0
0.0
0.0
0.0
0.0
0.0
0.0
0.0
0.0
0.0
0.0
0.0
0.0
0.0
0.0
0.0
0.0
0.0
0.0
0.0
0.0
0.0
0.0
0.0
0.0
0.0
0.0
0.0
0.0
0.0
0.0
0.0
0.0
0.0
0.0
0.0
0.0
0.0
0.0
0.0
0.0
0.0
0.0
0.0
0.0
0.0
0.0
0.0
0.0
0.0
0.0
0.0
0.0
0.0
0.0
0.0
0.0
0.0
0.0
0.0
0.0
0.0
0.0
0.0
0.0
0.0
0.0
0.0
0.0
0.0
0.0
0.0
0.0
0.0
0.0
0.0
0.0
0.0
0.0
0.0
0.0
0.0
0.0
0.0
0.0
0.0
0.0
0.0
0.0
0.0
0.0
0.0
0.0
0.0
0.0
0.0
0.0
0.0
0.0
0.0
0.0
0.0
0.0
0.0
0.0
0.0
0.0
0.0
0.0
0.0
0.0
0.0
0.0
0.0
0.0
0.0
0.0
0.0
0.0
0.0
0.0
0.0
0.0
0.0
0.0
0.0
0.0
0.0
0.0
0.0
0.0
0.0
0.0
0.0
0.0
0.0
0.0
0.0
0.0
0.0
0.0
0.0
0.0
0.0
0.0
0.0
0.0
0.0
0.0
0.0
0.0
0.0
0.0
0.0
0.0
0.0
0.0
0.0
0.0
0.0
0.0
0.0
0.0
0.0
0.0
0.0
0.0
0.0
0.0
0.0
0.0
0.0
0.0
0.0
0.0
0.0
0.0
0.0
0.0
0.0
0.0
0.0
0.0
0.0
0.0
0.0
0.0
0.0
0.0
0.0
0.0
0.0
0.0
0.0
0.0
0.0
0.0
0.0
0.0
0.0
0.0
0.0
0.0
0.0
0.0
0.0
0.0
1.004803632819696e-05
3.073728209236646e-05
2.6258093885590954e-05
2.0126679350660874e-05
5.6972881351355595e-05
0.00020883776624838207
0.0003865161732292227
0.0005173423527062313
0.0006101569239400957
0.0006159531500044249
0.0007232813949749312
0.0008482240777269884
0.0010353136108008385
0.0011177045877470656
0.0007495437738421004
0.0004231845075188273
0.0005045816275359561
0.00097611029579724
0.0013336265078840034
0.0010992586327008616
0.0005518421401688895
0.0004272142848704189
0.0006891183304738426
0.0006926246778367871
0.0006176064426400076
0.0007378780785397837
0.0011991220592488454
0.0017719113572045593
0.001772103202615333
0.0013444155501345595
0.0012325206126965872
0.0015537632641892162
0.0020398066285191737
0.0022197455911117897
0.0017466515297696946
0.0013348171565566631
0.0017010591432786734
0.002666287584986661
0.003472483940414867
0.0032020443813998603
0.00225226804953493
0.0015001600097757075
0.0008601851595028415
0.0006400738994739849
0.0011217227364609921
0.0020309979436319184
0.0025054139854411793
0.0025148916298372574
0.0027139245087822337
0.003104825899086666
0.002872038921407966
0.0016391061535489574
0.0005232893885917578
-0.0005088890757527769
-0.0018537666911647606
-0.0012550868690573455
0.0012313626872902045
0.002910289248541226
0.002748763585810607
0.0011731080851689988
-0.001379134774755305
-0.003363743297886735
-0.0034007987492394314
-0.0020666849811449618
-0.0008954796394826042
-0.0021944121700574228
-0.004377289733798191
-0.002873084684638934
0.0002786876028010655
0.002057110405466468
0.0027029746771815404
0.0021367096039635633
0.0003310032620500203
-0.001334040430641847
-0.0012800321434050376
0.000282152814051303
0.001350311932452657
0.0004584856199975233
-0.0002747240492005404
-0.0013802078082565923
-0.004109593358080194
-0.005011686749659502
-0.003909226113629446
-0.0030153886427001825
-0.0037152574306736985
-0.006401909243599114
-0.0079968996730076
-0.005224605170326852
0.002149846478131628
0.007263120413611322
0.006208009319229244
0.002431295883505234
-0.0019315655710151467
-0.0038490311086378792
-0.004437624170491197
-0.007363173832989332
-0.00936335884655865
-0.009624256474401916
-0.00986319480466164
-0.007479329972997241
-0.0025403551755104254
-0.00024940660893296257
-0.00046485071200128063
-0.00388844814371868
-0.010588501078913976
-0.01423370874692028
-0.015013725463560742
-0.015052233121541083
-0.013708700370567345
-0.013560108816472358
-0.01585394814520356
-0.017890889355941943
-0.01574820841881314
-0.011737899692536052
-0.0124729670567633
-0.017314708743401193
-0.02131659824255128
-0.02144239132873893
-0.019414796464650743
-0.020213945062021826
-0.022108887503031995
-0.021373166561699256
-0.022328192859194587
-0.024290576677731514
-0.02394811519034547
-0.023339745317022077
-0.02304290013226102
-0.02331048348593525
-0.02111155046737714
-0.01795810070071794
-0.01760177526513053
-0.017937649064230718
-0.016711193123149396
-0.013455136215569515
-0.012865087533376987
-0.0192451722174958
-0.02558648507923118
-0.02295195745474115
-0.02141112502429753
-0.023855640722410743
-0.02093300578710689
-0.018373172313902845
-0.01727716146371059
-0.01561042479084022
-0.013099179375963013
-0.011006259058827038
-0.016805551148843217
-0.028059176165016166
-0.03118959334471439
-0.02363016622637689
-0.020994869011775916
-0.024940418774754874
-0.02411142715823321
-0.01884529517148782
-0.012819748526405213
-0.007047544481601988
-0.006046028526614036
-0.010056031768538677
-0.012201175780204184
-0.01037730804246376
-0.007363548515715723
-0.005417821589055238
-0.005949487783268647
-0.007600292906167355
-0.008667636082101662
-0.006669796565784345
-0.001160234739611068
0.0029675225563025277
0.00411424738634011
0.006478431504716831
0.01047892191067061
0.013573337000433743
0.01529369300800875
0.014613444577068004
0.011583539089835417
0.009836680596653843
0.01101732228486432
0.011222228289557386
0.008059757294250838
0.007320330389406156
0.01106859111900476
0.012703392996862153
0.009595086088682533
0.006870458793791206
0.007938127893365053
0.008165730570503434
0.006719504521080169
0.0076261982890761856
0.009919150079534344
0.010729970061954024
0.010731511399893307
0.01216746583083595
0.015153450343608732
0.01692991469476912
0.017760571396512274
0.022308176653459796
0.028693477881516834
0.031878817767736385
0.03323590961949695
0.034756044904166554
0.03486966159904286
0.033481879631758645
0.0324719551216214
0.03306764934294597
0.03271171321763594
0.030408759126520524
0.03095393363972551
0.0338562386600075
0.03434906736513315
0.032261591763976735
0.029031268751379822
0.026261995657595957
0.026571255700229193
0.02764801550261105
0.02807196422661887
0.02870132321666488
0.027131542286219095
0.026952558698885378
0.030847428553396766
0.032599697911355655
0.030378201523013078
0.02797796378282109
0.026430429367102555
0.02553434351460353
0.023364070757414965
0.020066715719687746
0.018865799234283255
0.01637732439505109
0.01309460038437587
0.013443211180918973
0.014618890162039972
0.013686061900493122
0.012849797069365189
0.01200196883016121
0.0070756905773890705
0.004144851226294499
0.008268754541859602
0.014618873428391537
0.019952997171440973
0.02304689482728747
0.021758961267734286
0.018505751926550337
0.02181360024706467
0.02615074108891275
0.021237413026572324
0.010957976290879063
-0.0023695924912480655
-0.015191601225753072
-0.0163221133971618
-0.008617902268860745
-0.005649081191773977
-0.00822212192373148
-0.009075392612097685
-0.01045128807895953
-0.01815473719454592
-0.019868146609978175
-0.009109119955146386
-0.0033095498058879963
-0.004986248969650729
-0.0031263809036961732
0.00685536510823369
0.022718115144200468
0.030097282311892612
0.023358850720173543
0.014545426824874566
0.012993910732929517
0.014717045338927929
0.011101964542986441
0.003083832283993964
-0.0054231278107098645
-0.011803389543632524
-0.013548320847109352
-0.013192293935645425
-0.01990162255951753
-0.033470935834692545
-0.042135540182720636
-0.054021270877698487
-0.0677674283330814
-0.06427138376656046
-0.05273258119889107
-0.048387313355227314
-0.04752722670460846
-0.044048871607563135
-0.04002504679342781
-0.03767445528900222
-0.03651355600176777
-0.035945397848513964
-0.03412446416518397
-0.0313323188074581
-0.029974883530651784
-0.03706956649949355
-0.04560809158849215
-0.028944852265873303
-0.0015788274803087265
0.0011888039092775378
0.0014073492191969184
0.01966115882531787
0.03619490913861927
0.04220751892240511
0.03578785112709883
0.025555038286946982
0.019194133294330746
0.0035152653687322895
-0.010825038578670622
0.006153939182755631
0.047804600383300026
0.0688229807733778
0.05118779645126208
0.024435147570566734
0.012036190318656253
0.011798386577462985
0.01120064273548747
0.004853861585376433
0.005004094197496862
0.010960250557792265
0.018574349695395856
0.04888091700486419
0.08669841720012658
0.08169059888930429
0.043426295357430526
0.014507970942684809
-0.002533153012442578
0.0005739890009052016
0.023516284492946245
0.022953830147141377
-0.006650811462649843
-0.021518752961088936
-0.008477331765786921
0.016953197203866274
0.044261198109134224
0.05179343786386215
0.03408878885285175
0.025603603391451422
0.031157919997003913
0.008675682496199513
-0.019993713437225707
-0.01580036957795464
-0.010025489457125775
-0.009143073709047071
0.007020656215553145
0.02787024579332762
0.03503202382344348
0.033340556756007535
0.03768017041774466
0.05648233462080569
0.07889530339047583
0.08941980361916926
0.09878295669071362
0.10266650916411746
0.08504476639171632
0.04781606081744934
0.009075376222094204
0.0024777557662695334
0.03116588071933679
0.05339936793704115
0.05502507867325543
0.05485529246701715
0.06052647729060747
0.07194480234426591
0.08102117278854072
0.08134190772092488
0.07961608960079085
0.07296236752281995
0.07564753671841108
0.09385296646776296
0.07428253439191888
0.023848982755393756
0.013556322876101508
0.04226817089916578
0.06453636062687956
0.06777044023557532
0.04479742640541123
0.020549309810634665
0.03159144347064429
0.04548785073254462
0.04393793744102024
0.03389313219605729
0.0046133323575667075
-0.014707872665409183
0.009717814090687935
0.031061342295091516
0.010949623659951781
-0.0049610850022816545
0.01410075529454396
0.04692471806390466
0.06585483060434179
0.05499682625629352
0.03272699421387013
0.026922436546382066
0.020637719992459416
-0.0017830310340222933
-0.01817627674899618
-0.015809202060540317
-0.015810917016321934
-0.02276931329657823
-0.008023182164635666
0.02670275090523772
0.04546082894627388
0.047056700008762754
0.06299558111737312
0.08044166634512691
0.07431746929582225
0.06557061698506858
0.06195109566395243
0.05190559229629564
0.053088328076885655
0.06398070252320061
0.061381692105877135
0.041056771183206255
0.0029954056701722792
-0.0330802138066179
-0.06165335739590788
-0.08907706639597085
-0.0885891521675089
-0.060207765943826874
-0.0319123415926566
-0.027693649557406996
-0.045974024611976666
-0.0602483593039914
-0.06477482255265153
-0.0600148134310509
-0.05406392276637668
-0.04825955825463406
-0.011344281202355996
0.042377282101078044
0.04582370414677234
-0.01208725011879957
-0.06869512515699572
-0.07665968609212176
-0.05215040633755934
-0.022853867028871856
-0.02253350947465801
-0.06849776802232395
-0.11292849052691471
-0.12436650176683599
-0.11767344651554808
-0.11091969233672844
-0.1236405477092878
-0.15699892376216185
-0.18729812972303883
-0.18243528792734814
-0.13786999144619383
-0.0907910416533756
-0.05989425721383313
-0.04665922463559532
-0.049729700182692606
-0.061337795839125506
-0.07515929209858889
-0.07448921388148853
-0.06242838340078069
-0.059724578597858326
-0.05794321181967698
-0.03677048962634679
-0.02164678762595894
-0.04384323991558749
-0.07066313677553873
-0.06529687008734647
-0.05081006525156318
-0.058590655917126866
-0.07357405310236752
-0.06289426213467691
-0.03584364855655917
-0.030485202594271323
-0.03810430044199837
-0.03835584972996839
-0.041679560862076394
-0.04487584051592201
-0.03049543501388559
0.0005259446636129113
0.02481799621196343
0.029560785140654574
0.017627364577236102
0.00731059079482767
0.011892867963119247
0.012503649384370841
-0.008606402350495436
-0.028041881954240094
-0.017204624233927986
0.006922212310869283
0.018042545751857323
0.01225029083081684
0.0011835274186919337
-0.007490487824504255
-0.015306746641885777
-0.00329233482839905
0.03012583486104461
0.04832867693906845
0.05313002781378391
0.05563747310396427
0.04589697086998323
0.0473962380063468
0.060109611038577794
0.05144890286323183
0.027976053868712204
0.024998703469020705
0.042141990796427546
0.04792057905500807
0.04824889116001017
0.05335443056961068
0.05106085504072945
0.03535587504136155
0.02602480171328692
0.04238687281739098
0.039870901276695334
0.004170410284537696
-0.008440863634741905
0.004344368514665259
0.010433145166937751
0.012531478736654245
0.013971909273223128
0.010489837646126222
0.010388055421158934
0.003117646308846264
-0.0025571242037679357
0.0073723628074176895
0.011457837197198515
0.014964818339211228
0.013661388558284714
-0.006153415427438736
-0.027459449181227814
-0.031683781459303756
-0.018035602302607482
0.0011189136779985985
0.0023737580364028214
-0.021866459918061174
-0.029610786202207723
-0.004958696011708143
0.008404959790909872
-0.004140671708391662
-0.01600515087259086
-0.016495216907343683
-0.01822309479916017
-0.028820043262745117
-0.03815417053622203
-0.04027225594472345
-0.04085549372963514
-0.044656475651789436
-0.05193604545524118
-0.05753500582815872
-0.061408150728405754
-0.06576382972728137
-0.057557232857825665
-0.04528224753516036
-0.051139163273237594
-0.06991625037215096
-0.0858370508071331
-0.08516327964963263
-0.07918504219980498
-0.08122594518646674
-0.08519195592894295
-0.08492725034358271
-0.07493007994289129
-0.07041180881187058
-0.07688416908989583
-0.07525435125247497
-0.0716839039774615
-0.07144717885869586
-0.06080946111047863
-0.049983650008429734
-0.046213125934346844
-0.04271030756454051
-0.04657753347472031
-0.05200929180793977
-0.05044856037866332
-0.04717225917508969
-0.043863333323781624
-0.040039096988068505
-0.03713603979329026
-0.03850108032396722
-0.04871738399540545
-0.052043467048599114
-0.03561370376171197
-0.023506289619306345
-0.025413428876341265
-0.028658494180031645
-0.029306421585316485
-0.022353476094305196
-0.014237819666219257
-0.01813181205069586
-0.019199257168981167
-0.00941457628795421
-0.0037809043826821215
0.0016252702591212744
0.0136432020644081
0.02633962275748363
0.03482196112697367
0.03880538027092514
0.039979344929337385
0.037081303708463395
0.03581014285958156
0.03981121552942762
0.04203386149648262
0.03933503167116084
0.034645030249530945
0.03603218900413569
0.04596629586254122
0.05180486213081243
0.04915619801518697
0.045559267544507814
0.043381007605441564
0.04700267410504775
0.052058674980908534
0.05111608153510738
0.053924276886722945
0.05996113169139693
0.058610232060313336
0.054976828747531514
0.05455316773615781
0.05385499674905692
0.05442378797615044
0.058752611062579604
0.06261596358530172
0.06392950179239014
0.06198460446202502
0.051679333610709484
0.03720468704372741
0.028000762396144605
0.025623458502270324
0.025119146345912224
0.016192959130410866
0.0031346871865846667
-0.005303879203655442
-0.009355263102784443
-0.0048499867817129476
0.004613226781030541
0.007679116859172293
0.0010398403151950584
-0.005127199919514366
-0.004483814418526917
-0.002506815324667797
-0.00471033612314054
-0.009138361304139704
-0.007138328520668328
-0.0016800579725029107
-0.0019891618601976437
-0.010249644626593855
-0.019954130678776678
-0.02232757180332217
-0.020687695652385596
-0.024446614200800815
-0.031089552055140187
-0.032192650308255175
-0.03185712712089346
-0.03682615107184409
-0.04600718062738515
-0.04686138771785935
-0.03615266521509805
-0.03013940271186392
-0.03303455972709631
-0.03889890862581304
-0.041781177088430016
-0.03841733115575083
-0.030756672883455398
-0.021526092101900703
-0.015055396306963375
-0.009873517201843592
-0.002920517119472396
-0.0018239212931483208
-0.0062047044027858525
-0.007836425472490693
-0.008291544024543053
-0.003736489255926091
0.003083696473726748
0.0025986985485995334
-0.0019699944989963925
-0.007139137156455718
-0.008026331649023041
-0.0025874884526584396
0.003144574946040796
0.0025433617687189605
-0.005234145876223153
-0.010009542450250136
-0.008356063092320084
-0.0037434420005952778
0.007893984200005656
0.026618924972896328
0.0394626510703815
0.03916635229115112
0.03593749071536437
0.03642018630373384
0.03733672654466038
0.037642153572100885
0.036668447996589464
0.027663770316229033
0.0154363122414496
0.0153210836082604
0.020057034124588757
0.018643512813604466
0.02026952228676596
0.02675868531368808
0.03140740089457548
0.033885929114309016
0.02991786517287382
0.019548920607458425
0.012540392711929419
0.015058638011740497
0.025097315554627138
0.03126448298628372
0.02842012870838289
0.02495449744459517
0.02482504478934003
0.025548905816555462
0.026142128609717846
0.027526866782669197
0.03055761428817391
0.031912683823288775
0.02970536080235458
0.026312148327013833
0.02302710903318706
0.02129471529803926
0.017928461336753895
0.01397611819377813
0.013706296683201767
0.01062300305777232
0.00415880146787663
-0.00022222028561910706
-0.0010034493458307612
0.004450909064815182
0.014134053185450999
0.020959232850208426
0.024254570828932703
0.022954136348395233
0.015341540860397412
0.012461261159267786
0.013529514953522311
0.009252782861626166
0.00659522345472248
0.006832513236109832
0.005075122155945166
0.0039058713227970087
0.00504644363154473
0.007412475813201696
0.011265959208683323
0.014532916496663908
0.016463669551104367
0.015388223684673021
0.007895431097474254
0.0025074332587914617
5.6583013598631854e-05
-0.006469249780355854
-0.011616618728300228
-0.0074940521692349205
0.0031258918189878567
0.006235664487186587
0.002034296749813894
0.0006670083870764345
-0.0015850849820563233
-0.005057285536254208
-0.003587606366131337
-6.666914188408824e-05
0.0008561941284251292
0.0010216957299602081
0.0027518621825366853
0.001952753619566492
-0.0019661428021827735
-0.00366979599140557
-0.0053736504853171664
-0.0076586801085183195
-0.008275997309272747
-0.008102334025864931
-0.007097303615190436
-0.004152211305814225
0.0012626472968898515
0.00243418093535059
-0.0027814586792506016
-0.0063199973411614836
-0.005395042058323562
-0.0033937045014422163
-0.004186565658516439
-0.012250667083073048
-0.023522513479143903
-0.02456028974792468
-0.013442216822147997
-0.0020021688570741555
0.0008161513912305337
-0.0005368288970376451
0.001181960436715929
0.003201291265661771
0.002283744580839229
-0.0006236248497678263
-0.0031087213844825695
-0.003699923945482774
-0.0005837858542900821
0.00415281445471164
0.001985556249394119
-0.0032229918109465882
-0.002108020341714084
-0.0007309412505268231
-0.002975833311134632
-0.002780198476090038
-0.001555329740699573
-0.0034423838997578696
-0.0056653240796631955
-0.005115479321881718
-0.0014968907360726955
0.0040844036453762025
0.00816062992523987
0.00931097368916325
0.00727942137206686
0.0019676016776264483
-0.00033859907192845644
0.00153218688097779
0.002461793425586639
0.003935477061382157
0.0086144499494009
0.014044007870625182
0.017186273602732605
0.017103283693383747
0.011631033858084212
0.0030140555501775926
0.0009413420423007442
0.006518700881652399
0.00950640192168716
0.00448460236519932
-0.005985127078019681
-0.01316200028950553
-0.007792103774293952
0.0055165022712858865
0.011784691236946348
0.0069287378849026025
0.001895074563748656
0.002237462079754701
0.0028854087038385325
0.004724292680538608
0.008800977256444655
0.0093021613065052
0.009546313085092616
0.011819818817788371
0.011145309118495737
0.008668223290943916
0.006504544284662141
0.005312348090300761
0.004254402260485046
0.0033487505979635786
0.003372789932194292
0.0011581952794335662
-0.0009147824105578758
0.0016794354806720672
0.004241543602772608
0.0026710886193175606
0.0012332142555019764
0.002930987293604848
0.0031411176932415997
-0.000691491661244225
-0.0046590116762064895
-0.004417858799948503
-5.860751148659084e-05
0.0026723990098231204
0.0012011195582686462
0.0008837200893747488
0.005816749551288762
0.011862988470376963
0.011322970027274537
0.0036499881990076006
-0.0016726665447666712
-0.0017683549777352278
-0.002997860586101564
-0.004641816863715148
-0.005168556885343854
-0.007629179977171582
-0.008497977188014202
-0.00503300583458005
-0.003517778542926471
-0.0067396672629494656
-0.010506120508416004
-0.012188369041601983
-0.012154617910331473
-0.00998338721764701
-0.0056481529786464
-0.002839434956519514
-0.0053334010287643995
-0.00741651056087963
-0.004260779001524885
-0.0025098609329722186
-0.0035821048468647966
-0.0034323171231616626
-0.004507081198438566
-0.009244103831344441
-0.011504158655700952
-0.008221736570082221
-0.006786851600936919
-0.007507045297584641
-0.0045773336504090515
-0.0012405032276980239
-0.0034308138610901176
-0.009669624032018343
-0.012759673112168734
-0.01110112279429174
-0.010459655074159399
-0.010244193163865819
-0.0069388910972111445
-0.0033794177436230802
-0.001086176073123341
0.0004225513449811789
-0.00025908815140780896
-0.002560080569696767
-0.002333158015710521
0.0029216243043043637
0.006494546510406584
0.0032152285099498875
-0.0017232690356334367
-0.003522166313123094
-0.0012190706237238677
0.002725285419709495
0.004416614693755973
0.004806542268649882
0.0044903827095702
0.0010235389865145897
-0.0037950277572638526
-0.007241845661499243
-0.0069581920954586065
-0.0015841625749084653
0.00398318675646173
0.005491659312007126
0.005741603781173328
0.006376550433474265
0.0037762256391618717
0.00030342900670465666
0.0023807506667448703
0.008396094452587934
0.011925267297229316
0.009229299019498052
0.002797249538247582
-0.0009043937159248862
0.002406795494332508
0.009155202713581102
0.010904682495018407
0.0065115682536580925
0.0018575316666791335
0.00016072972666371336
-0.0011863110635198144
-0.0032133724366715517
-0.00300323154378038
-0.0018716235081904515
-0.000589183915507091
0.0024316355770108945
0.004073198221839161
0.0017950802959765958
-0.0011773608074383479
-0.0016683197612192095
-0.001388634036173116
-0.0003998240758109876
0.003408461020554354
0.006918292618113676
0.0050831508685218185
0.00036409257704714216
-0.0006841403741255735
0.001120427680727008
0.0034143721820093717
0.005251183141662888
0.0017672564578619459
-0.005278522189669968
-0.00944369099234573
-0.009194014916001797
-0.00765257848255077
-0.00758412390593764
-0.00696444396209718
-0.005883760294113408
-0.004775785434149351
-0.002831773132633527
-0.0023554105227963236
-0.006025443501493085
-0.010571712338116837
-0.00776024234938925
-0.00010422442001682061
0.0019335559322032666
-0.00115730261764915
-0.003295042971082319
-0.004918030957138964
-0.00610046766003311
-0.0036613521514165855
-0.0004753005916802637
-0.0005630142530160345
-0.003259645420864478
-0.007717211842211862
-0.010655441417334283
-0.009167267295554733
-0.0068401235965800155
-0.006490657759069524
-0.006208376864828615
-0.004433242752919131
-0.0030807838288473377
-0.005162571226671258
-0.008722591423328511
-0.009648860833348398
-0.0064162283932520615
-0.00048563496423507436
0.004354760116750277
0.005400502900074114
0.0026512064512401556
-0.0006308192061821783
-0.0005671270634030519
0.0013749634038135866
0.0027074339223218547
0.0035523571859934827
0.002997963491961125
-0.00044429271775903547
-0.005534908797897848
-0.0066520767550429195
-0.0021621097263621472
0.0015513211918056127
0.0011903739066687253
-0.0003620397683855845
-0.0003742135506564236
0.0015394763709914365
0.0026453642850814123
0.0009011778834181116
-0.0014439964439912985
-0.0007340591686769125
0.004732408169236422
0.009595471741329123
0.007799966603447275
0.0038149655182915746
0.0026852116784642634
0.003255584431085857
0.0033330486429860706
0.0029852628312067647
0.004168687211303705
0.004940611830172734
0.0028877857683851124
-0.0004381319693458676
-0.002161266954301752
-0.0013628005019804396
-0.0002836136726317318
-1.8051087839557863e-05
-0.00036514172779923617
-0.0004402460704805841
0.00013651072249595969
-0.00035268051812856156
-0.0021516368041972714
-0.0028524777203441623
-0.0002087411794788421
0.004379721137503233
0.0069693043679391765
0.005516316093916138
0.0015748522086129078
-0.001233959562970054
-0.0011581493439890738
-0.00021284006893096996
-0.0005705991799001591
-0.0009769934697617976
0.000336086060983671
-0.0002557353307748228
-0.004367481256578271
-0.006995031426072726
-0.005632772882114209
-0.002387452195415067
-0.0017348380058594482
-0.0036983924706218705
-0.0033423054509945965
-0.001736294767697208
-0.0022322486830239465
-0.0037908216798329727
-0.004790183127659157
-0.002217149678500924
0.0029792111433647427
0.00438814401166401
0.0010472317638094838
-0.002483861316551426
-0.002770434111109032
-0.0013030863562924898
-0.0008700637962180149
-0.001040682107758736
-0.0008643940551779076
-0.00019942339624187143
-0.00018189133879410185
-0.0020599805811399355
-0.004707307050454982
-0.005015162551623541
-0.002442771374251004
-0.0008437432046539436
-0.0016506366219145492
-0.0017516948325535897
-0.00015895578476986637
0.0002316347031663455
-0.0006945867659483465
-0.0011944928755524816
-0.00028090391932857707
0.003254598015175809
0.006346932241799915
0.004869777354297867
0.0007113146232721846
-0.0006433478481855023
0.001009496921012294
0.0015345221128336569
0.0012796905720518724
0.0017327402791592285
0.0027868083065643845
0.0030093683607175666
0.00014678312147035327
-0.0031240265370662433
-0.0030892020186446757
0.00012635531944201893
0.0032508122729338626
0.0026540105177581953
0.0009600143298806931
0.001835958884136272
0.0027085979416753255
0.0012400377637170326
6.973909483388146e-05
0.001852653225952779
0.0048882380001398626
0.005795793555830639
0.003582802374017163
0.00018254905032334616
-0.0010667086070184906
0.000866619188237906
0.0025228993171058514
0.001530468769322506
0.0006580040648570616
0.0016597826402348739
0.0016441231743237036
-0.000778685077836737
-0.003224884815170538
-0.0033469338141399628
-0.0009113181272592046
0.00147165952368241
0.001059082189133941
-0.0011333022975637825
-0.0015891419367520415
4.036078248108115e-05
0.00015003245303244647
-0.0011248765507686266
-0.0006204916181172655
0.0014810903442357298
0.0028879332224040102
0.0012945590972546005
-0.0016744266516029642
-0.002433711722316372
-0.0011806763654237356
-0.00020976877760784507
-0.0008889421585387985
-0.0020108162497220043
-0.0017300896876957538
-0.0008785304955223177
-0.0020160263895956827
-0.004146318333807604
-0.0038174587932617602
-0.0014920624601688984
0.0004568523366299318
0.0007751102112341574
-0.0006146787235141717
-0.0014276145223629084
-0.0003483600103390404
-8.133569834769214e-05
-0.0014514424425730453
-0.0008025067143941491
0.0014959454733460443
0.002097269980635876
0.0010243757845657213
-0.0007992451951329729
-0.0017627593165181565
-0.00067821529337927
0.001063837165852932
0.0013400048344927452
0.00041314056010052617
0.00017831486751278787
0.00010538004745795228
-0.0007571981499063879
-0.0015109596418237789
-0.001146262167373629
0.0005119503045839723
0.002095989202858052
0.0020536921469759177
0.0005317207805717792
-0.0007506256380558513
0.0005169300975106022
0.002659948939841929
0.0023005821651385628
0.001327115141739826
0.0021101082555355106
0.0028995320694125085
0.0018439600353379476
0.00032651753632512994
0.00018134330884055918
0.0008207232651000836
0.001382920238687019
0.0012974821377435208
0.00020106073037025427
-0.0003118086222754174
0.0006563861743742138
0.0009505203233070064
-0.00010648578860309646
-0.00018167088195302687
0.001022910350271835
0.001702401461132461
0.001609351515868421
0.0009144801281890563
-7.249839761657119e-06
9.77551453058321e-05
0.0009996898823829094
0.0009597992503376897
0.0003235064972768486
0.000943533076213762
0.001447435308897994
0.0006307132188008686
-0.00017429080137876924
-0.0006508389699115857
-0.00035983910900462947
0.000457918170164698
0.0006350409755684265
3.161095249356804e-05
-0.0008946310652995162
-0.0013150814066487766
-0.0010088305503897469
-0.0007409882699493784
-0.0008827817011517941
-0.0005727072090305294
0.00020732462621522783
0.00017959154968051697
-0.0006387513929837606
-0.0012149772211151445
-0.0008051044788967735
0.00040302308116177383
0.0007743056511061694
-0.0002490987457986036
-0.0007550613721726498
-0.00020903348691213666
-0.00038379630223588356
-0.0010983669193215188
-0.0011108978460638592
-0.0008051335059157975
-0.00045344367455826297
-0.0002146685119684929
-0.0005101001010864864
-0.0009725048003977946
-0.0008446714626700518
-0.00030331431787731074
-7.899888011375041e-05
-8.714942696391686e-05
-5.738632833670192e-07
0.00025659636459916075
0.000492216155965867
0.00016857006691335574
-0.00035959946968092913
-0.00018241765135744046
0.0006259305859426752
0.0012191075528053352
0.0007955715279768621
0.00020833049870145278
0.0005010227090588891
0.0007773638883611446
0.000603154051214827
0.00037817663147656503
0.00045880690342644246
0.0009045282673326698
0.0010019269812641476
0.0006437753979327873
0.0001832459739541999
9.821333725994907e-05
0.0007212151814848804
0.0011652047095976716
0.0009299073347531672
0.0007724362912343069
0.0011851350508972193
0.001425518523119127
0.0010405892882723886
0.0007847792332582515
0.0009049218999456778
0.0012618013719444766
0.0015405225081635337
0.0011066100504931668
0.0005108921982224538
0.0006162622936207516
0.0007822503540770332
0.00041554071145956465
0.0002320554864010948
0.0003873125723152867
0.0004571659260636819
0.0005671584087011436
0.00045281847453124206
-5.682376295817727e-05
-0.0003425877736395508
-7.023846429382493e-05
0.0002973295457434586
0.0002750900659610602
-8.518371730505036e-05
-0.00026323893063334724
-0.00012035299669941422
-0.0002748498702038553
-0.0006240571100571894
-0.0005482478459581187
-0.00013234579572209094
0.0001486272499775647
-0.00014778804926013
-0.0008024862262975218
-0.0009056253025349565
-0.00041979284047199007
-0.0003312439633070702
-0.0006872262807706285
-0.0007316790304139607
-0.0005673600418934529
-0.0005642598823549416
-0.0006404368867320989
-0.0008175023099228575
-0.0008663144822900166
-0.00047759862271831076
-0.0001439188858865213
-0.00032301314254877956
-0.0005423430480685214
-0.00033487545862459576
-8.882540143946124e-05
-0.00017126269017555173
-0.00032756462045808484
-0.0003567817119040145
-0.00020648383740625242
4.679581030312796e-05
-3.678089862771033e-05
-0.0004004217609631148
-0.00045103291347007424
-0.00019575550165853154
-0.00013944707233624575
-0.00028242224060428834
-0.00019262074173774163
4.669450096686615e-05
0.00018254229280418162
0.0001288536358063063
-0.00011047713800080278
-0.00017326056925746534
0.00012118914202356005
0.0004914226476105092
0.0005379147650325258
0.00029035617664551947
0.0002465766985648654
0.0004522047519379175
0.0004734490826114942
0.000306442684790085
0.0004021760617958664
0.0006959642891459595
0.0007464413496162741
0.000590630163763028
0.0003526275117497247
0.00023927913422861332
0.0005121299969959639
0.0006897937940858796
0.0004329488294265642
0.00032250388318809164
0.00048459346872634464
0.0004836492072934339
0.0003592743376237989
0.0002960715766051011
0.00027388125196514635
0.00034207824493720946
0.0005117191922766299
0.0005074285699608409
0.00030914041710543294
0.0002831634629772515
0.00037972387793744507
0.00032502781141836217
0.00018019839289684699
7.241671611199019e-05
7.87253798804764e-05
0.00011234223436808972
-1.148855025054688e-05
-0.00024635409721515103
-0.00036452348687753775
-0.00024624538924491947
-0.00010783435542429508
-0.00019373339420746466
-0.00040117296356419934
-0.00043178587892796444
-0.0003481686256126899
-0.0004526569409976315
-0.0006505043017133486
-0.000652484644313818
-0.0004453579072018147
-0.00022576166354223867
-0.00015593826303344322
-0.0002592839352663486
-0.00032206391732173835
-0.000171874245269028
-9.903633049773156e-05
-0.00029132096298345954
-0.00031615159613597606
-7.024716015604899e-05
4.32910961115114e-05
-3.804435317650672e-05
-0.00017148568672705158
-0.00028655579749742863
-0.0003004428486301701
-0.0002656556601492821
-0.0003886532121191161
-0.0005939076436661342
-0.0005857737076665086
-0.000470449399431028
-0.00047905773981993846
-0.0005335228423256717
-0.000621444732562014
-0.0007443780899018738
-0.0008275532674427464
-0.0008953881312235943
-0.0009261901572279481
-0.0008733300612793229
-0.0007037565096561502
-0.0004667247229615009
-0.0002594521119169396
-4.671248224954993e-05
0.00017247007079375398
0.0003524098100337725
0.0004944084509648008
0.0006009331684999994
0.0006887980073312131
0.0007406509097391651
0.0008508870767225892
0.0010542006512024068
0.0010818719905866423
0.0009506273706116798
0.0009458040591427887
0.0009935005583343146
0.0009597710428053455
0.0008919718171102488
0.0007294155961144189
0.000411178240528448
0.00014049210754536986
0.00014805837959830639
0.0002816251710169602
0.0003271551242950971
0.00030532171688188567
0.00018147154703521563
4.3579267981636114e-06
-8.084077226858311e-05
-0.00020642773296698544
-0.00044686355642312934
-0.0006135231337328025
-0.0005742295286126015
-0.00037559359628953486
-0.00022610066900173906
-0.00021796037442553933
-0.00021479053302824299
-7.282145504195107e-05
0.0001318087415180463
0.00016911942360965781
3.209243859829747e-05
-7.570738840176081e-05
-6.263934374985107e-05
-2.7849044246091573e-05
-8.314335026433216e-05
-0.0001824484769346241
-0.00020945235942341852
-0.00020375813722889834
-0.0002721512793029748
-0.00042797426237202387
-0.0006011129263937876
-0.0006200946422249368
-0.0004396445006683932
-0.0003425680308801285
-0.00044082140972342764
-0.00046642051421896374
-0.00030566631526311776
-0.000132827659628548
-6.86726826408629e-05
-4.864604786377656e-05
-1.9850743175341357e-05
8.015964629080797e-05
0.0002854521168321241
0.0004349073218902273
0.00045070544634261416
0.00044531074184229607
0.000484587531636008
0.0005870679115411707
0.0006941812723201801
0.0006985409608192939
0.0006188105131545095
0.0004985861788965457
0.0003061943515566028
-7.301572063341619e-06
-0.000326879275621883
-0.0004535824872130358
-0.0004567078464611909
-0.0004983510064128667
-0.0006487619588225917
-0.0008964264587076956
-0.0009972215601746924
-0.0008173801130779843
-0.000618347329149597
-0.0006662950247290204
-0.0008348562931924659
-0.0008359324787353423
-0.0007005928657998053
-0.0005876852016570455
-0.0005077843381688731
-0.0004438843428285166
-0.00041273914452211955
-0.00045065197670870056
-0.0005100443286468498
-0.0004869591560835986
-0.00037205748308676554
-0.00015977215693921775
0.00011739160417293607
0.0003111291022602057
0.0003952829054819956
0.0004989152510352508
0.000581985543741575
0.0005368607384203819
0.00047797265684225345
0.00045738226426985686
0.00039966356918699303
0.00031311683231591606
0.0002096863404331798
0.00010545516952707486
3.91413202309477e-05
3.8750566933168996e-05
0.0001282719660636771
0.00021903202236682657
0.00017609513198236221
6.614442133833023e-05
0.00010091896647331053
0.00031477182178791076
0.000522573181609705
0.0006364017472196045
0.0006829737914919576
0.0007234133965135466
0.000830185668132583
0.0009136390512343469
0.0009285725850249446
0.0009906971358481559
0.0011218317392555114
0.0012206586717969567
0.0011519722317776702
0.0008803435088506009
0.0005219715608222514
0.00020224094927896898
-7.316525123700785e-05
-0.00032772584315928784
-0.0004970050434118348
-0.0006143497712366401
-0.0007696222300979115
-0.0009431195372100208
-0.0011057908526724545
-0.001224647546528407
-0.0012244584734141452
-0.0010422808204142687
-0.0007409116520918782
-0.0005171693492043471
-0.00045575279593810397
-0.0003997189805006072
-0.00021646539503795907
2.2014751172503163e-06
0.00014867225283831298
0.0002533314749029432
0.0003600776739142958
0.00046247086700412836
0.0004653735832954775
0.00028558840016290745
6.763607308878082e-05
1.1003199098541376e-05
8.856218604366823e-05
0.00010543945148469192
-5.832684870978628e-05
-0.0002919074985807006
-0.00039006120552250784
-0.0004016457565382537
-0.0005559693644787018
-0.000810956564495457
-0.0009426779062229192
-0.0009149322155166817
-0.000829732703206036
-0.0007608992696672177
-0.0007088884259218574
-0.000653069687484088
-0.0006037354660600686
-0.0005411755402134735
-0.000447261359474226
-0.0003792693930469233
-0.0003953063439413533
-0.0004772980171618311
-0.0005352363527626839
-0.0004554191764493503
-0.00023844475624028302
-6.096308012147736e-05
-3.523134639860605e-05
-8.866446287467193e-05
-0.00018336224819351366
-0.0002956283085370648
-0.000299309933836217
-0.0001681871960536301
-8.542341087347755e-05
-0.0001989394518962832
-0.0004475764404060189
-0.0006348174377235958
-0.0005749731678185581
-0.0003789477328997544
-0.0003083291003670831
-0.00035389255725734993
-0.0004159446488046219
-0.0004819763997587467
-0.000515731527506182
-0.0004465109473877073
-0.00023890116528864916
3.2432671916320824e-05
0.00028897018058231125
0.0005458342300828191
0.0008550036477862517
0.0012488355616373265
0.0016160709082825707
0.0017594231081650377
0.00168114802541752
0.0016307013806411044
0.0017726808755033285
0.0019997610004238746
0.0022292500933168567
0.0024485874275876
0.002533703211899267
0.0024780388169575733
0.0024181651874040466
0.002356316245351511
0.0022242958277995393
0.001983524769808257
0.0015985088393394831
0.0011926512996875717
0.000990465062176363
0.0009674571831424549
0.0009271756542458353
0.0008005968998098041
0.0006074461426027232
0.00035375532713163144
0.00011120440271171375
2.2531793704386755e-05
5.556094188485079e-05
-2.0379318243353466e-05
-0.00027344347239793935
-0.0005160103698607402
-0.0005623418642988838
-0.0003708188216726989
-8.663689489371484e-05
3.8914607594899124e-05
-6.370894063992407e-05
-0.00021081814541096255
-0.00030702579167411385
-0.00046337058923650557
-0.0007012493164891884
-0.0009526940535029057
-0.001208166949940293
-0.0013868485228858366
-0.0013878606305446294
-0.001290065754508008
-0.0012543366450122522
-0.0013595132531571
-0.0015997455924358877
-0.0019157564133149574
-0.002225547054459694
-0.0024759713933705787
-0.002681979155231481
-0.002849617754020398
-0.0028829787091574468
-0.00272372543285132
-0.0024222092710866126
-0.001992653467296823
-0.0015316239534821322
-0.0012803544530664336
-0.0012885808678155413
-0.0013554663815721032
-0.0012893049054077546
-0.001068729846969026
-0.0008345253199193226
-0.0007055201141711496
-0.0006401770331072763
-0.0005157912836946528
-0.00038067087919500765
-0.00041954104073133893
-0.0006406778851817709
-0.000972529961744035
-0.0014114007739746198
-0.0018588804555984917
-0.0021593752533364766
-0.0022546864744698086
-0.0021673738173515855
-0.0019960399070534218
-0.0019024339366100426
-0.001960108311837846
-0.002087267220382659
-0.00217905414335402
-0.002206635404446868
-0.0021435963757566305
-0.001924902562721089
-0.0015397337557592052
-0.0009988752622405517
-0.0003024000204827329
0.0003967311356275013
0.0008900138015820447
0.001161138905569635
0.001351270919662946
0.001608839490632736
0.001940127924858605
0.002219476153592424
0.0023600768051342848
