0.0
0.0
0.0
0.0
0.0
0.0
0.0
0.0
0.0
0.0
0.0
0.0
0.0
0.0
0.0
0.0
0.0
0.0
0.0
0.0
0.0
0.0
0.0
0.0
0.0
0.0
0.0
0.0
0.0
0.0
0.0
0.0
0.0
0.0
0.0
0.0
0.0
0.0
0.0
0.0
0.0
0.0
0.0
0.0
0.0
0.0
0.0
0.0
0.0
0.0
0.0
0.0
0.0
0.0
0.0
0.0
0.0
0.0
0.0
0.0
0.0
0.0
0.0
0.0
0.0
0.0
0.0
0.0
0.0
0.0
0.0
0.0
0.0
0.0
0.0
0.0
0.0
0.0
0.0
0.0
0.0
0.0
0.0
0.0
0.0
0.0
0.0
0.0
0.0
0.0
0.0
0.0
0.0
0.0
0.0
0.0
0.0
0.0
0.0
0.0
0.0
0.0
0.0
0.0
0.0
0.0
0.0
0.0
0.0
0.0
0.0
0.0
0.0
0.0
0.0
0.0
0.0
0.0
0.0
0.0
0.0
0.0
0.0
0.0
0.0
0.0
0.0
0.0
0.0
0.0
0.0
0.0
0.0
0.0
0.0
0.0
0.0
0.0
0.0
0.0
0.0
0.0
0.0
0.0
0.0
0.0
0.0
0.0
0.0
0.0
0.0
0.0
0.0
0.0
0.0
0.0
0.0
0.0
0.0
0.0
0.0
0.0
0.0
0.0
0.0
0.0
0.0
0.0
0.0
0.0
0.0
0.0
0.0
0.0
0.0
0.0
0.0
0.0
0.0
0.0
0.0
0.0
0.0
0.0
0.0
0.0
0.0
0.0
0.0
0.0
0.0
0.0
0.0
0.0
0.0
0.0
0.0
0.0
0.0
0.0
0.0
7.954821725009232e-07
4.823637599731485e-06
1.189587956472463e-05
1.692404624570788e-05
1.2775336895091314e-05
-2.6599369072441825e-06
-1.171948455918381e-05
-1.0012548883637196e-05
-8.150069201688835e-06
-7.1824006683113536e-06
-6.439551426295116e-06
-5.984671077491906e-06
-5.630134543383571e-06
-5.368943360045959e-06
-5.359930821343742e-06
-6.246214425102598e-06
-7.740943301401523e-06
-8.811728033433133e-06
-7.387209886710124e-06
-3.858608015757832e-06
-2.973297834335475e-09
1.3948377471697446e-05
4.596177596167756e-05
8.191924041417755e-05
9.570861005941699e-05
8.240039549022774e-05
5.75161179265618e-05
1.9674797960512874e-05
-4.970038508703668e-06
1.3048320037057759e-05
2.4821033807392604e-05
-7.577619329515529e-06
-2.983893942730918e-05
-2.534788294949052e-05
-5.90932311408651e-05
-0.00016269589121148273
-0.0002903259660717412
-0.0003703118051264204
-0.0003994313378237324
-0.00042886473505809034
-0.000522134114590143
-0.0006758738672994611
-0.0008133901607690094
-0.0009103433145012438
-0.0010256546601644181
-0.001293744473633168
-0.0015956138959107823
-0.0017528496477046726
-0.0018333604668574548
-0.0020548709952419478
-0.002440338822720921
-0.0028509914235006193
-0.0032363662904601083
-0.003610569017490818
-0.003963163342214611
-0.004420957091852807
-0.004916773435018695
-0.005272965250899236
-0.0053386037114109795
-0.00519956738081271
-0.0050767787450519694
-0.005125069682710978
-0.005284897758576525
-0.005421674554788338
-0.005376226549084282
-0.00525153103487203
-0.0051913479014426556
-0.0052476190270933365
-0.0053736220196776326
-0.005439601453106296
-0.005440715305614191
-0.005449866460345255
-0.005545329347145496
-0.005711494160861861
-0.005843329082076921
-0.005957700616710679
-0.006145278878422616
-0.006285676533422494
-0.006296021688798417
-0.006284657939503944
-0.006430250089484229
-0.006715295346286656
-0.006952826043160748
-0.007238833708847201
-0.007630425633422719
-0.00788517129426022
-0.008038940719685405
-0.008232881183257126
-0.008419350373589027
-0.008606276262465549
-0.008782238742008059
-0.008958918365746997
-0.009141635655285429
-0.009286520426331268
-0.009332157438712477
-0.009401201764841716
-0.009710940682533517
-0.010162055814896428
-0.010469718339738247
-0.010554984675474976
-0.010588934380603343
-0.010708306858004663
-0.011016013929651928
-0.011496469864655669
-0.011852304974794527
-0.011925043953859356
-0.01183329168236278
-0.011768275697382535
-0.011960996438140411
-0.012283089390891342
-0.0126162916353604
-0.01325635938510251
-0.014196977822509374
-0.014813796803431726
-0.01502540630521249
-0.015344305269248178
-0.015584457285615045
-0.015724352775507305
-0.016047608357010284
-0.01636347025859047
-0.01655500404494949
-0.0168318706381199
-0.017337885147084772
-0.017801173841077433
-0.0180141717916273
-0.018178110780904123
-0.018413230695874548
-0.01885528291246734
-0.019486292914978855
-0.019954981170906338
-0.020334726689860402
-0.020788088753669033
-0.02116711914814742
-0.021495557024331487
-0.02195641019613549
-0.022762764148336914
-0.024349454524157557
-0.025992698630460515
-0.02661717268810596
-0.026767832863021
-0.027053438148059224
-0.027517449315406364
-0.02809297410334391
-0.028584937189449905
-0.029039604217033145
-0.02975029479655551
-0.030742256397156328
-0.03139348386239928
-0.031292406439875575
-0.031051863983294684
-0.0313707190404531
-0.0318246115895825
-0.03155028517786615
-0.02964757003673689
-0.025888972622276626
-0.02242162631836531
-0.02218901789203069
-0.023746512546194736
-0.023140336195730977
-0.02143906023561449
-0.021340970138155967
-0.0192111274507964
-0.010699238369005708
0.00027522901183541176
0.006371734868894899
0.006289877978008488
0.0037474416578837043
0.006317691508734349
0.020184442262368915
0.038557104242706905
0.050440813235669506
0.053868679465504096
0.05370194172410597
0.05473660637368936
0.059197982476075654
0.07058112271559473
0.08187914338858433
0.07868563628905154
0.07164960412046706
0.07770925798113823
0.08647164358610984
0.0794265050381448
0.0569700186225598
0.03079188060549917
0.00837232774947502
-0.0057967311861106974
-0.0046393292281211255
0.019617604273211704
0.05754652858174252
0.08533431677193463
0.08533320405401075
0.0649637275183263
0.05149845848744504
0.04694468193637496
0.038207918985338186
0.03366540803824998
0.03648935551679028
0.03702200201719717
0.03073187920717362
0.022213509560679762
0.020810596344420857
0.030384188586560508
0.04039801645664831
0.034266363346273455
0.0235957093104971
0.028087094441058946
0.04448537909512718
0.06656202074003192
0.08656950565912021
0.0962723690368745
0.10705342452983457
0.12847671255478524
0.14167759550767237
0.13408963120365472
0.11574336202555467
0.09003573627064035
0.058517366212214386
0.036508082988698114
0.031133298913951113
0.034970650455049025
0.04992393981133642
0.07483465897265695
0.08836193005658438
0.0891600045155989
0.09200871038959627
0.10102170397048668
0.11810698271068422
0.1323713495695431
0.13560779785578422
0.13993973592307665
0.15542956817572948
0.17159689908855869
0.17960910481474957
0.20229898577043753
0.2545829865869205
0.29771404272584046
0.30121587069536493
0.2870201894532717
0.27451565795976446
0.25972521193960807
0.23121261724644868
0.19485681375455433
0.1733260027264694
0.15973505053713644
0.12350014711865874
0.07918882844486481
0.06780218420111658
0.06543176236955783
0.04653660401509792
0.030665448263504713
0.021936109793450977
0.028692360775185957
0.057653498071101206
0.08485524206367485
0.08858895903173185
0.062208397333337564
0.0409987092425696
0.05742065469454426
0.07271357013538257
0.06219896835301347
0.054703129003795176
0.06487267780766183
0.05870536665405582
0.02908294403844729
0.02250052866936341
0.03845871599365547
0.03956567395436233
0.024071341183598067
0.009182444745649257
0.004689264132420302
0.013767700743228193
0.024165657225448223
0.032927860048828424
0.05178935608485807
0.07660472410500227
0.09171443548053491
0.07411098583157394
0.04603595184174741
0.0447826550714199
0.06032841889127317
0.08317249072193546
0.09692518593213574
0.09038425500868642
0.07986263827408764
0.06480470141460987
0.05091118948601818
0.0493446870929667
0.054614339126483454
0.07685398914308825
0.09986240922800559
0.0918953796539567
0.05269326964209353
0.013334913537166765
0.014100216139761966
0.0331784198347495
0.03846018183476397
0.028293234908740472
-0.003038389610065407
-0.03420141743606587
-0.027204736133731353
0.006912338569907476
0.022443835990845765
-0.0027968343426656153
-0.04218217204662823
-0.05231176351012209
-0.05027736370844095
-0.058211646845753244
-0.04955849502670549
-0.01944336583578534
-0.010581266153223384
-0.04234918764001874
-0.07703543419917185
-0.07844318722733587
-0.04917009579931663
-0.009384059204882209
0.020827993062498423
0.02797376381096976
0.033112513164820806
0.04988230540251336
0.0574482332986396
0.04151265123858946
0.008745122263738681
-0.009506312900518985
-0.009579778261043552
-0.012409507074406195
-0.020576892861271276
-0.04154180739338044
-0.0657716721448789
-0.06544399751161377
-0.04682827149824546
-0.04360288148683451
-0.06746481743115199
-0.08763709706969393
-0.08017823474996888
-0.06646969783782411
-0.07750656656159209
-0.10609849745837747
-0.11880108244051216
-0.10991403918193805
-0.09326594861711565
-0.08785013851784569
-0.10338775716388225
-0.127833317242846
-0.14916012165453527
-0.15551669243766594
-0.1434569648916462
-0.13035006225765444
-0.13609332638680843
-0.15076762785787226
-0.15808508197957932
-0.1591922887485779
-0.15335701135166074
-0.1369644068571954
-0.12445439535473345
-0.1307451383675268
-0.1382823318985984
-0.1326702280380899
-0.1263698082749843
-0.12878657006124208
-0.12521681486277067
-0.10988753859906786
-0.0971391951419505
-0.09265089138248593
-0.0901059719356827
-0.08762624856586598
-0.09582136995370565
-0.11079951463480667
-0.11839562710944049
-0.11697750093963016
-0.1122135449195631
-0.11693350201209093
-0.1336256874278293
-0.14823500322514047
-0.14879313477191514
-0.1353452178734672
-0.1246721799577146
-0.11488900987382374
-0.1021874746873474
-0.1067261833764055
-0.11794643148733185
-0.12577978104583953
-0.12090439218889164
-0.09869412832663293
-0.09408026993913786
-0.09891864101794871
-0.08571775850655039
-0.07117306006029472
-0.07597035022860846
-0.08202200355615721
-0.05725246775944874
-0.012476804727172981
0.005444632733453684
-0.015745160103978063
-0.0444665773259687
-0.06649778454510658
-0.08651029485243723
-0.09864877872479799
-0.09578031309604175
-0.08747148321451932
-0.0824890948906289
-0.0762827795315765
-0.060989123825397756
-0.055444641405056255
-0.0763102166785661
-0.09184903029023245
-0.07587692582670467
-0.04443451472094407
-0.02250244619431278
-0.015453303505722167
-0.024608228386592223
-0.03623922486055856
-0.02874782270674797
-0.0009195775628101726
0.02599586947655781
0.030683788361294772
0.019041646954789927
0.010597460021578487
0.012112651574890129
0.030023998097668973
0.0635521104074854
0.06937940580080876
0.04594553850443236
0.04811154375493123
0.08470826044330933
0.12217764097155717
0.13046227624707446
0.11598340540781246
0.09190713607380746
0.04869910387704211
0.00676937638001324
-0.0036602889657971105
0.015448618495634173
0.052530360731844854
0.08257593990950339
0.08227848213757001
0.06492468559018465
0.04514818439806032
0.01141792988242029
-0.03160357018050112
-0.047057387198765226
-0.029528847133788325
-0.021829299709954706
-0.03308470664168558
-0.03406039577053134
-0.028379559699638162
-0.03332071061530143
-0.02870956424275549
0.010765926408913301
0.05491514470034232
0.04136161048816578
-0.03445860721201045
-0.0971804348234519
-0.08274554586193895
-0.030171177598862592
-0.0048689877202717875
0.00450202249714939
0.021247671876603223
0.03600148720059264
0.035215159894790314
0.0283624983472405
0.03076971637967362
0.021551532839325066
0.002596597810292873
0.006652769603066265
0.02678643461383186
0.05182473776778107
0.07046075738078472
0.056840413268664854
0.017563151414415935
-0.01946211169175203
-0.050651972531041915
-0.0672833736553244
-0.06350270474164868
-0.08107447964131317
-0.12878926179318712
-0.15666321252131649
-0.13219441790185005
-0.10460656597957589
-0.13594470559368352
-0.18461527535379535
-0.19154015536762398
-0.1797573225804328
-0.1760137716384851
-0.16418707564295754
-0.15124876519414374
-0.15589191324256207
-0.15062362004466448
-0.10320551275574807
-0.03820780671961275
-0.0008735245927236437
-0.007405756544772028
-0.043900160832091
-0.0792988803006857
-0.0979404840519872
-0.11185734457540629
-0.11153436582782329
-0.07692874894081003
-0.03518292458089074
-0.0024299033315049855
0.026673088837960834
0.04453686120041658
0.054602290749012725
0.049188684144712114
0.004322133473521878
-0.06393862272511647
-0.09683835834643265
-0.07881644929654782
-0.04555899445980255
-0.015736552318333406
0.012039887510932505
0.03749297340629897
0.06706857472895389
0.08047563386535729
0.052510435785936796
0.0278353482162949
0.04422986228093108
0.07029465589786872
0.06769012845752403
0.04919379744406659
0.05287937979739614
0.0640779801108541
0.051970284358423394
0.03280456834402234
0.01808689010354467
0.0067156282713235
0.005705171707528963
-0.0007685572889539757
-0.014281074842211267
-0.019139615925600637
-0.02692069472162381
-0.03659911925935599
-0.03780112692911696
-0.041931225052565704
-0.037687745989221276
-0.012074722604306786
0.006490727832978665
0.005929896331089053
-0.0025779238273683507
-0.009628475907563367
-0.0074818785434448455
-0.0010080388246379514
0.0034729321060237178
0.005252682206952933
0.008253075606521979
0.016336160631985702
0.021868742689032605
0.01902522145556165
0.008797638509257986
-0.003041307720984062
-0.010773446212353663
-0.015753166523983238
-0.009370506065334225
0.006610482729865925
0.01652860673088391
0.020364930333087252
0.023404942379686745
0.02828071202636382
0.025525777416269792
0.006770333768664723
-0.008274306517096788
-0.004522395244693295
0.006092896718632073
0.008515972635603063
0.005994157960268844
0.010390597882100179
0.01642582060850207
0.007258786879686801
-0.01353906286537683
-0.02873808329795182
-0.034116745396758755
-0.035420562964431676
-0.035837178413531436
-0.028018345656584925
-0.014021777859397845
-0.0035640964000195757
0.007061761973794044
0.014537790567409937
0.010145580177878921
0.007016462145573232
0.009158436994469967
0.006504286651383418
-0.0016364491761839933
-0.022773476999939344
-0.04010349199426581
-0.03619877034378905
-0.029260683546997235
-0.01774372787874664
2.1414819093753043e-06
0.00571053478255998
-0.008522794764302882
-0.028108679844420344
-0.02841800686293987
-0.01901540959977017
-0.01703290156909625
-0.011603778604673102
-0.005573376545571282
-0.016510195453968767
-0.03258526005610876
-0.02794100969082938
-0.013154747778933638
-0.013519183212466385
-0.020372049829534836
-0.024441602266830464
-0.03240488856090286
-0.0336694890757108
-0.012124143469866584
0.009655892987921492
0.002105726934598082
-0.016018318029119006
-0.015266895481359807
-0.0027987779914944153
-0.00038835188335341477
-0.008772238912267817
-0.026399745560370606
-0.05089730495130718
-0.0738526032556968
-0.07920717905334654
-0.06094801797385376
-0.055901229498254955
-0.07316292020128393
-0.07542462940317791
-0.06082490971601347
-0.04819943726378531
-0.040189363091494304
-0.034275023471430036
-0.025577017349553057
-0.012514545208452198
0.0021844536392425467
0.006615598076349172
-0.0072131080617534316
-0.03344528920522539
-0.06206398160983671
-0.07572503068095224
-0.06455811119553298
-0.041302854173548974
-0.017497206982954327
0.004463074077095194
0.018189242629319827
0.025364290720688312
0.025233878146152713
0.017589508187383432
0.014304436027562175
0.01946566858623527
0.02719305342874431
0.022208747581045556
-0.000502601727649777
-0.023530677618777727
-0.04237460168362577
-0.06096526588923059
-0.06290003228505599
-0.0438738685111755
-0.03228049187399237
-0.038485771245558555
-0.0487158237960649
-0.05979575866320276
-0.06964993713901083
-0.07230837785003766
-0.06610075850149683
-0.05227670400528438
-0.047912877243130515
-0.054962477985790736
-0.05562791913267821
-0.048827967826576
-0.034122437848856914
-0.019669799194630203
-0.02333453393788281
-0.031124548302065194
-0.024842196718579308
-0.01451786784148262
-0.0050250131471112885
0.0019003660851968933
0.0019140099678046606
-0.0017024318326097465
-0.0064999804290476835
-0.014630971477474629
-0.024541026196659897
-0.02706372565049097
-0.019635703903355704
-0.0005041114150318854
0.01855632995230711
0.014733742933568774
-0.006370831524220053
-0.017595720470704974
-0.008374498454977756
0.007140426319180802
0.012037455560109269
0.0020653240067185254
-0.0067620498988809116
-0.002355927003428386
0.0028655072146358844
-0.0056593186812037444
-0.026671424292277795
-0.04199020966060592
-0.03472625274596873
-0.0065645020950057704
0.01958975661650633
0.02320359879759494
0.018772956463345064
0.021281638926869156
0.02885764075673226
0.04025683063423542
0.03941277344977059
0.022705054787282342
0.006563719620802322
0.006251722578124264
0.026464844120793446
0.045061396593354834
0.0466109218559105
0.038910398925916495
0.03278911654572836
0.03907472719499246
0.06128147692253026
0.07331831519294509
0.06374743743632331
0.06079639557812151
0.07050863426229277
0.0795966869044893
0.07529134888382687
0.05131332901902015
0.023628887039936975
0.014988427981388483
0.025995674226897133
0.03575735589063047
0.032657926152066134
0.023409373830303584
0.022602972014271073
0.029298442438336694
0.03258958797879524
0.04146589115740908
0.057223428018472355
0.06812963187840687
0.06690658254084508
0.04324264469253141
0.0074366904504589
-0.014316028528961636
-0.008082658432576266
0.01575153927435674
0.028336327258068977
0.02198128676675135
0.01783901999899284
0.02491780171760663
0.03363154261166906
0.04282370262299676
0.049559016380991555
0.0467154926979006
0.03563211748177939
0.023436676415744775
0.02023594199622785
0.02240136523236122
0.02258449343481619
0.018533164698185264
0.014796872509422904
0.026432997776019408
0.04359817529672892
0.048190701020957696
0.05319633660491112
0.06181047638476193
0.06292206273476338
0.06105276771458112
0.051621789928696774
0.037997931007406185
0.031252836740117446
0.026758869256449103
0.025770581009985118
0.02246798051862044
0.007497109430400842
-0.009033920163351762
-0.008301263188855702
0.0071092225593299635
0.007088318669833214
-0.01101445510424346
-0.017825047238885876
-0.004761213173235434
0.012497779697847938
0.014598386957308822
0.002249853162613495
-0.010527679845719633
-0.020802875748763692
-0.024640042352558456
-0.02344038185026496
-0.024623352683103252
-0.025903079560531665
-0.029676288040326897
-0.03596587506093546
-0.029116872053981432
-0.009624100717204442
0.0014626708581193856
-0.005841394660074957
-0.031033234394409633
-0.05187815985683946
-0.04121879620333188
-0.01894403969275117
-0.01979814504051944
-0.03401578240350328
-0.03364221790180458
-0.01832810699632796
-0.006437850520813187
-0.007108559158125865
-0.011125375488255209
-0.012683838612953333
-0.026307300164343926
-0.05796153412472939
-0.07976092238307579
-0.07158562361892272
-0.05072044522708114
-0.041623329943529803
-0.0474213749973343
-0.06145024102945266
-0.08708233589421208
-0.12336272235126763
-0.1482871028095577
-0.13151089627183574
-0.08573421585515799
-0.062042213834963125
-0.06529220078733927
-0.06064374241028783
-0.0498430215572441
-0.057856331236090644
-0.07603725296975462
-0.07839026951452599
-0.06067391377263427
-0.03484211186964681
-0.02138748198039073
-0.033039222191413066
-0.04140008377952114
-0.027147798921711326
-0.021945764233176686
-0.042916062178847275
-0.06021214432901687
-0.056672162459192384
-0.04895811156788388
-0.03010954311888041
0.009996003807952224
0.04371033107245428
0.04624921202022209
0.025170209105351886
-0.0025365653915624844
-0.0324798906836534
-0.04906151268071331
-0.04356496919266554
-0.034276298796542946
-0.008548031728120633
0.035887096135835454
0.05748910459832425
0.048681372132855616
0.03301295688569284
0.026486392068799894
0.02417589791756004
0.01729992703222135
0.02771633739533763
0.05746121702550216
0.06707479664862237
0.04004056701192807
0.001261745845684074
-0.01986380421421576
-0.014561918781282546
0.009645610181838156
0.03381746372295883
0.04605636793769246
0.04669335474317237
0.04877821730990624
0.06674571622359919
0.08521917167922735
0.0790705608819271
0.05969420488540578
0.04665106758200891
0.04049577767236604
0.051278805762454
0.08238647294784884
0.11525705474620114
0.12415654281647956
0.11286672270218884
0.10119061172871699
0.08498178605285767
0.0690111762945725
0.07363317925658108
0.10179527856468827
0.12305955181261848
0.10737023481880746
0.0770673896262371
0.0769591732282543
0.10704940937136004
0.11690500156735069
0.07712044357010708
0.03659584432743882
0.051566048928789895
0.0818130965392929
0.06932487286230292
0.05384271236017093
0.073553801721701
0.09118682224475493
0.0837088743721508
0.08079661910700514
0.09425330277369107
0.09378066352104703
0.07452504900962367
0.05933136017034063
0.06486564996954103
0.0828621382321202
0.08059312543354581
0.05601558588278411
0.031343075823322866
0.0181790656831655
0.031766916636389725
0.06991191816523651
0.09979351673577037
0.10535870382013333
0.10231819560723074
0.10110248582423463
0.09688425361165784
0.09067068613991354
0.08631895412680542
0.0876192774930679
0.08854383624357641
0.0842964721305764
0.09011904835637591
0.09837380873445392
0.09401642689741999
0.08572455074161968
0.08550721901637214
0.09502663947244984
0.1023304400869274
0.11156226887780282
0.1191150387561822
0.10109192635406217
0.06290833273009895
0.039997479808013325
0.051275802746175936
0.07533181217943337
0.08515685711914615
0.07734159379627117
0.07186020298736709
0.0835195938729357
0.1006908988818319
0.11257295029896612
0.12156995229912539
0.1110502959596921
0.07385038692544856
0.04511532312265339
0.04493644418593262
0.0501473883393829
0.04747848806927426
0.04507026577700982
0.03685831733850919
0.023497555939597896
0.013323923269759874
0.010713364568440714
0.014631106761610644
0.012712519199746641
0.009323046370871899
0.012189245032640175
0.00774231514166182
-0.005202178992658455
-0.011454834769672694
-0.011254791138795768
-0.014080620816221478
-0.02135911851931101
-0.021469959881194284
-0.009597909067032168
-0.0046573056228345336
-0.016899781931624572
-0.033577708357037404
-0.04181685103174454
-0.03800697449498402
-0.03765955978847916
-0.04999891114548478
-0.05989627768349924
-0.0656482794432581
-0.07270162360401163
-0.07834692384052398
-0.07725799149586382
-0.07573678151092594
-0.08430344620657858
-0.09063074061345736
-0.0890513525604142
-0.09374930584920879
-0.10338542648670551
-0.11070431568506733
-0.11981727009333937
-0.12511737159241146
-0.12066744769187748
-0.11131266686100212
-0.11131698052150732
-0.12555207479521635
-0.1324191733658317
-0.12333728679619578
-0.11502544156451938
-0.11423998109220927
-0.11723199948043908
-0.12097478190783476
-0.11906787841756898
-0.11507905940732631
-0.11187747012720584
-0.10608421645339661
-0.10380034388998277
-0.10556927346230924
-0.10860206551173186
-0.11392640319510809
-0.11509680749865299
-0.10717526112158274
-0.092477635468797
-0.08119561581974026
-0.085156435338101
-0.0954419672015804
-0.09903152685244374
-0.09427458480759573
-0.08257450364464974
-0.07440151576169117
-0.07498021306619479
-0.07807864609796504
-0.07756836469961298
-0.06671767906528628
-0.05026419559247421
-0.041354299139763115
-0.039876768147081895
-0.04007257827133523
-0.037591869509739036
-0.03121261273153265
-0.02575324973969719
-0.019121244998091022
-0.010292237623117362
-0.008702854294358018
-0.015278749406579507
-0.02395070669850704
-0.028472565362210107
-0.021127533123008645
-0.008149957145564313
0.0038546549321882596
0.01570126008301998
0.019891325786131973
0.015180393929679499
0.010833714203539227
0.009643101365186028
0.010365432120499857
0.014720662879479323
0.023252759568905913
0.03171149979191178
0.03499499685159454
0.03392085950981576
0.027567424530844268
0.017416217106986872
0.015002594074355748
0.024569514260569393
0.04101446330110754
0.056572606052224694
0.05974237462384411
0.05055579368535915
0.03978924633392406
0.033611317013250944
0.036106552945226036
0.0442425311093903
0.046968553200064454
0.04045758035485735
0.030407909719614653
0.02184033256327868
0.01639921426774629
0.019321236142069344
0.03361862804878784
0.04147999401665098
0.028019605491105007
0.00848558731051395
0.0008505969644792926
0.001574008662967903
0.005232179332999288
0.015448011691501446
0.023043656820276502
0.017616637115607806
0.005907359206787185
-0.0009283168603070476
0.0015891898959621428
0.012325285631909386
0.023376642615402562
0.026683399448417418
0.024969027219028862
0.020353496884218822
0.011426176735054045
0.0026156196913554794
-0.0003412865302545979
-0.0004073180940302922
0.0013083280753873213
0.00925279769962554
0.01900251167549942
0.024139485551896656
0.023126038543613857
0.016922762891668105
0.008459635566981337
0.00217326191687744
0.0008157151494980157
-0.0012730167706168911
-0.005147368603559063
-0.004255111073731586
0.00021209032203873486
0.004135954282385118
0.0050438900451661006
0.0026668083520447455
0.004200939763870568
0.010646551975412461
0.012854906274458473
0.012058933110803522
0.013627625058733552
0.01631778632304364
0.019315930987343476
0.020872575431059807
0.01798784174674093
0.010645948901715128
0.006565994511821833
0.011193669096565217
0.0158996214749298
0.012243169397599252
0.007578593398166243
0.008942329001102707
0.00989436557247549
0.010313380783603856
0.013389070852483635
0.014483510242446745
0.012922483883658705
0.006061384415089291
-0.007402226131081748
-0.013077474783421963
-0.00473248990300629
0.006706219696658824
0.013338148915681568
0.013599436296886631
0.011541159780913711
0.013558506725563394
0.019563315222906507
0.02165690783253947
0.016523575647561076
0.010632080747038095
0.009275223842378034
0.007642013739619605
0.001820476401620373
-0.0009551875306764911
0.0044142316623384265
0.011846002572139889
0.01432545028421077
0.012776090073058416
0.009108115169107627
0.005675526610592719
0.003650820914566074
-0.0013380326559160182
-0.009191156504439869
-0.01274467295910207
-0.00712132344309332
5.5199687360942766e-05
-0.0013876847236591282
-0.005608049556493321
-0.0035920556816717753
0.0008658217571335573
0.0016858666877558133
0.0011069019985910076
0.0017393469109588783
0.0026034984425726544
0.003261215700030293
0.0007173461510151774
-0.007045980998403151
-0.01604784515419498
-0.01870125102009589
-0.014680506929790013
-0.01362328208535169
-0.01576408212597381
-0.015624148189126386
-0.011990565457979732
-0.0036217576742381234
0.0031575988212236734
0.001949756820931469
-0.0015791353067045398
-0.002927560315955235
-0.00479248171085026
-0.007969820788595594
-0.01108974150403925
-0.012455179212881449
-0.010145185646674607
-0.0049800657016683516
-0.001393767564427213
-0.0018868722129196675
0.00021147777940823149
0.009031324723399266
0.015446435365319061
0.014613761813252673
0.009779074808929734
0.002232851903687642
-0.006083586325349726
-0.011185449602168272
-0.009237965522678573
-0.002762943947827493
0.0006772788026760916
-0.0010047561219549742
-0.0010771637014321033
0.0041241114689493565
0.009090131818523115
0.011785958640604638
0.01589198893041316
0.02170549054924254
0.023514115355952405
0.017050617466103153
0.006453230958763096
-0.0002563506487929997
0.0005778678323948083
0.003767046988158665
0.0027735962192321087
0.002172249638000663
0.008713383732671685
0.01619074249775915
0.016595559082984122
0.013268244304630488
0.01324279978988887
0.017848150140470753
0.02051515135684228
0.015270373084820512
0.0035359082452807483
-0.00685828356558613
-0.006588281653032388
0.001642037289930356
0.007160357480039436
0.008130891108764287
0.008790767921507844
0.011168366335186369
0.014529406327878063
0.016612596769637968
0.018134327911513135
0.020132924015400643
0.018189195304900378
0.01008566096665285
0.0011466690618948104
-0.0043746212749332936
-0.006763889891048268
-0.0070844212603608315
-0.005864497289517031
-0.0011485943201824107
0.006327473066273515
0.009129893022047189
0.005283120599770062
0.003663979662810066
0.007693054717745484
0.010149172062881188
0.006782115203795421
0.0006601952108218376
-0.003970202328954097
-0.006966637745132213
-0.010793180309302092
-0.014438035837230625
-0.013254804690479852
-0.006024704355438593
0.0013851266083896607
0.003238984226469611
0.0013570403696244542
5.669202514360582e-05
-0.0007713585089815664
-0.002999319032452879
-0.005412094947822311
-0.0061205924168822486
-0.004940603067223544
-0.005586280453115878
-0.011590934180501899
-0.01731115310172498
-0.01743763251603879
-0.013261849651365828
-0.0071275010280096585
-0.0012882879083010524
0.0026563351990930837
0.002215026630656366
-0.0018707059845050867
-0.00479965725609745
-0.0057950061080576905
-0.006665902833673419
-0.007011188840632847
-0.00797741409891595
-0.012261146456719337
-0.017259039121944188
-0.018161860112833092
-0.013940474318689375
-0.006796911759009482
0.0002223333984688788
0.005409598147844217
0.007065831628983618
0.0037932302175207925
-0.0014660890614189449
-0.004805689578527011
-0.007383485670445084
-0.009073142619658171
-0.006692708665930458
-0.001995120983012142
0.0009655028428067967
4.27659618310332e-05
-0.004343843976802755
-0.006907545959006758
-0.003071805572939241
0.004440803724627508
0.009526680354506892
0.008860621197734883
0.003631102123141628
-0.0029345581232878572
-0.00730430854577159
-0.004960785803772769
0.0018814345548455404
0.005328009328856858
0.004035037031847586
0.0011544569612746847
-0.0012150992116888035
-0.0012743751471147047
0.001597820572931825
0.005744295817987278
0.00985946342442959
0.012870655445262768
0.012025883950567947
0.0065988958115875684
0.00043413388106770557
-0.002723080539027178
-0.0021249520823290657
0.0009944088025828695
0.002730819901409468
0.0005259005895873819
-0.0010629117073361017
0.0021709074974110144
0.006228676104973568
0.006880086047381887
0.005805472369820611
0.005998711306394941
0.006642907045064607
0.004689273252804274
0.00019983814820914638
-0.003006177076918232
-0.0028294205071961757
-0.002079897725955511
-0.003007127745057956
-0.002385506827958387
0.0024161915928058585
0.006609614698368589
0.005467460660880246
0.0005578429795421539
-0.0038056425951037884
-0.004120643669331556
-0.0014785023018327687
-0.0005243076970344755
-0.0019741690716698775
-0.0026362989595064465
-0.0037433049199362863
-0.007213219038987079
-0.008748226242977858
-0.0047861085358934735
0.0006458280456064045
0.002713606133711835
0.00130254885995131
-0.0019698738396234485
-0.0033411600529747736
-0.0016670864776028682
-0.00016607719228181204
0.0004151431489372855
0.0002889095933382331
-0.0019684670360689926
-0.005592154258482672
-0.007941486828053814
-0.008719241120102394
-0.008603979271358832
-0.00570055612218471
-0.0005628325194991671
0.001280983153035554
-0.000739300972299737
-0.00210765701277145
-0.0013093639737655313
-0.0003376790181746864
-0.0019308618679797483
-0.004619377575369736
-0.0037234761755495635
-0.0005040630846508071
-0.001510762942005598
-0.0063994834155432995
-0.006659271143795905
-0.0006116332583022028
0.0037522893477914235
0.003015166270475016
0.0012838014827407029
0.0012987981998500158
0.0008180995956975024
-0.0021931181552006266
-0.004999799375845591
-0.004108725636086423
-0.00119519636610013
-0.0006555225387876993
-0.0028048205274152204
-0.004053311586460019
-0.002711285484684562
-0.0009356405615493355
-0.0002981817734397661
0.000543806398850708
0.002287101907003675
0.003724068644340751
0.0037842295837160382
0.002347457568483062
0.0009463262024864667
0.0008340820534413723
0.0006870364761009542
-0.0003335220984449922
-0.0008947625711584557
-0.0012764903764335414
-0.002707594962808069
-0.0033605662658794653
-0.002240711606396842
-0.0020564728210245727
-0.002282808061924089
-8.289508333832138e-05
0.0021067468911486176
0.0018730641030356892
0.00019457232902556358
-0.002646522940260979
-0.004605236005334968
-0.00429850659100675
-0.003976505344316894
-0.0030601134132499652
-0.0004260000276615669
0.0013341126043668458
-0.0005036494720441558
-0.0040521161723311395
-0.0037587058601868143
-0.00022996866795240968
0.0015818200718657684
0.0006298426643573321
-0.001716868282853092
-0.003937177464783845
-0.005731288500090932
-0.007312234338647349
-0.006741810368370132
-0.003917898748264283
-0.0025068105975006947
-0.0034464263022437997
-0.004274937148902526
-0.004001705480909611
-0.0038527851205319044
-0.0032573864788069985
-0.0008821279848423614
0.0012883031796846933
0.0011842654510957889
-0.0001457941742303907
-0.0010042954675679747
-0.0012782862176462912
-0.0018064908499198233
-0.0029796028239396652
-0.0029751062868514527
-0.0011483203777910018
-0.0004532454667587489
-0.0018866405008233888
-0.002818939938431702
-0.0017394841448503202
-0.00010580354160034354
-0.00019313901915423424
-0.0012838309811392583
-6.933931317457378e-05
0.0017707928519669262
0.0007489572590948834
-0.0015191893508966876
-0.002705423506306596
-0.0018435641483220194
0.00010769553535435074
0.0010427697183712815
0.0016137731021094602
0.00309238873640482
0.003902797125480905
0.0026159617301047323
0.0007141697028543275
0.0004009797815481876
0.0018771962816839256
0.003007271894437803
0.0021166926574643133
0.0004481257889807837
-0.0002907364517659164
-0.0008399664387881943
-0.0014423403050536482
-0.0009308643365452465
0.00038080041584302265
0.001347111273447468
0.0017186799339569759
0.0016594899811030002
0.0013214212274659269
0.0009127154709304666
0.0009045695150846602
0.001997565670152854
0.003193985927734782
0.0028175114045339016
0.0015950660179145293
0.000997508441679089
0.0005118569988111746
-0.00027054827883135754
-0.0009272182938075593
-0.0006166813883873097
0.0012213938103816497
0.002057613094612306
0.00045700813633872125
-0.0008959155451254469
-0.0005751508050830955
-5.105366416704982e-05
-0.00019044804823149892
-0.0005790975595528179
-0.0005080787379949662
-0.00014700990510919042
-0.0006876110579296991
-0.0016573710792608031
-0.0017555493370478496
-0.0010415745797465012
-0.00014966459491380516
0.0005202691182667032
0.0004999285454590276
8.243533940350386e-06
-5.2295031450831536e-05
-0.00013549029422922244
-0.0004747743895647032
-0.0008883007364465205
-0.0016023397950628937
-0.0012930178358824913
-0.00030304728370810337
-0.0008352809401401665
-0.0020203162615459063
-0.002166818815273688
-0.0015170977509401272
-0.001000008683336759
-0.0009989656816194164
-0.0009091326555627351
-4.590155779996457e-05
0.0011324343655401826
0.0008985186540711619
-0.00044666935672917394
-0.0004721845947185059
0.0006689517574855482
0.0011923116150303714
0.000642153061428671
-3.4186821254086974e-05
0.00027665008953857325
0.0006579285607996508
4.726065870918784e-05
-0.0005638332806012812
-0.0002685321969357524
0.0010485978960089535
0.0020089437377429254
0.0008904353030603547
-0.00029658524287186014
0.0002019322512833903
0.0006754738032135263
0.00044700256629298256
0.0004320688688016263
0.0006023386287408192
0.0007132469971889095
0.0008751919179710636
0.0006938436785822274
0.0006083183326791101
0.0012528907047312065
0.0016629461144969946
0.0015086373064045532
0.0016694255691023772
0.0016062597126303728
0.0011284566978826984
0.0011916042660899272
0.0013158349154920948
0.0008676580746025382
0.00019967376400995557
-1.939311803272998e-06
0.0005175674868717312
0.0007097490556962749
-3.809054135849124e-05
-0.0006347168395947856
-0.000299205015386371
0.00023400264733127528
0.00013087745670481874
-0.00022126367201971003
-5.254261345900458e-05
0.0006600089326206493
0.0008111538995801496
-0.00015285882876542992
-0.0007597066920460206
-0.00038259923621705065
-3.0096233785998622e-06
-0.0001215136765501103
-0.0005660973211011036
-0.000664171350554532
-0.00025995595645209583
-0.00022166478011237384
-0.0007874287478011073
-0.0009772632565358383
-0.00046235447745817884
1.885253333600247e-05
-0.00010908169563295052
-0.0008651567975731378
-0.0012586195841402495
-0.0008481339599971828
-0.000635559054275686
-0.0007882586518253054
-0.0007707897750312038
-0.0006052635847934807
-0.0002582453922084123
-1.561310576024228e-05
-0.00019152004029319053
-0.00020734784528653508
0.00017383416561414758
0.00047569071109575234
0.0004575421173443389
0.00031193942158496904
0.00015218864659820655
0.00011790854691685089
0.00025167455811518375
6.137971881176664e-05
-0.0002999978475124477
-0.00020858661964293334
7.780375777326512e-05
0.00022910598621163672
8.183112829787854e-05
-0.0001723184871250332
0.00021199388977991446
0.000705598853757954
0.0005926478302094931
0.00045740116864275527
0.0005735407890879895
0.0007937251194653464
0.0009818567214180517
0.0007904135484164701
0.00044121048368793116
0.0005193949709536234
0.0008044045164895114
0.0007827450827418825
0.0007094817853771884
0.0008714497879898655
0.000904920388803509
0.00083427332740199
0.0007766120314709419
0.0005558520065297072
0.0005602027393849823
0.0007902492598669053
0.000792995718543148
0.0005911197343498837
0.0003162812419373937
0.0002312956502450974
0.0003852833730405561
0.0005097524054685303
0.0005412569236512183
0.0005041560313010992
0.000592775025251077
0.0007899539980121026
0.0007438657335572099
0.0005159194563541201
0.0004423143722519253
0.0005591142186479934
0.0005758943081844961
0.0003363692845903027
2.5510358327400935e-05
-0.0001291171826685632
-6.430521755079398e-05
-6.870431778022874e-05
-0.0003165764411832075
-0.00036923986593295766
-0.00015032889262506498
-9.769649877388723e-05
-0.00017986543454906237
-0.00023822018651513548
-0.0001921528821455019
7.089284651760708e-05
0.0001074911668653217
-0.00019903730751392993
-0.0002621452676262491
-7.669681287254326e-05
5.041533547870479e-06
-4.548408299963159e-05
-0.00014697485937702594
-0.00021071997253254595
-0.00014303100200328752
-5.1275190410405284e-05
-8.176552963443622e-05
-6.396476051205292e-05
5.826829924339089e-05
-1.8816813357754162e-05
-0.0001949582925710665
-0.00025060565492042994
-0.00028045915201527455
-0.0002211665191674917
-0.00013051270749636908
-0.00015261462577696036
-0.00019820298197687644
-0.00021270879574146655
-0.00011541659951261819
0.00010125887718138283
0.00028071124763048936
0.0003990973667921193
0.00045063185948113557
0.0004920636705595236
0.0005413496828799964
0.000506822814548126
0.00044491941725471575
0.0004536699658767208
0.0005194722398271187
0.0005147965473602539
0.00042616745177065623
0.0004390262812234759
0.0005739150504818965
0.0007139571992906442
0.0007749615264578158
0.0007454613835297097
0.0008171433656352066
0.0009765755456580712
0.0010024203444056162
0.0009444217821362163
0.0009009538182679905
0.0008527320822749123
0.0007770025282422899
0.0006138172052174356
0.0004645207612362558
0.0004613223531984281
0.0005147279031119614
0.0004935653271197374
0.0003875559958569567
0.0003141565445882194
0.00030312174747826955
0.0003101451332797096
0.0003082223053058789
0.00028151182768553916
0.00027707698317913204
0.0002511464998730641
0.00014402780742778627
5.0752211663920655e-05
1.9281775245204827e-05
5.442137866142839e-05
0.0001433785394744964
0.00020511782721112238
0.00025070497020583297
0.00031176814702202615
0.00034915064031936746
0.0003740908507149716
0.00042295748917708893
0.00041171571891984705
0.0003045141381670629
0.0001808677392733486
6.618607969665221e-05
-3.46698158374408e-05
-0.00010457682579664485
-0.00016311147889913258
-0.00018838710911301602
-0.00015292490071158428
-0.00013647922876102684
-0.0001868886912384368
-0.0002496647281904762
-0.00032202552326041214
-0.0004480961411024376
-0.0005774544965100578
-0.0006550013555641823
-0.0006541593797012283
-0.0005720483513066418
-0.0005060971857238314
-0.0005288040635611549
-0.0005989972581227164
-0.0006631203521539059
-0.0006902911153372393
-0.0006676392955074062
-0.0005812499043636061
-0.00046591315823492655
-0.0003921887800127796
-0.00034203871357128775
-0.00028992053647112695
-0.0002179985695185365
-0.00011597422235497265
-3.362028393238997e-05
-2.3721922288722907e-06
8.061523242029602e-06
3.4467795468108545e-05
6.761704291726279e-05
0.00011439131551122562
0.0002578411215284726
0.000504901176409567
0.0007218250117150892
0.0007537579921983343
0.0005953281134493375
0.00044807802123404667
0.0004239932711235127
0.00040955068265851707
0.0003314372687184823
0.00028324006644320974
0.0003610663323880877
0.0005710532930071904
0.0008163582944961857
0.0008983680951766225
0.0007036869839668968
0.0003370416613410863
-4.659841212851635e-05
-0.0003277107860505394
-0.000388947919106061
-0.00022432650213634678
6.443042613150381e-05
0.0003904848894574256
0.0006821224914594196
0.0008787213071084638
0.000954139793979546
0.0008691601426634577
0.0005992343962034132
0.00020168465576956307
-0.00022085378132573604
-0.0005730330899189017
-0.0007852126025350147
-0.0008561737987872426
-0.0008429345720210312
-0.0007935740065186019
-0.000779953693916944
-0.0008909320167551555
-0.0010994497034967135
-0.0012607437871369278
