0.0
0.0
0.0
0.0
0.0
0.0
0.0
0.0
0.0
0.0
0.0
0.0
0.0
0.0
0.0
0.0
0.0
0.0
0.0
0.0
0.0
0.0
0.0
0.0
0.0
0.0
0.0
0.0
0.0
0.0
0.0
0.0
0.0
0.0
0.0
0.0
0.0
0.0
0.0
0.0
0.0
0.0
0.0
0.0
0.0
0.0
0.0
0.0
0.0
0.0
0.0
0.0
0.0
0.0
0.0
0.0
0.0
0.0
0.0
0.0
0.0
0.0
0.0
0.0
0.0
0.0
0.0
0.0
0.0
0.0
0.0
0.0
0.0
0.0
0.0
0.0
0.0
0.0
0.0
0.0
0.0
0.0
0.0
0.0
0.0
0.0
0.0
0.0
0.0
0.0
0.0
0.0
0.0
0.0
0.0
0.0
0.0
0.0
0.0
0.0
0.0
0.0
0.0
0.0
0.0
0.0
0.0
0.0
0.0
0.0
0.0
0.0
0.0
0.0
0.0
0.0
0.0
0.0
0.0
0.0
0.0
0.0
0.0
0.0
0.0
0.0
0.0
0.0
0.0
0.0
0.0
0.0
0.0
0.0
0.0
0.0
0.0
0.0
0.0
0.0
0.0
0.0
0.0
0.0
0.0
0.0
0.0
0.0
0.0
0.0
0.0
0.0
0.0
0.0
0.0
0.0
0.0
0.0
0.0
0.0
0.0
0.0
0.0
0.0
0.0
0.0
0.0
0.0
0.0
0.0
0.0
2.067738949003857e-05
5.988914590128032e-05
5.684123634194924e-05
-4.3647318621546875e-05
-8.253455731202421e-05
-5.1857590968650936e-05
-5.202726525761175e-05
-5.17576638061618e-05
-5.787582946203615e-05
-0.00011108026442614888
0.0002910071098397325
0.0021714312245969696
0.00414243172118701
0.001328902311741422
-0.004888747722168768
-0.005303496984832199
-0.0008110923598386802
0.0009270327561709077
0.0005010776353452346
0.00017863770425224595
-0.00022049892996140328
-0.0003135271082149735
6.344721292363633e-05
-0.00015562055676327088
-0.0005064884015565383
0.0004013858536874473
0.0011674435473459576
0.0006528754230709346
0.00023090013732679794
0.001667147413833321
0.004772625042459052
0.00814811501841327
0.008851115046285914
-0.0011155615807258562
-0.012255801177009062
-0.012244740001537838
-0.009548919887243145
-0.0011904894028716873
0.009430125765556348
0.007287874794642286
0.001002864745489559
0.0035225575136283724
-0.0038763324183720207
-0.023613343840125624
-0.012236497508780541
0.026137506986017373
0.02829335455152761
-0.008452757194009829
-0.027356689149551902
-0.01844032017760824
-0.002157508032527403
0.01408325697235004
0.019781131564955368
0.008812656936000819
-0.007055224992493574
-0.009820000838281072
-0.003050781593006632
-0.012632853871606484
-0.02532973419239472
-0.015412659881885908
-0.009558776404054848
-0.00616934261967435
0.008974317385514293
0.007089715276224432
-0.019013695927492646
-0.02535029310188759
0.0025827613644905686
0.01552229160330696
0.006583806210149809
-0.0009938818379721982
-0.009181276266190887
-0.009224430819173832
0.016374336712727637
0.032593491315381445
-0.0125118318850452
-0.06374392682755861
-0.05795767186074374
-0.044637345173311374
-0.03325239017943232
0.00881941711850912
0.020077488083802497
-0.0032904190254325716
0.0028004468343873485
-0.004075526447744274
-0.035295572727909064
-0.01771149066399986
0.03403210525679709
0.023947693114833465
-0.030670717224553737
-0.016583950580950954
0.06582123991927528
0.09052302686807986
-0.04979575405797049
-0.20463575885182606
-0.13477302819659367
0.01811238562725358
0.026238389522506254
-0.021091984732482097
-0.0099813301345074
-0.00032419947809126976
-0.024175809704848776
-0.03894404711856591
-0.021858344432542427
0.028182934723382937
0.06811737644710258
0.06019232577882091
-0.02775722478442653
-0.10933917023735251
-0.003459125048184466
0.19406691340854987
0.23147930707995457
0.04144400456210933
-0.2689228394411396
-0.3759857208728701
-0.14472413038061224
0.12539676109552725
0.2225576773076825
0.10693703036103183
-0.06295061690655701
-0.07775914372417243
-0.0976721241237273
-0.06126214694871052
0.15233064835967158
0.14652353449577216
0.10218171649567248
0.3571738693662076
0.25481926632851515
-0.29659530520745686
-0.48304299687909974
-0.2221675969916028
0.23364412755142439
0.5697180415415833
0.2461163283487353
-0.37854558774188934
-0.594735659683589
-0.3698488436959593
0.05365665156853015
0.20583348138149124
-0.018740954156463176
-0.03159984614144614
0.2752787838512656
0.3296848857177836
0.2554307363192758
0.5431328083534336
0.611935298971296
0.21078807862794102
-0.23110355893103807
-0.7212407834010552
-0.8726089631860555
-0.4744660903521041
-0.06963700457716361
0.2801456021225067
0.6403444916757725
0.6459949818371477
0.3115701815222798
0.03510682386843772
0.3948399288985415
1.658793923625476
2.4036933655791004
1.1310816732542823
-1.0620294332413698
-2.05265816368496
-1.1705306077920465
0.23687289941571169
-0.09154563503198605
-1.6774745466287535
-1.5020066060758364
0.35568997224366555
1.336831342001784
0.9390872853457534
0.25491393460300693
0.1380132519167602
0.8188768007449233
1.2640895003634527
0.40738902464708887
-0.6252573696362388
-0.62292252007127
0.42908578097880007
1.6066707239024225
0.7634737746211785
-1.7045087362905207
-3.1648199519575893
-2.818369307365312
-0.7194991756247017
1.9623791274012206
2.465819513464004
0.370864298428062
-1.105922046828783
-0.05000591113847645
1.802738905175631
2.4461714820725415
1.3853045291057426
-0.23644515366017538
-0.6444320888646776
0.055719988435655565
0.19593245803676276
-0.7608110507207139
-1.2432505775291636
-0.030199131028459444
0.7061569656237275
-1.3187249777950367
-3.409287222824703
-2.0048638255100633
0.9514439311803783
2.2788807699755127
2.6652460214940352
1.8179612424241605
-1.5190804868260321
-3.732545024413052
-1.515483576835472
1.7947606022485054
2.4208128202529244
2.0270054718204182
2.2295234960591737
0.5984287694727898
-2.5826607974976064
-2.999918944838314
-0.3637861123302856
1.1808538071716979
0.7053039509976679
0.8243263417912822
1.1619132303829443
0.0038449405726123063
-1.3665648807349784
-1.4941647535363214
-0.9687238728113826
-0.8232272673044672
-0.42351918326725435
0.6382039309782079
1.1304358681033626
0.7731751777062458
-0.11659545781095984
-0.7858995536388902
-0.38471648000447023
0.43149560988654867
1.0752792627713736
1.469016083367217
1.0955347101367496
0.4197657075472888
0.3913187963251808
0.11262773899901964
-1.0738548986805945
-2.057132029847489
-1.794915450044596
0.24603167718249452
1.96027657651443
0.7149430662932622
-1.1079091258429488
-0.8361004351712688
0.604292331233947
1.3056235830209961
0.5692053657767261
0.3194863863778245
1.3022922621446311
1.3057829099728633
-0.09085181637975964
-1.2195633285858736
-1.5208288696105592
-0.6279181782720357
1.0830344717862328
0.8604523266423515
-1.466432277499426
-2.66387813760819
-1.8155915880375362
-0.12083645865706087
1.4189320661344809
2.0388230448760982
1.0958243776612144
-0.7325080367063128
-0.9177993607876513
0.32049360525272924
0.3299537621370173
0.10231441341398999
1.4727239937188126
2.2007314871782166
0.7603156899250001
-0.6368196227338064
-1.32154528761005
-1.9384919237633587
-1.5586086198275444
-0.3330658537295209
0.4919746077986339
-0.019604673328317283
-1.9528868135591049
-3.0461405895101255
-1.7505035288397857
0.11410335261500505
0.9516505522712978
0.7845889756107502
0.04376707580685097
-0.4961360152456829
0.3793230281410806
1.9805508440461306
1.1865489152389133
-1.1245701075741181
-0.9623507449110406
1.0155756975571946
1.3554420540386605
0.13252139860683787
-0.13124575073097136
0.5458892324715102
0.4483096765961841
-0.4174284692230824
-0.9035704832184865
-1.1335671082119276
-1.6432885879645156
-1.0964404130295122
0.647455259464954
1.0542295616605406
-0.18180071577303725
-1.180378267849087
-1.4977596801009012
-1.1346003249008463
0.008954217956972052
1.5791582498306083
2.5018229159397967
1.6467326406880476
0.08314023350813134
-0.20757966858085924
1.0837375594917629
2.120206371811119
0.9943619015206394
-1.2432515618335809
-1.6577393906074274
-0.020602673560290226
0.8731974799630471
0.1871719907207021
-0.6526645936327917
-0.9901011002895486
-0.8396992681915332
-0.328776401199228
-0.20037681740670785
-0.4703290426640778
0.031941426988363206
1.0417156416695832
1.47432722723699
1.0197962407800312
-0.08125228337942676
-0.9130630941536733
-0.5149089085759327
0.09765790344369973
-0.6685144424837031
-1.1017622710509982
0.06156800324885764
1.4332039946357646
2.043593047434145
1.480966829594794
0.45573715448900526
-0.6302046301384121
-1.895656144718477
-2.0808234638208947
-0.1100734582950426
2.864466886318457
3.5899885188596747
0.963351685132736
-1.9783111732617362
-2.2215925885373706
-0.7450684823585051
-0.19306631708355185
-0.42918159599281686
-0.9501397176564457
-1.5328489726566046
-0.421982543507821
2.0090976755963523
3.392729140321097
2.3381408890908615
-0.7407361310139181
-2.448247611921191
-0.8368643442041527
1.1167179758469188
0.742626054239135
-1.2781584759057945
-1.9506460423744425
0.3091020350440755
1.9659479730611653
0.5023444211768113
-1.158868973858783
-0.03424497265707067
2.690791522900978
3.5575263574468265
1.9502959763929733
-0.22053375794610564
-1.060225421725476
-0.5402303387407678
-0.7496725837353367
-1.2288316155090655
-1.1717638736227032
-1.9418230772211602
-2.8649987001250623
-2.2472799279579116
0.12570300890039623
1.7929306751093896
0.04601307133810376
-1.7746268007641246
0.5500771738840324
3.3223903077327255
2.625630731498085
0.9412448531758446
-0.19909948423196455
-1.0840738286543794
-0.6280091442753668
0.6912701135006809
0.9678657506973
-0.3891553475398706
-1.341977161027185
-0.25973307291407266
-0.587087893387745
-3.637753970606645
-3.9510204581669757
-1.2397825745766107
-0.5318290171718045
-1.2482114380914093
-0.5464844852679968
0.7329577417871894
0.27139775886083284
-1.2329642931421119
-0.6539624427802676
1.2231897337870665
1.5672636272207146
0.9981176459461795
0.569450258293459
0.04870149129932138
0.07813648284387534
0.5326284218506814
0.06362458483247833
-0.1784657379326264
0.9479719685378483
1.1280897516641648
-0.23006781355757153
-1.4955067940608446
-2.723009948886051
-3.1306835129587283
-0.9884506260989846
2.0681926640151236
2.258733466197995
-0.313112547250474
-1.8198266480274221
-0.7506299393304476
1.2490546154021522
1.8891362255318156
0.5049521905205872
-1.134212228488141
-1.054810830348967
1.119018357988132
2.904740076052804
1.4722805332429298
-0.814137611092099
-0.49112408655932527
0.2758749117533425
-0.33500431180393486
-0.15311879002239573
1.0637819068123469
1.418922083974243
1.0785977602497137
1.2658595597821107
0.9468804849112566
-1.1810688411702923
-3.140589466104448
-1.917238267481592
1.3171846733526733
2.4960389069470486
1.440384735996856
0.24425109959849062
-1.0035933776371566
-2.5142989444234094
-2.4572916184332927
0.608191428687677
3.4269623799697833
3.184004734675003
1.4774913380644392
0.04308706843455435
-1.0778584621176535
-1.6194846025021816
-0.8548320545170751
0.7715545278048369
1.8530923854112562
1.009202158450333
-0.2934054774794709
-0.37883223038476954
-1.0109842745703048
-2.1241488215880757
-1.5563587562427579
0.7590785671185457
2.4330925329315947
1.6877654107224673
-0.16580121466735653
-1.9138736815490625
-3.0647928435053355
-2.0359974792801077
0.5005932312945234
1.7364467877449279
0.8536172306352056
-1.0969655038346704
-1.5648902460170262
0.3294534148742657
0.9116037418768616
-0.8285266673442742
-1.5417347016679686
-0.4848759387564887
1.0162963270155345
1.3213935704790847
0.08800783579004996
-0.10438308390361657
0.8943702957789277
1.3034413241668716
0.9976689646434268
-0.4380061346391836
-2.307215001653166
-2.885998626373167
-1.9699302888258257
-0.44965421977009923
0.20971091797132577
-0.3347340001689088
-0.3106687187328643
0.527330370281617
0.3427288884837746
-0.059945794092670444
0.8936202966713939
1.6885380998012838
0.48177206342054624
-1.4927962940937534
-1.3819571307636682
0.39521660189488717
1.0086186070533012
0.0964434579671996
-0.5784939628866685
-0.10304873985919313
0.2867440203678833
-0.6052054406680432
-1.6236962319839834
-2.0468613838179435
-1.5833735575990227
0.862952909999616
3.526119485043992
3.0022400024238602
-0.2580802746400864
-2.220276402939219
-1.3196430947847682
-0.10248514201693926
0.13494015337930088
0.4896684841595534
1.1362788082435589
1.424253819214415
1.3964583084465034
1.0166648897149693
-0.05768503867497298
-1.197796243545236
-1.476334050391655
-0.9780424775737196
-0.34037223504980807
0.0008616595221911318
-0.2969142404651034
-0.736214020469201
-0.026692160792147052
1.3012950150756795
1.1663058700879936
-0.15586720122143152
0.0733177534299255
1.900294774291902
2.2524166774144967
0.2705319754452751
-1.618486197123111
-1.5941907855809097
-0.5508445653428662
0.31935620789549485
0.9708523810480232
1.0940062476362753
0.17627124236362054
-1.244141711483515
-1.3569640267325687
0.002949925697936674
0.24650750926491355
-0.8552478700276674
-0.5981395452773582
0.9198516099774191
1.7092090322838194
1.320885800083305
-0.31218492494037925
-2.07531676613686
-2.231362429105745
-0.8137410597029462
0.8705528818975418
1.0972089969339918
0.41970532857347975
0.9098211332508075
1.3469666996418774
-0.15378186240515732
-1.9061661744066303
-1.8804282649894302
-0.385080792080637
1.4910382374138424
1.7770402089312958
-0.23567233038451868
-1.9637713066125808
-1.81004972280446
-0.7751874634775154
-0.17745452515191448
0.16931173411004327
0.9587963521376228
1.5011219497334825
0.872299391626033
-1.008756772802923
-2.303773716006608
-1.2372053108282217
0.4279416538387725
0.5168639109149548
-0.18208515578862308
-0.047667178279937536
0.7760542838730694
0.8240121502189665
-0.22989104579305922
-1.2361617522086146
-1.0510562344857475
0.6989629602335665
2.168164065525355
1.2687105143783495
-0.5940708809679411
-1.3742977732004706
-1.377923076157741
-1.0821817074752198
-0.2916528581812599
0.5939010669299509
1.4724599139654024
2.23623239912205
1.3605539464555074
-0.6641802230419755
-1.7989110266036386
-1.9219173517092183
-0.7340704322375997
1.2039502605790604
1.6179488311599908
0.34487712045362623
-0.5330173945669886
-0.03727756924992543
0.0076837013603754875
-0.8878283233904183
-0.4511130571756762
0.9229235760720437
1.5741073893310435
1.8016840901475748
1.519227950552352
0.2770692901703975
-0.6244272987664427
-0.19359020222865866
0.005105127616500823
-0.6406070535990599
-0.657216153271218
0.16642355985677817
0.35185340649256686
-0.5059540205951449
-0.8945553659564034
-0.24768913873327905
0.8382736547196592
1.7282362109761287
1.0740726797581601
-0.6250492902634048
-0.9128243290503409
0.3779216945155735
1.5336873966477707
1.4491142899768843
0.6182482821289744
0.27466729125890244
-0.12366328386382695
-0.6564424607843738
-0.2277063305875084
-0.11368776538100167
-0.8248258642641165
-0.4646761312398025
0.8207331932143896
1.0751777808818692
0.10240940976110278
-0.16365879483232662
0.7570472392333105
1.0998514411638867
0.25209220940190197
-0.6787906705465158
-0.49512586218203547
0.3893008977058992
0.23886225424179533
-0.8070134121034676
-1.307056764436007
-0.5003482827936502
1.2321011269857118
1.7303964412483546
0.34571008812598386
-0.9913809556213646
-1.330714316247566
-0.7694887550359493
0.3922223557795137
0.7418981244558117
-0.13559063093972418
-0.5167444043625086
0.13530500802024661
0.9210780799203213
1.0359447996141913
0.2323242975456623
-0.2549824624557235
0.10523195156525154
0.292090354927679
-0.25054447345682
-1.0384304107417213
-1.0457191318272367
-0.7479674607116286
-0.5208551400293406
0.39199772240240094
0.6175743632701942
-0.5365319089828241
-1.0969668046245862
-0.23047330813654363
1.2841614448884422
1.7681082016598926
0.26381033475789045
-1.0631816069281927
-0.5916857702968026
0.19634513811863782
0.4493907262494118
0.4009150781350094
-0.10746553730581754
-0.4207801563644351
-0.24522908296321969
-0.04382915879542953
0.2789473012335249
0.12123561434242282
-0.5771443944146141
-0.8462830998002048
-0.985662382315917
-0.9652529416972898
0.03415752796053929
1.1173253716403517
0.746495287311473
-0.3557662697775397
-0.7732509914270292
-1.0478950733779382
-0.9013806104218751
0.6706666751283183
1.7704741130257533
1.099792630159025
-0.05153829037411713
-0.8867253595508393
-1.0632997525273071
-0.8083372539528659
-0.626326882950513
0.06273487931658046
1.0690941468847248
0.6631179455251497
-0.8252444046954898
-1.1170851927831602
-0.5945065094337363
-0.41155708004279734
0.2800781427480389
1.2022930236808966
0.9453893136352434
-0.15877065613427674
-0.7342784985686464
-0.6118078180825904
-0.20425093978383443
0.19088332785556067
0.28458834998696025
0.31927843176052817
0.4045840793065924
0.5752038010158323
0.5041375860180016
-0.34906363357459663
-1.2097318911647177
-1.156915414712131
-0.428806262936532
0.6526937501171189
1.5274823373949147
1.1789746025481576
0.2699664483922983
-0.05495159034808083
-0.11769455712719673
-0.22390480965275208
-0.526464807056126
-0.7199773798061453
-0.28663448252878415
0.08396894661929907
-0.13579134127966763
-0.5094753341379867
-0.5174221794515738
0.4081127717485407
1.4222499901478591
0.9183597307500447
-0.21136974564956984
-0.1749776775830169
0.7258418807922576
0.8093296764838139
-0.029473612772333856
-0.4391301244748631
-0.8387808448324249
-1.444993921725452
-0.7102352130932622
0.49383087727101077
-0.02375582760614305
-0.8314707066918032
0.19458541235047336
1.518642973223201
1.199967111087531
0.30119536783983936
0.27276005928568414
0.20304865963900884
-0.5010362185578073
-0.4483388348218116
0.2545847014821526
0.09620202832080196
-0.35617566955980784
-0.21849855465747406
0.03809971399739582
0.3929731542004737
0.8297375808308093
0.8846897971146275
0.22524559031616032
-0.9218663549173111
-1.3398191745739274
-0.6068459850954231
0.08549406935777494
0.2655234624798496
0.24315102153242332
-0.3675036325907211
-0.9680918765258436
-0.019075825295647313
1.399326608610997
1.3469086771591385
0.45084640734006226
-0.33563644149630567
-0.540708409170619
-0.05765240240080191
-0.0012941162263491914
-0.5148631840158828
-0.5936211487027488
-0.18491775050101486
0.3982993951817592
0.9213388352794424
0.9477164666415864
0.3366256916375122
-0.6851711792450186
-1.1909113773266355
-0.5224963356724787
0.03136771514094751
-0.11609560634794015
0.43647566905794977
0.9202377762383535
-0.0604841011554921
-1.0534733358536366
-1.081786308862729
-0.6679705247260772
-0.024114807311489666
0.9019661324629873
1.5612581096850713
0.8063368112760085
-0.7712296071101339
-1.1695826592510754
-0.5399554395501598
-0.1309567850957661
0.2464946123280812
0.4365419864086899
0.033873350561430884
-0.4206926396710412
-0.5047028480363406
-0.13580410464473344
0.1642020601211559
0.0911899655863904
0.2964996507367072
0.36890488011306427
-0.38326074963963064
-0.8692890924885489
-0.433377057895822
-0.04984255752939376
-0.12462337558771325
-0.08772228773335665
0.14809698039061592
0.11447556310474448
-0.2563849972249928
-0.1672096901540041
0.3407747165436662
0.40216805706807685
0.3518371972978719
0.1653959653064749
-0.3422744973586454
-0.3378027835144552
0.1880572627122748
0.495125750242043
0.24607846687296817
-0.32498658292453875
-0.5488494229271433
-0.1149851066400591
0.3601174262886351
0.16155520039862276
-0.348971707675616
-0.17839037309245964
0.5677206351263785
0.7251327315417481
-0.023691498538139608
-0.6993022217320265
-0.7358218449813912
-0.6552022533709754
-0.19610437364264882
0.9893686630370802
1.4325860948663875
0.38338962425061063
-0.8764589655856576
-0.9503149187152757
0.21345313361371007
1.1260483799746857
0.8401401130013487
-0.09956644887098616
-0.7423202629103665
-0.4878343817894712
0.09874301864721073
0.3162818650890117
0.38021176136931434
0.36597219950783466
0.15003387168512564
-0.352289461153178
-0.8688733578454813
-0.6825647518481275
0.005265565333366661
0.22195166803945565
0.0363361549465102
0.10744802028298674
-0.09506739979362867
-0.5611868777541109
-0.14865247835587775
0.7484524378400998
0.8111107685418142
0.08192803608431014
-0.17622201302409538
0.18967668636436294
0.19539540890003732
-0.21355639964483433
-0.4939203997089094
-0.3518335884021646
0.021240995775861665
0.2637295064556322
0.46438140413961143
0.734322122275232
0.5809718569114038
-0.22208079610855386
-0.8027997572090735
-0.45186462513539727
0.20332884266129558
0.2871502278639501
0.08125404676781187
0.02122353451994888
-0.13755934502059447
-0.3579228736555603
-0.384086798701475
-0.2757630326008606
0.00762661868459644
0.5139915384121331
0.8811610747148809
0.7758979220121613
0.3388718550290202
-0.05440929012127724
-0.26815946249047184
-0.3938930446063014
-0.25012339836696423
0.1447989142939212
0.023978076530599614
-0.36450572499737977
-0.0008162359468694091
0.4170168539672088
0.1140202168227263
-0.3193707200583016
-0.4100781228028181
-0.22213300404016437
0.02940033982759992
0.30438544606836304
0.3183047764466835
-0.12357318068196443
-0.3334747023765603
0.009212543493806404
0.21100497113580366
0.08270081060134618
-0.005892642395067118
-0.16327571384195588
-0.14892057412879325
0.2986499703207976
0.6141168566740954
0.6266884767195043
0.4196801824645069
-0.2499293511168493
-0.8510208680984944
-0.45317533909794916
0.34285626705837535
0.20613796812391838
-0.49588491428775067
-0.5653430072479768
-0.03442778007569696
0.35820535021586375
0.4326344891132463
0.38592384748375996
0.13497051614641947
-0.22617876978446452
-0.34855359091080973
-0.32633329562089514
-0.2921773824232203
-0.03134968546940636
0.2819942007584284
0.17109458663392996
-0.004905246131911863
0.291890672108454
0.5531586917431427
0.18872879383394378
-0.3302182231795866
-0.3530589265949282
-0.16227538920798315
-0.0895126705632814
0.0959062118265983
0.3172962527619789
0.09674282014160338
-0.4262614812519687
-0.46381642856429134
-0.0732563780926447
0.026320261208317635
-0.13208422304335224
-0.10524626255578576
0.14610253104126544
0.3672593452032669
0.33316963671088273
-0.055066425358442125
-0.25123125963318066
0.17654060743627117
0.43588897493364026
0.14931066295531226
-0.15433968996956285
-0.23340117605988075
-0.09485987093269406
0.03655997700924243
-0.019215374813875644
0.028380411792003433
0.2455911899239576
0.3524904884490185
0.3402959958718904
0.05789261039781414
-0.32493511181446644
-0.2808664586261896
-0.18216678814530876
-0.3534552683295593
-0.24741298658703528
0.3009373764239958
0.5790009942930837
0.1165435247368168
-0.4112762133450924
-0.32947470888085834
0.03560002457427156
0.3383121033635397
0.4357938430971733
0.08210136484523846
-0.47939512941427775
-0.5638648200286822
-0.1497256073323551
0.16899737211999746
0.34042372027371076
0.4104708310861243
0.12844445427774348
-0.2517561213746707
-0.35928708658777103
-0.32028815816963474
-0.18785735584751995
0.05497728136634187
0.21115894182660994
0.1477421247177965
-0.17428778395895514
-0.4356103299867053
-0.2863924513684588
-0.041924098629098266
-0.04527495579649256
-0.0815043917162747
0.1585138651402261
0.4843997312540032
0.3876112000106369
-0.08483908911403962
-0.42603309651809995
-0.3640994173130485
0.05936687606191273
0.41035546669088213
0.38694173648835595
0.20870115721570132
-0.09619231107420644
-0.4855799633396706
-0.5271287565049303
-0.19042038384655005
0.1869947081187618
0.39368119420964753
0.31115518128789815
0.15686976913278766
0.14151248588460283
-0.06668557703022046
-0.4727705941796769
-0.49681583188151757
-0.01069714359000067
0.41167358780356816
0.20327002849440262
-0.1750142581713756
-0.08230656747134422
0.08935495268915808
0.11699362627289624
0.24149395465379075
0.4060213463392916
0.3908666081767494
0.13617748008516467
-0.10098953789341647
-0.20850883069907053
-0.2572302995300575
-0.2386776022216973
-0.20043121806739622
0.011109008862750347
0.34604227239033075
0.34222791078306375
-0.003085262690997565
-0.33995519978289135
-0.4735604415005624
-0.28879225498316824
0.14460347602672288
0.48972496825746636
0.44234049358854277
0.04283143289825487
-0.24736798165833931
-0.17844518451089636
-0.07295616872972926
0.018099562051582935
0.19563696721102816
0.21994068292153224
0.019656219538095883
-0.24765462390479587
-0.2688843759386783
0.05892472950613759
0.27727836632577196
0.24575325695096867
0.13847348897893946
-0.14282561573968552
-0.40223949792340297
-0.40816611117802676
-0.31257975857424825
-0.09565643675434121
0.10467049933992215
0.04057597200800058
0.021912114792620372
0.16483193146013161
0.12834645921601479
-0.0625849272897212
-0.07308350933164934
0.14156447942002662
0.24458183157562777
0.12205335061135829
-0.0009304926045256888
-0.08922851482527958
-0.12720698683855816
-0.037857201697579314
-0.01354810210980853
-0.07951299688784792
0.027890869841718294
0.11849114474770286
-0.07691249968409244
-0.2763438240739405
-0.22159540835322647
-0.06079223577059975
-0.05505667572316024
-0.060546952866201265
0.2237249247211328
0.375104135106392
-0.004417536062500272
-0.30526461575431957
-0.16230842066889023
0.057643149178516775
0.21266671018253702
0.21733341432241296
0.051475056785644374
-0.01944591131331949
0.04608562760603381
0.09092224991428867
0.037325901251283884
-0.047440783092950196
-0.00935364615514076
0.06403955580606185
-0.02937521538789314
-0.16142645924241475
-0.20311100879109953
-0.21990134803338843
-0.1010987314891246
0.07464118189675627
0.08830346378533366
0.08452477992120572
0.11393416075688416
0.05150037132533558
-0.0650372877134092
-0.10474522037556787
0.02078199603596071
0.19220055708381753
0.23299100933796352
0.16598000091931783
0.053442877788777036
-0.09305702616608626
-0.1679535241593685
-0.09688826711596561
0.04334153876683832
0.12079322365240683
0.058998737181574105
-0.06601207754542808
-0.16128677780738856
-0.23118889418314847
-0.19206561093361088
0.010465128462022792
0.155271504065684
0.12835564723889492
0.06392268866902953
-0.014904729319096347
-0.10905360597045749
-0.11539031795853143
-0.02680786061328887
0.08997320855880003
0.18405829073161636
0.16497750539910358
0.07342157921876975
0.013648423817184478
-0.03521702155025978
-0.04801170408820683
-0.024750912878894093
-0.02404774882118888
-0.04864225257123094
-0.05622046570662039
0.0032235409112622427
-0.032384966360186423
-0.2338772338040369
-0.25360887810537436
-0.018000491860931684
0.15159073592926398
0.1423420503795534
0.03386002967712415
-0.027894195036987934
-0.00510324172297002
-0.05309474538997322
-0.0985120709278811
0.032632169493789324
0.18186108385191146
0.18753016988820714
0.09005143417122606
-0.04206191389763539
-0.1256547971242328
-0.13510406407122613
-0.07305074600609376
0.027907684870441478
0.061259148680342976
0.010914537076569041
-0.04598846283017007
-0.0809780266831793
-0.12396488569725209
-0.1307233344739689
-0.022534309051528593
0.11293322004945852
0.09234567926907157
-0.0516613466730901
-0.07752930563718513
0.02732313495192912
0.05065898378513973
-0.0037158690892393482
0.03044629703765764
0.1342492184920707
0.1557739243474136
0.0762761827907665
-0.006503595435199827
-0.06360699764018657
-0.07968423850287869
-0.03700592337802228
-0.005428823055881154
-0.001483886389941661
0.015232918829504939
0.02799411887864063
-0.003159594907292922
-0.09681687534645336
-0.13803025576720399
-0.016958499415677772
0.10915550973661571
0.09057568953454821
0.022825947711604462
0.003521345313927756
0.010510407318937725
0.017436430138433476
0.011906245568269917
0.028186416816646995
0.08141808315651285
0.09461829668343788
0.07189955873989617
0.016641992865705807
-0.0749939978690472
-0.09798216312413884
-0.029781582296614158
0.04660706189108763
0.041626354504110286
-0.025808829407943153
-0.035602025221903644
-0.021249712670789015
-0.06388634487510528
-0.097416472618056
-0.05214170489770754
0.04550717546865214
0.07572471436280796
-0.0005470603688091622
-0.031929452350670295
0.03278714795221378
0.06076428247273095
0.01287763760689961
-0.022254405743012406
0.0073072572689624775
0.04775951535803771
0.04149257113871785
0.010870311522319863
-0.02801804369836848
-0.08537657656803688
-0.09915975635591892
-0.0007001236978242117
0.06093889027261711
-0.020210263247347843
-0.05720892087901272
-0.00645538232475541
-0.02643432229017538
-0.08117087918774846
-0.055203934432887285
0.011860851441309448
0.05442042973187643
0.05104298752900775
0.009872247534239532
-0.015402330124692958
0.006260989770543552
0.025206224463321113
-0.00350582788493794
-0.01046642291176739
0.039052026560383306
0.06040121552358413
0.023597433296962775
-0.03854036915103091
-0.07631536583336082
-0.03525541415761172
0.032556064659458504
0.02796323741060443
-0.027140792893067197
-0.041072209958012335
-0.009522881317218776
0.0016215237223313856
-0.023953818533936327
-0.032237303311634324
0.010287523698777242
0.04714964811673896
0.035324896424610557
0.023577111314773653
0.03111263606052913
0.024219451800277205
0.010153132820528642
-0.0007035609295540317
-0.00522164769740063
0.020506021933480428
0.05044281517654641
0.03915466207421351
0.0023769804399769853
-0.040181452920001796
-0.05985245328429091
-0.0055580438778111835
0.056553659393295645
0.018702588229008915
-0.042995866375362624
-0.015873537734017517
0.023493640147388077
-0.004496102236871858
-0.02911424918506373
-0.00410233885698578
0.033024587003555164
0.04859684330291321
0.02986869064707597
-0.0014929035540863533
-0.010692252498776486
0.00960297290214118
0.022448507425053475
0.0016909309070034264
-0.00013805984058287447
0.023914373932485876
0.016800487775657253
-0.014491741738249086
-0.03811144352981751
-0.03523421864059639
-0.00835513550052525
0.005707948962287239
-0.01000716769131933
-0.03306867402948228
-0.023107102883066933
0.008823291358323338
0.0026572432888847834
-0.03049558347741708
-0.02878880195320707
0.007219798356027262
0.026659173102016622
0.016139109798272513
-0.0007027209383637842
-0.013384321551085375
-0.01277694980113146
-0.0032851422015271296
-0.00540544273361291
-0.004676142882439456
0.009237890036384273
0.0065927506170840545
-0.0175109530303844
-0.03405057828187155
-0.03146259252204709
-0.012906575040205972
0.007165818520336832
0.0031679857125733817
-0.01615137484398307
-0.01748841813092947
0.002664416114986317
0.008685445384816522
-0.009137609081169135
-0.009871837685935322
0.009418100008261744
0.019986512948073396
0.019420323951071503
0.009952391409901652
-0.0014863723029216107
-0.0008649356022017637
0.01156276773064544
0.01506912377649291
0.004475784656632323
0.005892355870462832
0.014547601764365365
0.007598528681597573
-0.003849188057155285
-0.009108581976882963
-0.006904805134057416
0.005056876543288086
0.014781347802655173
0.009098918423405728
-0.002569341065170196
0.002383420501668598
0.01652500058512611
0.0076144440123181245
-0.007798796032823218
0.007562901732380741
0.027893733082510364
0.02401656369859213
0.009565661995740295
-0.001561102071779487
-0.0015663257550148685
0.008386373577388417
0.01399484976160056
0.004722137557682122
-0.001995741844886303
0.006366960386351295
0.002707571011290042
-0.01121504648387609
-0.009302140182258726
-0.0025517412400409964
0.0005115352689080426
0.0021713667289451435
-0.0024464736207735877
-0.005885146907813251
-0.0011481747184543874
0.006344758402946055
0.00187123717249631
-0.009473513191407615
-0.00405730782022825
0.00641780279436999
0.006556196357654811
0.003360396324866891
-0.0037247361975387564
-0.008113211540924254
-0.003429717554479508
0.00036914612110452836
-0.002151361655051456
-0.004973027953235443
-0.0023890726097031017
-0.00195231673486533
-0.008615918609127459
-0.012417705416516489
-0.01108010262169653
-0.0076942866324280846
-0.0019296150470705954
-0.0010370361518093115
-0.007003463652888899
-0.009319874222128679
-0.004730825472103857
-0.001098865434750735
-0.004786998957424137
-0.005708870267413334
0.002871768101842356
0.004403629165980802
-0.002421409224385387
-0.00505863133712569
-0.004649134335024453
-0.001661573821454067
0.0022054305418682937
-0.00014219049360950157
-0.005973117535101659
-0.004958811729000782
-0.0006190797650038705
-0.0030808331320480407
-0.0053345729180826525
-0.0026917753554788633
-0.0022443529211932786
-0.001370686236169577
0.0017879613692295077
0.0012264586057655472
0.00021889161500909574
0.003134891530200508
0.005387503761883604
0.004056488952668002
0.002545375015830127
0.00523691101173135
0.009219663937716449
0.009109684751671206
0.006188606421156977
0.0034953857939428166
0.0040218027987239495
0.007164436068325683
0.007680668465880442
0.005998314956486707
0.005052464363381936
0.0056431509152897975
0.0058559781318146325
0.0025863557314678358
0.0010298958890492932
0.0043988219406237315
0.00667809013788601
0.006445280192655365
0.005346322449493422
0.003822045522304148
0.004152675868423388
0.005872251151297068
0.005968568916709756
0.004113497561965534
0.004810648839528304
0.007280102040738256
0.004251820958991658
0.00043685616371202127
0.001245215587730547
0.0009751988214400479
-0.00023105983698799775
-0.00010780667008207257
-0.0018020150923035699
-0.0037205845999937898
-0.0030672453154621466
-0.0030269373710295204
-0.004808844543040384
-0.0050841437050068465
-0.0044557236823900845
-0.005346422742796126
-0.005068270023310614
-0.0033880369775340768
-0.004200156229102942
-0.005593975150425883
-0.0049722211370990515
-0.004847711355324782
-0.005599908770901431
-0.0059080360022889826
-0.00550817644384875
-0.004742373417863416
-0.0053216033728845855
-0.007103328163288179
-0.007663760738958419
-0.005897293300300243
-0.0037988061540367582
-0.003978222967033123
-0.005249739218503289
-0.005114344348848513
-0.0038733497923396382
-0.0036668807308960125
-0.004858928152027109
-0.004445542433798019
-0.0019158200956420368
-0.0007281586528056049
-0.00143915281544258
-0.0017936792064363722
-0.0011048952818381512
0.00035266046970604703
0.0017276633657792725
0.0020168219178743584
0.0019264853853260416
0.0025462347886062477
0.003016179522048743
0.0022355278332807
0.001886235989200165
0.0028426916440690963
0.0031181806392064646
0.002867257802572647
0.003074949017628415
0.002898761439788322
0.00282931245479866
0.003010939548731199
0.0027129090904058437
0.002971467793665609
0.003993532953455035
0.004350159464921213
0.003752077142257677
0.003737014437030654
0.004740903839081475
0.005105731272940306
0.004738050547315038
0.004507597968585564
0.004129421990590427
0.0038777149908935707
0.003898487007327127
0.0037844986618675593
0.003331994734413838
0.0024540861796790037
0.0019489601452308085
0.002284826649935345
0.0028148972783585253
0.0029120856207531676
0.0025047127656589244
0.0021001156209863605
0.001976327046408015
0.0016506433528181163
0.0008177899997469127
0.00015929640954087182
0.0003115180375556831
0.0006754130350970554
0.0004138039829805416
-0.0002907613117937398
-0.0007459616964288093
-0.000690434857936206
-0.000324702368991941
-0.00021271891669715192
-0.0007251355063454053
-0.0011576419199806505
-0.0010513303810796189
-0.0010474542503534432
-0.0015239805773749338
-0.0022333339927898244
-0.002961603789830013
-0.003669120311765532
-0.0041825651468378345
-0.004449986861133549
-0.004767925744752334
-0.004945188510944965
-0.004749158186057018
-0.004518872749994951
-0.004385126443689532
-0.004477307090788515
-0.004770767688471311
-0.004902409205760983
-0.004807802548187815
-0.004542327210341223
-0.004276024402239263
-0.004153840358657977
-0.004111712124877583
-0.004231946561976817
-0.004365725851183997
-0.004273706320091983
-0.00397069688350144
-0.003580810267846464
-0.0033293776835337852
-0.00315935074498358
-0.002835898706119358
-0.002201058737714175
-0.0012945486235179692
-0.0005217602905894802
-0.00016313046359609792
9.832426002730595e-05
0.0005982946867987996
0.0010676709110163775
0.0014258624172103335
0.0019210305809981053
0.0022029787452613153
0.0021160448382446084
0.0022607310145756985
0.002902964715721032
0.00377192953376425
0.0044582448561800245
0.0046956567448380605
0.004687283845426678
0.00471105685690201
0.004734984588174525
0.004914856972809721
0.005445178260316499
0.005881176700498504
0.005748896143825961
0.005148667511037596
0.004455898539888422
0.004133137917965663
0.0044626152549549465
0.005056425030414256
0.00503236570185223
0.004251211097572285
0.003617933251388028
0.003585391338070238
0.003757835415292905
0.003731211146689242
0.003304958470490006
0.0026586627326941007
0.0021582374701583818
0.001775644988132771
0.0012897715995627362
0.0006212768256816127
-8.230305887854706e-05
-0.0005771622145101812
-0.0007678382893184244
-0.0007830354441611566
-0.0009436153147990739
-0.0012633502564730569
-0.0015354399143408194
-0.002018016042938818
-0.0028847465946540965
-0.003589501323882434
-0.0036314171783502344
-0.0032777371421001227
-0.0031749845953213465
-0.0035144758633459286
-0.003929479991273153
-0.0041705303868635035
-0.004218249536434975
-0.003987791261101298
-0.003655528857118494
-0.0035172612822387136
-0.0035362308345367843
-0.003677823612401905
-0.003898275153039196
-0.0039699693779919765
-0.003787106504997216
-0.0034955887021382256
-0.0032857197348253836
-0.003191464674979521
-0.0031871841296010174
-0.0032465814432977628
-0.0033430099081629824
-0.0033705502333648153
-0.0029552834219782526
-0.001965526622702119
-0.0010127815042020266
-0.000661086516109281
-0.0006002233471355507
-0.0004733875530275214
-0.0004950787280638799
-0.0005073293984824742
1.421940151410727e-05
0.0009638092457010876
0.0014554300167284543
0.0009519738602074074
0.00025340318305547207
0.0001919098224668773
0.000556994490344302
0.000937521816594913
0.001088569868896045
0.0009755408104121609
0.0009647186221293034
0.0013386328924028551
0.0018114299276161285
0.0020214066377361372
0.002103267628773005
0.00233590103303766
0.002657611722684081
0.0028488208271419064
0.0029684472394123527
0.003070720889104307
0.0028965631286037587
0.0024123755488016595
0.0020891399274493897
0.002321915853161864
0.002783913559962093
0.002865171984465739
0.00250397970782131
0.0019261091470586917
0.0013679593453992274
0.0014569169630331874
0.0025836815442525436
0.00393552821175428
0.004317140174471158
0.0033792296632011785
0.0017889753114386966
0.0006602961493181886
0.0005532104300218969
0.0010907906588787622
0.001639117082334713
0.0017979914951826088
0.0012947357805785564
0.00024364017189562167
-0.0008509851579061865
-0.0015688052937285642
-0.001584903513872064
-0.0007565578389765942
0.0004612908518299415
0.0012101911677392639
0.0012232173645809104
0.000886184120279055
0.00043577472613871897
-2.0809285071551854e-05
-0.00035418380635130197
-0.0003561132743144082
3.9896276001038734e-05
0.00034117446756201425
-6.582060345044642e-05
-0.0014878593066329948
-0.0035427669233994265
-0.0048538092568601
-0.004501474151657351
-0.0033877264245926434
-0.0030872792313305433
-0.004098220498586553
-0.005503663806975944
-0.006126920615119494
-0.005785495227980041
-0.005027346973707198
-0.004069824971818033
-0.0027592621761735664
-0.001324997275832094
-0.0005100662031661513
-0.0008775367643274189
-0.0020825879942565793
-0.003110228593554735
-0.0031371823500548858
-0.0022944873376855835
-0.0015728133478497778
-0.001550443349262685
-0.0020608424098243023
-0.0028383701962056145
-0.003608165319616345
-0.00388519328900641
-0.0030292442531304896
-0.0010645762539825889
0.0010935812057680904
0.002492007692139682
0.002407468300653685
0.0010606503734025695
0.00021529239817534194
0.0010595432966296302
0.002705621810033714
0.003637099510622588
0.003281488239146005
0.0023834247729988775
0.0018631939064222133
0.0018607245928171539
0.002424708667603478
0.00288627972298444
