0.0
0.0
0.0
0.0
0.0
0.0
0.0
0.0
0.0
0.0
0.0
0.0
0.0
0.0
0.0
0.0
0.0
0.0
0.0
0.0
0.0
0.0
0.0
0.0
0.0
0.0
0.0
0.0
0.0
0.0
0.0
0.0
0.0
0.0
0.0
0.0
0.0
0.0
0.0
0.0
0.0
0.0
0.0
0.0
0.0
0.0
0.0
0.0
0.0
0.0
0.0
0.0
0.0
0.0
0.0
0.0
0.0
0.0
0.0
0.0
0.0
0.0
0.0
0.0
0.0
0.0
0.0
0.0
0.0
0.0
0.0
0.0
0.0
0.0
0.0
0.0
0.0
0.0
0.0
0.0
0.0
0.0
0.0
0.0
0.0
0.0
0.0
0.0
0.0
0.0
0.0
0.0
0.0
0.0
0.0
0.0
0.0
0.0
0.0
0.0
0.0
0.0
0.0
0.0
0.0
0.0
0.0
0.0
0.0
0.0
0.0
0.0
0.0
0.0
0.0
0.0
0.0
0.0
0.0
0.0
0.0
0.0
0.0
0.0
0.0
0.0
0.0
0.0
0.0
0.0
0.0
0.0
0.0
0.0
0.0
0.0
0.0
0.0
0.0
0.0
0.0
0.0
0.0
0.0
0.0
0.0
0.0
0.0
0.0
0.0
0.0
0.0
0.0
0.0
0.0
0.0
0.0
0.0
0.0
0.0
0.0
0.0
0.0
0.0
0.0
0.0
0.0
0.0
0.0
0.0
0.0
-6.885268787019929e-05
-0.0002267124209310561
-0.0002993797076313355
-6.442480661686195e-05
6.35908773618397e-05
-8.719151474339152e-06
-7.357076378955294e-06
-2.5661194872437543e-05
-3.224343177306703e-05
-6.475337284400608e-05
0.0001447787994885642
0.0011271220901355873
0.0021594373224975358
0.0006840859820560418
-0.002575980329141271
-0.0027955020936376034
-0.0004409415613476737
0.00043991771350326765
0.00014466340586113174
0.0003201245127232655
0.0009207878739004908
0.0007014062170641257
-0.0016134274963977282
-0.003237194040790365
-0.0023062695687164365
0.0007954509056861325
0.0028786115940081214
0.001189227472906747
0.0017764188962893464
0.0053293168518817454
0.0047395200575052025
0.003894516503466449
0.0028073752451196715
-0.0011303840317550742
-0.001519570507215585
0.00261317952762752
0.006174016320271227
0.003983613971659146
0.001168671501731851
-0.001103067014535362
-0.0004598488264731831
0.0007065931811768144
-0.002377202348847598
-0.0018554858975959351
0.006684932849346736
0.01505733170074745
0.00935836193031357
-0.005706081401560002
-0.011585949382396363
0.0015796987992971402
0.014054404387686322
0.01150922990304469
0.0058418647442330255
0.0016549754545486834
-0.0050042306761546715
0.00029599136472426566
0.009495566623999743
-0.004511558052583115
-0.009569426144225943
0.006649850164146604
0.018747807895133452
0.02968626215096395
0.03719067882065592
0.0028406708579273438
-0.03811700445244395
-0.0266730393417119
0.0034008620213144625
0.027301392680366236
0.016187877628852394
-0.011322156409402808
-0.001038771144020333
0.016939191379221126
0.027000100593208374
0.04802175929226708
0.03094459718130475
-0.034996143873966316
-0.04450437604264598
0.0016366168960977514
0.011745077368880133
0.004770663937232582
0.00684239173624589
-0.01086991913389954
-0.02397397537919615
-0.006121471014086632
-0.00029127079471778355
-0.0011532946026873241
0.0004963701150181702
-0.025657491921150678
-0.050082974744111636
-0.02335215691977746
0.021965319111695126
-0.012851020304921825
-0.1415694652275392
-0.1870699108433448
-0.0521678595870865
0.044465007322634253
-0.01090854790834129
-0.07106045604174333
-0.05528159574805998
0.0177689481590089
0.020161739815687633
-0.07616279724078658
-0.10465658505051793
-0.05141488237110096
-0.03968935751320887
-0.11709593463472594
-0.10342565492146757
0.04712859100068173
0.19383124839164229
0.2802917294099142
0.27233658111533054
0.11283976870198754
-0.2163694424521865
-0.3838478873946172
-0.16481165243165935
0.135536152656963
0.28338091120912
0.21473250098360294
0.08924299965219111
0.13310943742333017
0.10426522595406358
0.07309763479398347
0.24699935567058484
0.1188775616539316
-0.19503349531039024
-0.11862739605919688
0.0834151496395171
0.24165791376273454
0.3024527428355639
0.01696137979569321
-0.1312095724271124
0.28790363545950687
0.517720074114645
-0.05849380341410095
-0.5798500714186464
-0.21650846022397713
0.2564331938507266
0.2553205220325085
0.21878195136004186
0.10370917978991916
0.0025210897175748136
0.2086215948490002
0.5633593771689884
1.1163936623823443
1.107542016658458
-0.12970097710654205
-1.3939178977950433
-1.3876481032303207
-0.25026267095624005
0.6509106425433977
0.640335203486293
0.5436131955146126
0.6321390460409203
0.7098660911045788
0.6252261536980658
0.11737754955080283
0.3222238378597647
1.2684354178925328
1.102243633807768
-0.21459421817755728
-1.485373299561485
-1.3661716671975361
0.4049081802062507
1.646016961256127
0.44678595487142914
-1.8362979221657774
-2.020556098424352
-0.23274459866350786
0.6129095297559857
0.6976107581531615
1.2113203437527842
0.47230600286823154
-1.4483581610238057
-2.470351330448046
-1.8736051687615278
0.40002073633748314
2.0344933425925427
1.0589145492848402
-0.11537939931296583
0.5471122355297464
0.9936197417044617
-0.9223429781317823
-2.550491626068951
-0.7616241170837369
1.9388142766507146
2.3222151798523574
0.74600843396245
-0.5051892785620437
1.2808437457471273
4.350669610378417
4.575770837717894
2.0318156045118085
-1.8017631553694637
-4.78749357079727
-3.7543192757801886
0.29429480395044677
3.6042145021330176
4.649204846927429
3.3477774888121443
-0.22688465664925953
-3.5363562628784484
-2.0538027953113036
2.1853373275188814
2.4970843636931392
-0.7844926217487027
-3.2271338392679385
-3.3333232770224033
-1.732096695560424
0.1460565388034307
1.3895937862854904
1.2808299840186173
-0.41124878048846353
-1.9433641992342965
-2.5307113873253186
-2.108448309460071
-0.09007028508979177
1.550059072112771
1.0893461249597105
-0.014125937553031957
-0.44455576479915965
-0.6028726435247937
-0.5577836310787228
0.7927950362714654
1.8652798485030793
0.04618389341372971
-2.160691426817564
-2.070129806477796
-1.1971562141851433
-0.10232620048157946
2.346102783873117
3.8925801695435673
0.8074386091623201
-3.3744012006051056
-2.3173735046444865
1.2401202196988936
1.5920231133020357
-0.7031110799457652
-2.66434866084095
-2.0715350616039885
0.35728082264507666
0.9355465146066894
-0.03993630133096509
-0.08423889792393842
0.23299351199392185
-0.21177483000966596
-1.4612523154594796
-1.6351170253630547
-0.5114558752022649
0.19257489578760942
1.205310744721585
1.901868563185291
1.468214689572136
1.4288694511858309
0.8863432865701708
-0.7106849575192674
-1.5196112529107848
-1.880579449603723
-1.0364873460534685
2.5774101946123436
4.283708681714957
0.023518469280940594
-5.0908632743818645
-4.237341648671788
0.9198226744695776
3.7027088345903487
3.1013334692876113
1.8423637571725386
-0.5394391342839528
-3.4954137655038946
-3.6579543981039446
-0.5945578011765834
2.5500947296741887
2.988551966390131
0.4914725488522749
-2.665679025658028
-3.37214515557643
-1.443256263909693
0.5402523615802256
1.4412664782687796
1.3118854495147543
0.15112324473620958
-1.7140534268544125
-3.0750231513617283
-2.004815114907874
0.7033804888145498
1.315805181326358
-0.4318144780307771
-0.8671129426629727
0.5446776230633413
0.7933130003004609
-1.0976328097673738
-1.125666779559683
2.0568844724765025
2.8531604498388035
0.36287063701970307
-1.6792420193896473
-1.8891057707870167
-0.38026694136097006
0.579048631617751
1.1201976499894548
2.6780988018207283
2.196457701882178
-0.690570811996008
-1.5311998439215517
0.5142617909244209
1.966861711161393
0.16181981592674452
-1.8942653330043502
-0.15886330475838525
2.0309479451080477
1.6202973201115825
0.19219588496348067
-0.5495834271278023
0.8253463028326478
2.843775088186899
2.2137113648410245
-0.6249950184955411
-2.1366728269842374
-1.5803322843295264
-0.5486308853442191
0.9911326127870875
1.928217768838517
-0.1669594860774049
-3.1779305634143147
-2.1430750739397837
1.318123234658495
1.7173449074623215
-0.20126478476448695
-0.6871615817268847
0.8676843769884134
2.1827782717758173
0.8666488346947891
-1.183061306382421
-0.6518681726523605
0.36462059296393196
-1.2633855781568266
-2.2493526926088405
1.3408854097143281
5.3058803893187685
4.036676261785999
-0.5925622602626516
-3.509088016026488
-2.8625247860792373
-0.9439238983201079
-0.05451033097490209
-0.5073286157533363
-0.7389680410950104
0.9543562958861189
1.7136812803620791
-0.6395227040881565
-2.314071666951133
-0.8405281367901307
1.354092803548464
1.4866884330065107
-0.15365301197699618
-1.4447812542026954
-2.54851074860654
-2.70924751661562
0.24578387448830474
3.155683346634888
2.3539525021395753
0.45984364676882666
0.8139402288455985
1.5420665296593106
0.6446138927517925
-0.17467307154462258
-0.4536586255744643
-1.038115200336456
-1.2069379173752135
-0.7889097203749772
-0.33481724465278323
-0.19390427557436743
-0.2641446949556697
-0.3328989011922063
-1.0885208493135883
-1.6338681602774003
-0.12279878263263354
2.3138810028033197
2.1808252263162147
-0.6736349985018403
-2.0781496655926035
-0.10343140416277574
3.070318498182159
3.824069421306867
0.6733378091665232
-2.5996776973459514
-3.0134389893140625
-2.0848202913413973
-0.4490684538150186
0.970419000788458
0.6910009618668451
-0.024779149136282284
-0.860605613327519
-2.349476346643855
-2.052104926786291
0.044315726413352144
-0.2524881164566484
-2.3880300604223654
-1.692858708197
0.3594906549491943
-0.36113353001964665
-1.4259486335556526
-0.32521793338065724
0.5053725432219474
-0.21544194251948315
-1.0190670946543896
-1.058888144746464
-0.5223271301513551
0.8056210212135747
2.6809484986684455
4.272452725227572
4.454288248729158
2.144438830758155
-1.2635315163957395
-2.3179286283827767
-0.04586257020074824
2.190422856325433
2.261059291797243
1.9968923333917086
0.6305399500495354
-2.3803297942823614
-2.1568362338539853
1.1653862104199182
2.249609185245433
1.061644773777238
0.9961578864911724
2.762444020584671
3.0098550716516472
0.025643716528062424
-2.6467803077393808
-3.1450821955416424
-3.3978698859559757
-3.2756175806855854
-1.660519624825906
-0.7309427541183252
-1.1586123892435116
0.9124339475267703
4.231023546002954
3.344707504167444
1.2483034550236354
2.4210363568941955
1.8040323550794861
-2.7564727985887134
-4.288358733634463
-1.5735534895477927
0.3176581885864274
0.18947476039691513
-0.7874914905507459
-2.217245688798233
-2.4976705961969525
-0.47975085232331766
1.5525123724181245
2.234072890538099
2.0953525053325563
0.7432733616153743
-1.6450070560119021
-2.6949237014499188
-2.0484557946884374
-2.251815098161792
-2.41977472040577
0.034747189110141165
2.7419273166246447
1.9445466072432378
-0.2933417055149265
-1.2931040472617237
-1.0858435048830901
1.0576235822579159
3.052161972460698
1.7630348176550314
-1.2683742012844395
-2.3364411786969637
-1.0053358091009768
-0.5537243194113921
-1.130142230074009
-0.8348950255294402
-0.6738322865582245
-0.6979153815763147
-0.9122011584377812
-0.6899357353370947
1.904754010809433
3.885978939543313
3.105767412119438
2.2153435565248842
0.5901383663007805
-2.699127346796474
-3.636318252808083
-1.9515543551278063
-1.4965796603107033
-0.8452518472328205
1.2786190780572606
1.8257798573491684
0.3607398092782486
0.009949963548489826
1.7899197169740193
2.028101648982415
-0.2411498632919887
-1.0121774320411103
-0.8005875605090315
-1.973023588035285
-2.059216257423562
-1.2987199791661772
-0.239882165614804
3.16268832001013
4.37220932970975
0.236566721506769
-2.8317801829022757
-0.6874111592279121
1.6799593605616925
1.067273924493293
1.0562603117498541
1.5728740874448488
-0.3170219592986413
-2.654333365243315
-2.1205554002240303
0.1842713583590786
0.8151841760177424
0.02964481520088101
0.8081982910736489
2.8368640636117064
3.112352900376683
1.2900685337675972
-0.9756558149341865
-2.4495424861806567
-2.0042637209937872
0.05659937887367006
0.8129240096990544
-0.43161596859051515
-0.338027316805952
0.2641274773468723
-1.3185992784572982
-2.7113265072049395
-1.9324162209032527
-0.008866199843691419
1.7958256130568968
2.0147076364196397
0.9702890305983818
-0.0991783099106225
-1.3256987686845716
-0.8317616898606556
1.6662315765012656
2.697916135807776
0.7512988536103754
-1.731007722746381
-1.5665515395342526
0.09334836622976977
0.3220248631156447
-0.001449369527796395
1.8508617167267005
3.9156233348293417
1.9849798819168076
-2.5705278223807633
-4.894072345239213
-2.939081249304992
0.8251826938173784
2.2997771704635395
0.07795817081624244
-2.2930795446890944
-1.4595767830789153
0.8827365689193846
1.526245370575558
0.3338563115429968
0.43814784414896035
1.7541147243188235
0.5433805917676633
-2.5792674060910548
-2.9965570986586094
0.08075071386969954
1.741932345528628
-0.5177886984367955
-2.6781362826287367
-1.6080902600396645
0.18191636113320817
0.4369372177673218
0.297751200566487
0.14140829824396933
-0.14307289601906062
0.7215339257057642
1.7888167125191077
0.8990329078109369
-0.6041597076168532
-1.1561484858764433
-1.4905798283077696
-1.3218538819046761
0.4994937880173334
2.595984637976589
2.361397453689393
-0.013504660134544306
-1.1187545025369774
0.4347531546849371
1.0279313003819563
-0.4235557048923932
-1.2123474568250243
-0.7691704131644803
-0.6433905056582376
-1.7181153916719494
-2.302435404521701
-1.1107784542294727
1.6791899492121836
4.4634864939928764
3.450496562035671
-1.1351059802385153
-3.185922203399274
-0.3627063339706018
3.0687119097866047
3.396994520481916
0.18099789854158585
-2.6334891908708085
-1.490425609002658
0.5214200246477412
0.14656261107549495
-0.577066874868632
0.46052569481250555
1.3048412126817808
0.19309884943934397
-1.197885882479956
-0.9592973246004755
0.3016845770274729
1.8807784873724642
2.3995643209436683
-0.3856912727804479
-2.601160363776493
-0.21411670975610597
2.314208201607644
1.1849394593388696
-0.43120084450829055
0.16888932485086844
0.47461363725592903
-0.20319002265589625
0.7320406981395194
2.4365821871861355
2.316482769202297
0.049831617536222395
-2.389434043174178
-2.889690137486902
-2.052794379691366
-0.813815597408356
0.9800372958409002
2.0132997149538596
1.0784372553882338
-0.4400496250484815
-1.2464877659551017
-1.2886808948527537
0.6318174830618113
3.2819912389945296
2.7592927106741043
-0.12585552916007986
-1.5350642770099465
-1.0178827438604645
-0.8666682151993464
-1.4042045612319873
-0.953844858590346
0.5506507444549099
2.2213741869535224
2.2413769522498574
-0.8088518782027925
-3.4078376756722726
-2.202979252044879
0.20704769840556425
1.3269755958927378
1.5684906375238814
1.251620098497242
0.38190881905317503
-0.9522985619949634
-1.7839810493921293
-1.6951398461134843
-1.0522125129629039
0.46939395128295514
1.457101330732499
0.5324879363175575
-0.5100441389045212
-0.598821187055589
-0.6921861340158563
0.19015316680392216
2.4811856553793765
2.637370285617709
-0.4559181057077292
-3.2151934839570893
-3.125127326857592
-0.7549621930039995
1.1385901376999303
0.221436547314789
-1.132191221367925
0.17122100293875503
1.3522631780731196
0.630389566293715
0.37722021459565747
0.38643675983945086
-0.24488680431565663
-0.7034545447602442
-1.0827149082782355
-1.5217059611205566
-1.1071318465563427
0.36514340292369296
1.1142055115420013
-0.05541988474696647
-1.0719771078808902
-0.43220861163347307
0.6694747570981244
0.931695441995122
-0.5422194331245604
-2.2686677445165184
-1.4056562413165696
0.9582707081666415
1.9905815894659342
0.8462062653352194
-0.7468825472438061
0.08778120218056265
1.2723016319921279
-0.1212438778242302
-1.1928855214350325
-0.23059193986920898
0.7277062074333301
0.5841281772929847
-0.2502965731382739
-0.9293557607138876
-1.1908866571411778
-0.6369993704007647
1.8598579044834977
3.595057381952002
0.5501957378325504
-3.2584409478730274
-2.8127703588687587
-0.5814467200676935
0.9243528182849127
1.434243517064694
0.5956038317422268
-0.12353195021040386
0.16178669596568174
0.032142764756462
-0.4482298250087513
0.6496991043316463
2.224725217962887
0.8625996845832897
-2.282305768299405
-2.6980791386119582
-0.2261227739754849
1.5241367951200426
1.2378165994170682
-0.08884712749490341
-1.3496889232008553
-1.1477849155455346
0.25794665147974083
0.9676221518278163
0.8781577805507002
0.1076596346170425
-1.0492700929223269
-0.5876976701375315
0.8403483337033489
0.9624687940489633
0.13537828113526054
-0.2558894768161051
0.28776142687997497
0.8520562555154999
0.36520021319689816
-0.06982913935002313
0.905751854796633
1.9734366151682494
1.5095886427560021
-0.3175998210836564
-2.089636001400313
-2.087955528284757
-0.9970642410086382
0.15000044370920748
1.5044837706580083
1.5016812983125636
0.0078013445931645045
-1.1817049286943244
-1.460511853768895
-0.6920416117258086
0.5350873806373796
1.410307993723651
1.241174006359332
0.020490447410606627
-0.5829229240497134
0.138497673684569
0.816707505764375
0.29925459341234784
-0.6680549455851927
-0.5779495308359573
-0.17319740936891218
-1.0371162584332854
-1.593293881473964
-0.315172251290706
0.7379400152032842
-0.01927539104632059
-0.9074912949999744
-0.10527046730197896
0.8319234580142034
0.04989400668693072
-0.7139090172349539
0.2328823528708291
0.8245336490910412
-0.7395514468084936
-1.8806089742747412
-0.6932122979230337
1.0074155740245057
1.586587353429875
1.114648257854512
0.4438795518837853
-0.1831696683892589
-0.8690470775177317
-1.1419714567848693
-0.5350904033355729
0.5459646321766244
0.5966828358587136
-0.6272152098210991
-1.4746394143943717
-1.1160207144950858
0.26214391272099363
1.476040356523853
0.8235993171134224
-0.6270215008573761
-0.5798243092299167
0.22824931885681263
0.17010761126378734
0.11690412554358728
0.7263984788198911
0.5491890524348993
-0.37768033801632156
-0.6118337615198804
-0.4578178956894759
-0.7248004203388355
-1.046799430919608
-0.5158992116665844
0.4385676371652241
0.597903482159104
0.4732206800321076
0.35267974791974155
-0.2824848059063822
-0.37099612061474924
0.3244350312808454
0.06025169110685051
-0.8844125020682223
-0.5082592203313039
0.4579286736955534
0.22528445973755892
-0.09481861568577982
0.7674411862536611
1.4765303920222326
0.6636870245518883
-0.5464045329295569
-0.8499739695966857
-0.9523905309277053
-0.750063065886796
0.003173069295924383
0.2963466840180511
0.32674214147714997
0.6298471559339963
1.261910224701171
1.8530771826462917
1.247140935788731
-0.7107027675115574
-2.3748617964560537
-2.440187615884362
-1.1719479865854912
0.723611327362364
1.877051452578297
1.0927042077116136
-0.5734964025151658
-0.9769562051513764
0.11204066277925374
0.8396763538884946
0.5661238449497613
0.17978985236136658
-0.011598812163932277
-0.31762281207252974
-0.5982624544432633
-0.03413126525106239
0.6058932535064582
-0.027259133889583714
-0.5732967955823428
-0.17494430549014028
-0.19819716419039557
-0.38762381037018007
0.41065241900498795
1.2954398285053148
1.2505309851862043
0.8789354680818086
0.22169641926002465
-0.8076476482230448
-0.9720982325741645
-0.34929662467970574
-0.19630796512608747
-0.2238610576228422
0.348011407249535
0.8214175406827637
0.28767107183663637
-0.40028624798575463
-0.17110305899608017
0.43194970453498677
0.5525124311406454
0.07382968725532994
-0.4054168532203989
-0.12726634888804414
0.5007145176698328
0.40638862189538394
-0.4645177825867525
-1.0384651791213708
-0.381428334257996
0.7205012072567322
0.6209728275462346
-0.15132816078128086
-0.27180240307523923
-0.1251305237878594
0.22973892080764885
0.6267352738054865
0.12022557558745181
-0.6227859992643493
-0.8844751610194582
-0.7673425923046965
0.17543271263181956
1.101211611451788
0.8862482045712265
0.22115598972063638
-0.4888592934853521
-0.9977849460556393
-0.598019964889644
0.4059451723584271
1.0639667225296385
0.50443583680367
-0.6991926059036934
-0.6950476114889601
0.21066982387786065
0.4470496438624416
0.20796815486995263
0.1649425769014653
0.4717729293761968
0.7398797157891536
0.30106777531099127
-0.36154922266519673
-0.6418633975899769
-0.5494706105516306
-0.06139402376154577
0.17515198764018985
-0.29103529504495385
-0.6023860206076691
-0.06633431390152543
0.4410898698140553
0.002458266442610103
-0.5621912220059322
-0.26456380847932254
0.5293567117207065
0.8684763737256858
0.4757876943483015
-0.18056742452230462
-0.7438448597081018
-0.8347341659230635
-0.2711595870891452
0.34560807360385576
0.4410576598454556
-0.018829443486237087
-0.6074168056145687
-0.7251150038837635
-0.40135179578634317
0.1376700578829868
0.6184047203340799
0.7030231451806583
0.685778676359522
0.1488287112103723
-1.153238070777283
-1.4168093128073778
-0.04231766447266067
1.0582686902930372
0.8974898803721317
0.16933091596701688
-0.5566418284457235
-0.6440142408011388
0.2566158137459293
0.946032611533453
0.6066867950239847
0.03377593977767231
-0.14747779081084855
-0.24179683028505827
-0.5446841696971064
-0.7149936937048597
-0.43362815843722147
0.12547153674981398
0.6662752751627422
0.8178036577597577
0.4007385230462901
-0.08712647493126956
-0.26983090434178797
-0.3636363549131285
-0.29036075133534217
0.09425829420257803
0.40361317942889674
0.3646483014433161
0.06201491649692656
-0.40777765255105874
-0.7958099971991872
-0.4692317822098021
0.5792929624538004
1.105909690114872
0.5446377303721827
-0.25987483644150333
-0.6210276611908475
-0.46384639874690375
-0.06622137426449132
0.08965682596996753
-0.138148993893535
-0.33683734638529034
-0.07245634235589962
0.18800663137239967
-0.1861895848749713
-0.47631912006987676
-0.0789264777215772
0.48535151017639266
0.7443570532270571
0.514875361023031
-0.009096769909061709
-0.3860285996165484
-0.3130582634345363
0.08427094023991455
0.14226788935986276
-0.21526302261855002
-0.3969560194532637
-0.277938192428611
-0.11441530938337634
-0.11821702938760305
-0.14405411715918012
0.13700459817671773
0.5992103413694974
0.7868577431671291
0.4002077613132848
-0.25766446041987645
-0.47939424117470747
-0.11855076715019315
0.07244939719863293
-0.25895324438412887
-0.36566978956471746
0.07276566682938768
0.4823966894540014
0.3553889355658138
-0.1671367477696431
-0.3284449723581669
0.15682499657299423
0.5609635308714579
0.2609795660549616
-0.3303327527578707
-0.5372688842795913
-0.32041766325786614
0.027805562444918115
0.18872197351028192
0.013299358502531397
-0.22355356098432738
-0.1679346981334408
0.192931389005693
0.468976932548554
0.2221115558263301
-0.2651387353933858
-0.34067623692542753
-0.030274607029312752
0.20117185129873888
0.19091049428852674
0.14420112500383236
0.06227347096354075
-0.1710010944159529
-0.363291888061253
-0.33314012885757305
0.020801214018278915
0.4857634218911325
0.49942620699014834
0.005649235051134642
-0.4806236394830589
-0.5098578726842851
-0.07131477873321992
0.31127541824996585
0.26904332664169905
0.1091900934537143
0.03840932467983006
-0.1649916243065777
-0.3416925955214767
-0.15251432267653556
0.08311739231449308
0.1168715452092911
0.25795237023320206
0.414135340243571
0.262946950060416
-0.014124884448968629
-0.22662863888147833
-0.42088587357156604
-0.43142322196323657
-0.06791483937086641
0.34439947362319606
0.26507891717429816
-0.08172682317445314
-0.05145342908868751
0.10555851836208867
-0.07289897054814665
-0.20185956437822328
0.047223283209386464
0.4180075655042985
0.47824833921298027
-0.03967859211908096
-0.6231677238108024
-0.5622963797408609
-0.13694617735825218
0.1672770218917156
0.3643251084455473
0.4769340748826315
0.43387799980304026
0.04098515424182815
-0.544258881559659
-0.6588122423806128
-0.13605880825788297
0.45305874538255736
0.4163575461397719
-0.13530227956244048
-0.44534819282464466
-0.3810170882175573
-0.21761720430918752
-0.02864951477168611
0.19899136956942995
0.386728651302296
0.3340597471061883
0.11831137678914788
-0.03649025409268467
-0.16006047745599583
-0.24956921894273235
-0.18328502912130223
0.03532505071159585
0.28621308248973154
0.3369413658043985
0.07583411228756307
-0.2949405189371446
-0.559330446998437
-0.5339910467458665
-0.08553305318349753
0.502259991282869
0.6796341837341863
0.328528528583929
-0.168041197254151
-0.4824476041937918
-0.46528023044596967
-0.15376995009938293
0.20878197023536696
0.4073591391394087
0.2798414205247231
-0.09551740140903515
-0.37150552539521087
-0.38138603730574383
-0.09899251323192336
0.4071376220264234
0.6820925464897423
0.44276554741909674
0.06142102523750632
-0.25265183178361983
-0.5819635102390617
-0.5965446412998149
-0.1550561610332596
0.24357873574318095
0.2947074189163914
0.10687426106739586
-0.12062203688845417
-0.25486230938576576
-0.22499438062730437
0.043518807211006656
0.3166359458532352
0.33416014173217656
0.22118206924419023
0.09617879809443394
-0.07444349407008506
-0.2619562455857217
-0.28995111609435115
-0.11052303847175678
0.13860018736129046
0.3568560148731997
0.2770047475609999
-0.10376448339902435
-0.29044766896775664
-0.2375577017754926
-0.1724937897679234
0.04913427566685518
0.4197321144754197
0.5169045844974505
0.09918483503240046
-0.4218416120105461
-0.5214520628379
-0.2679503828871322
0.03976029610982622
0.27993344624688427
0.34644129031931187
0.1901965181095858
-0.04183953594672633
-0.1612535965274008
-0.09857740657742226
0.0905451164561177
0.26725735121681055
0.32384744734562954
0.17963847760245896
-0.14709698423601025
-0.39997811302663044
-0.3865123161629761
-0.20711495412379155
-0.009647195926971816
0.16107825347556268
0.2296739932820475
0.13970597263843182
-0.02313555730220585
-0.1558604332688969
-0.16976072875366616
-0.017403138639885747
0.1765058394578313
0.24384180271467557
0.16147328681175663
0.0036155374448799934
-0.13392448177478533
-0.20229366793716713
-0.18118232672260648
-0.03473151196009526
0.15784873613506295
0.25113771358349535
0.15704981069551455
-0.11476390199963694
-0.32639031943263835
-0.22522265400724312
0.05275350283309627
0.1878137411830249
0.11747306443230862
0.035761344142236216
-0.02719575203073427
-0.2180061914282001
-0.3065877952657149
-0.11876855453788174
0.07106511286872756
0.17522416493128942
0.20572306457906347
0.11548438372665036
0.016684310772137587
-0.024269427486518447
-0.016774039202573716
0.04016286137346241
0.08441649849737676
0.04900182672947175
-0.02746981404989483
-0.06467797362042867
-0.08888483314333363
-0.16373987747418203
-0.1891412452654136
-0.029003409595812456
0.1317975940535492
0.09035506108952762
0.03815598815082122
0.05365434153184731
-0.02367852895594798
-0.11290406035230627
-0.05764309482231256
0.04638256813028277
0.08244561870840432
0.11673115074401484
0.12848154566651604
-8.91793459776058e-06
-0.1527394341197997
-0.13905274650887756
-0.004701192226940572
0.10937433823043254
0.13377087756008427
0.07215994588497755
-0.00432111203528053
-0.05448404217257335
-0.09634719285518387
-0.07997499884539509
0.04014944300264695
0.11580886669797136
0.014023776057041717
-0.12461813230188308
-0.13786661796900743
-0.06549475749395364
0.023895333372826254
0.07889247241861794
0.06448355652674508
0.07180917993121913
0.10656679884503488
0.07486307133951726
0.03443429282134523
0.0006670319128107419
-0.04262067157754741
-0.02057115738527864
0.0007536964069765508
-0.03942271192117983
-0.04696603956871893
0.019741783177202394
0.04880292857421524
-0.06428077958769843
-0.12982891967383603
-0.00452721511739111
0.07549796393432585
0.03656125434244805
0.0199556226837557
-0.0014519107791620132
-0.028293811592816073
-0.020966335246194144
-0.02849866869628731
-0.02151873331327283
0.019722880104413348
0.05645424556611694
0.07217261629802565
0.01250904630028342
-0.08281217810725397
-0.08670541462603838
0.023822341124859776
0.11668788267773335
0.05693169085208655
-0.04568870205272981
-0.041835974235711094
-0.008752675922548928
-0.0357276619181754
-0.07791606737591417
-0.04667669391032789
0.023811997980393587
-3.1455098669782146e-05
-0.07077200713112393
-0.048362176885663716
0.03514475786381855
0.07781754286801114
0.05309346879240757
0.0021515448892618473
-0.005233110877828063
0.03254539810217839
0.05286956275050549
0.02929137987688681
-0.027498487398311046
-0.06542287499398712
-0.04503520817997639
-0.0025558971856703603
0.02082355153926433
0.013642760591373215
0.015189476078362954
0.036185654448376674
-0.00958034721307992
-0.0772339820031767
-0.045537090106187665
0.020491494755420166
0.04328390424369732
0.03118915669880946
-0.0012544657503510456
-0.02129528654495777
-0.016758960450790013
-0.003516322039003907
0.001405732570720654
0.019290499224189225
0.05836918664281697
0.0741229370545562
0.03668423102133985
-0.03447750932051942
-0.054019838900964755
0.013398722533680983
0.06616954779145194
0.02627546497301355
-0.04949356863255738
-0.06049907599550364
-0.01000945796300787
0.0036905922319364366
-0.03178122368970849
-0.035490304727768145
0.003671208351534474
0.010087305093200296
-0.011309508623153284
0.01676454430929466
0.04665594966113418
0.023821385561933067
0.004329851860410983
-0.013827921181524766
-0.027547049074681595
0.00799732732995118
0.03338781455823918
0.014091835677782326
-0.0064662628887148695
-0.03211666844841211
-0.05439800533519406
-0.012396989194919618
0.056642971562312884
0.030376028300823085
-0.033526105619700736
-0.009433229448105162
0.010881163891510998
-0.034693993954677434
-0.045006396369750526
-0.012220931652319368
0.020211639066542726
0.04080884601986231
0.02039487222706623
-0.022550617901647686
-0.030940091412099052
0.007434785174376649
0.024812949042696073
0.0030181431354086613
0.009665373191748232
0.027190122164130963
0.012863305068921315
-0.016147062164709035
-0.038636522700946356
-0.021136025128410407
0.02153084273319099
0.02343790486993957
-0.01858846084736687
-0.04311738140533054
-0.012232807686581774
0.02519772258477741
0.015318401100055118
-0.015625653917887755
-0.02020087033572044
0.004050978851199917
0.02248791427428838
0.02332245040223991
0.01620944096510414
0.00293651264241819
-0.005546870236113621
-0.005500260079957652
-0.006464053899597355
0.00029179838141365425
0.018812352674029413
0.023776478415368136
0.005507898991011651
-0.01424634353605994
-0.020221314629806194
-0.0012477029294892456
0.02992979279245701
0.027616189832440217
-0.006555302808942949
-0.01716498927207631
0.002798169458061273
-0.001156077355811347
-0.021452325860561654
-0.008603257123054828
0.019891980774590586
0.032354110904008776
0.020459471355085603
-0.008052249486885635
-0.021031147349200446
-0.003270203717796937
0.01830799258254511
0.011330489810828724
-0.0036478044026915036
0.003279202037184269
0.01009794101721748
0.004116209114437119
-0.004848909941060737
-0.011230927377001914
-0.005049854565761458
0.005526275180983005
0.005107194745435353
-0.005961737367148053
-0.013408695952376926
-0.001570955346384283
0.007036839973343936
-0.008298150369183951
-0.014683797119607985
0.0033156697345889156
0.01319298156268773
0.0015115488393446126
-0.010724998161898851
-0.010132157380051224
-0.005371461496912703
-0.0026106229966690775
-0.0011445276724737579
-0.002540105176210868
0.0015558997209534561
0.006510049993322394
-0.005935358528646925
-0.016535396506605824
-0.006985552608042365
0.0010321773606734466
0.0002668690738230578
-0.0025042915866394623
-0.009849102592127802
-0.016732527237811465
-0.012495282870273593
-0.003430206288695427
-0.00900638971848439
-0.01406174124538872
-0.001371017838696347
0.005171415904293928
0.0013450451269202857
-0.000923975258717374
-0.004836025741362449
-0.00520870861968204
0.001648045308466223
0.008004946049340803
0.008152911135562131
0.004742028716262018
0.0026135094017042215
0.00023453828030589542
-0.0018137569457387889
-0.0006663700788853566
0.0006140062788955426
0.001913727507675662
0.004468010219596207
0.00464415395008395
0.0034506203217236657
0.00433090778140877
0.005917739126454654
0.002258218491780701
-0.0036289060954886178
0.004880416362713993
0.017865165989369863
0.01208617342262912
0.0006278500853041875
-0.0009694355940290001
0.002058095657454806
0.005398703902108221
0.00781811094442504
0.006488290329748286
0.0030473417316683074
0.0045583994823043435
0.0037462137740647103
-0.003464893872294099
-0.0008613673481843984
0.006343239505208418
0.0022705870017131324
-0.0033128400180192016
-0.004157094401753033
-0.004689054023248901
-0.0021533785951972297
0.003106830179865409
0.004155306902823819
0.00039094918506134854
0.000533437531745856
0.0036743572633595213
0.003692057724524551
0.004058254247847338
0.001801133483081998
-0.0034680420042054673
-0.0015212620842657615
0.003551540943879321
0.0024756737779731246
-0.0012766174057915025
-0.0025656548342362674
-0.002385665994614259
-0.004683771050696108
-0.007287756223290308
-0.0054608891637799644
-0.00267193456399459
-0.0023629724633110276
-0.0035585901991486792
-0.005805781774469707
-0.006988454075421589
-0.004550480330052203
-0.0007598190325447508
-0.001316639524828201
-0.004147812670998709
-0.001520620987567776
7.818971661688822e-05
-0.005305591079892908
-0.00763927185936637
-0.0050266817220280344
-0.002749381739475306
-0.0006680654452796057
-0.00014770452594182478
-0.001089323130990884
0.0003749367800507109
0.0019919479877638035
-0.0021679653062335598
-0.006736399680012652
-0.004589601151272871
-0.002420897658761133
-0.003617680652610235
-0.0025386617781047757
-0.0007209712222594627
-0.0006468545521540343
0.0005154067681228632
0.0012362036913942578
-0.00027336519229969805
-0.0007703261977979338
0.00020703105981080945
0.0007658356735157142
0.00201907373004557
0.003190528115344908
0.0014406592937944323
-5.720870379478742e-05
0.001651643984182418
0.0024600556998045473
0.0011157801121851247
0.0006005893248926781
0.001198173488638391
0.0023173559582501282
0.003143811687369421
0.0037940229828348332
0.006647027116157964
0.00971962076115811
0.00778606232745004
0.002671422475422613
0.0007787186573921771
0.0030156781332990623
0.006428134411406275
0.008407211845177518
0.007122146692634453
0.004710576396108292
0.004176945614829229
0.003469614908377923
0.0016516836958935098
0.0019686421245643272
0.004198419602306049
0.005464275903638674
0.005551271202241061
0.003996577306080238
8.846606579087229e-05
-0.002749670808585413
-0.00164894122236339
0.0009766700788710891
0.0020495244288356875
0.0010068265172415297
-0.001272920826265025
-0.0020781307182085214
-0.0002507215351742991
0.00041108526234303033
-0.0016377872910430691
-0.0030361925247443123
-0.002759211516702929
-0.0022270757511679666
-0.002767551101781333
-0.004781131035437082
-0.0057471818811106
-0.0046045950025402835
-0.004160750397066099
-0.005109801249623504
-0.004891959426905612
-0.00348761711083526
-0.0030733520470388985
-0.0035745306194950623
-0.004589291149785803
-0.0060292597538330935
-0.005834551454170736
-0.0037225751118530616
-0.0023704580226842843
-0.0027341517379505624
-0.003835023539140803
-0.004742198133436973
-0.004544649623833448
-0.0028183107200887014
-0.0009037221587539
-0.0005363036157626963
-0.0013294203282848754
-0.001995775779810462
-0.001931489271587353
-0.001180626473281875
-0.00018116322946539777
0.0011490969471917095
0.0021523161288287277
0.0010802350828049009
-0.0012428633839103378
-0.0015932160727467302
0.0005388663947338829
0.0023151308049866736
0.0016716011366794542
-0.0004773308359288262
-0.0012036061840594368
0.0004306279474553612
0.001986622422641435
0.0018553636735384564
0.0013479066233533386
0.0017919517548652033
0.0024893918662216644
0.0027444569188838676
0.0028995562440358707
0.002710770776425701
0.0020296854820079924
0.00184207061662494
0.0027223215307719674
0.004398508202201408
0.005696844688735704
0.005001202576925825
0.002803818873655982
0.0013376924352710377
0.0014963035121573118
0.0021241761472668786
0.0022582093103469714
0.00244737455155973
0.0026739207834315204
0.00209306219036625
0.0014100052395124986
0.0017898805387771514
0.0022779785836927564
0.0015056192302845283
0.00043506960053320363
0.0007417484875191584
0.002142242798020321
0.002792509823910173
0.0023275737634789783
0.0024154238509800975
0.003054992937282961
0.002589826122667837
0.0012297372790806955
0.0006724064575897322
0.0007336052646243443
-0.00010392050704319933
-0.0008463129776184685
-0.00020407853924303586
0.00032003904099253515
0.00025254766407241353
0.0008420844892161181
0.0014769407381668629
0.00027722386692396686
-0.002467453791152268
-0.0037302342195060212
-0.002273989412639766
-0.0006138842092767371
-0.0006955690674015407
-0.0017339287636824118
-0.0021336851780756117
-0.0018137497834413584
-0.00229693825835651
-0.0039096272677205226
-0.00537063715919873
-0.006327811910087961
-0.00679619884221242
-0.006058678382293424
-0.004635581549002651
-0.003916486434142531
-0.004323215789255702
-0.005299684051911551
-0.005734498669857879
-0.005290757997871837
-0.004404976023408891
-0.0031314597742002743
-0.0016072282793795332
-0.0005661092444577696
-0.0007731622048298459
-0.0018595516436564952
-0.0024570091641212244
-0.0019060845587764476
-0.0006954532903465056
0.0006661919349909723
0.0021393532683352742
0.0031971290603366297
0.0027909761364215305
0.0010592440446900303
-0.0004009308382003365
-0.0006179573296255909
-0.00039470020245652236
-0.00019659751861140216
0.0006468126854220303
0.0018938679670122307
0.002542103715502713
0.002296607421042828
0.0020254025481733972
0.002464612121626961
0.003096187939783367
0.0034453445203489253
0.00339926362320879
0.0028261233826060972
0.0020608608805352895
0.002309756050604882
0.004452397538980791
0.006616069791419171
0.006357423027099327
0.004385764524399024
0.0028005831058502202
0.002485228669692612
0.0029310809048961905
0.003152501395515796
0.003059119929237542
0.0029609730566146127
0.002702137727334651
0.0022256684447361395
0.0014774879984003817
0.00036864882355776865
-0.00034851650117357133
0.0003689568653399528
0.0017356520410464463
0.0015751205185095464
-0.0004052132559022068
-0.002196268217402089
-0.002658163312403377
-0.0025500821029774134
-0.0025027303002792393
-0.0022772649276586636
-0.0017757189548321098
-0.0012675839674033814
-0.0006335564488215537
0.00016239259130353874
0.00026549756792543396
-0.0010337570633408733
-0.0031683947149715357
-0.004267217814406941
-0.002834144129170548
9.894232298762261e-05
0.0023665232990820856
0.0031714710168526186
0.0025675351940432755
0.0009944964902289853
-0.0004729705160291275
-0.0012226194985231794
-0.0013492790507311243
-0.0008858577435316884
-0.0003770802125188023
-0.0010980634621357117
-0.002931799078049335
-0.004249100264121307
-0.004602817845730088
-0.004676667523286468
-0.004902573785691508
-0.00530871828400562
-0.005463546082822621
-0.004730247009514279
-0.0029342095866867705
-0.000984595635810782
-0.00016443992483922905
-0.0008059514996429658
-0.0017443576130887018
-0.0011860143717230041
0.0010620185315223045
0.0029989500796860497
0.0027879257605020738
0.0010504797204508433
-3.6127628565384036e-05
0.00037947179059235725
0.0009399839560831749
1.01340158259689e-05
-0.0025647285747916
-0.005230683710757203
-0.0063810410453329375
-0.006661123771294788
-0.00754318543476508
-0.008346409448351692
-0.0071094498059630674
-0.0035848511202180976
0.0008114569622964834
0.0053396599217722055
0.00905796363982334
0.009871763536812728
0.007381817804273449
0.003933955241638837
0.0020415268253917134
0.0024022810603543552
0.004013171182518674
0.00539197299474173
0.00621603598340534
0.007091965215030193
0.007608852737242041
