0.0
0.0
0.0
0.0
0.0
0.0
0.0
0.0
0.0
0.0
0.0
0.0
0.0
0.0
0.0
0.0
0.0
0.0
0.0
0.0
0.0
0.0
0.0
0.0
0.0
0.0
0.0
0.0
0.0
0.0
0.0
0.0
0.0
0.0
0.0
0.0
0.0
0.0
0.0
0.0
0.0
0.0
0.0
0.0
0.0
0.0
0.0
0.0
0.0
0.0
0.0
0.0
0.0
0.0
0.0
0.0
0.0
0.0
0.0
0.0
0.0
0.0
0.0
0.0
0.0
0.0
0.0
0.0
0.0
0.0
0.0
0.0
0.0
0.0
0.0
0.0
0.0
0.0
0.0
0.0
0.0
0.0
0.0
0.0
0.0
0.0
0.0
0.0
0.0
0.0
0.0
0.0
0.0
0.0
0.0
0.0
0.0
0.0
0.0
0.0
0.0
0.0
0.0
0.0
0.0
0.0
0.0
0.0
0.0
0.0
0.0
0.0
0.0
0.0
0.0
0.0
0.0
0.0
0.0
0.0
0.0
0.0
0.0
0.0
0.0
0.0
0.0
0.0
0.0
0.0
0.0
0.0
0.0
0.0
0.0
0.0
0.0
0.0
0.0
0.0
0.0
0.0
0.0
0.0
0.0
0.0
0.0
0.0
0.0
0.0
0.0
0.0
0.0
0.0
0.0
0.0
0.0
0.0
0.0
0.0
0.0
0.0
0.0
0.0
0.0
0.0
0.0
0.0
0.0
0.0
0.0
0.0
0.0
0.0
0.0
0.0
0.0
0.0
0.0
0.0
0.0
0.0
0.0
0.0
0.0
0.0
0.0
0.0
0.0
0.0
0.0
0.0
0.0
0.0
0.0
0.0
0.0
0.0
0.0
0.0
0.0
0.0
0.0
0.0
0.0
0.0
0.0
0.0
0.0
0.0
0.0
0.0
0.0
0.0
0.0
0.0
0.0
0.0
0.0
0.0
0.0
0.0
0.0
0.0
0.0
0.0
0.0
0.0
0.0
0.0
0.0
0.0
0.0
0.0
0.0
0.0
0.0
0.0
0.0
0.0
0.0
0.0
0.0
0.0
0.0
0.0
0.0
0.0
0.0
0.0
0.0
0.0
0.0
0.0
0.0
0.0
0.0
0.0
0.0
0.0
1.1489898792382361e-08
7.019224364821051e-08
1.9050808849538487e-07
3.6533344003459197e-07
4.820757100629292e-07
4.7668567628994695e-07
1.9165305496701004e-06
6.616933504488047e-06
1.3244632231492223e-05
1.7342824987973465e-05
1.174393234419592e-05
1.8813217099546739e-06
-6.148433073362175e-07
5.558897784690437e-07
9.890821131216746e-07
1.3581465584221454e-06
1.5317301106139539e-06
1.648160932402581e-06
1.6093397158810322e-06
1.8598965795330064e-06
4.901361786744916e-06
1.1468803302314047e-05
1.8819275277293318e-05
1.9942441116094623e-05
1.0732230497877355e-05
3.907806760934216e-06
1.1060338704739166e-05
3.2926447961891935e-05
6.56521802368316e-05
9.774488835811476e-05
0.00011750580147929522
0.0001406016321897925
0.00015778380647645348
0.000160473683562085
0.000174093525651057
0.00020416607311787792
0.0002511701981985893
0.00029936543920397273
0.00037588756593308304
0.00047465575199841887
0.0005401456514798926
0.0006270482446196133
0.0007465318673007276
0.0008165407301697044
0.000909871467907739
0.0010779904296937554
0.001250114669422803
0.0014003897508706683
0.0014246570601889794
0.001405120899989543
0.0015738568473263673
0.001930639908528892
0.002347112608771562
0.0025921835546297892
0.0026912252346946984
0.0029240400345300005
0.0031755976300418204
0.003329753101901685
0.003359029761856789
0.0032443085228124296
0.0033111367855607992
0.0035203095856531246
0.0034654234199420725
0.0032663890455183094
0.003276281850215124
0.003584996815154486
0.003972131052055936
0.0043027556766916135
0.004637550799670263
0.004851405549959588
0.004851809717260931
0.004688698446266825
0.004360174779761843
0.0042804389822906274
0.004691605415013818
0.005086098102030362
0.005155019316682678
0.0048880387313680876
0.004563569107597472
0.004609114704692053
0.004645336044203126
0.004633870719226423
0.00495621293156947
0.005240979196903034
0.005370194446271934
0.005818282077651909
0.00656213658318308
0.007270807727422957
0.007778954524173137
0.008078110601342153
0.008542852794950612
0.008603928382700373
0.007751203616899039
0.007330851996531844
0.007565015132996625
0.007681468276704641
0.007426965911624678
0.0069557346542530015
0.006703206705779067
0.006756111068766759
0.006841172554405061
0.006644027427649068
0.006337745072284414
0.0061729360965804055
0.006404376483834082
0.007453567487550449
0.00921998184177567
0.010571855247944874
0.010577025708963865
0.009979434370180985
0.00978849968808463
0.010112685849860905
0.010352839086714588
0.010451868693686922
0.01099901439908478
0.011646688513382127
0.011814059261186305
0.011787077001094153
0.011846144117107115
0.012376867695404666
0.013302025020418813
0.014406108416055637
0.01580148508257855
0.016848538172280235
0.017602874731637876
0.017755912334806997
0.01618976560235922
0.014719420927910348
0.015672301780853014
0.01730885415445232
0.017814081755378845
0.017933158842054008
0.017514573557525576
0.016461160078110597
0.01579918943772467
0.015396412084665197
0.014746136204949568
0.015135678631648782
0.01772541175751119
0.019860023474499555
0.019025238187960668
0.018463681406488845
0.020457239997935178
0.022390381708879113
0.023207765645699274
0.022442866594790348
0.02058992872212974
0.019902322608768234
0.020957827321462584
0.02207270422677809
0.02203967283288021
0.02171814798158829
0.021213190843093133
0.01990475518212576
0.020005511797922853
0.022970944815038124
0.02632288181849611
0.0279147782504945
0.027301062490573264
0.027136537483172695
0.028798666401913624
0.03180125835086574
0.03543989399560918
0.036461230492528064
0.033669490115900355
0.030475625910653573
0.03055311811724932
0.03357588862703023
0.03723659203819745
0.03910601860656492
0.0368107189100387
0.03278827444631956
0.03233998846292333
0.0349807372286049
0.03700226930088418
0.03696352635299551
0.03687640789503665
0.03952475291708737
0.04473682657947392
0.04969182489195363
0.05116676452260833
0.04683622420939004
0.03948750628309671
0.0350550269259417
0.03530038040947586
0.03736267412573759
0.0398588595376058
0.04144399698027787
0.042243163491615374
0.04505050734409848
0.04901556977188537
0.05213281466140191
0.05303555039909091
0.05166226436235601
0.051300857837679216
0.05301860173195973
0.05257926112805151
0.04880799296767575
0.04712663734737382
0.04839153976149755
0.046101623471574774
0.03945864398621672
0.03621235200865242
0.039297886091325396
0.044187329701110015
0.04597602590217295
0.041552118819751675
0.03369904424891355
0.030373318727384573
0.03445849167170048
0.04117455576928038
0.04471943206635414
0.04244158706137537
0.03599723714576542
0.031793483783914
0.03442867978237966
0.04042986977564918
0.04453349904969892
0.04583063248890632
0.047040238451249404
0.045896533352737315
0.04168595577895007
0.037913519537600984
0.03383922846912152
0.03142777148952058
0.0309996670371176
0.03314310863022217
0.039522401961323686
0.04746608939792639
0.053929902208043175
0.05616304353229802
0.053338223473126646
0.04890332227342931
0.04708416175603673
0.0465702110485977
0.03968582481614865
0.02678011162884959
0.018257615854771137
0.019209126751864807
0.02104244901098864
0.01383674256933877
0.006139129560822124
0.00794623566450421
0.016626331149641446
0.025018236048153907
0.029500631948008817
0.034029300941400636
0.03637217934842985
0.032424158671169816
0.02570755574381754
0.02201350310159508
0.023861843763617708
0.028741937423641433
0.032255448040403
0.02900897908418989
0.015742942589022483
-0.003117539784459271
-0.013615420235224347
-0.01120639854416537
-0.009021940370225547
-0.011945969909518303
-0.007902669711570692
0.0033843364652489842
0.004784217204727366
-0.005483584752989343
-0.013175011733306825
-0.008821958157489145
0.0002594652830915553
-0.0009131807718006391
-0.008012437991129238
-0.012609698012719366
-0.018325575101335794
-0.025687770939174914
-0.03543661951702063
-0.045611485754947015
-0.04910439412267066
-0.0473691547392126
-0.04203397915711892
-0.03808661640838475
-0.041579055321077925
-0.04030902089502971
-0.024519711886428153
-0.006969279303331805
-0.003316769574847843
-0.006475464503366768
-0.009822476642221805
-0.018438705228776407
-0.026528072358698283
-0.033336064201677396
-0.04281114785572979
-0.05173229564613635
-0.05936639970580351
-0.06051915634222002
-0.057662212534311114
-0.06215386319921746
-0.06897592781445583
-0.0632676293524984
-0.049915026668349086
-0.049043398602699476
-0.057520326194954896
-0.056290209918571796
-0.04358767562514893
-0.030856291461073573
-0.028684154416125922
-0.0314389205291464
-0.03247129308556085
-0.037728107254047585
-0.042567611349040094
-0.04562514792512544
-0.05265399017481791
-0.05788112503823216
-0.04950465105788152
-0.02802349374248126
-0.01301027739484419
-0.012532647264623777
-0.01832818994387018
-0.02165114458725706
-0.013790064748492365
0.003003921588538366
0.021041722435891863
0.03406344932030867
0.031169405903421644
0.01810488745126914
0.01411317524336508
0.011753459810364223
-0.0016656126740721563
-0.011676538131446798
-0.003535459631238722
0.007582892372859776
-0.0012751761013300544
-0.02242821064125591
-0.041482185285361656
-0.04670064570690971
-0.03245058321810911
-0.016272249162166963
-0.013652479553900108
-0.03005445443616247
-0.051892413583643555
-0.05047347419367478
-0.030754596685140453
-0.018325855032114435
-0.013073082255367038
-0.0033769592174717196
0.0005038756978643996
-0.008388472055149145
-0.015649696298287837
-0.021288406562282126
-0.031156993045786688
-0.03375908138561955
-0.02485157481010698
-0.015254467971704254
-0.021488026800786257
-0.047516128206643526
-0.06518551948933396
-0.053406007439021484
-0.031936693747344896
-0.03003618643574598
-0.04216203954758935
-0.044808197093162826
-0.040926606310765064
-0.03502074403274678
-0.030696493608519754
-0.04254016269616537
-0.06764129998910377
-0.08091366620348714
-0.07015659964119879
-0.05266421524782922
-0.047707230733269344
-0.05579566015608043
-0.05744289817812662
-0.04374106436611012
-0.03574741172791306
-0.04232192900740198
-0.049404915706813116
-0.047807043833545754
-0.04268041559883589
-0.04962196799247989
-0.0680104015233604
-0.0828068293843061
-0.08708923111850617
-0.07500151911312863
-0.06032047924153431
-0.055838771379216987
-0.054771363644774904
-0.05903485042780011
-0.056655998472511154
-0.04319568880078486
-0.03706068990483855
-0.0429039367919752
-0.055066620978406824
-0.06354290612510484
-0.06301513401243349
-0.05186197915223718
-0.03878653998498978
-0.04999098518314152
-0.06494148458439994
-0.04551527341219714
-0.017199689521216067
-0.010745866877602954
-0.012649335293509322
-0.007894243468004275
0.0013241114982074256
0.004356248943108925
-0.008888396318908065
-0.04197990308820236
-0.07358561930457426
-0.0694393931164642
-0.044564683701268155
-0.03442052521862934
-0.02884757456744196
-0.014508579458984193
-0.004334823735677351
-0.0081143417430522
-0.01915760573194029
-0.023993880070040278
-0.026395597367547183
-0.03432180476487968
-0.047673322688789245
-0.06650417692274097
-0.07305318350019707
-0.04877876082145664
-0.01500854609426426
0.0043293051234462015
0.0078916888790535
-0.0017373151336605064
-0.012015115745372817
-0.01718371024065985
-0.012787124179110454
-0.002175550648019652
-0.004525368977243784
-0.014601219338249429
-0.019223686519108586
-0.015727625682074847
-0.011328196392586944
-0.023667389986129023
-0.044207831708585395
-0.059670588750726866
-0.07748433818082212
-0.08582473952713719
-0.07361347593553001
-0.060996547941254566
-0.056620822609814284
-0.05813192295055038
-0.06199789951181402
-0.05004992431838761
-0.019732411903931137
0.003707158871888772
-0.006152978567967054
-0.026492578431269592
-0.02550521600936756
-0.026005063836622308
-0.04225278134760034
-0.0564655858669245
-0.06263235058020165
-0.06177637045594683
-0.04911798162572286
-0.023729618352476098
0.006515406348874909
0.0270082986772801
0.03129757322373684
0.03095466424803765
0.03122595897859849
0.03047839021504703
0.022878790911622326
0.004821506978065901
-0.009890626256630505
-0.020234097920514983
-0.0170745889036158
0.015553716847390124
0.0526960826459962
0.06889766540043302
0.07422154041416648
0.0777710570264399
0.08099481262829972
0.09134328329537605
0.10464144698491278
0.10950965648104218
0.09719924406280295
0.07935363941978098
0.07687673662481796
0.09539878808029216
0.12246306562494458
0.13264089457906966
0.11831503574681083
0.10090724882521314
0.09265201882884469
0.08097467048225754
0.06285014650054002
0.05244014214147533
0.06947404470140545
0.1118635754149647
0.1330174074252189
0.10606791599666429
0.07760616930913457
0.07894782875175757
0.08706388748320996
0.08485097158453052
0.07595520819315481
0.06895379977614152
0.06596960290648356
0.06393301622882584
0.050860749017332806
0.029170810116724108
0.025796603919873377
0.04816773756687394
0.07136363310706961
0.08074372609285368
0.08180457995865034
0.08498858130447241
0.08702999621052822
0.07206534147219981
0.04919494435925671
0.041988379420098816
0.0503238929457254
0.04322989801497239
0.013466568582029008
-0.0063337609895071055
-0.014854189750774432
-0.03408330254717372
-0.06691359831879265
-0.09398809223207714
-0.08384251678354586
-0.032442510296065416
0.02654519658843385
0.058103556535164864
0.062104735404639
0.05890339147482192
0.05976925554933052
0.06652348072439833
0.06919112256458536
0.05197930020062191
0.01691526666213725
-0.014274012493971885
-0.03133298038997451
-0.04375829715287867
-0.05582335295389177
-0.06367533801293744
-0.05620713938024898
-0.029312866825191627
-0.009794153268130578
-0.010343032923398002
-0.017014649770967716
-0.020307066465395845
-0.011086331580915494
1.821982565550636e-05
-0.0033966923840821036
-0.008909474926234224
-0.0013806747161910229
0.015074069035397339
0.03132099992727117
0.03934841770829743
0.04063297707688264
0.04022111635283145
0.02400766111997767
-0.0021479404960426268
-0.02635152030570697
-0.04995591647817972
-0.052459086488068456
-0.03489629717157382
-0.007479805309251996
0.021240495081520334
0.029942930876237808
0.027307854544911015
0.030481539912231615
0.04282065511730151
0.061931018360617374
0.07422161629829618
0.07449610326386454
0.0667260440196946
0.04958222296633535
0.03282009664217313
0.03289116645608621
0.05387867651073074
0.0831680227934057
0.10366645149273733
0.10878404856464202
0.09815206673517901
0.07922847830068651
0.06471388965324301
0.059218655117502385
0.05226837616072319
0.0312074975095311
0.010084627976125703
0.007449376458538418
0.017597071138188407
0.028380547684760435
0.04312644040874609
0.06689311204886507
0.0897225813394714
0.10839571346396779
0.11887180889416857
0.10378544696187557
0.07179482708625429
0.04850851948441776
0.038135847541623094
0.02543240359592931
0.0060685425577899086
0.004101781083680855
0.020511138716197946
0.02394431349085013
0.0003319232435820882
-0.03100002030019513
-0.043164300299036375
-0.038961289997353744
-0.030773778050622556
-0.03161344814727159
-0.05137692560923448
-0.06858430417135877
-0.07097224726602465
-0.06974835256239056
-0.06027314328898575
-0.041798060304362374
-0.03383900565272523
-0.037067356698168206
-0.040389440009969885
-0.048193857756468714
-0.05389214507188824
-0.051908821235176004
-0.0625654948186372
-0.0928214520481899
-0.1316746829498221
-0.15847676144997644
-0.15144744265713483
-0.1240171942856583
-0.09659960368478619
-0.07377580147841951
-0.0651405542923839
-0.07498374242907085
-0.08338969039827432
-0.07353836475771035
-0.06274853591344233
-0.06192954113321376
-0.06147907773776725
-0.06847048644236045
-0.08889479267588059
-0.1126012463023748
-0.13011913376828632
-0.12996937888963
-0.11258880657730946
-0.09367007772324097
-0.07869118983698628
-0.07342748733860352
-0.08360525952640921
-0.09626236738178477
-0.10390056773107285
-0.10315579637022014
-0.08507693713063037
-0.05906601149368625
-0.04350907138418372
-0.03636372136925899
-0.03207687855200533
-0.03852321941500728
-0.05425136059677259
-0.06984554096883769
-0.07261505297082273
-0.0563052174338869
-0.04619086387137021
-0.05799197233539346
-0.06780858257213562
-0.06623109168810513
-0.06383681413764881
-0.05750279896311337
-0.04344273745095421
-0.026753504733339994
-0.01295245749973612
-0.011773957875412131
-0.02600550052038612
-0.039631793151494385
-0.036336011269267485
-0.01722472911303222
-0.001280718311258935
-0.0008462238055850184
-0.005797641541508748
-0.004471014480809813
-0.0005024558339956624
0.0026076039833739864
-0.0008942074052995517
-0.007975677552103402
-0.004203234248000603
0.00345864252607285
0.0037428077072493623
-0.004107489045244543
-0.014473442218289997
-0.02836929824820418
-0.04999882401927527
-0.06986350066884636
-0.08167424995676427
-0.07497351281676508
-0.04440459953168735
-0.014980120101551182
-0.001975467120358152
0.004349140114300516
0.001961904568503202
-0.016947531844415168
-0.03366908422018323
-0.02701927525555148
-0.011977737399885982
-0.010457795143186274
-0.014558011978701869
-0.010497978080640612
-0.0017447976304620723
0.002922269094903944
-0.002825259923023862
-0.013477546852794463
-0.023817668177892777
-0.034160985543313954
-0.03834437987048763
-0.03700019692831592
-0.038107301153623596
-0.04171251706179488
-0.044631672461001234
-0.04844501481966824
-0.052121646105291006
-0.047137486584415016
-0.025291930758433855
0.005505546008733305
0.029381423954489918
0.0363780996474822
0.028761365292743014
0.01781699867920145
0.016207646970950545
0.02522413701946337
0.031926958184502585
0.02797554980233242
0.01221014452104445
-0.009531392271955609
-0.027562568343855502
-0.03643741583558838
-0.03815506463025004
-0.03159430426666131
-0.01662532845717288
0.0012180838673340618
0.0167467457068002
0.018071451612902297
0.0048539852875771426
-0.0077946828839882045
-0.01383103758465348
-0.009551246508202256
0.002958288914222593
0.010997769828848425
0.011766942072562436
0.008781138686232686
0.003555478889793608
-0.0012769708121030021
-0.0017452786368937858
0.00024586202375881974
0.0010141206558697327
-0.0046963156250930255
-0.017158307558597846
-0.02141610773158637
-0.019531666833207485
-0.026956408900995127
-0.04170781272067852
-0.050102044790998744
-0.044841862592891905
-0.030328443714438786
-0.01405432641931343
-0.0036485337432915336
-0.00042487025492044114
-0.004258876672571115
-0.014887823373324107
-0.027118640387360466
-0.03562651076034296
-0.03201769770235491
-0.02162675899193624
-0.023697401934509806
-0.035153703473349694
-0.03905898005417809
-0.03532441778657861
-0.02644903819910776
-0.012700379552813385
-0.009857768464512575
-0.018469033471479126
-0.0207385541546656
-0.0215758252881397
-0.03431335465627446
-0.04807601373408702
-0.047546662787936
-0.04849691726503046
-0.06961256953334875
-0.08943432550370485
-0.07932335403182256
-0.05489843005969486
-0.03865870304998451
-0.02786396433748811
-0.024856730991157715
-0.03207931697026959
-0.03957494208000838
-0.04193444357513132
-0.04393837979816745
-0.0414068578560415
-0.03480874684907681
-0.05023999872047088
-0.08244510878955684
-0.09821673969297662
-0.10119105190391918
-0.09971056814272795
-0.08420256445430702
-0.05948043157446361
-0.043345551284989126
-0.04487851021350332
-0.058534946261132106
-0.07429920198349609
-0.08002165132362901
-0.07347435283806929
-0.0653859182532162
-0.05355400171569254
-0.049639277067825525
-0.06670053228339985
-0.07942606164134192
-0.07674145361276306
-0.07512683663670304
-0.08378807632069815
-0.09354502030388256
-0.09268352261965743
-0.08902902533820915
-0.09116960924003274
-0.09347463857391082
-0.09146450100606329
-0.07765206239712569
-0.0512650598849095
-0.03010646581172192
-0.02041258316963402
-0.01631863631038903
-0.0096062733659076
0.0005240219873707767
0.003400356159949466
0.0013195749078096118
-0.00316411624595417
-0.010681819480141679
-0.021603552756076755
-0.03639597301087201
-0.04132592486036816
-0.0377140290295861
-0.02402457288996812
0.01189206895326352
0.02808206341706751
-0.0024478313278286155
-0.02702557222803275
-0.005018482551528899
0.03985401541561048
0.05881611917353992
0.04908691458420079
0.046645792468392344
0.05565970819348858
0.0684469809440003
0.08380961637284852
0.08538590220120677
0.0874312767399851
0.10664647133339265
0.10838707814030607
0.08159876095473645
0.05334755295536831
0.036033432152853345
0.030950487543244247
0.03456794058836746
0.05419601492431168
0.09257023721904925
0.11505056960266892
0.11563659415533117
0.11630887044781901
0.10864265836059475
0.100013601133569
0.10826159007784476
0.11677157208806414
0.11204117477156238
0.10169851582205719
0.09275583214761743
0.08371116223747181
0.07912584589656427
0.0853109281033385
0.09182119257262615
0.10460576048121738
0.1274332864102457
0.13755540581337725
0.12796022212967126
0.11322259290702817
0.10752467227117912
0.11175406908572251
0.11725541221023136
0.10932674508237424
0.08898498449199459
0.08131591495602997
0.09809523990061003
0.11958196772875478
0.1323685303018339
0.14630608837769826
0.15367430087875372
0.1353749217883761
0.09804379923827086
0.0736353269420525
0.07782180918343186
0.09254526191414336
0.09936845126810637
0.09175379342262667
0.07635246619519392
0.06777382571988017
0.06902527998677482
0.07161180676290582
0.07615841167657011
0.09157285369326526
0.10761874660235181
0.10784125849732266
0.09541764676292261
0.08264387134897547
0.07470087437550603
0.07392441237719838
0.0864842372218853
0.09942105945645001
0.09381325157264463
0.07999654481712964
0.07002507065787238
0.0632610865837039
0.06490982906089783
0.07710419964574025
0.0886009059122727
0.08765102306969509
0.0746971269491148
0.05585952660058068
0.04324148019405134
0.04551364088657235
0.0527660190317171
0.05452087306957797
0.04912614146800619
0.03933781164785048
0.03504951189329423
0.03788867340443346
0.038773946786537464
0.03997056061863032
0.046832349588321436
0.05305302942200545
0.05315304981480644
0.04855525858067963
0.04571979077024172
0.052176588995243633
0.061112068686487525
0.0600565424692594
0.050911661049495724
0.03828032595572671
0.02608866663037717
0.022375683386355653
0.022297705786553018
0.017484562291936102
0.013097700180459297
0.011753851153172169
0.008228754538456933
0.0006006017247124181
-0.0068653243201305
-0.010359658481673466
-0.01276697813535956
-0.01639322570125381
-0.016290982623660175
-0.010911155325525562
-0.010127025077323784
-0.01741311636554255
-0.022570320430597306
-0.018416976851854065
-0.005519552952569602
0.004344104713179795
-0.0021653853799006926
-0.01876008280008714
-0.028219040974090573
-0.02549141829212299
-0.020273178993891847
-0.020517056574672902
-0.025124331101692474
-0.030967572610942427
-0.0375279611341761
-0.04465513051495419
-0.05148014542107715
-0.05842774205004966
-0.06616212099607784
-0.07034360281536411
-0.06840949424601121
-0.06525202880323847
-0.06351703981210055
-0.06391815544749099
-0.06703172844205375
-0.06921052680369659
-0.06377067036662504
-0.05251464280581194
-0.04562633971000033
-0.04774964202564401
-0.055769077948086
-0.06220248854737243
-0.0635776070723395
-0.05924388844555932
-0.05101135382393146
-0.04604214982977405
-0.046428974818433714
-0.04736179451765468
-0.046724792229643736
-0.04846737232758073
-0.05197337350222396
-0.05128044571625097
-0.047029131728819
-0.04410090169188696
-0.04392971930172532
-0.04677654375659768
-0.05289534440195587
-0.06105586948538105
-0.06887402513325974
-0.06996632648232576
-0.05896163234008115
-0.03954514247563774
-0.021359331799421205
-0.01570978658535512
-0.02119572573805225
-0.021107691191584295
-0.009549890171820606
0.0026646434117734864
0.005870010535755234
0.0020175379614840745
-0.0031003650141670854
-0.008376042604846855
-0.010910876180199168
-0.008429557434763464
-0.003699709326675419
0.0015269723700854316
0.0037494049129635945
0.0013366678212357887
-0.003087588435702187
-0.007026366466781868
-0.00959048937221801
-0.012314398461367518
-0.01075469216949916
-0.0028112245240540326
0.003007237902323791
0.0006827087771994432
-0.004322509243912901
-0.005315672626979168
-0.005687312549398843
-0.005427648159032507
0.000592641063935558
0.009227806313052278
0.01626715227077423
0.018694078619162027
0.01439410880462468
0.0062658995024593
-0.0008253832990909047
-0.002432778076305159
-0.0022674951167503
-0.006218426533026145
-0.010369850913174333
-0.011463274769188106
-0.013114640718943655
-0.01583924499223849
-0.01984975688434942
-0.027849672305853036
-0.0353805652438153
-0.03619234422630596
-0.03379849849434754
-0.031294061805807474
-0.02573609635604573
-0.018119271917429857
-0.012187996099333786
-0.011017282577240353
-0.014604470042285876
-0.018307932888755655
-0.018125344087506167
-0.01621832907902233
-0.016772320469150604
-0.017935246357648073
-0.016338550052604914
-0.014199779368936351
-0.01427450144562982
-0.0160611462328337
-0.01785049026279788
-0.018501357775320897
-0.022110469276873615
-0.030520019382962733
-0.037660801584155364
-0.038827232525787306
-0.032880392133595344
-0.023081493905806872
-0.018736927712330598
-0.022799736364267065
-0.02641392058857581
-0.02467250191892736
-0.021890586025541642
-0.01981522417015483
-0.014410420077713478
-0.006101101401015881
-0.00043146905060488186
0.002334869806407743
0.006270045207046907
0.009698190030198964
0.008089066100691746
0.0005664785037229745
-0.009594933803791778
-0.016701101575803318
-0.017249032564528238
-0.011031444614446783
-0.005011946375238091
-0.005470396490202451
-0.008479276025761094
-0.008332417292372008
-0.006447967857062917
-0.007521857585843663
-0.010142003170292591
-0.010510500638978803
-0.008159096051723765
-0.00635414779467699
-0.00704667378471314
-0.0052393277127122185
0.0016388677621559972
0.010024786904956342
0.015232170803664324
0.013809585112211902
0.008655275328442104
0.0048184105865316015
0.002582444922830523
-0.0007382056176939055
-0.004294971930084694
-0.0031945110940295876
0.0028172896435352977
0.008202138527185942
0.007385245210370234
0.0008244473913797851
-0.00703568669666108
-0.013540695786837588
-0.016515495796195795
-0.014859457433396945
-0.010394571527889473
-0.005369751769126003
-0.0015602348226529785
-0.0007362537599196924
-0.0013726331372640062
-0.0012649399601735625
-0.002054281354527437
-0.004362438357546249
-0.00522705933992482
-0.0019200000221497805
0.0039348375147980575
0.00619515787095207
0.0032132718746810006
0.0002148920778110192
-0.0005802949799225825
-0.0010586481217772525
-0.0019317671675017126
-0.0044387136618757525
-0.007373896083238433
-0.008082703862337438
-0.007823727466191697
-0.006644747623439903
-0.004969077393621745
-0.004343838344498073
-0.004160321222085788
-0.0028587608402538944
-7.865934096775374e-05
0.0007911111740126743
-0.0018186669502899245
-0.0031963867716486376
0.0006948342012776322
0.006855621645163131
0.007750359051419751
0.002481199024636255
-0.0018018445083335056
-0.0014892276241152242
0.0023807037753262447
0.0065009400666102566
0.00812379748617627
0.007871256453844228
0.0067997810389966145
0.006037414804928099
0.00507840091667949
0.0019698116775126212
-0.0016085473994988616
-0.0036286132417854508
-0.0038238057196461903
0.0006208229925275917
0.007384931693846835
0.009831812202585185
0.00823264203513768
0.005484307254153781
0.004832111445903214
0.008561219076063551
0.011795969473363336
0.00996508526577474
0.0054198047128060775
0.003617469519632889
0.007840439936319828
0.014078876420688086
0.016138546682128378
0.01382877163575201
0.010201151141480968
0.006820325362877431
0.004093073627703332
0.002666761403855495
0.0017668024297560433
0.0009630305755442124
0.0031474764268660423
0.008133473452326907
0.01125237254551571
0.009957554923520918
0.005477882461329898
0.0013886329061189955
0.0013999184083509728
0.0037350110728050947
0.003305828522602651
0.0013668206616182109
0.0028467982095416668
0.00836202369630052
0.012794995270850673
0.011917550959083981
0.007895384339949274
0.004203498837545325
0.002712839620980623
0.004024420744336803
0.005185782312246237
0.002987176140498022
-0.00046570301276501163
-0.000312883188723111
0.0022930203994364906
0.0030068012451473724
0.0037819990157152744
0.005611914271974166
0.0034148934256415073
-0.003173483309392725
-0.006795925183255803
-0.004484716262915708
-0.0006840876572609754
0.001452543522244103
0.002582069909610506
0.004587264458064288
0.0064157768100166985
0.0076547874030226115
0.008954995576894668
0.007000502564962516
0.0024561993075798362
0.00024853773250681476
0.0020179556201325175
0.005143003669049213
0.0057037923209099
0.004069454649022487
0.002693194437056098
0.002339430248192763
0.0031373229142031478
0.004301354032711032
0.003546178356302112
0.0010129946643294536
0.00019714849602619672
0.001424336510038529
0.0021183889487584634
0.002073595485021701
0.003376124501085631
0.006653732172377848
0.009012499900145757
0.007472014108895395
0.003957708676908167
0.0029038821237798067
0.00406208151994307
0.0052754440866740904
0.007661163237158666
0.00930608529818575
0.007714865348834475
0.006124877445791814
0.007161379726126802
0.009119177125780652
0.0078100502770646705
0.003212477354730599
0.00022277695059215138
0.00032355341905245975
0.0012279990481186675
0.0018296372348655019
0.002135755534110471
0.0019276154707419618
0.003221497990029945
0.00612688880852062
0.007162917834939957
0.006270740439166788
0.00602134635260358
0.007280657433753423
0.007487067826937124
0.005748735955446579
0.004725732343736345
0.004656462618624769
0.005011757415592381
0.006441194485691835
0.007410565868103697
0.00530398503568568
0.0016904955820605436
0.000635715983383123
0.0029004764123510556
0.005305697013041528
0.0052320250272919686
0.0023605536138729686
-0.001207640314995998
-0.0011351317847472695
0.00210277363482026
0.004301541853913746
0.004318505241520767
0.002643412042855652
0.0008243806348849979
0.0007646803937605032
0.0025490238050063815
0.004536750204339042
0.004896356204126255
0.00437596631390038
0.004017232489831147
0.0041041900994235785
0.0055429310701499345
0.00600643736486164
0.003155395725283044
-0.00039473720904789123
-0.00196902165329194
-0.0011034259577006557
0.000867404487689684
0.0012683292053715712
-0.0007941173663472733
-0.0031667669346143604
-0.002429782899836625
0.0009792295142638254
0.002771692090062121
0.0023892671535740515
0.0024169198196579223
0.0026114810280876686
0.0018893815776324827
0.0013827515359811826
0.0020074659556135925
0.002700104924454393
0.002738912758704956
0.0028769884205464987
0.003949843373308143
0.004901777445837521
0.0036790158415240465
0.000755377239983931
-0.0007654155547360659
0.0011132265146875373
0.003882772065944078
0.004037520652865976
0.0018856942356749729
-8.992629417171267e-06
-0.00026654039236799834
0.0006371104289920164
0.00200300216503304
0.003112961189574544
0.002800726202387411
0.0014182558343540648
0.0017424116816530185
0.004150546224018524
0.005469884267758071
0.004510692045020198
0.0032917580502803256
0.00343220366387186
0.005023835764859678
0.0070964576473051605
0.006838439380933669
0.00363251037276576
0.0006345155987070478
-0.00027049738916060535
0.0006774881779142385
0.0024724803073422987
0.0036725371389569744
0.0029861279554037543
0.0006520706996622729
-0.0010067694957820181
-0.0005033593313369849
0.0017852229383983158
0.003924294516707297
0.003338640919210366
0.0013832162177765661
0.0015199062921847455
0.0027332754507734137
0.002634957033715718
0.001885659718289646
0.0014822621551134935
0.0015679227509137617
0.0022259764953958196
0.00321640097793248
0.0028968020565604408
0.0005245885878268858
-0.0011998110365490553
-0.0008342327099880465
-0.00010917209263562876
0.0002289957670031896
0.000654659030804684
0.0007245718663294809
-0.000538039425511331
-0.00228947372420169
-0.002186163162913266
-0.0006235966049455167
-9.9908037870324e-05
-0.000725877968989012
-0.0007538296680793164
0.0004048162997553223
0.0012893055497295138
0.0004272843473390465
-0.0009414324764352419
-0.000627245598917042
0.0007553809157960054
0.0017441687872909017
0.0021299374070277402
0.0011536760144689132
-0.0009356317676811829
-0.002696436279245024
-0.002791322446223502
-0.0008961774760196069
0.0006595264295904444
2.1731308019104105e-05
-0.0015370210132298345
-0.0019459857051713932
-0.0015025327780731352
-0.0013313226631855987
-0.0007884105667838332
3.7064285938496374e-05
0.00017052719576880944
8.968950921708454e-05
0.0003655155933094468
0.0005353848879544494
0.0006905858071154301
0.0009368514805949674
0.00033572522116751983
-0.0003555972464586789
0.0004992331253541241
0.0020467022363460214
0.0021520651483474583
8.263633077352896e-05
-0.0017459397060477584
-0.0009019393167583402
0.0006961792758479962
0.0007689294148765254
0.00028946217958427696
0.0004649511114909989
0.0005263581083859374
-0.0005041567363479935
-0.0013701687028448931
-0.0006640057002169947
0.00047550645772557516
0.00094940547141605
0.0010522257903159311
0.001003550139308159
0.0011702488168885863
0.0011302398412717496
0.0006478468576881461
0.0007798063480370804
0.0012253783976166244
0.001343602066961887
0.0016005308935974699
0.0012534500960150392
-0.0003444275944157451
-0.0014781040003889738
-0.0008709034845381424
0.0002462072345580164
0.00021201535596999436
-0.00046200611640763933
-0.0006496453087204916
-0.0006619147238367649
-0.0007906603008741158
-0.0009306571017289642
-0.0007400946834941733
-0.00034347715992862223
-0.00020044523414569933
-0.00024033398643830413
-0.0002782329343458199
-0.0002185575556230618
-0.00047126948201626606
-0.000989279499986244
-0.0011257681770893697
-0.000883936925563039
-0.0007450860429661888
-0.0006280991914906851
-0.00037818849732257614
-0.000906449313451634
-0.002127088756063186
-0.002151320166190603
-0.0010882343164321422
-0.0007838559532980842
-0.0012359096071037025
-0.001487690779213275
-0.0018378383071376977
-0.00218261298299835
-0.0017675697751954216
-0.0013386715278442371
-0.00126592257029683
-0.0010958441623806668
-0.0006460914214466839
-0.0002450344480160989
-0.0005559888878662761
-0.0007771853309546122
-0.0003467323708955281
-7.943885258955696e-05
-0.00022179730710293556
-0.0005295240678949114
-0.00027016852502402387
0.0003715585991430078
-4.4724799142689984e-05
-0.001029754229312472
-0.0010705996521236825
-7.738943948534162e-05
0.0006101172156534035
1.0403320963200747e-05
-0.00039318336108050975
0.00029108699974710387
0.0005121338052293916
8.849900971939752e-05
0.00021695715727783503
0.0007640143014666656
0.0008950679309225715
0.0008165914359827031
0.0009245460011228269
0.0007483361246125023
0.0004853595853838792
0.0006672810430049108
0.0006491957529052578
0.0005039243588423745
0.0009238370994570978
0.0010764315505295064
0.0006559534792054018
0.00036991158436709074
0.0001563681959968737
4.3758367780973445e-05
0.00033744512668002657
0.0006240786630338221
0.00027488278327041
-0.00022499932731288134
-0.00019454880539408685
-0.00017116575423233485
-0.0002467333375409971
0.00010357872258081706
0.00027526182732969385
-0.00016858896864782263
-0.0004177621442888272
-2.711767932950561e-05
9.76247783316698e-05
-0.0004063046733441117
-0.0005491294807396013
-0.00031983078688525846
-0.0004717450669427826
-0.0007419008046426026
-0.0006706243262660946
-0.0006166478192200653
-0.0007626332276909439
-0.0009892182085983756
-0.0012515359721299575
-0.001127526055132227
-0.0007074447578291289
-0.0006670053600014031
-0.0009935432016003785
-0.0010900933298521494
-0.0008438808630208756
-0.0008573945871705902
-0.0010043597395884112
-0.0007768870079270472
-0.0007126164860811125
-0.0007892242260236656
-0.0006231218933216927
-0.0005697120502989865
-0.0007746083365653783
-0.000905805242875045
-0.000559799190364237
-0.0002982302287609456
-0.0004971367195819685
-0.0004844467144473281
-0.000436934666252081
-0.0006216704636923249
-0.0007065637714466608
-0.0006558833823785396
-0.0004215616083204514
-0.0002596612177055761
-0.0003205303463785126
-0.0004650431821736927
-0.0005901659930339557
-0.0002810538695858844
0.0001358478544879859
0.00011410871793829815
0.0001573351944020687
0.00035162989280067665
0.00028991415566412043
0.000222716203744071
0.0004012871331098931
0.000489695771010861
0.00029513499882052207
0.00030196983293313617
0.00045856702438271124
0.00031758263288347204
0.0003520595970673074
0.0006203898002715014
0.0005551121279945127
0.0004991269580258538
0.0007705932348918889
0.0009694711153156888
0.0009563056389366432
0.0009147466731057228
0.0008585986684455481
0.0006730569481080827
0.0004930482714854247
0.0004189526867367212
0.0002864771288121787
0.00022857965809864532
0.0002997369765306683
0.00020425703614090774
0.00011525349652641099
0.00026774069581808575
0.00039958322525908137
0.00038508946565775424
0.0005308055143187393
0.0008663467450111297
0.0008711558815161261
0.0005225869737603479
0.00023925140004858034
6.790001005874074e-06
-0.0003031725611516689
-0.0005654864073042293
-0.0006940214899792012
-0.0007570515464393142
-0.0008286923495873567
-0.0009490578052723553
-0.0010535406092932647
-0.0010268813232680793
-0.0008328778679276643
-0.0006085311195762385
-0.0005738662445188642
-0.0005609330094599374
-0.0004614383083164993
-0.0005725667098733962
-0.0007973274999336106
-0.0008957499110736532
-0.0009056231175235211
-0.0008520114392688736
-0.0007416463954926515
-0.000658805009215422
-0.0007067650159853785
-0.0006839137899034119
-0.00048803066021153965
-0.00038039889850199936
-0.0002582502228995608
-1.986459251827151e-05
7.330995870361602e-05
2.1267328301148526e-05
-4.2992476043565655e-05
-9.06766733632716e-05
-0.00020076429298396234
-0.00035321262478973714
-0.00033407101860912
-0.00022579363505903516
-8.150366345582692e-05
0.00017241592541739415
0.00034619891540064025
0.0004361956308102411
0.0005900943877128182
0.0007898236311712473
0.0010097726280782963
0.001307048785026604
0.0016418393757957938
0.0017525025520887172
0.0016564424187826806
0.001594589200880806
0.0015493816359610814
0.0015261478380490718
0.0016034340856171828
0.0017063924904882558
0.0017566552246857004
0.0017920915529129134
0.0018104826717430212
0.0017626054619027498
0.001679162002281208
0.0015956537112995545
0.0014720244139613573
0.001283402274677502
0.0010826610458136033
0.0008256755341315697
0.0004060802989813931
-7.715172700392862e-05
-0.00046842290461154964
-0.0007286807527997497
-0.0008332715906506678
-0.000832572747762113
-0.0008808465065169712
-0.001043011577111521
-0.0012595182941403204
-0.001502991691128303
-0.0017866309698649568
-0.0020606542082147582
-0.002252539808729519
-0.0023917739354851328
-0.0025309604003487286
-0.0026761588154378298
-0.0027721463843966435
-0.002744580259697876
-0.0026187760738195704
-0.002437140508096886
-0.002234603164814355
-0.002011273080116405
-0.001706137923544024
-0.0014054787394522804
-0.001241902296076156
-0.0011576373322730892
-0.001041826817772071
-0.0008320394780027044
-0.0005349852013192952
-0.00024959321919005916
-4.55223009563689e-05
0.00012988710502991635
0.0003696863343880974
0.0006763065792947594
0.001021591147203368
0.001435618629009787
0.0019064371920264292
0.002406286084718736
0.002929833701613018
0.0033613097862704713
0.0036048070982927023
0.0037456336092557066
0.003941282767101554
0.004223760062735021
0.004496098497043826
0.0047368868748284216
0.004934348902618029
0.005061513962025533
0.00518342544496768
0.005341016113491634
0.005531272357690129
0.005772243024841785
0.006092175476081708
0.006429382073642062
0.006588414264991047
0.006431326698475397
0.005985524287729349
0.005359061716930062
0.004578341217737851
0.0035973985058946685
0.0025233365554479924
0.001536722041731242
0.0006720504134148524
-7.817200770206358e-05
-0.0006291693388893563
-0.0009024056197061577
-0.0009703147144767743
-0.000981580148400618
-0.0010096041932960548
-0.0011283400871487219
-0.0014082672143246398
-0.0017988838070153237
-0.002231330561554548
-0.002734287826077776
-0.003363109116669838
-0.0041158647582620845
-0.004936416764324044
-0.005705530516334776
