0.0
0.0
0.0
0.0
0.0
0.0
0.0
0.0
0.0
0.0
0.0
0.0
0.0
0.0
0.0
0.0
0.0
0.0
0.0
0.0
0.0
0.0
0.0
0.0
0.0
0.0
0.0
0.0
0.0
0.0
0.0
0.0
0.0
0.0
0.0
0.0
0.0
0.0
0.0
0.0
0.0
0.0
0.0
0.0
0.0
0.0
0.0
0.0
0.0
0.0
0.0
0.0
0.0
0.0
0.0
0.0
0.0
0.0
0.0
0.0
0.0
0.0
0.0
0.0
0.0
0.0
0.0
0.0
0.0
0.0
0.0
0.0
0.0
0.0
0.0
0.0
0.0
0.0
0.0
0.0
0.0
0.0
0.0
0.0
0.0
0.0
0.0
0.0
0.0
0.0
0.0
0.0
0.0
0.0
0.0
0.0
0.0
0.0
0.0
0.0
0.0
0.0
0.0
0.0
0.0
0.0
0.0
0.0
0.0
0.0
0.0
0.0
0.0
0.0
0.0
0.0
0.0
0.0
0.0
0.0
0.0
0.0
0.0
0.0
0.0
0.0
0.0
0.0
0.0
0.0
0.0
0.0
0.0
0.0
0.0
0.0
0.0
0.0
0.0
0.0
0.0
0.0
0.0
0.0
0.0
0.0
0.0
0.0
0.0
0.0
0.0
0.0
0.0
0.0
0.0
0.0
0.0
0.0
0.0
0.0
0.0
0.0
0.0
0.0
0.0
0.0
0.0
0.0
0.0
0.0
0.0
0.0
0.0
0.0
0.0
0.0
0.0
0.0
0.0
0.0
0.0
0.0
0.0
0.0
0.0
0.0
0.0
0.0
0.0
0.0
0.0
0.0
0.0
0.0
0.0
0.0
0.0
0.0
0.0
0.0
-5.302386478297615e-05
-0.0002616994714916925
-0.00032244055646652424
0.00018343720635019266
0.0005213800806872979
0.00017230617176475303
-9.490613157780539e-05
-5.9764598115943105e-05
-2.8757781852252617e-05
-1.8192640063755826e-05
-1.0659884457614592e-05
-0.00015026661715762297
-0.0007393462293357916
-0.0012686704183499688
-0.0009666972115323946
-0.00029966888833322827
0.0006579163150953798
0.0013696363817754741
0.002497075788082688
0.004660414597899953
0.0034556443793967036
0.004595062353042666
0.008325523383415898
0.00852365499314814
0.009686726928539635
0.009580026560980299
0.005876955064276736
0.0038095192358185426
-0.0026936982713335507
-0.007370977257334082
-0.005484399525193168
-0.009856022721065788
-0.011747836380337108
-0.009793445208201261
-0.013323609832649132
-0.010398549997577822
0.0027072952836467113
0.0087411556699998
0.0016001745043515362
-0.00788692682564276
-0.00047458231796813845
0.01787750776139574
0.023069415206039598
0.017582160010383614
0.006997550175869803
-0.0028877543739313366
-0.004381088573011484
-0.010379721070107994
-0.01920074090713234
-0.012884859162173409
0.012131202818485617
0.03592359792039774
0.03176342631521112
0.013073802942039463
-0.004775817485789612
-0.028293179631228512
-0.021048420958366752
0.01655241229616779
0.0206156037787427
0.00936936063858524
0.01492437529864006
0.014142799218378015
0.0064021158574902315
-0.0007109361312790802
-0.0025188948593888594
-0.0065611172720391325
-0.009332116037166258
0.0016362276767377185
-0.005972089139947304
-0.018582546809439132
-0.0008795243261351324
-0.009266375912000961
-0.03238060842466544
0.003488754330971053
0.04610744595246977
0.049485731710276565
0.03077858678287057
0.003354695468982913
-0.01625171998249146
-0.030439851423291524
-0.003570928943051735
0.04885678030703463
0.06764272375606245
0.07525387005353218
0.0548661447502688
-0.006266371298685375
-0.010553122666498438
0.07354719043938107
0.11521849377082585
0.042927497766810485
-0.031226046356738257
-0.03622739059984825
-0.034868822745847905
-0.03485285992799614
-0.0075292995033716115
-0.002364527157845603
-0.03405017217831671
-0.06666054570617522
-0.09128738562415806
-0.07822064230666305
-0.04910908135520586
-0.03079005293191097
-0.02029952221261778
-0.038746933045829976
-0.024769399423710352
0.009015240931778674
0.007052431693688888
-0.028683328795095303
-0.0949914364059118
-0.06974192785325245
0.030654218840891423
0.054224302550885034
0.0656728459921058
0.0854880358096653
0.0615788024605208
0.08666778650689848
0.09578860561735904
-0.035052256810146204
-0.11090384663411981
0.042242868929344146
0.19457395790195062
0.10486867125522606
-0.06594416265484276
-0.0741453073136705
0.0816026912245651
0.21403399242488388
0.16305756420366746
0.06677336517199112
0.09501519677717157
0.1586010953690143
0.11714358624740129
-0.11987456235680533
-0.2903989069629979
-0.19603233889305666
-0.1664009236259355
-0.16168300651247283
-0.024429374431140682
0.030135469132234916
-0.06692404615441756
-0.12808856017366238
-0.03479190257810692
-0.009353077388626542
-0.050480001381412086
0.0382770855646291
0.2559582360725737
0.5100770423033517
0.32236673062992566
-0.30055580658833425
-0.4328862414138321
-0.12139528665104724
-0.13029126763637294
-0.22284138619791458
-0.16348185246998656
-0.3076621751078483
-0.4315228025467137
-0.1624554074044255
-0.00198074431766615
-0.25508733364285796
-0.42625330974074105
-0.21932645217275815
0.27757055020015353
0.5564075535183366
0.1855185601953302
-0.09948740432968634
0.0348620924481402
-0.04256801282753575
-0.07265294550536927
0.1139592143360641
0.02425542422958027
-0.24049957994946008
-0.30614952510075244
-0.16499541256759132
-0.0933719127121383
-0.16223445664318537
-0.2700995840651883
-0.2960070361995455
0.04080961228852664
0.42317906296456353
0.273055366381615
-0.14263823764992511
-0.30798044767557464
-0.18676354126326422
-0.03508055183932757
0.023856210064431282
0.028869205489628458
-0.023707825453016085
-0.02008306674501159
0.24841280544718347
0.44541987985126097
-0.022316907258074004
-0.6589137988488984
-0.4897873744374792
0.02084948966669642
-0.09590005853110406
-0.3479050343049912
-0.1219410771563536
0.1173188314126481
0.09403566239406813
0.049825149675530866
0.13055446078915955
0.12237690197371331
0.06469744254382048
0.3980601747081365
0.8273840257923512
0.9622061040658016
0.7360795047926493
0.09921511134845507
-0.2800127713485385
-0.17209746515712454
-0.11596299663636439
-0.1989205511226947
-0.4427642968235651
-0.5467791245633604
-0.055586410033821365
0.3530464767916043
0.05505569647257669
-0.23295277416289417
0.09862096392162012
0.39920728620889506
0.3663871258042805
0.5053764864302446
0.5892011152646006
0.5107728213468533
0.46924846074833687
0.18869465399693175
-0.0926401884612944
-0.004042344946008969
0.22592072803898677
0.2859607573117482
0.21789904491876833
0.1560715833932118
-0.0017506668847955265
-0.08001194601415618
-0.07393969686999213
-0.13905051517975364
-0.14005472283496434
-0.08047868829935367
-0.03244889674945395
-0.07636691776486992
0.06301572163973779
0.3671083829273445
0.24317949156075302
-0.02409230200684065
-0.019888570474572154
0.028746008161046666
0.07649988386858952
-0.004131922270657062
-0.11234172666284081
0.1334408303723873
0.5269540703349613
0.5071655364272543
0.009128002471879393
-0.23619879238610397
-0.024248739332642044
0.08659542915830687
0.011482944028718967
-0.18086976405112165
-0.15523183254358774
0.19007143582154984
0.009216941937976841
-0.5070580131492144
-0.46000907349025466
-0.2494025202503003
-0.2689962146816487
-0.01231767613016288
0.30789706807635686
0.06685585436647346
-0.2596999470829974
-0.18940470773925988
0.01885104715440744
0.11323020049612165
-0.05993644712839585
-0.28750888631941296
-0.32416887599846883
-0.37859978392213106
-0.3372426807819649
-0.034355119271845536
0.01357722481832932
-0.0852007927386722
0.28408469789340374
0.3851199861514136
-0.1562346679147727
-0.24070623169337535
0.002272399356842314
-0.2059850112312781
-0.26012084486125286
0.04785547812276304
-0.09867321297280804
-0.47483468614214247
-0.26579175444130165
-0.058191369032206675
-0.3861870724618416
-0.602627106001107
-0.5245367846766374
-0.4898572076061414
-0.4776317829505674
-0.17304150583275857
0.38623612811036034
0.5960109616752989
0.23716435298093375
0.10422219096495378
0.5061755055747638
0.5896990040556376
0.4080403262678279
0.4882068003390447
0.2221377611215357
-0.5480979537817284
-0.9352537205885009
-0.6604130030365005
-0.2903404276337588
0.14584908034463417
0.6397676434499945
0.31971434262074505
-0.44938532611952064
-0.4403914376255741
0.08652243089073752
0.44541915577225066
0.4413127181207628
0.2511597823388671
0.32403746045945736
0.3675201377254349
0.11930854408091038
0.023855959006919707
0.027815600865716595
-0.05313551723045601
-0.0956339989224995
0.20275737182319586
0.6954339422113647
0.4736662936207557
-0.11389868795296237
-0.12359237810492774
0.07223230980162137
0.06901861775910023
0.07291602120943297
0.2498598556243643
0.4497779759962587
0.2617272191231722
-0.11060768190951653
-0.27839416475433354
-0.3951680615418627
-0.292729245588931
-0.05952941372803211
0.049692433134186254
0.2596628449056938
0.09591222058023519
-0.3290759427731848
-0.14950669988070586
0.10568660879148922
-0.1468801789972347
-0.4078192181385217
0.18203190623664356
1.164795220588613
0.9059420154625197
-0.005640981593454608
-0.2837728570495375
-0.47306025597274826
-0.6165442868033809
-0.2518221971395923
0.18512620789957046
0.2741924396741169
0.0558183464936034
-0.3527718455328027
-0.7214693933028365
-0.7501413115811519
-0.2610151192351201
0.2937159413686401
0.30046399341660784
0.19260511446539252
0.20541513340428602
-0.0366407685970751
-0.2549604067730051
-0.2827546730629136
-0.3208793468019819
-0.16865419497339879
0.25455254081646517
0.25851262856079266
-0.3809815065498546
-0.37429118717685067
0.32202661092245877
0.15265488541039454
-0.2561296855831162
0.05933842067821313
0.2795949345169947
0.1884050434066428
-0.22843428763228793
-0.563636233488912
0.0006713039985525304
0.4654723411919232
0.11053305777266081
-0.28562042448826086
-0.34345153690947455
0.08488664219153563
0.44988845679058626
0.019798283107584663
-0.42607366387003837
-0.18691026090485444
0.49439123493923176
0.8511386851978489
0.202490452299814
-0.521777573860282
-0.5445511618854435
-0.3746202018801001
-0.0656173585870169
0.2954671781044559
0.345835117323647
0.13982923485303997
-0.16578517731550146
-0.355189542101941
-0.11690108515168071
0.39218302814197287
0.304794955351798
-0.38580785334081796
-0.32822104273727704
0.4558407241301777
0.39959949775014
-0.3680059258220973
-0.5387325861520579
-0.17872072027395297
0.003498026259449505
0.0398948180854416
0.24903879658997743
0.502709013732004
0.4374777910040997
-0.10573188496789804
-0.7041923327411872
-0.7539936901401407
-0.29893791206294257
0.22977994856653283
0.4717621781094264
0.3414600340100522
-0.0008512519818921205
-0.22481441366611407
-0.015549002026177206
0.357505359255418
0.2870491162226635
-0.056244515484657795
0.14087035951130653
0.5852120668524158
0.2468680073268635
-0.41218109803437797
-0.34577754209064654
-0.0272026778972047
-0.0895370309219772
-0.18603959868071235
-0.21526827171715499
-0.1513918488301761
0.16406991850057623
0.2861295989129396
-0.056748135238149366
-0.2971468183878955
-0.11528789806873802
0.20107382318906258
0.3783796977778278
0.2113225390771009
-0.17305689974657773
-0.2597860782002501
0.05955272579299754
0.2252527100036846
-0.1261713504600655
-0.4648525955735738
-0.09539669445627583
0.4702393302313624
0.29525231822441017
-0.36815179969287676
-0.512359854077661
0.03951056287365268
0.43162087717385544
0.3786070664826051
0.11613884231126681
-0.2065901649900132
-0.24820639177833306
0.051191382340044445
0.2957127827416322
0.08331942057900793
-0.26795982962551196
-0.09684428837580836
0.28981495603311924
0.3382591465665675
0.18855413316352404
0.04216171349317005
-0.008689933324165455
-0.09208938247727749
-0.2829781685342645
-0.19048718206716808
0.045955677725307044
0.08874954774120392
0.2392959181312806
0.23006303924261046
-0.27810807439442153
-0.4533776162126023
0.07646812633485847
0.4782946105614021
0.3182148382228447
0.0024758625400008727
-0.12313984641323272
-0.0437299176782987
0.22411526911730173
0.38688747507784765
0.034090275613644194
-0.3079149573631357
-0.1970342397362415
-0.23825598284553706
-0.39229655451620354
-0.13668665012250938
0.18575725656882058
0.1453898975847163
-0.1396726889286321
-0.365148039669964
-0.1974452051069417
0.19443241546014742
0.2196622811659039
-0.03927832874870489
-0.10518252815465226
-0.039824534054221296
-0.06563361789619292
-0.11269947429389238
0.013036325881591634
0.18447152902442684
0.08526310571938137
-0.044300377183297324
-0.018108190284620816
0.026669233242357288
0.09786839205615286
0.06344796623876997
-0.16602138110134945
-0.3939789880641615
-0.2774464144137677
0.1011962346569138
0.15640868831886276
-0.0951826970325651
-0.18578884056141934
-0.09318777705806719
0.002867879360719916
-0.08413294446189834
-0.3555559568589541
-0.37389110873291975
0.024072252000160388
0.38137570706890733
0.354435996594172
0.06856663414580838
-0.09844466539168684
0.020768101236667613
0.1371710806886866
-0.11430779677427666
-0.3776448121957053
-0.065175356085176
0.22690824477910954
0.18054237271781326
0.38361892427569244
0.29887631152156313
-0.6033350078151609
-1.1891961095213919
-0.5531424035110027
0.5484646019696667
0.9890936339043139
0.4756104033159048
-0.2565430250173155
-0.374221755222853
-0.2375505700251418
-0.29626902916787856
-0.17146596000525405
0.23873966332597651
0.5988988563418305
0.4581625419904914
-0.27018165831749985
-0.691598846366456
-0.3921940298990756
0.08674683070563804
0.5239446544407225
0.4834859460400476
-0.14593859374172402
-0.2582150230848863
0.22404010516503614
0.29407344529223445
0.004924196486866428
-0.1832056326363215
-0.10023938864314635
0.18663290378243608
0.24217816772549144
0.021278067316634064
-0.11787975437949544
-0.20572158089196996
-0.17546993690246204
0.09326126781119559
0.18683050120833505
0.2830077971025464
0.6683860433494397
0.5807764470982804
-0.09145423699454652
-0.24084495694802938
0.30754756961145613
0.5716902594507305
-0.006290617958887745
-0.8798404812069992
-0.8099974800455279
0.34936863578805843
0.9531542095746728
0.004763450075706693
-1.031453857315424
-0.5303924640078646
0.7425329338418589
0.9839747503046337
0.2821699105942605
-0.07227278707262041
-0.10388215584416627
0.01639212829334058
0.3650460262086288
0.0336449227291733
-0.45347241919807674
0.20785749487268224
0.5132928785819675
-0.38074236781776144
-0.48808259294250034
0.4236254573438822
0.5292385512965044
-0.2961623195729862
-0.5688626071604568
-0.22779505274638667
-0.1272306310554296
0.14349812815218332
0.48022343173256044
0.12013356082631799
-0.22065368351191217
-0.04307039235252741
-0.060402288843796115
-0.043884345397736335
0.48893559261576475
0.599313132797325
-0.2581950059292194
-0.9024787464066748
-0.4249693757818256
0.21555626451556487
0.276199376037354
0.2100295962780992
0.019524987169017072
-0.10753282405226705
0.1834624005388238
0.18703977952162287
-0.14751896077008742
-0.004258853831001108
0.10803989243071832
-0.2243581560397342
-0.29789289785015
-0.14392205947228676
-0.00393903028921333
0.20999197994510366
0.22512324388929372
0.02996622410345684
-0.08796504870091015
-0.08299339447861631
0.06976376411251395
0.198633525920052
0.03658154596370289
-0.10814203828606139
0.023676830562674667
0.068859368993332
-0.18121716964985501
-0.33379604690567705
-0.15757555477948326
-0.038788751479495176
-0.09920164347590932
0.02934737342054461
0.28170170822808194
0.11957218143227022
-0.25469800029918904
-0.15491835994686703
0.03347020628850911
-0.15197471633618745
-0.17180995375428543
0.02898328300713865
0.009750246097601362
-0.010499488511612531
0.014510271182470197
-0.21619587849410898
-0.3015189724519225
-0.002269683047386381
0.11145364708482962
-0.17743942780738853
-0.3858537930435861
-0.027074682694341823
0.5040814429816747
0.29680495701242343
-0.30838927991044196
-0.29126458593081
0.12807992539267085
0.30117498823400546
0.11476141688474874
-0.301303655334629
-0.40541283008148504
-0.05442677623655098
0.15676396599873701
0.0943557058035012
0.03775469284325103
0.009939426188281059
0.03546318880172797
0.08830303071768507
-0.031810750660735715
-0.10301435220653081
-0.007129121418980089
-0.1066501511693212
-0.25090509456179627
-0.10548722026219115
0.17803484389909188
0.3338951862618813
0.15596242631765628
-0.21036999261588865
-0.28393783455222465
-0.04251336118306881
0.1888278320167166
0.23944457602632327
0.02180176295542119
-0.19996647194616377
-0.035794737797416515
0.21341184413131686
0.056600615537626436
-0.19809076585979557
-0.137016810680823
-0.06316695027318259
-0.19364440830506996
-0.19948806623131576
0.03049123456265057
0.1323711941532163
-0.03214654414767254
-0.057945912712840664
0.16003256376819175
0.12120743692042651
-0.1858764992605127
-0.16659386584554875
0.18394604569670248
0.32192956217131674
0.1426425876104952
-0.10264835777241893
-0.1895054568694689
-0.06379872546652565
0.09890823823503647
0.1687607980138072
0.05172902427419096
-0.12936840099234645
-0.03414972906991903
0.14541286821151816
0.0038664555962001357
-0.16189619932977195
0.00730976790278412
0.13767319689941673
0.0035155536845883073
0.016871034761739373
0.18983398106455218
0.10180774781054788
-0.08118123789563014
0.05122609767199496
0.20242925760972724
0.008643670333515034
-0.17437626933118577
-0.005358051515391445
0.24162657099129992
0.1874087955302374
0.04310992204714459
0.028733632135907655
-0.08531292943127114
-0.1590044445755041
0.04305669174873683
0.2166506787601926
0.10099092097340193
-0.09546473597930744
-0.13707246363051312
-0.10194009934040141
-0.09863857924858427
-0.07929184193150265
0.024633974855669375
0.11393969547116892
0.1042736836647835
0.16948351423258695
0.2152901962877599
-0.017966838161089738
-0.19446872816153574
-0.058445475521333695
0.0444512304192593
-0.008671477680059991
-0.013116156581536309
-0.011515252398623721
-0.0937310908123628
-0.12219740417248015
-0.05425671879177452
-0.0450341988849878
-0.16269430174909932
-0.12911180018995586
0.1428302983658527
0.19924968273265742
0.0038785019644169694
-0.06136812977013192
-0.027172697137360896
-0.03405752849406475
-0.06068899428873909
-0.0587429169803762
0.0428331475860641
0.06286377004595581
-0.10761201178773747
-0.14777210004824148
-0.015582420330039412
0.041140491877691934
0.04921276463711559
0.08125530819795637
0.046903396755299996
-0.07293208142044283
-0.12581096398506025
-0.03193696398368394
0.014613459899646658
-0.1319896191051747
-0.22137212307510729
-0.07189579151389697
0.08307518710521106
0.10937649171251962
0.1074473535378751
0.09555772470530491
0.060202721351948985
0.00864227352319194
-0.03486780620560101
-0.04907584016385702
-0.03940399898486463
0.08109376641522534
0.20744864538985594
0.06988041015136376
-0.12185989194234698
-0.08157619789438014
0.010906347044015358
0.0403157973978828
0.06758448482550865
0.05415948510781789
-0.022557912209552382
-0.10601577707473017
-0.08269036091132925
0.0902729389441731
0.17539331246541473
-0.01974007552362056
-0.15958688762888143
0.07800081209365044
0.30347051347914955
0.15201371862589103
-0.06386316891035054
-0.05824253293344636
0.008056656125749531
-0.027663850669905246
-0.04979269998265312
0.06044482387256907
0.161178851228362
0.10626907203742653
-0.010742515538881475
-0.09292876380994988
-0.14918527543589627
-0.13659109294710492
-0.023067011056622122
0.10474352729414646
0.1062835499615724
-0.020742038196581505
-0.07416366580106694
-0.022908706586487138
-0.015011775981217904
0.00417951740946583
0.03959112710821555
0.0149234633494537
-0.014949908794482783
-0.050956425705406545
-0.03522423575736556
0.0438427818815006
0.03143519831714068
-0.03772258611903318
-0.05382229346706008
-0.019793874269770216
0.009263894917540115
-0.031815823369861676
-0.0800395792014264
-0.09045268630501624
-0.07704744166112873
-0.012304062279815772
0.04116287290177961
0.04743190132801138
0.03603386616127552
-0.02433412574171942
-0.06733811251067624
-0.02020382443942939
-0.010646257691723018
-0.048272207334073225
-0.0018860065470995002
0.10690360941276769
0.1832544668840695
0.10625920044722403
-0.10345470485881311
-0.18179801969296067
-0.05009425908746063
0.08849255948311194
0.0745638977398367
-0.059983272828788736
-0.1138715040009895
-0.0350642502202112
0.03237851598744959
0.08641647982088475
0.08180340675641183
-0.0313622664883974
-0.029794327839436932
0.07987565277089773
0.060557309136338486
-0.043753695416745876
-0.07066720580165177
0.012146995226767076
0.08646391571098261
0.10425158890776517
0.0836888393091085
-0.033793901078787124
-0.10086493752213525
0.007470328831428195
0.05311366172293777
-0.069194676555183
-0.08945786470705815
0.07465022243831285
0.15742592669935077
0.051645427794214424
-0.09088492251930294
-0.13995653451501164
-0.07179988503976553
0.047136929883466364
0.11326881807072463
0.07341523239296495
-0.0377018816378035
-0.0718940580994229
0.01929658901504719
0.05275033013261838
0.018398692869114927
0.05177929213993594
0.06037601443692224
-0.0011891789095694605
-0.02774194793015035
-0.03138961572351112
-0.056924715400831494
-0.0657394722465812
-0.03481486353774228
-0.008013626189183557
-0.0234097246458891
-0.011199446614996843
0.07487508835274845
0.03975595978605296
-0.09554501071494083
-0.05016316940607401
0.03337265951220714
-0.009054058335348992
0.009522573943797425
0.081441639836989
0.040982066849753085
-0.048414560391327424
-0.05160883013222638
0.0024361590157806687
0.021533906794720958
0.011356142893061319
0.02715386692143041
0.03681313017042593
-0.023030016458282565
-0.1287746485445897
-0.14961670790578113
0.0002646315465832244
0.146538378268372
0.06698775787783093
-0.08430024825902876
-0.06456655001099298
0.01431146300377565
0.009864338052529807
-0.0010634773006180896
0.012675681640387092
-0.005774645267173691
-0.01947118149960167
0.025735520104176048
0.07179188207916874
0.029150999014251236
-0.001063177155875554
0.05364319418806415
8.735843958139478e-05
-0.1042935613112264
-0.02570475360937358
0.06369629571403038
-0.020470575079732985
-0.07716925792249477
-0.004841707371314327
0.02038490760389081
-0.015276993584188898
0.0073557436644483346
0.04350663429878293
0.012118264583210699
-0.04774184013236726
-0.042705687249004295
-0.003587594257572581
0.0180905173992282
0.0853244911516883
0.11014901426757903
0.007030443944589189
-0.05770388565970431
-0.008594208225356413
0.043068286973938115
0.046598126640795004
0.015430950663582743
-0.03844692881335788
-0.07373660963260441
-0.0549675075705145
-0.0040101975662882785
0.04701936590058178
0.05845963203309874
-0.009555231664083546
-0.0704779653867208
-0.026181784454465992
0.036891015999843846
0.021648070627340834
-0.017956495217688773
-0.009102495834641719
0.02228609091006615
0.0234777181465156
0.014772405559446838
0.01654443378982908
0.020059786480285884
0.03919605576142391
0.017460762449728467
-0.0733516680015934
-0.06136342218318443
0.06575803888089272
0.05358368402026893
-0.054782470186474745
-0.053085855640783816
-0.009506101025439792
-0.00792864221649061
-0.022874000462625818
-0.0276743708807216
-0.008561555919554705
0.003411615292152527
-0.004785833200401974
-0.022965358458218108
-0.048991245627110686
-0.008624285458612407
0.08830659150549544
0.089138344016721
0.0005692578757331458
-0.043817066308302725
-0.023490827751748808
-0.0052654179549017
0.005058114670054813
0.030198705111285088
0.009835141620189653
-0.04321506172229711
-0.04082666838048432
-0.027493163267179703
-0.026547496533881727
0.02206284772157074
0.0446844815657889
-0.01769387643754564
-0.05221955538221107
-0.01759557496549158
0.005803430431159794
0.01650643463183648
0.03175760906399203
0.005401808697373382
-0.029843221428981305
-0.001200755170250957
0.051095808047903035
0.05170732836449432
0.0035733793314141568
-0.030062806288483603
-0.018333225618426513
0.013629068586601128
0.04216367275479965
0.02517352185585099
-0.02320250645437682
-0.01983352485808977
0.005053714833500552
-0.02043146190498238
-0.039517319438251194
-0.004533683336213271
0.021412281087917675
0.010940451657462436
-0.0107769134192474
-0.02578738248760194
-0.008900310065867518
0.03761512070557144
0.05218022044695342
0.005283222067227362
-0.012048282103034474
0.035146515293582446
0.03854875461085652
-0.021205721460312087
-0.03561753677241979
0.01454494596071319
0.03203826207589343
-0.009862844491600322
-0.02461438631854955
0.004885779547711834
0.002253767095629529
-0.0282137739386255
-0.019018129244459187
0.01833845978653279
0.007667494151434761
-0.027330795340479733
-0.004438814214191749
0.015527924533476536
-0.008668738060635244
-0.0023538278895674624
0.007947615029636187
-0.011912557126274283
0.0013108164210815284
0.028981353575983144
0.021991409194922033
0.007039755866859964
-0.009013783515377322
-0.02090868858497406
-0.01029263352792791
0.011135965079981828
0.02501155834756748
0.010586697725279686
-0.026408806366927134
-0.047737838209867975
-0.034310179481193664
-0.00473138365597125
0.01599002129656146
0.009815738109462912
-0.018230758433908627
-0.025639514500408404
-0.004097462654847277
0.007263687853649899
0.006009812051133996
0.013124300254301129
0.014507504470143037
0.0025347842452418303
-0.00740401415002688
-0.002849593243903494
0.015382256226036489
0.007200979609270526
-0.0209776321164498
-0.007284824767137903
0.009952255802665783
-0.008360876743272709
-0.0033831978836242876
0.013380549481522352
-0.007572193877291808
-0.02603520554692912
-0.009948119992532534
0.012662616603856005
0.010692098694969614
-0.01107144718788855
-0.0073537644703295865
0.011838675190897981
0.0037286761685513675
-0.00519401733187248
0.007499473182120974
0.014087444424654675
0.00622364866017552
0.010727391711516291
0.027023899341566727
0.01761706978289153
-0.01885702479425172
-0.022775406213403897
0.016896416779528863
0.030461175467101077
0.007038233197514293
-0.01154903308895387
-0.02046125056617713
-0.013077531839130418
0.005203132374916331
0.0006203989738414328
-0.0076098462285123
0.0134066573468649
0.018572979405326498
-0.016673443499076377
-0.021497535819000338
0.01714250051854689
0.02595041369653537
0.003906984614773918
-0.004506979684787228
-0.0030942158191087712
0.0035349204353255434
0.013005668762335703
0.0064078745918664075
-0.012282455183166653
-0.020608755130928778
0.002883491917848629
0.02270208058505312
-0.003992636983039258
-0.0221041706176493
-0.0035284180040427975
0.00011387993285490172
-0.012091941787397812
-0.0071959006141361645
-0.0009739301781103019
-0.0028565008305622384
-0.00020074954674545128
-0.0038079859322686254
-0.008763209091710992
-0.002202203865642737
0.004166959229742391
0.0047780216868929595
0.0022326175108415367
-0.0015965698151133986
0.00019274214327790048
0.006567870929158189
0.008188648648267046
-0.004826247346679788
-0.022589728662553384
-0.009614065167152854
0.019710112409684368
0.011549939654654489
-0.020538876619884187
-0.024778627566249326
-0.00023471375880013828
0.010586785305654916
-0.0035759022860405165
-0.010234284976781468
-0.001759516729063628
0.009620754088363524
0.011098434480227773
-0.0059210713744839195
-0.011774282631128114
0.006512356708375383
0.014228269403169028
0.002209188684710652
-0.0031138129398308664
0.002357833178814238
0.004603988213997349
0.004743353344431288
0.0019523967631283265
-0.008991986891431963
-0.008187044048647547
0.01643790609237872
0.01897887450492545
-0.012946148746805882
-0.01917329608185094
0.00332388996838184
0.011303622248466795
0.005232061461007564
-0.0026833782585565175
-0.006504308751177444
0.0030193803343018123
0.011897468162424074
0.004565285897708119
-0.0044868563810434425
0.000665224418567737
0.011716629818935868
0.009766160134785665
-0.0005768546134152525
-0.0017958909188986807
0.005673276218334541
0.010304498215801898
0.0032476397427865615
-0.0076889956500707825
-0.007684262310701816
0.0033781814360187533
0.012427413761576979
0.0009576243554701332
-0.015632083494803398
-0.005448065623365679
0.010071674249681133
0.0035543098366903787
-0.007125367341106812
-0.0032673529234676126
0.004603599200543639
0.004927897008558869
0.001904537783666685
-0.004124523882314596
-0.00795112360441401
0.0008314339863298523
0.008773043133670026
0.0019492185866907298
-0.005643926367458307
-0.005524497489692651
-0.0015841015796438946
0.0010134236039498097
-0.0029824225999091503
-0.007300408582512185
-0.004533080855209229
0.003884394664584243
0.0017575212330430078
-0.01346831545854273
-0.013392291817458437
0.002990028897388538
0.007342158696596271
-0.004174216366623744
-0.011298925600265674
-0.003591515542683176
0.0036531912138799832
0.0018175348394924573
-0.0012839561111863025
-0.005441959007619877
-0.003193496290851895
0.006229674086036417
0.0028044036062509162
-0.007164272715737148
-0.0031618990301086423
0.00410924333994522
0.0019250964447589183
-0.0031959692607623994
-0.004497117472135253
-0.0017213660757841708
0.003258743310695821
0.005373324915541256
-0.002276991015737702
-0.00686865510816264
0.002679865857814266
0.006721504968465585
0.0004761541359877639
-0.00039187414721279096
0.0033870203862871786
0.0049653972649739446
0.003692219939544136
0.002107755625662745
0.0012170011632873217
0.001598426380725452
0.005736682488172242
0.007784760041807323
0.0022725130191994934
-0.0015742204895890489
0.0008545119314463914
0.004456375225117962
0.004867730909873173
0.0008025521661962822
-0.0007158971539782365
0.0018194273067807763
0.003230266461090932
0.001742108699687923
-0.002507546161674581
-0.0012511833696589921
0.005747062753027207
0.004933906877912781
-0.0019623050305847337
-0.002490987995170049
0.002893294422756168
0.0040062613078327355
0.0007235394407621824
-0.00037583164950440867
-0.0015187737705088244
-0.00039321613033237515
0.0035943327357145886
0.000320050971947778
-0.004663681501140297
-0.0014610431205898597
0.0011205767353798385
-0.0012866458153908463
-0.003185281921961781
-0.00304125192718991
-0.001472390371764061
-0.00041040853410619776
-0.0011407569565923068
-0.00373208861160817
-0.004221360014853776
-0.00056893480759006
8.306946123460158e-05
-0.002547077700742098
-0.0025242575651028844
-0.0009789683751443424
-0.000696872563703369
-0.0020114381228119875
-0.002274291669410252
-0.001281355055769733
-0.001585886575195648
-0.0008219790180389916
-0.00031757210079077103
-0.002924091819239695
-0.0034879809272230873
-0.0011321884927404328
-0.000611539072768414
-0.0014809189601854515
-0.0019865993845022403
-0.0016767120252450772
-0.0010060796743530526
-0.0007762901930384522
-0.0009753633576080282
-0.0018007138779984454
-0.000608314432625703
0.0016471056113712846
0.00020506339671736915
-0.0015105727372171467
-8.590747376334591e-05
0.0013543110381750382
0.0011635926931433341
0.00041908312479646895
0.0003173011811638711
0.0002537570959144017
0.0009572033955604232
0.0022239036069196076
0.000955117202264294
-0.00021923641582990636
0.0013935539241106236
0.0021408587091833933
0.0014914720817747543
0.0010866162469664207
0.0010784512578285322
0.0020263345877864726
0.0022082155866653902
0.001318076556469821
0.0009348692729718265
0.0012681923017754495
0.0024954257460106394
0.0028369806331798504
0.0017918350065844555
0.0015792216352554095
0.002181707254623665
0.0023871590131902517
0.001788490343069023
0.001822023926159321
0.0024502832792836484
0.0018016493156294
0.0016339798360962433
0.0017042620501260923
0.00048808250499216346
0.0006009103886393703
0.0015566580583184306
0.0009220232682206914
8.88229625290813e-05
0.00010011869920831772
0.0001829400909678959
7.008348787492305e-05
0.0001310494299603792
0.00019553059770057064
-0.0002302335200659658
-0.00016116110068620064
8.645586843129133e-05
-0.000749850517095911
-0.001248324835947251
-0.0009823637904350074
-0.0011012526037105144
-0.0013419962372249513
-0.0014900949455225968
-0.0016494901418327226
-0.0018508268976749568
-0.0018554221227476625
-0.0017064779971040465
-0.002157015300603151
-0.0024394582571376977
-0.0019920884287248425
-0.0019096587631510682
-0.002155733705035221
-0.0022062457776501386
-0.002180208338950218
-0.001946841301814363
-0.0019289742092942314
-0.002169470854301692
-0.002067823836290114
-0.0018378684806119767
-0.0015511006808898564
-0.0014733835734336165
-0.0016797677119875735
-0.0013390912103876853
-0.0007436810867014598
-0.000610437290641799
-0.0007498948450276408
-0.0006180857190347302
-0.00017145928047706746
-0.0001517702096487071
-0.00021878738274944652
-9.631909350982237e-05
-0.0001737076928147955
0.00017374984329698862
0.0005737818414926106
0.0003702759738607002
0.0003603067641667814
0.0006927573206786525
0.001008764967936105
0.0013147392591366346
0.0014709761300103494
0.001496969076513784
0.001519727863452812
0.001703941734224724
0.0018319434795876707
0.0016388885557635019
0.0016399201172592956
0.001855373224692312
0.001907285769286127
0.001881611151838902
0.0017125912406141888
0.0015424414262225094
0.0015082186774155071
0.0015813110350689024
0.0018116389689842058
0.0017557827232460282
0.0015031578655759093
0.0015151220917948233
0.0014698886800508463
0.0012246565448327147
0.00102644371952911
0.000975597919610648
0.0010292283574080494
0.0009866082287863908
0.0007817221914920968
0.0004897162115038746
0.00025114402996613897
0.000278805324893501
0.0003877681048721233
0.00034174641453643163
0.00025999335766685797
9.9341013045387e-05
-0.0001484923147400223
-0.0002650694615382015
-0.0002879588366014197
-0.00038719477847048815
-0.0005616238560764153
-0.000670290030004659
-0.0007645360553449158
-0.0009831718540248384
-0.0011673552217600358
-0.0013264609604363847
-0.0014644327511187097
-0.0013118350746786278
-0.0010849985643738595
-0.0011327471042402448
-0.001250514600552628
-0.001284669160101697
-0.001309249173444109
-0.0013466744218506043
-0.0014242466217853525
-0.0014745181129526956
-0.001436306195024935
-0.0013689815072419611
-0.0013481461655433023
-0.001450985219737966
-0.0016249277763936611
-0.0016784753125450595
-0.0014960339609037532
-0.0012375244226149784
-0.0011653549129752973
-0.0012064299288732068
-0.001199001208844446
-0.0011169985356516577
-0.0009658182261673524
-0.0008364052110993812
-0.0007301118979612308
-0.0005707178573650341
-0.00037687510631745965
-0.0002499081925293554
-0.0002624791209329784
-0.00033913534029294395
-0.00037480325930934477
-0.00027889792701452955
-4.4511240380084444e-05
0.00015878743845084732
0.00030919283793207596
0.0004860485313816481
0.0006244841259887522
0.0006919882821954599
0.0007467122394095738
0.0008712194519009007
0.0010470072228569846
0.0011994895293421116
0.0013454652236883045
0.0013654947299689846
0.001206672077926527
0.0011382984191738083
0.0012705994917503799
0.0015039370049957752
0.0017153984819931977
0.0017357605010725856
0.0016276603412496407
0.0016022049540725682
0.001633151323929938
0.001620238831936985
0.0016007287552334483
0.0015910131845837633
0.0015595833576159592
0.0015188916671847663
0.001459804784714398
0.0013231097710334682
0.0011504747156097887
0.001053688038761479
0.0009741171005932178
0.0008531954948531265
0.0007670883463249366
0.0006629111680723342
0.000502863521414371
0.0003429296371304461
0.0001673256214139076
2.1673294136050417e-05
-4.421627872963803e-05
-4.684822164825915e-05
-6.337676052994672e-05
-0.0002442380936561253
-0.0005404094214137688
-0.0007483491863652537
-0.0008175644266830602
-0.0008031294474831838
-0.0008614173772919023
-0.0011253856688343764
-0.001401152638141663
-0.0014843869264653878
-0.0014967663664132939
-0.0015355072450001783
-0.0015482466066705494
-0.0015350602470551914
-0.001482697884568829
-0.0014188334881634892
-0.0014475230019490343
-0.001549085474927198
-0.0016288891395956234
-0.001651904989030783
-0.0016022543637553642
-0.001507682393728982
-0.0014327099968635573
-0.0013625658127778026
-0.0012805545338219907
-0.0012249078570935835
-0.001164084655738913
-0.0010731901910115138
-0.0009766165094756314
-0.0008224951517973632
-0.000606083035202671
-0.00048305813791373834
-0.0005042774760082389
-0.0004965362740132319
-0.00035009948813410213
-0.00010065182571282819
9.29675134142792e-05
7.268334441029763e-05
8.519197139334606e-06
9.297723665978655e-05
0.00022653029618197387
0.00033469473240034867
0.00041979000291393186
0.0005130506213760627
0.0007063565634170127
0.000959976574980659
0.001139375143765488
0.0011945129490523228
0.0011820354365740388
0.001176885216818864
0.0011449807684037676
0.0010448354412392058
0.0009623570085664449
0.0010328789662063529
0.0012467373007941705
0.0013970236348210254
0.001402142945195207
0.0013930065719492644
0.0014216591485726703
0.0015110331217981902
0.0016390388757231162
0.0016227144116857488
0.0014378331710495247
0.0012340346720281434
0.0010749271086762935
0.0009349705141157268
0.0007177909395968025
0.00045235809319512776
0.0002883564523095735
0.00016815991072878685
3.7178781819098734e-05
1.1226218914155497e-05
0.00012603496209549238
0.00040539798112124853
0.0008068651617064229
0.0010535017779769121
0.0009593375486986432
0.0006720866817084455
0.0003891506267713462
0.00012673233787629037
-0.00015028363033418694
-0.0004908522577459322
-0.0008828879618919521
-0.0011073621942941899
-0.0010642747933429283
-0.000950831487187216
-0.000865889480823191
-0.0007131701201589669
-0.0005408175471463394
-0.000573043148875612
-0.0009030117083381846
-0.0013362446566040692
-0.0015444429084108548
-0.0014519433223864958
-0.0012394631867815576
-0.0009729699548837636
-0.0005207932375670471
0.00019149203005792243
0.0006573552924721412
0.00027413296980866096
-0.0005628677601271339
-0.0012608046544720212
-0.0018817920631759675
-0.0023372292327221975
-0.002322416879038801
-0.002047590324737572
-0.0019278192096903015
-0.0016763520272471458
-0.0006073050913518521
0.0010612027722447332
0.0020332243124439016
0.0013413905474355366
-0.00036692610096404664
-0.001733641124643266
-0.0023437514513666904
-0.0022031898576972114
-0.0014070616006511714
-0.001018187852779827
-0.001832777296867559
-0.0027447521292016195
-0.0023200984165600395
-0.0011423987415741122
-0.0005540404382795069
3.9079978110591676e-05
0.0019136728170475927
0.004659653839305849
0.007033223596380166
0.007869782667529326
0.006322385173931252
0.003123588077055009
5.567049804618878e-05
-0.002166750897648415
-0.0037349221135641827
-0.004536819372008477
-0.004360027259898639
-0.0031328045274027693
-0.0011654351777845417
0.000227115335400087
0.00042779615190539997
0.0013126778252883888
0.003690923895955491
0.005148049971043009
0.005088193280078441
0.00546429441123163
0.0059798398538044644
0.005176406802983465
0.002974126818602124
-0.0003114842507433522
-0.0038105439720319233
-0.005884966504893007
-0.005956986105346635
-0.005059937056142067
-0.003996403519763708
-0.0035256878515626516
-0.004275707865457954
-0.00427515045657695
-0.0017156465688060538
0.0024854469812984675
0.007752127926182187
0.013006620100653704
0.015886441707066504
0.015724452276695708
0.013029268894473318
0.008640681346484796
0.0037615324581682756
-0.0013466133281044602
-0.0071392120579604965
-0.01322429763448451
-0.01708553392027029
-0.016169362414473278
-0.012810935898928752
-0.011401474583344843
-0.01062329601534803
-0.0074591821081516265
-0.004579941822961517
-0.005066360075509594
-0.0066545268762186575
-0.006897368802854964
-0.006666095175694536
-0.0067676241244469075
-0.00705054130580568
-0.006650943053855954
-0.004972109480684932
-0.0019234361632135821
0.004220758352537865
0.010893232681128559
0.011493643839163816
0.008829387425732256
0.011961882649431991
0.021082535367804495
0.02885154624772683
0.03159388144299044
0.03047208151480901
0.025847340663821224
0.017384557405789258
0.007847504021670518
0.0005609667506074681
-0.007282674431993055
-0.016248685301734622
-0.016219114650137915
-0.006080433885613135
0.0017149698232787822
0.0034921735107147633
0.0008672994013879665
-0.005653772002418317
-0.006213047302397523
0.004811079005250976
0.014961823662685642
0.0132630690456427
0.00234340283730948
-0.009747974533270143
-0.01604001939995745
-0.017253672466921145
-0.015472596823441483
-0.007594064793180151
0.0015148105131455765
0.0007154778712960518
-0.008456003391049035
-0.013664679057143702
-0.009997172836691172
-0.0010764951914027272
0.008908853517302667
0.013772305580747338
0.00893080415040612
-0.002519772164083403
-0.011084283711233997
-0.010494883839052949
-0.007835987491436415
