0.0
0.0
0.0
0.0
0.0
0.0
0.0
0.0
0.0
0.0
0.0
0.0
0.0
0.0
0.0
0.0
0.0
0.0
0.0
0.0
0.0
0.0
0.0
0.0
0.0
0.0
0.0
0.0
0.0
0.0
0.0
0.0
0.0
0.0
0.0
0.0
0.0
0.0
0.0
0.0
0.0
0.0
0.0
0.0
0.0
0.0
0.0
0.0
0.0
0.0
0.0
0.0
0.0
0.0
0.0
0.0
0.0
0.0
0.0
0.0
0.0
0.0
0.0
0.0
0.0
0.0
0.0
0.0
0.0
0.0
0.0
0.0
0.0
0.0
0.0
0.0
0.0
0.0
0.0
0.0
0.0
0.0
0.0
0.0
0.0
0.0
0.0
0.0
0.0
0.0
0.0
0.0
0.0
0.0
0.0
0.0
0.0
0.0
0.0
0.0
0.0
0.0
0.0
0.0
0.0
0.0
0.0
0.0
0.0
0.0
0.0
0.0
0.0
0.0
0.0
0.0
0.0
0.0
0.0
0.0
0.0
0.0
0.0
0.0
0.0
0.0
0.0
0.0
0.0
0.0
0.0
0.0
0.0
0.0
0.0
0.0
0.0
0.0
0.0
0.0
0.0
0.0
0.0
0.0
0.0
0.0
0.0
0.0
0.0
0.0
0.0
0.0
0.0
0.0
0.0
0.0
0.0
0.0
0.0
0.0
0.0
0.0
0.0
0.0
0.0
0.0
0.0
0.0
0.0
0.0
0.0
0.0
0.0
0.0
0.0
0.0
0.0
0.0
0.0
0.0
0.0
0.0
0.0
0.0
0.0
0.0
0.0
0.0
0.0
0.0
0.0
0.0
0.0
0.0
0.0
0.0
0.0
0.0
0.0
0.0
0.0
0.0
0.0
0.0
0.0
0.0
0.0
0.0
0.0
0.0
0.0
0.0
0.0
0.0
0.0
0.0
0.0
0.0
0.0
0.0
0.0
0.0
0.0
0.0
0.0
0.0
0.0
0.0
0.0
0.0
0.0
0.0
0.0
0.0
0.0
0.0
0.0
0.0
0.0
0.0
0.0
0.0
0.0
0.0
0.0
0.0
0.0
0.0
0.0
0.0
0.0
0.0
0.0
0.0
0.0
0.0
0.0
0.0
0.0
0.0
0.0
0.0
0.0
0.0
0.0
0.0
0.0
0.0
0.0
0.0
0.0
1.1549678946817688e-07
1.2888325537054886e-07
-1.942022479734789e-08
1.7516057772882817e-08
2.176573434028855e-08
8.655065031327725e-07
-8.182524201501126e-07
-1.2655421380226171e-05
-1.8271825933364448e-05
-2.7707439429683047e-06
7.875665011247443e-06
-1.2320569567691451e-05
-6.35814232323367e-05
-0.00011480858740408044
-0.00011988999278048861
-6.275281554896953e-05
3.7024491105164995e-05
0.00012874360533027347
0.0002789024661911794
0.0007030908984562047
0.0010561564974231035
0.00090644882264795
0.0006169191341581254
0.0005631534627267744
0.000659228083512383
0.00046846622179030407
0.00011681009523781857
-0.00013887636193398494
-0.00042378060213797903
-0.0005598592704690029
-0.0003513994407670699
3.583892141722698e-05
-0.0002374433419686237
-0.0009904390428220175
-0.0007689545443700324
-0.00031323973689216425
-0.00017844780868282376
0.0005279364700612178
0.0011444712850446762
0.0011494922598198822
0.0007111109526124376
0.0003161005401636029
0.0007687049293934841
0.0019395614384707229
0.0023238411156826302
0.0017262205977095811
0.002272866468389837
0.003836753516383263
0.005052293512647376
0.004169754885471672
0.0016463072600999555
0.0023298865295130746
0.004245329630654197
0.0018548290058001844
-3.016522679408537e-07
0.0014201657978785798
0.001143337806427267
-0.0009544932864285978
-0.0015588813861004273
0.0008730973770377003
0.0034509188336748747
0.0016138167192582208
-0.0016235084430791119
-0.0015350212695855955
-0.000639110847992378
-0.001537915952634314
-0.0021528453248975798
-0.0015396119221001675
-0.0007480204287143421
-0.0006002694804716432
-0.0021884763508433136
-0.0034868303976830065
-0.003338076870727781
-0.003701021003053839
-0.006727551880819466
-0.009787580358156151
-0.00781902672859438
-0.004939457565860156
-0.004664291740880291
-0.004638154402462945
-0.003633955781328935
-0.0017279104350882393
-0.003954992025570129
-0.0077463728289112405
-0.0065466345212534666
-0.004862985941052492
-0.0070756055192172885
-0.009345604530710455
-0.009585804444525711
-0.008965943441031897
-0.009459443871203217
-0.012285738738417611
-0.012802352694290392
-0.00829714418135133
-0.0034420894578844844
-0.0024450313118506684
-0.004392922961062334
-0.005588726519991384
-0.0042673613947231005
-0.005031556306442042
-0.006763296144427741
-0.007009760331617331
-0.008892181079081796
-0.010301193973673939
-0.010523719782142171
-0.009638622080752496
-0.006937915708034356
-0.00593970363414884
-0.006996866563418356
-0.006542070823949475
-0.005708232003404634
-0.005469770878402553
-0.005253064351214874
-0.008018941618061269
-0.011243361755328403
-0.00971708228811213
-0.00678928757083029
-0.0085295260893962
-0.012077198809100576
-0.012582214732253426
-0.010822859187236116
-0.007512313902951019
-0.005344926844663535
-0.006521661735392076
-0.009144942777225044
-0.011023511536186944
-0.0077714302612533785
-0.0019000260541882277
-0.003312336872970996
-0.008617239592447236
-0.010095380038797204
-0.010680259326785195
-0.010707337220054802
-0.008322047177170458
-0.006515898993537381
-0.006011261333246457
-0.006756564267529579
-0.008073588307055802
-0.00625302422847379
-0.003930986870324568
-0.006413818468631208
-0.009590816794206444
-0.011919977667824176
-0.013157153885193645
-0.009745413955790615
-0.007890248882108911
-0.009797490053125493
-0.009871967984933682
-0.011197466797405405
-0.014326210020505943
-0.013561049215604996
-0.011216523921979986
-0.01012843840854851
-0.010239854189202936
-0.011041698959503328
-0.008503192945449437
-0.004484008967660131
-0.0045721587517423235
-0.006313217163340783
-0.004933336077126047
-0.0013211552911517707
0.0014697037387847282
0.0038052326303404517
0.008726306613034978
0.011329814016882937
0.0068583839752379945
0.0047168579613291
0.006735346350654772
0.007674633814877285
0.008666272243953187
0.010743181723940778
0.015339448621293772
0.019884622038051185
0.02077110090223648
0.020557326276654186
0.019575812384146775
0.01565664162923553
0.012500662963510604
0.013011283225934648
0.013987245969302044
0.015657057619799655
0.017993002678892655
0.020750006291093304
0.027501648494518888
0.0329815041788764
0.03119105615729756
0.02599523187623341
0.02310828622152339
0.022760601133096504
0.02487550668015773
0.029998485465654215
0.02997564272247187
0.023204188776674496
0.01601119925393631
0.01409298218017538
0.022346661411026404
0.03460045950310696
0.04292912712563162
0.044428608876520656
0.04507185572736261
0.04902584656362412
0.052120324806939546
0.05556643769087129
0.051711226575455425
0.037484806076079125
0.025689471675771007
0.024688856754951312
0.03220575056499119
0.03939209055413388
0.03956502903026524
0.03128956991229861
0.023442428524987777
0.020798735122949476
0.017690840062216513
0.0068957044869347554
-0.009928258934888586
-0.02326502779437246
-0.03619905276696617
-0.03681001290652922
-0.018269639189410446
-0.013481182638327018
-0.02933194533303759
-0.04256311382828751
-0.04981470496653937
-0.05227925366650294
-0.05038707785469947
-0.05579453019673344
-0.06364784559564249
-0.06005518585318057
-0.04594482562986987
-0.03228054701483024
-0.02697025146031755
-0.022512717009997612
-0.026651998155513893
-0.04512179607130368
-0.04731605112761701
-0.03260025892228099
-0.02849592359101299
-0.028721120523953543
-0.03403944487840384
-0.03994863883009734
-0.020556899356130896
0.008783969220561856
0.02095375632364657
0.01029650535068453
-0.009742234038364656
-0.013025068256421956
-0.0030540492161750723
0.006460147516124632
0.018201569591466384
0.021353200725770887
0.013170818332347619
0.013667673339754365
0.026159536129570612
0.03773313797506928
0.03380508622806987
0.012901446381407559
-0.0060553406874622314
-0.015576881527774023
-0.015544805390968818
-0.00953576637179826
-0.016179224828869913
-0.024875918150029028
-0.024478511504201945
-0.03891496772112662
-0.05877119812788252
-0.061888075780439866
-0.060909310019961804
-0.06306481637686982
-0.07003296948952235
-0.08143874249924345
-0.08322110984679912
-0.07594214839796411
-0.06564110392110482
-0.05411539840472637
-0.05260110050472359
-0.06299494952672023
-0.07204054200527352
-0.07207202139448814
-0.0627746278573608
-0.04900126823780708
-0.039013374445762423
-0.0420795994543429
-0.050711288172215686
-0.033706675379243704
-0.0009964863688668693
0.007977703391443249
0.0004685570938943783
0.004888340607062505
0.0174836457502417
0.02038856399133196
0.02482986666525796
0.048964709156229226
0.07291229432330762
0.06877186396128711
0.06068665274644098
0.07974801447291598
0.09071744243877618
0.07454194624682814
0.06914576342252196
0.07473430176500355
0.06098857508073416
0.03398655517952122
0.025416477488725726
0.041787749385396714
0.055043014970095124
0.057970430181544144
0.06466564157739728
0.06707508819946086
0.05358410825455119
0.0291464382601276
0.020286598992162362
0.031137257702234775
0.03744187549114149
0.04323860318489059
0.053328405679479225
0.060527703915348084
0.06657698137675634
0.06888528774516825
0.06347988095418557
0.04932597222791305
0.04210464040332379
0.056508740264392746
0.06767261651676247
0.06818377620031106
0.07859568075209146
0.09489801923144993
0.10544774998976447
0.10732487918505235
0.09604134562981424
0.08616305330550779
0.10413018130149689
0.11701940151745979
0.09578851929030702
0.07900399298893813
0.07732884895712375
0.07625765400781338
0.07824201118265496
0.07264934543585677
0.05199139435787978
0.031732774193859815
0.024694406816068836
0.031180200947927866
0.0400513627605087
0.02762910574207806
0.001681647052725684
-0.007353132605900593
-0.006359214701748528
-0.012697311593741076
-0.013000508180471283
-0.005607150588681096
-0.016840486520681333
-0.036779834080618926
-0.03997198749017959
-0.03823164377431603
-0.03214195447598956
-0.011123782976088369
0.004088191943072919
0.000697927011519095
-0.004846986367454094
0.004985791592218198
0.015996619949249773
0.0026366264404798245
-0.02930613731523552
-0.06213494471795134
-0.0732773758787512
-0.06448541398742406
-0.054729937826520435
-0.03641298685830102
-0.03119646594230675
-0.054792671743260295
-0.06487390501127382
-0.0508574631142023
-0.04538806082362864
-0.05163790968453945
-0.05338449185678963
-0.049427897542751086
-0.04931719332512514
-0.059801925049322587
-0.07277954943346757
-0.0712570193880779
-0.06438958514787954
-0.07494996096814784
-0.0874738934255962
-0.09303414068302678
-0.10531173192365464
-0.1194389253366909
-0.11151088287319715
-0.08585498065546959
-0.08689244219645163
-0.1129199760503394
-0.12894158178940854
-0.11963491646904237
-0.0885310464554835
-0.05685428912794816
-0.0388367917370921
-0.029621285403495335
-0.013775749194984116
0.007709642123673641
0.009324328435304823
-0.008915191218525433
-0.02385017083175849
-0.03535255822432309
-0.026827888594082888
0.0011398612567653232
0.015133221863207012
0.027371453786390762
0.042410678541353594
0.03300276606230011
0.018263955875042717
0.013817724098077085
-0.008271601669898309
-0.04083800150431181
-0.05069101781824819
-0.040956937716113855
-0.03971625515006613
-0.03653069529127567
-0.021162569886264988
-0.015463188395493568
-0.01811513113098363
-0.007937724651764781
0.019365197128444707
0.031809926444768606
0.022278706961570784
0.0045939913530537845
-0.017797937969306947
-0.018931249192540123
-0.009349790800644115
-0.005374543036972501
0.00727721766977885
0.02314032554620748
0.04349221795587685
0.05856163598180931
0.048676509342156574
0.022603632217761148
0.004588081878618807
0.0006976726755015029
0.00116351383459798
0.0017283024266904555
-0.010422266144514166
-0.01853352780220215
0.0060553583691933055
0.0459039842938378
0.07823859699955103
0.09176964645721897
0.08756426096970267
0.08041915747013305
0.0678894848322284
0.05738367941091147
0.0644771777538334
0.08099450566028246
0.09650606190473361
0.10044217842620451
0.09646054493505303
0.08493920535957822
0.060847997306550314
0.06205227916679325
0.07801076323122827
0.07348206104332339
0.06690475393626624
0.0446568277501172
0.014756502361907536
0.015293445275572973
0.04401216071620801
0.06472830095496615
0.048002114021129284
0.030422019687593387
0.019802232030132514
-0.0006524473895207763
0.002518158941838342
0.019113141604431526
0.012883068741917926
-0.003881853944259508
0.009022080737034234
0.04048311567535913
0.03228904897851687
-0.007422375041975635
-0.03328690093343873
-0.034797266293632535
-0.020239236807274116
-0.0050432115963358875
0.0019060285914628548
0.005912390826041508
0.00017736814017729638
-0.020054953614727356
-0.027015370479630988
-0.022144674974143637
-0.018796262725253452
-0.008337986200689219
-0.011898311727414299
-0.03419800812852749
-0.04632017410216403
-0.03718241130053282
-0.020785155516468676
-0.019364545061346262
-0.04044888056185876
-0.06613603855366249
-0.06523818903921931
-0.041395317905709425
-0.03060847245781094
-0.038794974665392536
-0.04567339589427214
-0.04310700645485689
-0.03265330266740028
-0.017737492346112157
-0.017819944619760872
-0.03265514033149985
-0.03372399682523713
-0.02083095620030844
-0.004335155267130304
-0.0043082986659356785
-0.03706668108787474
-0.05363744739245826
-0.023276428127469464
0.0017088367475520613
-0.009462532180559194
-0.011248285240107174
0.010915310363525556
0.014270687472556345
-0.0007245537870514249
-0.0024316976689226304
0.008918103291891851
0.014074504331158753
0.009157396529227495
-0.005205009929720068
-0.027593819806338397
-0.040255173406539335
-0.02375438480394704
-0.0015626081178638643
-0.004375707090906488
-0.02457858474347143
-0.049198456305685694
-0.05606177079742035
-0.04127406742575867
-0.03590293425086819
-0.05216555338449749
-0.06886914298142643
-0.07415145004701866
-0.06335482945898663
-0.035461371110536384
-0.01768350285332727
-0.018828653926352943
-0.015665796879145735
-0.011372245517335284
-0.009028133832597998
0.0013409126379627931
0.003532419462503169
0.006503582878887085
0.0300372552347685
0.05425913666852686
0.05172915196515854
0.028273084274029275
0.010688760112162302
-0.0023773692300121016
-0.005969520784211905
0.001446060237758447
-0.004161583679514082
-0.012367509825678196
-0.006013312691747712
0.0028942062114620404
0.007961967027679012
0.009066090156854707
0.0033284992434687638
0.0028084949784241042
0.0014158603842028838
-0.0035362781456611536
-0.0023796479742608737
-0.016449836955028663
-0.03570072441546038
-0.033884814231094594
-0.01569443970448717
0.010541621712913448
0.024894014913940367
0.01939317353337321
0.015607039014229267
0.022753597154579183
0.026265120646477125
0.017553406523119566
0.004856001426049752
-0.0010216154108922328
0.007231133516684963
0.022557327566747647
0.03496287959060555
0.04467814517624529
0.04594527460999918
0.047770214881778045
0.05743985959243589
0.05390776469277797
0.035151507029788254
0.01859519183236704
0.018634023926034138
0.034280696915761126
0.04660062195331989
0.04636100012085881
0.03934596098512893
0.03902888815019
0.037739299249834116
0.02643476911620756
0.024437267818643728
0.021741042749342007
0.0002629772159927794
-0.01120453153013577
-0.00032802041270825835
0.013792928273175556
0.029249783618359962
0.02575627925244676
-0.005516472368914221
-0.01215021556063915
0.006569293231436472
0.004862337597413678
-0.004413285192873951
-0.007721037623145637
-0.012789002539123066
-0.01347017211064426
-0.00706296903195781
0.0007395919747095081
0.002996405971867151
-0.0004951260179707868
-0.003177746615374221
-0.006299073593389686
-0.010414212351448226
-0.010817085949521132
-0.014622836788155937
-0.01695786709933501
-0.013383879916100162
-0.0050901347521122835
0.01805047349124256
0.04559922356431288
0.05879835141741445
0.05238561303685139
0.0364174559213606
0.028852047271748907
0.026984847236958705
0.02006355559113524
0.009755665447866005
0.00788631892566158
0.016089865359963776
0.021272695954097167
0.019262871711354483
0.0068342690206951145
-0.009193834594515038
-0.01992722495118294
-0.028678597081274803
-0.03111690707462592
-0.047530624356522604
-0.07982728464777941
-0.07796857845737729
-0.05848428185132434
-0.05518608899204006
-0.049566375927222295
-0.0609823523977671
-0.09327575696184019
-0.10034566849327092
-0.08257795857400567
-0.07036769628650129
-0.052187011754524684
-0.028515996544645105
-0.029446425615613565
-0.038872533759412665
-0.02982392315197231
-0.010983727944953356
0.01056429965948847
0.030816502368779433
0.029015067021789638
0.007114528555835978
-0.00043493068801282964
0.014438023545801511
0.025355978849194598
0.02068871438654075
0.009886901237867248
0.00035990096335913587
0.008219828882341124
0.027104225342110468
0.020625216083278247
-0.00045050046551074237
0.0026183381339783245
0.03255067566355802
0.06106472774913332
0.0723187049534458
0.06776334964800756
0.04768677844138935
0.03644933025225469
0.042911469047253535
0.04215303600216844
0.0354206065320063
0.034033262338334036
0.034362271009816835
0.030373447786605473
0.011953736699385207
-0.0055357115236456126
0.0006029866387192475
0.017274135113312616
0.02949308204976321
0.0262967066133349
0.003702462119307743
-0.012878156736516143
-0.00761214542000456
0.007033345700626777
0.020148964347556336
0.019722025340577987
0.007546541561044454
0.002931983452758791
0.0031089612911046954
0.005228415651465072
0.014233317373606167
0.019266025842700027
0.010941892634606053
-0.004696275310913674
-0.017977668412202465
-0.030813520352706934
-0.0396454374693255
-0.03460932878696515
-0.018646941504937616
-0.006213276521242136
-0.00860018668013501
-0.016478696744949048
-0.01749194601770536
-0.021288302965341302
-0.03533330793730269
-0.032195670368932124
-0.0036705928414823485
0.017949830757028162
0.015828080094954202
-0.0006610051438634709
-0.014574508515297917
-0.025572075605235146
-0.031862850597282555
-0.022261437688367424
-0.01057742678308771
-0.0110004402375648
-0.01788057632977012
-0.030892342618513743
-0.04255955859115052
-0.04174699554932564
-0.037019815910864375
-0.033816143343610654
-0.026530216963565445
-0.021202728342189454
-0.030223598128181914
-0.04426828739601525
-0.04313743667731492
-0.030029273817039064
-0.017560354237078715
-0.007822522754157145
-0.0033076726931317376
-0.0067237153038606084
-0.00848153435715402
-0.0006754025479752779
0.009584802330956849
0.010092568185202119
-0.004092305559410879
-0.016457264803746305
-0.01782235104292276
-0.01752819949906114
-0.01908354892365196
-0.023770311130667854
-0.022117116946319872
-0.00790904347241564
0.0017938997081233638
-0.00307421150574803
-0.01268958171550134
-0.015165414377358351
-0.009177215323108548
-0.005466231671796576
-0.0063495209129109395
0.001156505248539327
0.014764613789901373
0.017613357145342894
0.008368135859928775
0.002226434089419057
0.0032169949657523387
0.009929533619866681
0.025767169615465203
0.035142805999019915
0.02592266066253847
0.009498838897997196
0.00103025324762658
0.0019282156327637132
0.004648817648660068
0.00861371918061766
0.012180555066642357
0.010536016630995232
0.005639988421195197
0.0003644217563689022
-0.004954962286917444
-0.004163691041400353
0.01086357649424023
0.03181291149040196
0.0359982117101898
0.024032977506983896
0.0161423155560729
0.01349683101237457
0.011728361194467069
0.012360141982433131
0.007843795878648913
0.0014975388612883565
0.006273974655267351
0.01094165213308835
0.004501700553896469
-0.005816550324314322
-0.012089473565287329
-0.007258223661399621
0.00301316234210851
0.008825866341296113
0.00594433476758927
-0.005214601187388285
-0.015874749973858425
-0.021459152419300596
-0.021194806872681504
-0.01147073455869618
0.006005122103498395
0.018718908958967533
0.01569652350785172
0.002818878409357069
-0.005341480280763335
-0.0033246450081320022
0.004938833064137691
0.009445059296390855
0.006987024830788224
0.002381870023368244
-0.007437337339381583
-0.019762390615271935
-0.02252904809995173
-0.014236121139282593
-0.0033600845035467986
-0.0007737375478208026
-0.008059410647309083
-0.014823870732167345
-0.019266574219520525
-0.020749464613158144
-0.012704909429555883
-0.00260429716807265
-0.0006702290529969813
-0.005825748668864093
-0.012762680184332369
-0.01437683853230579
-0.013461046872110274
-0.014273823775041753
-0.011459329519748675
-0.009206530990908516
-0.0074164855604579
-0.0034523764292874438
-0.010433861352680264
-0.02084165452738526
-0.016738227139514117
-0.010343827926271271
-0.01334580143010026
-0.014146157510902944
-0.0078945335186392
-0.008378474852804171
-0.01863596126179614
-0.02174008969778494
-0.013384314453528206
-0.00429446340610401
0.0023966399416749367
0.006805810122309339
0.004423921915033086
-0.0027463420673915053
-0.0034060095961330537
0.0006568805812657782
-0.00046112714477013217
0.00043405972554294754
0.00953543888108669
0.014697483923118612
0.008889369497396628
0.0023459515666156166
0.005191002542536468
0.013622494477045744
0.017440086693981192
0.015377021052537524
0.01302170975475365
0.01104293517889394
0.008911350925281256
0.008066112357301324
0.008225990838979376
0.008808807685473074
0.012471856820163042
0.020041245965747436
0.022387924038788934
0.01703996391030731
0.0137431330237282
0.014373043751827453
0.015057946505011483
0.013638529799142247
0.010309094028340822
0.010078922435724504
0.011465739505152235
0.010578401281880765
0.012478170284933835
0.01658942063206802
0.0187234343529106
0.019370421011049393
0.01735378843745472
0.01661672691563427
0.017539399790735904
0.015557348904792812
0.011646740280115834
0.006983202598816781
0.007403106089308
0.013703252678308266
0.015194914719374078
0.009301384135934766
0.00480797935241577
0.005846293128437208
0.007104535685513632
0.0041852059930212165
0.0011974730836375202
0.0006659215528225986
0.0004182354887055821
-0.0001254800266519339
-0.0023016274959060503
-0.004409407095473171
-0.0037306456220626066
-0.0020628013185159198
-0.0006314327661822526
0.0019518725551488114
0.0031495387546207963
0.0028808961966708077
0.0059522292708440215
0.009477166858036961
0.0053334213802122
-0.003106427496808618
-0.004353905625850308
-0.0013957845927562867
-0.0012860432125317589
-0.003012934310433468
-0.007660970429418545
-0.011639756462551594
-0.00975332071229604
-0.005697848742929967
-0.003107241514287723
-0.0027878494649410967
-0.001767383931810953
0.0021954088758046886
0.0016367851631718267
-0.0037385221768749055
-0.005404534786041504
-0.0042044657147695605
-0.0018129135233766955
0.0008223086986330072
-0.00029698314696889806
-0.001642326514091586
1.0214262281054088e-05
0.002511741756063533
0.0057882716791064414
0.005700923151676468
0.00032262255753320494
-0.002502867185439708
-0.003920700943428368
-0.008100096265040322
-0.009799837609808147
-0.007557756303695346
-0.004951662519733578
-0.003365740499516248
-0.001883978194118775
-0.0035650080747561532
-0.0064187174865188495
-0.003232757734177741
0.0015680447022276627
0.001567400275526201
0.00020739156475317307
0.002455226123398313
0.005230278167809595
0.004078002604227266
0.000759039824430328
-0.002170447193809658
-0.0036213546805957133
-0.002696448776660346
0.0008601311893991624
0.005556033426236312
0.006054615232219993
3.360390485006005e-05
-0.006927554599534643
-0.008494221973310246
-0.0047245318189764254
-0.0006952352859475694
0.0010486356814522835
0.00021069178851194887
-0.0012285274813598627
-0.0033381816859815567
-0.006588959609823656
-0.006890614736650191
-0.0028426862190170446
0.00338831725657398
0.006247769352070794
0.004910201167206068
0.004799455367135041
0.004905140855389459
0.0035178421797209536
0.0037729026387929225
0.004128361195626091
0.0024384522909772963
-0.00024392855352872486
-0.0026610002253460137
-0.0011335484523447568
0.0017039723541217332
0.0020690624578416465
0.004153265300370604
0.007402395771391963
0.007179445565212088
0.003164733155213633
-0.0010077405456938792
-0.0013524738521836237
0.0018974083880983622
0.005044908660042475
0.0060805483401677
0.006785103482489038
0.005786329406987145
0.004205211711183134
0.005464969722247818
0.005240431405962165
0.005180393979758139
0.011143318424919769
0.014354010788671196
0.008395064008142094
0.0023881437512475864
-0.0018117938297844973
-0.0037636931254186913
0.001545068087391246
0.006814707121006588
0.0068514225550457
0.005113533322842517
0.003983001041053245
0.0035250167377903546
0.0002944434507739279
-0.001547387332447915
0.003091211495293767
0.007504417244773009
0.006024999769010803
0.0003047980939024155
-0.001976838951939759
0.0021491646361661964
0.004195354590169327
0.0017941721690216974
0.0008974464670563101
0.0025878519655485183
0.0039348473603965425
0.00015935792999160445
-0.006050709796937956
-0.004640186063436273
0.0015047516392264883
0.0025234920563990595
-0.000616656588857262
-0.0012113463172684434
-5.1568311786498364e-05
-0.0035384124188683236
-0.009934841612315616
-0.010917011416837692
-0.0056466986141845464
-0.0007568102157984129
-0.0008318100819083569
-0.00507788869524184
-0.007270482816027438
-0.005064106504365777
-0.004611998213219409
-0.006467558748475776
-0.004180383181531159
0.0006869387139930442
-0.00032483306570848305
-0.006636840264242134
-0.011118089127803344
-0.011334254411331462
-0.007400261372389863
-0.002491043702540434
-0.00012883058844324937
0.00027572597160897193
-0.0023243595330395173
-0.006024676678624951
-0.006793545134283266
-0.007303828022859691
-0.006746610525865804
-0.0025557699922299365
0.0006681204442397642
-0.00099874405711077
-0.0052827164608143535
-0.006377922626061581
-0.0032146823492918376
0.000284211161481296
0.0013126467961112845
0.00042301952740846137
-0.0005925813101617961
-0.001132767125688638
-0.0018798836999569136
-0.004773642544697976
-0.006141256133326147
-0.0005514345839142176
0.0073168265037609785
0.008995327581637996
0.005487868812719322
0.0018703512451792822
-0.0017039825691324035
-0.004027582576825517
-0.0024258025101784567
0.001792919401455299
0.004471491560722746
0.0033255026557454676
0.00034253489848390617
-0.0004459961760983976
0.001133170209537044
0.0019776385145362082
0.002919167608167472
0.005438877797618362
0.006354899220462956
0.0043111617310250434
0.002368582127587241
0.001379334238484449
0.0006416652744720711
0.002103530708320435
0.0053459874181206925
0.0071281531183174825
0.005590340837355493
0.002051723830056083
0.0013224978543059972
0.0031404649588996263
0.0028059404592347854
0.0006251254716509599
0.0009626164342537582
0.004006976908032835
0.004648972783392027
0.0029431138748840604
0.0013449508742345393
-0.0009703258415282691
-0.001525149385858219
3.493436402582063e-05
0.00012663106545469954
-0.0006897701861564866
-0.0009650306368559572
-0.0005738302848187097
0.0005371581811978716
0.002063081766460822
0.0035905247093897612
0.004518143900928773
0.004847455141629882
0.002892885153886685
-0.0011098877561940895
-0.003737777172135194
-0.0046691267810003035
-0.003783332589863437
-0.001589478958600903
-0.0009830776255405126
-0.0017346512040807653
-0.0017214158279379487
9.669186444600829e-05
0.0020667978835442313
0.0005491689498057373
-0.003174616907746188
-0.0041020602336325
-0.0019130349294127701
-0.0014382969660302334
-0.0041052941287875915
-0.004918638459793114
-0.002132778253875408
-0.0005882422019245028
-0.0014692163407790198
-0.0018960261220757953
-0.0016935111050830442
-0.001211246097997416
-0.0011082486480812237
-0.0032828942482243896
-0.005573653324293802
-0.004461928926313015
-0.0016729532775874092
-9.606137853327775e-05
-0.0012719707398960816
-0.004279967185971924
-0.006003437630508387
-0.005284995934246818
-0.003143349883952676
-0.001861402480269148
-0.001784858761092826
-0.00143445006800083
-0.0012200066298590194
-0.0010818957641651515
0.0005278793346227691
0.0025062260678931697
0.0022026108884890517
0.0001298294566483602
-0.0015929681904095568
-0.00274955413247989
-0.003274195987067801
-0.0033271263830319604
-0.0031785800244657175
-0.0013290122128073536
0.0009746019260215649
0.00168973977560191
0.0009945835287829986
0.00021803449713438992
0.0011416761581341138
0.0014166058094904567
-0.000691598070541793
-0.002976884152290322
-0.003553360268473532
-0.0015014210319502098
0.001461556980900921
0.0025184441135897516
0.002294238672101136
0.0020306667595469626
0.001220142615810653
0.0016127026995233508
0.00332535756528432
0.002452606895955087
0.00035641651461227014
0.00031190205126882
-1.965144904121012e-05
-0.0011200415220663643
-0.0006572852776584426
0.001213868305620359
0.003013558752940359
0.0032261289953777837
0.0012245508693558894
-0.001473815469584671
-0.0015169237772097
0.0010518937366560768
0.002784363580335827
0.0027162506547224155
0.0018819431191464224
0.0017040182922318423
0.002176137470225575
0.0026110240201139717
0.002112637378781156
-0.0005489536916173485
-0.0026516841662766995
-0.001346633908704398
0.0006770681493143278
0.0008177011771708923
0.00040975200345348196
0.0006822671260388341
0.0011081524409883284
0.0007530231196139965
0.0005081177950296186
0.001055449377935792
0.0008485123638707393
3.542393299262098e-05
-0.0012505903088849558
-0.002897582552088729
-0.0029334104102071365
-0.0007927014402659061
0.0021283687966712705
0.003744303461495945
0.003270661456846856
0.0016351563616883744
-0.0002412903064879244
-0.0013108176854058178
-0.0006009630894226691
7.865880286615159e-05
-0.001482642506216335
-0.002768636952260165
-0.0013799034660453035
-0.00023953093974143848
-0.0008239299145107759
-0.0009516176131018621
-0.0006593131551453227
-0.0003637194946782735
6.435214322721971e-05
-0.0005577111760085906
-0.0012141907803245096
-0.00027712658807058625
0.0006202400668602762
-0.00011071825866283434
-0.0011925291495155513
-0.000920648503826561
9.33952696864836e-05
0.0004153229049651218
4.06026903287554e-05
-0.0006479778601220632
-0.0018648496511350539
-0.002887526111371493
-0.0022070819134169047
-0.00035105675474422874
0.001035314676161604
0.0014481477655633275
0.0008171176313159714
-0.0008548798862349098
-0.002586198099338747
-0.0026981277909195788
-0.0013897087894685545
-0.0002726392413644927
0.0002504430937463823
0.0002281597892506896
-0.00023553764239475408
-0.00035425089329646926
0.0005466628837784063
0.002205549539072101
0.0025664189884260437
0.00103244733799058
-3.694827031062248e-05
-0.0006888440061542325
-0.0017199483534560212
-0.0017948835516805363
-0.000986948168659651
-0.0010234234479012852
-0.0017467786305940126
-0.0009093289665542597
0.0010976810062831234
0.0014890636198161354
0.00012870653811953707
-0.0009301258706098345
-0.0012202949034272284
-0.0008171707800760349
0.0006922387279995074
0.0016993435734709347
0.0011568792289726921
0.0003614066219932588
-2.8391281668747354e-05
-0.0001394177045168752
9.204695441012011e-05
0.000548504204322785
0.0007825857897911942
0.0009581961911165124
0.0010346973850043951
0.0002477425883929124
-0.0008253878527620173
-0.0007722570010556621
0.0005025031119165255
0.001194900430365106
0.00029190196171017196
-0.0004398785553881729
8.325266678347469e-05
-8.0703070575272e-05
-0.001476235864790138
-0.0010316530850857004
0.001169561664004529
0.0019814320828133174
0.001819963505584996
0.002022746103259433
0.0019142218689431492
0.0013937173203135
0.0008324907833171601
0.00031313598335775815
0.0001463236237293713
0.00014456752328531822
8.435903609475386e-06
0.00011223991427470383
0.00036828635145416314
-0.00019746833773395518
-0.0010386410358989506
-0.0007188262744345535
0.00041836063807294225
0.0015641989512826067
0.0019207232327662577
0.000624133526864099
-0.001168999488506167
-0.001396700812885793
-0.0001612331908617764
0.0010995756607684978
0.0016438200621978533
0.001514727711909502
0.0008068761825597593
-0.0001640871674698621
-0.0005756702854416803
-0.00011851369999790432
0.0007429372780472031
0.001185412380664329
0.000559356594402703
-0.0005346895858695533
-0.0009785206468609891
-0.0008481057250145942
-0.0007854812013570692
-0.0011113807852614168
-0.0012594886831526226
-0.0007886993416232488
-0.0006871286070965268
-0.0011044203668604674
-0.000997346879121195
-0.0006244569900246558
-0.0005081797252085779
-7.338121319687417e-05
0.0005837344578163674
0.000619156512734594
7.095847614306478e-05
-6.95765756228723e-05
1.9916052533658796e-05
-0.0006346653445034773
-0.001405322607660903
-0.0011053810520974539
-0.00013898288951847283
7.72266825685456e-05
-0.0005107949865093591
-0.0004416065848672694
-0.0001807756450421841
-0.0011585915541348984
-0.001471464014458206
-0.00021411010141071137
0.00048395816666316736
0.00031166114410390987
-0.00016233254369134144
-0.0009012841543468234
-0.0012093522806007457
-0.0006691976129172902
0.0003819771886060046
0.001439552389306106
0.001731991996150049
0.0006439685949077072
-0.0005710178900221628
-0.00020778308202652144
0.0006588501898824143
0.0006934110827537816
0.0005408182129533918
0.0004867503430036566
0.0003898937508395772
5.5789722874174145e-05
-0.0007382619352803943
-0.0008802207556128901
9.848066508847579e-06
0.00040956243747302903
0.0002546231416837414
0.0005298706549020432
0.0007708739238939129
0.0005264595191950971
0.0004370370246160013
0.000632505214402798
0.0005717407523995503
0.0007657618412502882
0.0016288584655532656
0.001734172251634878
0.00045401024815285734
-0.00027306945816109015
0.0003269327785932964
0.0006932489346155267
0.0005435641328653999
0.0007185169717878649
0.0010477802750450047
0.000917282885217598
0.0002784592398049049
-0.0002799022297609832
-0.0004303985125583243
-0.00031736087405558733
0.00013685147120751865
0.0006517081176379238
0.0005223899937125541
-0.00012013918011058675
-0.0005988190049739774
-0.00044479914366980447
0.00021046988051075724
0.0005987015758491156
0.0006208684272243724
0.0009183204978618782
0.0011171956341336567
0.00019292605218211022
-0.0008215322317947326
-0.00038420042088257414
0.000387374629122468
0.00028615981496443927
-0.00012664686823072823
-0.0005090204033978754
-0.0005715074604033729
-0.00033689087491121776
-0.0006640135598066059
-0.0010889657879378741
-0.0007291372803318111
-0.0002705431342702188
-3.787381178168297e-05
0.00027583420576862434
-0.00017713905337689775
-0.0011005449090724247
-0.0009778813759707718
-0.0002770540466641949
-0.00018150773568081845
-0.0004995659581629244
-0.0001976979897304148
0.0003773146476227087
-0.00027065282311232675
-0.0014836451751951648
-0.0014112761520010725
-0.00025696436830419936
0.0003936163081459394
3.336859434112765e-05
-0.0005539934326180338
-0.0008056154294595092
-0.000802860078341277
-0.0008276140863305952
-0.0010329604210796044
-0.0008954278868158285
-7.119317474692569e-05
0.00045287884790155695
0.0001790494752074275
-0.0003084661582350431
-0.0004391739485463264
0.00017744006651239117
0.0009891737085000265
0.0011431859200237296
0.0007692824112503771
0.0006620242630038756
0.0010874251451413232
0.0009849588681437372
0.00017950149668408748
0.00016173033713524142
0.0008751781971556879
0.001070960345047496
0.0006646546080837214
0.00022492452553834734
6.670848735804503e-05
0.00016452074761414955
0.0001428716004205446
-0.00014559511079495442
-0.00015232045142375515
0.0002640981978583857
0.0006140991634588854
0.0006259083737961271
7.127249049891593e-05
-0.0006967355269772476
-0.000559701148918085
0.00025113671125007674
0.0005619047192285018
0.0002843195451304114
0.00015396529554995934
0.0005870835705942387
0.0007473889094425104
0.00010213535405583177
-0.0002084835219749386
0.00055164121208873
0.0012883961084132248
0.001006738707707868
0.00039738979150759005
0.00024489413726646865
0.00048501334608294107
0.0007721223574740148
0.0007131342223351767
0.0005406007647007396
0.0007625971400713942
0.0010246816832770685
0.0006507289231524222
-0.00018231628706048134
-0.0007729077953555935
-0.000762810005525719
-0.00033479333051150147
-0.00037347031739537267
-0.0011012690807885009
-0.0015019635060044994
-0.0012052287654316192
-0.0008900969527086583
-0.0012394581144352327
-0.0016689967330337353
-0.0012872652326089014
-0.0007433847433040068
-0.0008606424749388903
-0.0012947037336929156
-0.0014053983297050196
-0.0011006468190701692
-0.0008358628921660819
-0.0010430504435879914
-0.0013881982050900784
-0.0012443743335501173
-0.0005532085927538186
0.0002697587091549278
0.0007700868703335848
0.0012685601919209177
0.002203594850244779
0.0029803257690606652
0.002989631349347785
0.002411843322574465
0.0017091465396228166
0.0010323941290521416
0.0002654096075093063
-0.0007700697951331364
-0.0017963007549913238
-0.001773948879473974
-0.0008390922792358966
-0.000541480198017761
-0.0010666042612342945
-0.0015631587653173705
-0.0019510166963807264
-0.0024623609603380858
-0.0029392624498205734
-0.0030138613782793497
-0.002669231136441435
-0.0021715235337969926
-0.0016917871462294879
-0.0010930941069851878
-0.0001464676789940063
0.000910416477213762
0.0017610730687998642
0.0025380464113504723
0.0033856825604519935
0.004254328177214549
0.004917921086964467
0.005298799653291266
0.005398884562181619
0.005089164698988407
0.0048703472308835125
0.004908846321974565
0.004316051000200178
0.0027361995824926708
0.0008165553853513171
-0.0011262184792897995
-0.003345337024704006
-0.005349536906429731
-0.006395043386609157
-0.006539153550461623
-0.006154961930845775
-0.005559824567793623
-0.00499343143773842
-0.004483154676574218
-0.0036759516987392793
-0.0025414993025101584
-0.0016737012496557421
-0.0011965794479405828
-0.0006825648410991438
0.0003324371836230306
0.001906769393158383
0.003435154858117966
0.0043851619381531795
0.004816465748254788
0.0052226145695975
0.005540666593334589
0.005342240127760617
0.0048904164672520425
0.0043154403006550384
0.003445008385552002
0.0025987832367975906
0.0020885043387128092
0.0016876493445581553
0.0010385575480195226
3.8577972591358585e-05
-0.0012284747189401316
-0.0025662651640341637
-0.0036075443947552184
-0.004109258475360563
-0.004244902975308519
-0.004088285790346474
-0.0034997379953028173
-0.0026759599070869367
-0.001944799472377481
-0.0014039781434538909
-0.0009856449667608068
-0.0006443099884343593
-0.0004705323760454501
-0.0005152779930704797
-0.0006110910971707978
-0.0003691926443020545
0.0004057256049992545
0.0011372591092194833
0.0012778917079027258
0.0010997287088737012
0.0008879278625514288
0.0006305281806368412
0.00021767332141550761
-0.00042745927901096124
-0.0011994957039152938
-0.0018735783374913152
-0.0021698185376713827
-0.002224662669525373
-0.002305500470018935
-0.0023614032622582466
-0.0026498558106345677
-0.0032797085492554585
-0.0037393012281389396
-0.003627185416378202
-0.002964863887565474
-0.0018471185759365207
-0.00027862290599353526
0.001304853756511356
0.0025209614037264186
0.003647376247758556
0.004798916195415388
0.0055804213204050475
0.0057102103120686915
0.005533817589102604
0.005526151694875925
0.005719136685210611
0.005810482374712614
0.005389045887947381
0.004498021772766536
0.003566879300535705
0.0026868503625387024
0.0016587873470482665
0.000475047420833126
-0.0007627257865145397
-0.0020851291206162572
-0.0032687733055727017
-0.00400990453402595
-0.004414100815497237
-0.004526334416539543
-0.004320078234476108
-0.004117278564540779
-0.004260516397157191
-0.0045387525085159395
-0.0045146933280717965
-0.0041838371282534115
-0.0036056533700927124
-0.002703017010151492
-0.0016522450239575054
-0.0006937993110768994
0.0001562550452733799
0.0009748115515652014
0.0016395929892104551
0.0018944667308830093
0.0017970579928962773
0.0015787121158071138
0.0014971421212508181
0.0016828923902706006
0.0017695421008619905
0.0015585284884839443
0.001343131763926521
0.001257289549447407
0.0011304918270491082
0.0007919559102494462
0.0002900614666920587
-0.0002885368830049376
-0.0008459965967503266
-0.0011728957046673546
-0.0011632007428927901
-0.0008611750246016344
-0.00043677106401525184
-0.00015685639316814198
-0.00018457082324614877
-0.00034174574270588113
-0.00035611366137498947
-0.00017181223593523275
0.00024386540457689747
0.0008918754808414443
0.001550536393968524
0.002005346851146602
0.0024158508611120096
0.0028985758361247797
0.0030985896857506213
0.0028658810729754094
0.0023971461162012792
0.001752596419430216
0.0010237852764163043
0.0003389590469737869
-0.0003419516298865473
-0.001138551367534491
-0.002019330996722775
-0.0028169986296990956
-0.0034729438016533427
-0.0040268639591225
-0.004563107244908663
-0.005108737109903017
