0.0
0.0
0.0
0.0
0.0
0.0
0.0
0.0
0.0
0.0
0.0
0.0
0.0
0.0
0.0
0.0
0.0
0.0
0.0
0.0
0.0
0.0
0.0
0.0
0.0
0.0
0.0
0.0
0.0
0.0
0.0
0.0
0.0
0.0
0.0
0.0
0.0
0.0
0.0
0.0
0.0
0.0
0.0
0.0
0.0
0.0
0.0
0.0
0.0
0.0
0.0
0.0
0.0
0.0
0.0
0.0
0.0
0.0
0.0
0.0
0.0
0.0
0.0
0.0
0.0
0.0
0.0
0.0
0.0
0.0
0.0
0.0
0.0
0.0
0.0
0.0
0.0
0.0
0.0
0.0
0.0
0.0
0.0
0.0
0.0
0.0
0.0
0.0
0.0
0.0
0.0
0.0
0.0
0.0
0.0
0.0
0.0
0.0
0.0
0.0
0.0
0.0
0.0
0.0
0.0
0.0
0.0
0.0
0.0
0.0
0.0
0.0
0.0
0.0
0.0
0.0
0.0
0.0
0.0
0.0
0.0
0.0
0.0
0.0
0.0
0.0
0.0
0.0
0.0
0.0
0.0
0.0
0.0
0.0
0.0
0.0
0.0
0.0
0.0
0.0
0.0
0.0
0.0
0.0
0.0
0.0
0.0
0.0
0.0
0.0
0.0
0.0
0.0
0.0
0.0
0.0
0.0
0.0
0.0
0.0
0.0
0.0
0.0
0.0
0.0
0.0
0.0
0.0
0.0
0.0
0.0
0.0
0.0
0.0
0.0
0.0
0.0
0.0
0.0
0.0
0.0
0.0
0.0
0.0
0.0
0.0
0.0
0.0
0.0
0.0
0.0
0.0
0.0
0.0
0.0
0.0
0.0
0.0
0.0
0.0
0.0
0.0
0.0
0.0
0.0
0.0
0.0
0.0
0.0
0.0
0.0
0.0
0.0
0.0
0.0
0.0
0.0
0.0
0.0
0.0
0.0
0.0
0.0
0.0
0.0
0.0
0.0
0.0
0.0
0.0
0.0
0.0
0.0
0.0
0.0
0.0
0.0
0.0
0.0
0.0
0.0
0.0
0.0
0.0
0.0
0.0
0.0
0.0
0.0
0.0
0.0
0.0
0.0
0.0
0.0
0.0
0.0
0.0
0.0
0.0
0.0
0.0
0.0
0.0
0.0
0.0
0.0
0.0
0.0
0.0
0.0
0.0
0.0
0.0
0.0
0.0
0.0
0.0
0.0
0.0
0.0
0.0
0.0
0.0
3.975347817577185e-07
8.872052980044271e-07
2.0818038066911408e-07
-2.479562506665837e-06
-2.792797092061984e-06
-1.4381086554235302e-06
-1.889690316386523e-06
6.602541071736337e-06
4.5670821875029386e-05
9.843550239153494e-05
4.678329247463476e-05
-0.00014458150635799388
-0.00023312768677709496
-0.00010322847172868665
0.00015553651180035617
0.0006127090366194199
0.0009824080623680941
0.0005759850590708128
-0.0002393676991576843
-0.0005856325606457683
-0.0006718438468956431
-0.0005840307088349299
-0.00035642280967203884
-0.0004277805653777118
-0.0006390123611660893
-0.000789943815733501
-0.0006369515239645652
-0.00015837963486185037
-0.0001345012635538016
-0.001056163045106083
-0.0018025862292256444
-0.001696012527048391
-0.002040848365245336
-0.0024352350337381455
-0.0018371903494190276
-0.0018512873377198535
-0.003127769788032259
-0.0036826620364616616
-0.002295599495324905
-0.0007149780084302423
-0.0013762529858822225
-0.003662766021885547
-0.005443784720095214
-0.0060082731127729825
-0.004894979441306932
-0.002377288297862359
-0.0008659258517962228
-0.0009910019798020165
0.00011363103421615146
0.001098955184450471
-0.001974314235992564
-0.004637894265710944
-0.0030936889329696653
-0.0012098684997087444
-0.001917597487743899
-0.005060350361274473
-0.0074249031694586225
-0.007825227047516096
-0.008114974005008284
-0.00593783410909268
-0.00025572853190963525
0.001542568648978628
-0.0036967613563067725
-0.008499822248129103
-0.009772114625206984
-0.010093468771333821
-0.010008617585706214
-0.010668589456440366
-0.011988118229024855
-0.011065565995087312
-0.008095363479313977
-0.004683060614105508
0.000590739708082286
0.0039102061513113205
-0.0034821489032201072
-0.015276093369333955
-0.017734702436245732
-0.012081497754957333
-0.006655212796769155
-0.00733192279524609
-0.012710521162363705
-0.013972349754667077
-0.008548721928235293
-0.0027584332982552766
-0.001351749723913592
-0.003236566492022107
-0.005436234588732845
-0.00865973148452769
-0.011854945151748925
-0.009206009113543905
-0.005060251992608556
-0.006998578495381827
-0.008247340409389316
-0.0034456188494624024
-0.000185990473914332
-0.0012962914996712165
-0.0023125162968041994
-0.003758918590423653
-0.006801322531953645
-0.01029005333985557
-0.012614280848585966
-0.012185230486208043
-0.00935580171972526
-0.006533713096576143
-0.007628484207906367
-0.011101170510505055
-0.00601767754916087
0.003579243020040974
-0.002458112279693816
-0.01757864741859321
-0.0207811341388622
-0.01544662070981009
-0.012161157406955846
-0.00822269756186997
-0.000932091755895208
0.002225325863543815
-0.0045811159016739995
-0.009228455644785426
-0.002956846553850938
-0.0028585480626561774
-0.012884235392995953
-0.010211776934411143
0.007197336003394998
0.014596090052154117
0.0037010697408953693
-0.006694357687531577
-0.0027156591127247363
0.0027584041204541986
-0.002355401338250957
-0.007118395524455245
-0.004491097622855411
-0.0036853850886621477
-0.004562936126628422
0.0059755466413861855
0.020207011513327693
0.01876407030506461
0.0028474601968907797
-0.014281264147672446
-0.01854249054830588
-0.010877300111565805
-0.007467788139768034
-0.009391603236076296
-0.008477975453284044
-0.006471903720559877
0.0015116902032552377
0.013449766947135068
0.008346669303194883
-0.007812829889255565
-0.016087938123072583
-0.015266713300796236
0.0006385870822551656
0.0213723730698304
0.01612873042088335
-0.009700324963512853
-0.0224019121127273
-0.0155988680170374
0.0009694384151924386
0.013463783222180463
0.002492785950423546
-0.012772479187111196
-0.0028900289398039575
0.012141205712676986
0.01462043600020956
0.013231049089012643
0.0006837747973443109
-0.015619236783465093
-0.012953535714760052
-0.0019315925160698065
0.0014054953005834224
0.0013192143062084175
0.008912728520511351
0.022788042141299255
0.02092439426636031
-0.003886863451613548
-0.02608087560853233
-0.02773442557056882
-0.016824826909116485
0.0009390826738356179
0.01740090429970113
0.01772441901710005
0.006997815466678099
0.005056424873051179
0.012298758755734425
0.007672754347159263
-0.00985803473171496
-0.022871746360328456
-0.023184494342309153
-0.008848937926507431
0.01446960994453474
0.0251414771026088
0.017782994810307092
0.015021232351107118
0.01473872841026684
0.004656859424397712
-0.012143040910996234
-0.01947020757552122
0.0035309615807667667
0.032446566071443826
0.035572188019949894
0.02419702849388162
0.012359572846985913
0.00092529387895406
0.001546832024685985
0.012784154399368556
0.013889360065937181
-0.0013479728638934251
-0.021986694937063817
-0.015602063307582298
0.014571212728966861
0.025632246111708702
0.015331124445393012
0.002836995851500332
-0.003938680271111538
0.009927490869081701
0.05225494352946177
0.08571446374524712
0.056529623059534864
-0.030765436624171756
-0.0757182801892439
-0.00657031949315822
0.09579949404062664
0.16629948692878743
0.29213954561128735
0.5382035735680359
0.6364112453712535
0.2918942744309976
-0.1167392074484287
-0.17040519638058482
-0.08066265001133097
0.08115193325932082
0.310166384801764
0.29961515968807206
0.25110886011610156
0.3696606878069011
0.14966856007231777
-0.43351326005814145
-0.7851265443944015
-0.597681319946556
-0.04128840907857165
0.5454978403137332
1.0701920110349417
1.362094663861322
1.159156709863578
0.5599619097025476
0.2250246103731696
0.3520385895895628
-0.027414871345290862
-0.8730818922180824
-1.1556389810281211
-0.8580228515816565
-0.3473384035287256
0.043629372831568404
-0.14030970193347556
-0.392907023212186
0.3471600356745458
1.3837842858443135
0.9764867565557352
-0.5703386228492526
-1.3867236332929913
-0.8445395184361312
0.07903807425074494
0.27210204840615726
-0.11419723284342428
-0.23271989648523705
-0.23491907988549987
-0.3544881887829998
-0.11362096159605477
0.5154505970299418
0.856916927624429
0.44219743031321135
-0.31263159567950866
-0.5504514686472463
-0.1474719331780503
-0.01192077781075397
-0.296786958783598
-0.05520965250441762
0.4875736891094714
0.4004908963441564
0.00954501516186783
-0.19149014026433464
-0.6012079489036413
-0.9578579335867948
-0.413840863369757
0.5909449976079199
1.1214461836901282
1.0380527898250884
0.6151467268993338
0.32916092178128226
0.40514572114807607
0.26815841942792323
-0.4569316420882748
-0.8398764343783175
-0.46691258532164676
-0.2792052976985352
-0.5548477110358437
-0.8273603872472578
-0.524726304263773
0.37676182673709746
0.9334674980372837
0.8651968692412151
0.5399117394130092
-0.21135463471054725
-0.9364725751981676
-0.7541155178307173
-0.017289142667898254
0.5490945751789029
0.7106794456011928
0.2674915239251168
-0.4581165560194283
-0.7570860381194672
-1.1056804756770708
-2.050733089948487
-2.1979175661053825
-0.35817838017826975
1.7381283259764873
1.7522215810392436
0.4906327750828549
-0.22987121610143416
-0.4809922434605363
-0.4732073578502283
-0.26934983752319847
-0.4078175781209816
-0.2718516252606525
0.6192938409582976
0.7761043631456099
-0.2689480424635906
-0.9053908928506339
-0.3121975953561607
0.9831420339523346
1.8875179895430219
1.2843786696623403
-0.11983753969220094
-0.572222894740667
-0.45488031616961233
-0.8058715611044349
-0.5050782023042113
0.9206711527977184
1.3067311913195205
-0.3340721623926639
-1.845285536614287
-1.490789882121788
-0.12727192521376873
1.0644260016840776
1.604706958049218
0.9201761822101131
-1.0075138770066943
-2.4322319576868994
-1.6550518328442152
0.05063402012526152
0.41114728576982446
-0.23019120035527116
-0.7086928214789083
-1.1081442896780729
-0.5987397977201735
0.9723204575878323
1.2117955182103697
-0.6338949530461354
-1.6610491512954346
-0.6157943540561037
0.328427140774584
0.8254908053576796
1.0840112718084023
0.1104564957004624
-0.7876013710510125
-0.5683852908396426
-0.5330729456707792
-0.7891732286977942
-0.09841779848880076
1.1552004253202945
1.2481091228506294
0.4642791968635615
0.5375645794243693
1.1281473640270192
0.845856071291607
0.33528649390192605
0.6770923901929856
0.8771108569158613
0.3219268013966016
-0.15286792757802262
-0.23240881247993467
0.3155504751318091
1.123498316411885
0.787058079751182
-0.6684372106510444
-1.4607213802464256
-1.2406626184087874
-1.3390463782310236
-1.4817983246500082
-0.9578466081750422
-0.4111778667339486
-0.21225322964820145
-0.04214246906927694
0.40400900500603265
0.16359206267029705
-1.154879396281035
-1.2739931470598103
0.6984999955756432
2.1907809820764315
1.3675916430633845
-0.23897047398985333
-0.9719905303204219
-0.7836965418282972
0.6678927067627204
2.160133385095095
1.499990443686538
-0.23671534934351202
-1.222699929699466
-1.6184207830758792
-1.2991654197896236
0.05600442317898815
1.3621411077968562
1.7239363138397208
1.2643236507636328
-0.033240024543396154
-1.225978144452855
-1.0624842399494185
-0.12527652735169043
0.38210518729518994
0.03503474441880932
-0.41289941691931703
-0.057144702340939296
0.26757495708955714
-0.052081195335193696
-0.12998984406207742
0.011821342204922763
-0.13811112706668968
-0.15020130199050055
0.31038651129053507
0.9234680196176773
1.3201526561098684
0.996195462820002
-0.16736448721858513
-0.6631778958312059
0.2975240945192792
0.8240697185226868
0.13066156569826765
-0.19189035186921347
-0.006836806171082704
-0.3318028003606153
-0.5585261890138734
-0.16121480441565555
-0.095484805379215
-0.5838237529049576
-0.5454782316088351
0.2498294396537576
0.5561501584704471
0.08220981486447172
-0.00031556465231126544
0.25890761894116493
0.00554287309225658
-0.027347079917033935
0.7526259591452874
1.1890321506053565
0.6175798340108519
-0.3361471360534726
-0.8930390678079781
-0.5602973925387245
0.3705026105318326
0.9311713484489641
0.4750431655696124
-0.4769832646201357
-0.4669337895012303
0.4498402102210206
0.7162528790489613
0.32230298561367665
-0.14093292564623103
-0.6919554259525617
-0.6860763871601201
0.03187674648544637
0.45265500463345704
0.22873291357938233
-0.22612741951796142
-0.7379064045498102
-0.8560685797700496
-0.2763950851567099
0.0372534650677395
-0.25123670375167284
0.045280816334737996
0.7495221825094432
0.3786205002069634
-0.6004796616390085
-0.473514494492262
0.4388280763557843
0.6790004216098954
0.4406108495614345
0.46169064203526444
0.2703718412455187
-0.22279033060981518
-0.3404121630401683
-0.15328546630282516
-0.10028965692162024
-0.3324051865239887
-0.37722365969451216
-0.20837506227058036
-0.595424978792235
-0.8527926886934687
-0.09281092424280213
0.5450726196858546
0.18866504419718283
-0.11300132789725864
0.3302866825895758
0.7326481109699438
0.29285242988947646
-0.6051131087286562
-0.8250549018241697
-0.30232143932145844
0.24018277087509798
0.5210242474376444
0.5093382703143012
0.405465345259783
0.16743692078690947
-0.17556818716366274
-0.21752617557531967
-0.34235758573815755
-0.8073370369408703
-0.8989556154353173
-0.4259715525885775
-0.13130186115332174
-0.3098793878793325
-0.43783156043116034
-0.38938282157456755
-0.3964682129089126
-0.32230392303158384
0.14808015837306296
0.5208594680806136
0.1582688829015914
-0.19882027706742153
-0.03741018339503206
0.43160648112046224
1.0131318255704245
1.0990053645572109
0.7407765519576596
0.4701008600696804
0.21172174657159765
-0.018490672876445926
-0.1997719778801547
-0.26872755221212535
0.0692512160246952
0.08998920742325543
-0.3771886814085857
0.10328260997644315
0.6886347884691508
-0.41098951884046137
-1.2051156908508858
-0.0969615624229442
0.6438771234135883
0.12196945260757563
0.16832631657575903
0.8761051798414928
0.7513967120127985
0.058322489540401076
-0.16132690575611036
-0.1933747841985452
-0.3135136151237603
-0.024438675437020996
0.5127011761103437
0.48893506684952975
-0.04463277746304538
-0.5832801199446006
-0.5950600007755608
0.2934087092394609
1.0240250804096562
0.5588865575016682
-0.4658378579998679
-1.1150143885999906
-1.0809803872940058
-0.5662357175367023
-0.041180809283745366
0.3877367533143883
0.6470278771579983
0.5312362979469173
0.23068691722380408
0.17494583431420402
0.46490570452734853
0.3909855021881298
-0.13306256683982548
-0.25902305058196257
-0.12111639286860384
-0.11730722780896
0.03269819691890405
0.2651914713169319
0.16075374441117796
-0.13626458369791106
-0.025799578505997036
0.5264958162355735
0.8254141183021733
0.21509395615092022
-0.8663373429782192
-0.8531281300696193
0.07968205560833713
0.1311579167620781
-0.36959593777612254
-0.44612207455739145
-0.39174523141261464
-0.12296109870047414
0.295880639115426
0.30338906218266526
-0.05294063830860489
-0.2690144805872531
-0.33407970432239115
-0.7960443793822758
-1.4986653992159364
-1.4203172831033883
-0.21320865122884494
0.7866981755664209
0.2623587698884474
-0.94747262657788
-0.9426243563860626
0.40895230805649296
1.1271820199604392
0.39526414717529335
-0.3901541682517212
-0.2531109743111147
0.14281677040747473
-0.04573202038046797
-0.17158835333430034
0.3211896891884062
0.3045700138112632
-0.47971320942939233
-0.6756860941961819
0.17015274610255754
0.9140413491854793
0.4725090438909341
-0.46842336665785245
-0.6675998046418061
-0.30627501703387705
-0.14034259130494434
0.04227490085226261
0.657643306451773
0.801870048652046
0.03270665562733219
-0.5269084695351349
-0.7433901190747406
-0.6532019740624033
0.30280251545957315
0.9109876760109391
0.376518435149814
-0.17980129001726736
-0.2622554095892305
-0.06958126839556968
0.3319180336563014
0.6863709455913517
0.5592457456352584
-0.24591768053296698
-0.9246813471099498
-0.5975645982645678
0.1206552667478277
0.5075997667555959
0.3276177204203469
-0.2934320012463973
-0.319579282829415
0.2130982502758755
0.3662245314140024
0.36923803227071483
0.549826431001724
0.5493157649308056
0.25853432591706627
0.016836175971103373
-0.045699919050022436
0.1554606285377653
0.7222525011411032
0.982491200570292
0.590003435516816
0.27453604199399595
0.168373771559929
-0.12141617935835468
-0.32395728810120034
-0.05650940442425328
0.33476339113568093
-0.05769603107204641
-1.1223524469142034
-1.2694027396173362
-0.21077521175791708
0.5850234123558224
0.5796616687029595
0.08653312379673073
-0.30634673199781126
0.14151867092535914
0.8683613603326671
0.8100672581502333
-0.012243123630440724
-0.7140824415748618
-0.6065663129534944
-0.06181896532268212
0.35036065926470283
0.47115004700725616
0.4200229528084687
0.44164986527838274
0.5447494214883429
0.5801621822187322
0.05998008244252986
-0.7186553185027076
-0.6676669023442204
-0.25355045364431655
-0.3458957116669014
-0.3169234775557615
0.0972384672589249
0.1454808480261436
0.0016266415826110083
0.34800098892490827
0.548046545338616
-0.08716496942573394
-0.8415221161982323
-0.8685118446473172
-0.28287979221324633
0.26056609598920716
0.2869479916322959
-0.44538516589801436
-1.1883223482397174
-0.6785122128416551
0.37241820520787555
0.3885748137500005
-0.1387938713945378
0.0958716637912422
0.4540892874158184
-0.003951746148354678
-0.499661189068924
-0.632663159277819
-0.6296741108315778
-0.19269907015657256
0.5183173643928705
0.8616339332279345
0.5250197805599269
-0.11765260871820002
-0.42747304514054446
-0.3527012952000915
-0.25017462119303563
-0.15825771924515375
0.10313534414538669
0.27846109688685755
0.15689845383455908
0.10848586561001575
0.13396320327449734
-0.2914543909070094
-0.7842785591617956
-0.469672479233508
0.2100124952635285
0.2976484111053082
-0.12724873262183775
-0.41334353965581916
-0.23653027063693471
0.06056778769381985
0.03378204070473426
-0.0870213366947053
-0.01757042903109368
-0.03241816359019119
-0.3299957797380748
-0.6038394135063884
-0.42320107739837676
0.16678357878207656
0.6191740096290635
0.5158532512652035
-0.06988598380791794
-0.47263661431373166
-0.13664359277464178
0.4166810103371526
0.6082363828903945
0.664025714501772
0.6252985215112855
0.32420121597699103
-0.035443795979986925
-0.27220299973529033
-0.2721084621841936
0.03288931277818686
0.18991610512682217
-0.14005844918503366
-0.4022562855464384
-0.2325667030216874
0.007410601662134203
0.1955941207871172
0.3183818126158895
0.16275295107513085
-0.10141338181013197
-0.19268781355179612
-0.13809761734782927
0.002969244076793278
0.1378749958144123
0.17545495536234487
0.1307799158238645
0.07855476322440938
0.042229459121336216
-0.0010417365113872432
0.09334975254114797
0.19805301503372047
0.046925364062313124
-0.0631515013039454
0.11272550058902031
0.3957593020593017
0.4774133234169152
0.10766575832035057
-0.39685014195248297
-0.519286107625529
-0.30625032504964034
-0.02582884871760405
0.06152550686970195
-0.12849644681800518
-0.18427096289281464
0.036088140462562965
0.1918757266180522
0.17145662626988842
0.1302961471688945
0.2203857328226045
0.2529283439958148
0.004780945721231435
-0.2338998503180457
-0.18775889471683893
-0.006787831961924868
0.06579174264892358
0.01680736415322037
0.05222433876475786
0.12539629411950937
0.008754761405274182
-0.0806233181009761
0.09541691801173705
0.2555926354358641
0.2274143422370887
0.14038930786121703
-0.02429406472272507
-0.22238372226709735
-0.2631924217146984
-0.11833551964139474
0.05704684038165573
0.11706197856491833
0.11621837337722188
0.13111938403703288
0.12877445366387535
0.13904520043734409
0.14668767164657115
0.04569912806809846
-0.06722014726224308
-0.0481579697461049
0.02895658381805296
0.09690550672591505
0.05904579379251626
-0.10556441074175078
-0.17429118135322988
-0.1153341118849976
-0.02283930751675369
0.07057790511073753
0.07825271754086595
0.07307570479207144
0.22156533189562716
0.37175315256544667
0.2745901189175693
0.001732421715892289
-0.22861896451509858
-0.25926219679348206
-0.18307254230675452
-0.11253021937097528
0.014823926612001225
0.0797041157244271
0.04407314585512211
0.09837437059391334
0.21203553544376305
0.20913563240547586
0.10972765790315654
-0.03652327342232627
-0.21168249721547
-0.19288039746053637
-0.01458872831735555
-0.07181448450657052
-0.26659147884672496
-0.22098134283619003
-0.0071144929397240365
0.16280671940018165
0.21509083340644436
0.08232538098675221
-0.11040839569911264
-0.027793275100685324
0.24239484941825806
0.2370311608317885
-0.08791226586111742
-0.4075409827145363
-0.4232430677826393
-0.15292642332692138
0.052308270532749224
0.04428705382369584
-0.02289545783080481
-0.07143651042777963
-0.14787590242402082
-0.15178673495127595
-0.0007274861869452778
0.18990213575592424
0.26611473990887424
0.13952469382073066
-0.08548247956971816
-0.23013011450117737
-0.24047367834704866
-0.24553677279593922
-0.26061420429112453
-0.10975490692357118
0.09843323249440153
0.12197098220991973
-0.03904393113545514
-0.20013761987704637
-0.10937227387232432
0.2008051961749922
0.29254257009326645
0.006942983531029174
-0.3180344755357287
-0.3952765913035078
-0.17328187119299623
0.12748927815916325
0.20711484432257785
0.08384615071246578
-0.058429426537770564
-0.0834839048885711
0.041267377386739836
0.09617726778509543
-0.04955093869643581
-0.07009338127786514
0.2001025894521391
0.30314912079847983
0.022981946436935158
-0.2300882941178213
-0.25784352575118336
-0.20072113588810467
-0.11619442479339834
-0.02870301964061222
0.03579310479476803
0.09586808761185732
0.1207615164855956
0.06381709325791367
-0.03666795143800618
-0.08028089796609071
0.011622044611567345
0.13361152687328348
0.12094173948877342
0.018690564003152978
-0.030244924795672874
0.08985970315221481
0.2600339028809289
0.1821628105161389
-0.04157585549758575
-0.13230760013347873
-0.11045144918112876
-0.06691136840860215
-0.05988201344529123
-0.03715668598421307
0.058960172994244005
0.09587580316598454
0.08365622598899536
0.07958809759375667
-0.04443767415601684
-0.20108301652198163
-0.1184726578760572
0.10991736089882825
0.15923411417884778
0.02112401402965583
-0.09216519259529111
-0.0564657960822528
0.08504969051463544
0.15271458596299164
0.08389387664192216
-0.009042783686902154
-0.04633258264475349
-0.036381566240100915
0.003538293232548015
0.05602836262436238
0.06116502648347421
-0.031076066544898508
-0.1786778867851966
-0.1947871481190313
-0.008414725217796702
0.17409238163840085
0.2048205664189328
0.048356039844293736
-0.1971335143229165
-0.22909725238450843
-0.031198334672396456
0.09687028099872191
0.10854514778992973
0.13314219216861775
0.13573535537194814
0.09146146267616215
0.053894892656206055
-0.053669964724877055
-0.18542369573324718
-0.13094482346438704
0.01324090221979334
0.03628185323576365
-0.013180583702884352
-0.02961023397915346
0.02244913924027298
0.06404489865406512
0.013516810998956318
-0.0020537063197094848
0.03549609499091845
0.019526595797335417
0.02697939928989379
0.025795253144731807
-0.05447141706076055
-0.04003713578071059
0.07987638689896391
0.13204962171181228
0.08414314322161456
0.019347882996685006
0.04887780322498595
0.0990568401371335
-0.0007273038254577352
-0.11552915207663687
-0.050903397583212155
0.06294059108844052
0.03541911168992686
-0.07939165857525214
-0.10535485303558831
0.012689906311469146
0.174232222283952
0.2107593707979726
0.05064231074831352
-0.14136068393591497
-0.1393916914182707
-0.017483190814883597
0.03175414038665567
0.0651760082306674
0.12203310948380383
0.10436422181900468
0.02061861565797278
-0.005829716875796044
0.023520716857303222
-0.021615228879330366
-0.03451870854338868
0.07437561389524908
0.05294572295503219
-0.1223809261507818
-0.18356231876991985
-0.12606042720037666
-0.052430200164693144
0.05395086931637267
0.11635812613041846
0.08068942443837786
0.020795698616840923
-0.02428551007702443
-0.052757491867084554
-0.06558244604915725
-0.022137137678845616
0.09017151213805429
0.12571411419501757
-0.005371098803874784
-0.13105372845993715
-0.12335508849536067
-0.08103629882483875
-0.0336666999638194
0.03381447947698892
0.034389006774641954
-0.02670472529828689
-0.07551814348540738
-0.10334724897912137
-0.07888827416483264
-0.017802393862025184
-0.01810692764885097
-0.02168982973358013
0.021425857680105923
-0.030743682274959445
-0.15542418855493936
-0.16349514925464953
-0.01878098974963538
0.13425575121467292
0.13156241803336852
0.017452107865025896
-0.03326536929783478
-0.03743737179424038
-0.05853591284375457
-0.042434246346297784
-0.04810403117298512
-0.07456363393749829
-0.02745442206244425
-0.03191404353569919
-0.08678320429096484
-0.02281895875025556
0.03444695677046397
-0.02650251311657499
-0.024999812444938506
0.08143366855361768
0.10280515710247852
-0.00781595555231273
-0.12306831825083081
-0.11661278736508231
0.027915246902359404
0.12125856166199103
0.05162050489185713
-0.025642964762727996
-0.01792265773514755
0.014141726456663907
0.050000597349562845
0.08333322579960363
0.07324613576177114
0.034177645482405226
0.008635962283539642
-0.018985501093626952
-0.06233387012581108
-0.08951054845567459
-0.02086781361486275
0.1241326030007041
0.11805892998981155
-0.025384831940424485
-0.04350127818028546
0.04216725107184266
0.11371405314657773
0.16237218145528987
0.11433885420494748
-0.005898364040302203
-0.03314464014259132
0.034203995927811516
0.07287839105352338
0.045684741583110054
-0.010078727554985283
-0.0280362230092202
-0.007190028054922709
-0.0019773357612744894
0.011275557327001978
0.0480650379275539
0.07635795627092613
0.0979657021414907
0.06856419744514908
-0.015290865278464289
-0.02783935531240149
0.027691471454291523
0.026235782924517517
-0.044312353111894014
-0.1188378837358325
-0.11408887088925598
0.005747986276380277
0.14097859418343744
0.16060136425263047
0.07194924958861054
-0.0018099894758120253
0.0012474373128440479
0.029634405406435055
0.014482725508189872
-0.03396892687719396
-0.053938605670270416
-0.049230177054250486
-0.07808788003639928
-0.11683156612720097
-0.09109160556775349
-0.01681167406494632
0.06619744073870816
0.09942167577135429
0.0183918963575009
-0.0620279362070908
-0.03563390243865044
0.005723991727984881
0.0033082174102550136
-0.03342136908135199
-0.10344244667181166
-0.09896881890813897
0.004455974415667528
0.044376921089728044
0.012261862524366472
-0.021665687496949273
-0.06552778132004333
-0.07136981384471357
-0.032230198994183834
-0.007233676782737408
0.004019089287039585
0.01871849334036215
0.009137845172046829
-0.050742627709615774
-0.11908592273808867
-0.09768688188722144
0.006063043471164345
0.035758144892748256
-0.04436570754545061
-0.10493481493372198
-0.08156952009152825
0.011159533490180649
0.1216991666090116
0.14847784748083848
0.0648714176631392
-0.027404701421074616
-0.05897968400664072
-0.05145518555907167
-0.03948384439856656
-0.03500524412707402
-0.011277465035921513
0.022587621777250474
-0.009351815553584584
-0.07124841848095967
-0.02437100732795117
0.08379287133505989
0.09654955571157667
0.04577881333196695
0.005725877507964327
-0.05246266114326407
-0.09628109255829585
-0.038937348549783264
0.0645485633189179
0.06550867802702061
-0.011260510375231245
-0.01196350900963893
0.07910356972611719
0.12215871274732529
0.061777333988628065
0.0004053703640605842
0.0004481323154028211
0.020576771081616166
-0.00029639516720147014
-0.011485748677861611
0.02955446441081677
0.006182776620320442
-0.06215973105964568
-0.05608167733203329
-0.00445296758232781
0.064497982374817
0.12172223460401933
0.07905370226439826
-0.03629007824951803
-0.0975434400287881
-0.04175657036127545
0.07629374841755523
0.13757476670265045
0.1086930226431187
0.03294530188865195
-0.05648361257366209
-0.0909814849298955
-0.040521873142151645
0.024756863666980874
0.05196941771898896
0.03571229952960452
0.001808774033930162
-0.008425059496569742
-0.005421930707105844
-0.003200963400483538
0.016814432677971173
0.019405001030187122
-0.024942216859972756
-0.06537086785433631
-0.06763099393155535
-0.02776108900249677
0.025272269343386545
0.018596891818647057
-0.04044204846594192
-0.04505111356948478
0.0656009710498127
0.1721259637412377
0.1063330509872673
-0.051115836911812304
-0.1019385220803919
-0.05568581422691339
-0.02262627981794585
-0.0360031769349536
-0.06343689614451742
-0.019770290649327154
0.052060496501051275
-0.007750821170246952
-0.11591996782242153
-0.07663691394620806
0.03937707880846782
0.07906446980839044
0.04836257849892177
-0.002818885324962533
-0.06318803144906367
-0.10805787004157752
-0.06402421797296771
0.05755435522631633
0.10394342675822406
0.033959539494563616
-0.049773258983219805
-0.08214825971860179
-0.027725459487948124
0.053081770851657065
0.022410963124266346
-0.07076811047518224
-0.05948119914858768
0.04715178826625852
0.0767376163872815
-0.02390498095608038
-0.0781704507440403
-0.01812186993476768
-0.009709451577907792
-0.0728182377271775
-0.046505565924589855
0.042984138534706944
0.056648536057656636
0.025249092116465026
0.005802630743258191
-0.00037685514538383637
0.034810667933788
0.07942887977651517
0.07766393680847274
0.02898213718941939
-0.054367924430286166
-0.11707214642031574
-0.08171727897168236
0.025045305939367102
0.07372348760973782
0.01579983708025213
-0.037594224969039365
-0.008192536042112482
0.03763280041497474
0.025418019614050366
-0.007748433674349121
-0.004578280240487287
-0.003374378609385032
-0.00877267673772965
0.023160616966562724
0.0324698414052343
0.006618729545400242
0.023485410979306485
0.042597562770397134
0.011424128398638123
-0.011069732503612288
0.009400057241601265
0.03927617287624392
0.038666783010716896
-0.004281137919075222
-0.051581592344361694
-0.049072281219895174
0.009756012923792185
0.06802424498746024
0.046105655780266305
-0.034959943556771185
-0.0556518785066924
-0.0216421323917135
-0.02801061784326475
-0.042709980742846806
0.01141983534990652
0.10112904424191274
0.09900424916724769
-0.013344884316715044
-0.06103743345009875
0.005908426046341709
0.05013426205106281
0.035578449482349
0.0017320537441564816
-0.034302813618107414
-0.04126371962017048
-0.034485956374146365
-0.029972159350406775
0.013697088911683388
0.04712146428310135
-0.0005543657526549016
-0.045972475346029246
-0.01830123049508265
0.020778759539939844
0.007208837374137399
-0.03639205913974637
-0.040822730319870125
-0.013545797706105797
-0.002466430410675442
0.0269956601152509
0.06419989666111596
0.03861532437876431
-0.016778944205935432
-0.04477174592083743
-0.036482753189923375
0.000999108532247184
0.03215983186191254
0.026726115323968114
-0.004425704774642207
-0.034304252484039614
-0.05313519402432127
-0.04142165074522219
0.00852428857252083
0.034363935326140925
0.0027711396279401918
-0.027945042112911243
-0.0343772637365562
-0.03220137589129926
-0.008840536695848226
0.010527389504038165
0.00955557690479289
0.028890087949727868
0.047179073518273947
0.013921323889779104
-0.0209069669765096
-0.01246467182470333
-0.008489387060158731
-0.015344910667002129
-0.0011408727672274205
0.016778259957462457
0.015108780834986566
-0.0006138699710211192
-0.009574616389642148
-0.0033804892702120047
-0.0013607074994398778
-0.028058441838867073
-0.04150338152057398
0.01337322899748385
0.06191763992564042
0.020775772865083218
-0.05230708425740434
-0.06126661539225359
0.004254985896972708
0.06307783081118813
0.05856281273594715
0.02989349223088349
0.018128337902338493
0.004258460402869629
-0.03424701987660439
-0.05098004703038043
0.004173792358056341
0.058671160303631696
0.039213243660081075
-0.0030773050786715036
-0.02681324266063842
-0.03131258861861923
-0.009916488031255099
0.011618014799747143
0.013387213375962638
0.003247402604524473
-0.00275038390517641
0.007754977645547314
0.012948705304013146
-0.0028328494156945067
-0.010174793444855149
0.0015462988385446302
0.01230819250412543
0.02352970497787818
0.025444918867176758
0.012683808917029997
0.004937097849979361
-0.01278456149382927
-0.033300239452110025
-0.011523777673840805
0.030549330509644482
0.037655559503500746
0.01490419024088295
-0.01108294616833604
-0.030424930556474616
-0.03181125998419712
-0.02897525806816397
-0.02829006904727928
0.009486734851018799
0.05285705435486042
0.021439382737948428
-0.03631444904416578
-0.041905285589669744
-0.013822275780534994
0.01992942959132375
0.03620352757847035
0.024997981859762
0.011453005731947371
-0.0008821633523823489
-0.023771327937221483
-0.0393214621605458
-0.015347396390537437
0.023483519379656884
0.01967689890820208
-0.00787229500346234
-0.016653144345052124
-0.014727520397909097
-0.01377837652036894
-0.01824457132459906
-0.02108826186539615
-0.005444303329968831
0.012994295407539954
0.013510718660415505
0.0070943783179535464
-0.002533509923484683
-0.02001078310185609
-0.01945548905905661
0.005332800716970082
0.020073518311631674
0.02469499647050773
0.02665547478267744
0.005504248775673922
-0.027468724839002298
-0.037566940445959485
-0.017636112472963053
0.014565271031142623
0.0301737458051284
0.01418328977419417
-0.013961235789404046
-0.030705426482038972
-0.027866333062713047
-0.014407612068789323
-0.005680459092168605
0.00831384232829533
0.033773437766377284
0.03299647310710216
-0.0016678518103601903
-0.016290243798236712
-0.0014437011951786084
0.011896785621669912
0.019709956822672365
0.01952299431326385
0.008187946158394006
0.001456818131781906
0.001435975808159825
-0.010301820965514439
-0.015845166314656958
-0.000944834142437468
0.005480317269674661
0.007873514947735902
0.015213954675978816
0.005637534686519727
-0.010433944541632835
-0.012342652366973864
-0.006264585420732145
0.0018322562679240538
0.008478026318732164
0.01490539080115407
0.02449473113213859
0.02418345428498519
0.001626308191273663
-0.024326085358850825
-0.011841592594818423
0.02100819213743575
0.019986109186783924
0.002787403395584627
-0.0049565465477053325
-0.012100189417512754
-0.010306230391188952
0.0004141871729145351
0.004221382606467356
0.0044721309852633635
0.006381519294970039
-0.002722327704389632
-0.01729144518625043
-0.019140770296579398
-0.011827699072530156
0.00224905958801923
0.01745432249157801
0.016901607154856224
0.003684026029674169
-0.0016246750353884304
0.005419508695705105
0.00532864632245329
-0.009270935138509698
-0.015929438381839498
0.0006188966057484647
0.015694770771939304
0.0052153015912515125
-0.014270121046029125
-0.02069664114497845
-0.015692878228035962
-0.010060517469497108
-0.014593897332640488
-0.024650710560072273
-0.008489070230995143
0.020942465993396244
0.011593626248979404
-0.018496039567383032
-0.023140762297899256
-0.002058066089702538
0.01969043790819096
0.014988258654268123
-0.004940066084880985
-0.0027319375699323854
0.012102995927976154
0.0033866089800149274
-0.01951014114887643
-0.020575951077718146
0.0023183580521737787
0.01859918871006494
0.01138421309445499
-0.005289337100580161
-0.013689835855545403
-0.005743472266022082
0.008955751113413178
0.007039804332836763
-0.005790506445428437
-0.005103153566891433
0.006894149512437544
0.009039425514709017
-0.007694434654205637
-0.01839126181557587
0.002099963343640016
0.026907685528460037
0.022264944848082165
0.0019545993499096854
-0.002820259517560301
0.013779298216120828
0.018816359168505756
-0.00857177021884762
-0.03575229220348873
-0.025563386932534685
0.009898530224192377
0.021609913388087282
0.006251447951584916
0.0021784411715388215
0.01124824384078775
0.019003213856341822
0.0146841083056147
-0.004406891907576122
-0.013068074676101164
0.0006021758543140491
0.010360897415216511
0.002412200618158514
-0.0027956228833434377
0.009250416107341754
0.02554723155620338
0.022941094582801358
0.00169598133268641
-0.01261393299157043
-0.01200644139072981
-0.010977826441960934
-0.011241644612142184
-0.006077664026723684
0.002073470984049814
0.013743234113156476
0.018641173616743115
0.0019212233270844061
-0.014716949973819443
-0.010829997180144806
-0.00027039227711707337
-0.0001157019569816387
-0.012475034245474642
-0.019939654741518306
-0.007243348695140292
0.012569687365114287
0.009120011935060445
-0.01640651247295788
-0.020609943979656393
0.003841866153487064
0.013068801262058132
-0.006206749665675101
-0.022443526134529993
-0.018812803884338872
-0.008453291437057732
-0.003027779971035751
0.002712692842242349
0.015077489811413953
0.028215921703285945
0.028092587508697798
0.004568060853539565
-0.020202548598629303
-0.01585857493279871
0.0034525147279864973
0.010189200817375371
0.006109608567058595
0.0030449476255654142
0.0031403409454580024
0.004071164564409951
-0.0006593238123629118
-0.016052225778536246
-0.028519314211509043
-0.018658623194091284
-0.0022206172117112694
-0.006967670590075994
-0.013210044916103014
0.0004975133081238401
0.013476542453236937
0.013524793901399228
0.005640310823408205
-0.006015211144269542
-0.007891939071425417
0.0036388356148638174
0.004964928472322745
-0.010214177021930304
-0.011077829009143645
0.006749537906454497
0.016990955283109933
0.013231099207302624
0.0012576981530688252
-0.00934665989627158
-0.008088058735921576
-0.0015983446506308825
-0.003119154190872053
-0.006757669186482874
0.00021215427375517035
0.00855031940103782
0.002151410398419604
-0.009836616914927121
-0.00481157328722232
0.01551599497209071
0.029583074651029374
0.02607390931653066
0.011609789946052496
-0.0007725316628247656
-0.0061088992372654
-0.009327971271828933
-0.015814986214933824
-0.014201408322423576
0.006850440989474389
0.024145946004394805
0.014950226670639968
-0.006852024246372469
-0.020867755584163948
-0.0212147296937303
-0.010718373605579005
0.0031769396431726364
0.012860522830300623
0.017862914765903362
0.023606889720841687
0.02249911713055649
0.006614778476553882
-0.0042916620504907105
0.0030170093200418
0.013490535851531883
0.016608833320684815
0.012239456083167354
0.0029252243268344295
-0.004026321334856179
-0.004639848006274039
-0.003923650470870402
-0.0053177068092759286
-0.003045657299833538
-0.001749840315904056
-0.011941751039033948
-0.022504098876618795
-0.01780081509802286
-0.004164086484025184
0.0023026207691362287
-0.0015281878169712967
-0.00685964520733321
-0.008608627104732704
-0.008659322472466665
-0.008367576579943598
-0.0068724450899102585
0.0010403824740362346
0.01372845061720183
0.012837824666629201
-0.0031878686042125276
-0.013304558281476215
-0.012469493021145165
-0.007399932747479541
0.0032195149473128815
0.014156014222682664
0.010743367122581933
-0.001651992875449253
-0.005037314006496529
-0.003745409315831434
-0.004227702872499144
-0.004015119565022998
