0.0
0.0
0.0
0.0
0.0
0.0
0.0
0.0
0.0
0.0
0.0
0.0
0.0
0.0
0.0
0.0
0.0
0.0
0.0
0.0
0.0
0.0
0.0
0.0
0.0
0.0
0.0
0.0
0.0
0.0
0.0
0.0
0.0
0.0
0.0
0.0
0.0
0.0
0.0
0.0
0.0
0.0
0.0
0.0
0.0
0.0
0.0
0.0
0.0
0.0
0.0
0.0
0.0
0.0
0.0
0.0
0.0
0.0
0.0
0.0
0.0
0.0
0.0
0.0
0.0
0.0
0.0
0.0
0.0
0.0
0.0
0.0
0.0
0.0
0.0
0.0
0.0
0.0
0.0
0.0
0.0
0.0
0.0
0.0
0.0
0.0
0.0
0.0
0.0
0.0
0.0
0.0
0.0
0.0
0.0
0.0
0.0
0.0
0.0
0.0
0.0
0.0
0.0
0.0
0.0
0.0
0.0
0.0
0.0
0.0
0.0
0.0
0.0
0.0
0.0
0.0
0.0
0.0
0.0
0.0
0.0
0.0
0.0
0.0
0.0
0.0
0.0
0.0
0.0
0.0
0.0
0.0
0.0
0.0
0.0
0.0
0.0
0.0
0.0
0.0
0.0
0.0
0.0
0.0
0.0
0.0
0.0
0.0
0.0
0.0
0.0
0.0
0.0
0.0
0.0
0.0
0.0
0.0
0.0
0.0
0.0
0.0
0.0
0.0
0.0
0.0
0.0
0.0
0.0
0.0
0.0
0.0
0.0
0.0
0.0
0.0
0.0
0.0
0.0
0.0
0.0
0.0
0.0
0.0
0.0
0.0
0.0
0.0
0.0
0.0
0.0
0.0
0.0
0.0
0.0
0.0
0.0
0.0
0.0
0.0
0.0
0.0
0.0
0.0
0.0
0.0
0.0
0.0
0.0
0.0
0.0
0.0
0.0
0.0
0.0
0.0
0.0
0.0
0.0
0.0
0.0
0.0
0.0
0.0
0.0
0.0
0.0
0.0
0.0
0.0
0.0
0.0
0.0
0.0
0.0
0.0
0.0
0.0
0.0
0.0
0.0
0.0
0.0
0.0
0.0
0.0
0.0
0.0
0.0
0.0
0.0
0.0
0.0
0.0
0.0
0.0
0.0
0.0
0.0
0.0
0.0
0.0
0.0
0.0
0.0
0.0
0.0
0.0
0.0
0.0
0.0
9.159381647515927e-08
2.7390841356385677e-07
3.8194526964682326e-07
2.0484364488441819e-07
-1.0072968052832667e-07
1.747243595297069e-07
-7.681817287350871e-07
-1.194016236873922e-05
-3.734498656170099e-05
-5.477185049182668e-05
-3.3269644987221e-05
8.78222787489269e-06
2.6206230652176286e-05
2.1043709038790935e-05
1.5208385099239843e-05
1.0298422373730809e-05
-1.0747104422898827e-05
-5.981806672371496e-05
-0.00011006810160940111
-0.0001369430195564958
-0.00017195734762833834
-0.0002359834223320573
-0.0002648518118774435
-0.0001611418599778423
-6.751839468393412e-05
-0.00010403212505236347
-0.00014989324554682645
-0.0002114778856287306
-0.00027745232883367863
-0.00016229228879057825
0.00024686264344510176
0.0008317392784134587
0.0013721605034564092
0.0016161239781112798
0.0016081934486401293
0.0018759039559453914
0.0025148749316538156
0.003117225692976468
0.0032582415779211092
0.002594879860501059
0.0015572259240870315
0.0008849007581164213
0.0005309277699837134
0.00025902526155515955
0.00036780441446009667
0.0008814740142337002
0.0012059189687800194
0.0012348546495226872
0.0012198134124151228
0.0010857935182597095
0.0008862142191606167
0.0006533358619086565
0.0001890507828392375
-0.00016193073881953882
-4.8088581582424795e-05
-0.00010876859395704427
-0.0005420828822111274
-0.0007514802917716868
-0.0002619475646792612
0.0008932339258266895
0.001992019899133104
0.0021782477312821953
0.002250101459789841
0.0031748365476455607
0.003346124669414607
0.0022933942294016607
0.0012959576094712791
1.3133258096879458e-05
-0.0006577060435788539
0.0012146118397434952
0.004551873457221295
0.006654689920065072
0.00498892536478945
0.0002100792574030164
-0.001394142274226953
0.002199571316885309
0.00522803174956292
0.00513912124325356
0.0038567781523143304
0.0016191989621686905
0.00012205241743871756
0.0032601366927513644
0.009628560848982944
0.012354737560413928
0.0072782859601815105
-0.001134106054543128
-0.003685052180381247
-0.0012142777382133539
0.0009665318513615579
0.004541973222803931
0.008596524059678269
0.008124361007967857
0.005419425101127108
0.006864054145984465
0.010997694337237143
0.012195968736683117
0.006705310780413191
-0.0011793131478351963
-0.003591245013374135
-0.0006086303360235139
0.003437299925991826
0.005582825231824231
0.004374971579056218
-0.0011462879230515763
-0.0071278674869329935
-0.008966680502010693
-0.007316934414631789
-0.004857813080769948
-0.005253610847873201
-0.007277547705300884
-0.006110105640402752
-0.0026699309554994804
-0.0035139443036096463
-0.009732508607776892
-0.015373231960173497
-0.01742901781551827
-0.015047363092745842
-0.01002128874486244
-0.008074466890551935
-0.010325238251861173
-0.012238239828786765
-0.012233281437362985
-0.013403544722066701
-0.016245735080643187
-0.01959838990787573
-0.02362563448723528
-0.025588843502856357
-0.02170206820031183
-0.013163619217293135
-0.007768659130867191
-0.01030733410436923
-0.015983416565461036
-0.018477312886903605
-0.015899537523118876
-0.012266929510788002
-0.013434258249986416
-0.01786016478265045
-0.01829625828223071
-0.013433434126086974
-0.009269844313554744
-0.008825231936804597
-0.010394603251354688
-0.012015118302586818
-0.012024983825567936
-0.009417202778808033
-0.005877606339776417
-0.006713339225097352
-0.012824122896730017
-0.018293520795992363
-0.019015181547099445
-0.016653490883101297
-0.01569975862680898
-0.013591470486842757
-0.007653818983894536
-0.0029717549015193558
-0.00100689592913423
-0.0010277465852445008
-0.00467566153627784
-0.008094244744638176
-0.009179337139579573
-0.008989169014492534
-0.008458398171558097
-0.010097251150828828
-0.010636580874231812
-0.006880565247962588
-0.004354761110620073
-0.00571652731530978
-0.006853133127952838
-0.006940053518907856
-0.00578487228837233
-0.004477719443721994
-0.005793959796257615
-0.00683814468760805
-0.006584234543426
-0.009241750952044102
-0.013463287041220465
-0.013747592106823933
-0.010657720829184432
-0.00860905597248164
-0.008711036989204505
-0.00880105186150382
-0.005567262778546752
-0.0016684769674413095
-0.0035114722653063774
-0.006487185885540407
-0.004223254746412265
-0.0019045764020730516
-0.005378013150792554
-0.00948818402363041
-0.008018960811250453
-0.0042028181427770026
-0.0012764844842351947
0.0009495943544629333
0.0023871439152769874
-0.0006178856270286848
-0.00943651126471242
-0.01515655588957879
-0.013341087348413248
-0.010212647561603772
-0.010810208000431743
-0.014437252439702935
-0.017243883186996614
-0.015080211348733814
-0.007896707448255946
-0.002388297439683057
0.0003073480829209285
0.001189356062751868
-0.001555631221402062
-0.004334157916525056
-0.0059090270372631065
-0.006597240150170831
-0.004641871095958486
0.0007404235949906632
0.009631307261151465
0.020016882756235536
0.028602032568539822
0.03178007733646557
0.029095767377946467
0.023706185571023077
0.015827543494195857
0.0020145683325388675
-0.012454888547978374
-0.017984586445281774
-0.014354397394318933
-0.004793554878801954
0.005504905853300862
0.01077873102208867
0.00981947470726259
0.0007647899424528709
-0.010429067806872033
-0.013197966023966112
-0.01396118351854347
-0.020634948872246664
-0.02873798164271804
-0.03569040129875969
-0.03491568730084606
-0.021337515151128687
-0.012171786972688586
-0.018012764490635064
-0.02704635156287368
-0.029096035308691655
-0.025300875483734893
-0.02475223082165866
-0.025190583990370035
-0.020794442748323195
-0.020845569259413062
-0.02799508031722073
-0.02952539444168149
-0.02288658160259099
-0.01303281769787698
-0.004906280373054979
-0.007179839221146278
-0.010517076654631278
-0.0057439875421956285
0.00010156995151373434
-0.00029124862225604896
-0.005180565230607872
-0.000856904513801425
0.013891578928463145
0.026855769063877745
0.030920148824167614
0.03260016688839533
0.03996048452319188
0.04766710924849015
0.04468695759577119
0.032549538535167774
0.029274314838360304
0.03622405182205486
0.03956531152953764
0.03881198029027762
0.03814270298623112
0.03508313135311243
0.022349905962917086
-0.0010793243909306928
-0.017920021247916668
-0.019235606608122867
-0.016907816067021488
-0.017453899033416903
-0.019883517862801216
-0.018231529689991515
-0.010519936116890801
-0.009527775657263126
-0.02183967209043855
-0.032141149465750224
-0.033026665808608704
-0.034548734823615826
-0.032717652221679244
-0.021545393280742262
-0.009329807663183068
-0.00206010906971448
0.0038414679967802698
0.011468349840526767
0.021367254525053857
0.03306754438391551
0.03831767882152637
0.03859806534724399
0.043142557735724285
0.05199512953311566
0.06436022748467184
0.07142078998275629
0.06963955361573121
0.0745487670972685
0.09198042365548662
0.11282275067167995
0.12784809330176353
0.1325879636855873
0.12498498093813125
0.11276361345249221
0.11286397319211738
0.11304248054470545
0.0983475980564773
0.08683594619195893
0.07596161863700042
0.04822888744879391
0.030235632711700402
0.04520583492708657
0.06711902837072477
0.06506519873243406
0.035832755957586844
0.0046956525689877526
-0.01471251582825799
-0.027230497297893314
-0.030202835018367617
-0.022506396472684095
-0.010617006983711411
-0.006268498754125475
-0.01112446178248109
-0.002539271900915442
0.01678641605329716
0.017450001476764652
0.013376418566894081
0.019423182979540026
0.0161028923014912
0.009687379751666246
0.020484376452019667
0.04213744150548971
0.0571528563681369
0.05431076865195302
0.045682887259757624
0.047767257676387245
0.05163210068533385
0.062169546779197914
0.09682940633133441
0.1302800868967498
0.12110812511129761
0.07876177556631196
0.05474859565132991
0.07477851315604286
0.10397031340780258
0.08981717564381976
0.03857027425886066
0.012578262615235775
0.03307642251515853
0.05441301351642495
0.04377690014052749
0.008072365950316846
-0.03875631028858082
-0.07649073098978341
-0.0833254040466464
-0.06818775985217941
-0.06240472141781555
-0.07499084913326864
-0.08934299851154007
-0.08999086632216323
-0.07577838820300968
-0.069602633606773
-0.0859309988791038
-0.1111330667938884
-0.11964192373179464
-0.0879130658840548
-0.039348862374265034
-0.013268119945496596
-0.011731993051725705
-0.013745740435893453
-0.006081644667721218
0.002991829659201451
0.009533571892946196
0.016453062352154133
0.024201175494010893
0.029335985098433884
0.030902392704207603
0.03288033131542663
0.025815020644226774
-0.0038206166194919605
-0.04454730885392204
-0.07178041889253325
-0.07804264800673684
-0.07078945141170088
-0.0649853590755169
-0.07232857008986612
-0.07681018167428362
-0.07199074932720886
-0.07687062186889658
-0.09537181851598539
-0.12524754172669983
-0.1517363276240844
-0.15535306142095084
-0.136957341634677
-0.1080559028087713
-0.08703995137901505
-0.07852630577401712
-0.07172595738278818
-0.06827054223573967
-0.07958109125752125
-0.10223017074472096
-0.11074233304955065
-0.08953897870635134
-0.05577451107395194
-0.025434384727331748
-0.0004049928784084527
-0.00462933829167454
-0.04291339711692755
-0.06100491228662667
-0.03242050691829224
-0.004191160001460285
-0.006534138835917149
-0.013509656607661149
-0.016956436183035637
-0.022729312421397783
-0.012391363884879216
0.019295936112666737
0.0388723530952794
0.021745318179390287
-0.01597093226766531
-0.05100355704104062
-0.06384847655658815
-0.05744318173090948
-0.05696410357844106
-0.06914146609609975
-0.08483667892006941
-0.10037919066954035
-0.10765740366452564
-0.10272082011431731
-0.09259699021674393
-0.07843328481073712
-0.060008719717520274
-0.033292530972046284
-0.006880915972089476
-0.0011831848411454576
-0.018683473015627016
-0.03243060339722301
-0.023327748553045806
-0.014691360245171824
-0.00790393067905162
0.0086004713498657
0.026598372272003686
0.05232432340633577
0.08539655394012156
0.10796208629201773
0.10419336370132501
0.07373527961978091
0.03193797317276155
-0.0019029460586314092
-0.017655695430753342
-0.015845953464041752
-0.002847812109343007
0.012254451689464707
0.01577279888219909
-0.00356903184578657
-0.02857038393289689
-0.03369120711317565
-0.021030704523162923
-0.003933956111868761
0.002257533175874566
-0.00918160602440484
-0.020691673710787443
-0.017995130862512563
-0.011098777635564355
-0.018732372456541933
-0.03332033231270295
-0.03973912247715441
-0.04117636555912574
-0.02874005530323852
0.0049782811679956185
0.038200290802517294
0.0521866915802304
0.049892633163836235
0.029978874647244243
-0.003670108984687364
-0.03325471470438615
-0.0460768810627015
-0.02381050032855846
0.034744759519210966
0.0884798325312062
0.11372388995741789
0.11620770511779427
0.1010963697741864
0.08946893693411843
0.0868745239543819
0.07889056384606301
0.0649913395382649
0.04592748099676746
0.021535407699477455
-0.0034859900030428997
-0.014791299304036928
-0.0134250981902313
-0.02404715452829583
-0.028950096417078165
0.0015679355661978008
0.0362285555161121
0.03863144490279442
0.023643840376204196
0.02878993752901549
0.05966518115045587
0.08724837996640025
0.10482586653555262
0.12267482413808674
0.12654279705167729
0.10601325684324728
0.08514830788061761
0.08693760218412397
0.10438316772368754
0.12057666270749756
0.12223559978016064
0.09434579669204628
0.024768031310226927
-0.060330113726193145
-0.10653387040320553
-0.10706965408749829
-0.11029125059491611
-0.1399736636450357
-0.1602673892726903
-0.13541875371888015
-0.08342295445950926
-0.04253156555504249
-0.021392630096079897
-0.015484224011325749
-0.02876294788028669
-0.0558357253329953
-0.08243734937092025
-0.11546094755700156
-0.15856538973645506
-0.1792238758511438
-0.14237794176348573
-0.05578526174843185
0.019517578252788492
0.03194406429262678
-0.008700184079519006
-0.05727742286106903
-0.08630327436233842
-0.08695847124124671
-0.06524110953188633
-0.04915940051949001
-0.04507598560038526
-0.044528839248709644
-0.04839144227082983
-0.04975195683789408
-0.030305616444503983
0.016215182682471144
0.06355083198088748
0.0802059943066481
0.06598917962688487
0.045633392638431226
0.03398154452457148
0.030743836130662196
0.033736520438904974
0.034758158109998646
0.026132347583262005
0.016583158944439708
0.021622523747604004
0.0291069602355812
0.026276676672376674
0.026082622801973425
0.04395432634680892
0.09137295650649117
0.12466454806683316
0.10196636800713009
0.07541597144678104
0.08588344559370402
0.11710263952401732
0.13765893715347552
0.1242514420106873
0.10154186627999416
0.10406595548250379
0.12350760749537372
0.13125115300258935
0.11178374653495582
0.07968265362004422
0.07365309756035769
0.1030330869656503
0.12352087559023446
0.09336148277991276
0.01833663102362709
-0.06615623503224549
-0.11543382971222783
-0.09597138933384504
-0.042420575160366084
-0.014167912546578707
-0.0010838519692519114
0.027259876494502944
0.05803142405528786
0.04449550994132872
-0.01001349205025769
-0.03179923528472972
-0.00022620142446419834
0.029617810497720783
0.010827752644486932
-0.02906339309095979
-0.031064709982825383
-0.004586897693107503
0.010413392217511815
0.010337059699139657
0.004509916687821357
0.006715536406869442
0.02559722805980092
0.051729047792041294
0.0708885119733668
0.07104351162244929
0.060837551866705364
0.05894382798428666
0.07511914656840121
0.09245526280014034
0.08881860205663128
0.07777142418972877
0.0771789763898678
0.07753671707997481
0.056632960764424305
0.02034946677816456
-0.0007435728800781602
0.02623036861537246
0.09361030598854397
0.12374109697524426
0.09302515291864649
0.0628222225971551
0.05065949422385216
0.035336068258581876
0.023362137525163255
0.027703135026060005
0.03428670658875736
0.03419036218080844
0.041462263386361706
0.061409045321703555
0.07238775999078109
0.056683012976336315
0.026460537954577673
-0.0025195514827235006
-0.013480500948675776
-0.006949116549848119
-0.0004454259755062638
0.01235656320463135
0.028236342304980823
0.026626199458305216
0.0006169192749286312
-0.043379463638864156
-0.06916603321473139
-0.0673867073646837
-0.07277880483962645
-0.08433713352822379
-0.08957249056628712
-0.09350592586473638
-0.08492210142852935
-0.05687332117755993
-0.02858658725860598
-0.015099914197490212
-0.025075048299131777
-0.04956483620203707
-0.06039409892633587
-0.05212778221396148
-0.051782627746499305
-0.0791930295431805
-0.107038194834417
-0.10664401850157629
-0.09133322488974015
-0.08387202053174624
-0.08041743024031718
-0.07437492938469119
-0.06955174687533013
-0.05335575051999853
-0.030318452104546555
-0.030346238256595565
-0.057534306392470654
-0.0950254932794929
-0.11721223872591387
-0.09930599474343418
-0.054348103662541766
-0.018280696331145527
-0.00942982834499661
-0.02285554583992314
-0.051524699935938514
-0.08230509932796934
-0.09490061022936298
-0.09311667600952865
-0.08152011763839855
-0.061350006547160836
-0.04840402950602404
-0.044560566407708134
-0.056171803121488575
-0.08468908291191365
-0.10821311413189899
-0.11826671609102528
-0.1045384307664226
-0.08096112237503048
-0.09065912464746473
-0.10853174564557451
-0.07717278800109272
-0.021376159744655367
-0.003123943700318787
-0.02105918830744689
-0.038983171544766666
-0.05531101131786706
-0.08187803089309989
-0.09729389653157863
-0.08527765691112271
-0.06471216485040997
-0.03858626250698415
-0.014526155385286772
-0.020896434977078007
-0.04129001963521862
-0.039165933547126594
-0.018337495335791154
-0.00096074235509102
0.014941393722535267
0.03803518809483581
0.059037300044335515
0.05867135599328078
0.028018802598257418
-0.00837820103011413
-0.0212445507940058
-0.0028143716311153154
0.024088011827112267
0.02887704485255418
0.016376417889279116
-0.006618945547246241
-0.024768014416465832
-0.019937680853238073
-0.020426413159266698
-0.03896939727252548
-0.06413685773797784
-0.08641439393670093
-0.08577004756077944
-0.07146223300894222
-0.06547841556194141
-0.055313918528980044
-0.02198988669934583
0.02451690380113782
0.06419386796791007
0.08152287780411713
0.06530010958473174
0.037347555377046364
0.037053749337129634
0.05813493159194192
0.06968633885821185
0.06398284067305487
0.04268090967174692
0.01018256043923485
-0.01006629527006116
-0.0022064649796529425
0.004461919679672128
0.003453879432561403
0.028303610136675955
0.06379742974907571
0.07730067245732088
0.0881843593271311
0.11840928986983579
0.13017589381138547
0.11092382125617907
0.10342361097139846
0.11628023975808277
0.13023092330222055
0.13005376753331319
0.1261291621760137
0.13226805139633313
0.13577890394507736
0.12433625795044552
0.09901550497020231
0.06691173975561213
0.024308507446563193
-0.014004823683164665
-0.014199259348280861
0.003339737872610911
0.0030111684375836263
-0.0065123354414161165
-0.006440458525788531
0.012662327446482213
0.02985903454541478
0.018089874335870795
0.0008804302390097341
0.014162278639024506
0.035812369351725964
0.0401905562370965
0.03962916179906509
0.038826926958530045
0.04153400585911103
0.0455041440666998
0.03270048918330987
-8.704564999531062e-05
-0.020290013137088125
-0.009066853166869258
0.0061695961433761385
0.000985021344673762
-0.021068198531882274
-0.04508148926888458
-0.05741226507062141
-0.0512358784311425
-0.034995003169733335
-0.01866376066334098
-0.004700272724757245
0.010105316198414661
0.029778107898179976
0.04278507606934602
0.04262685907870085
0.04264238127305691
0.05221125653808641
0.07649179820506617
0.10346415817610632
0.09957832764727463
0.05994460686064201
0.019750590679362728
0.00535887244826632
0.00876604035347511
0.018423652838193277
0.01849834449610154
-0.007036391567219987
-0.041237584144685036
-0.07337200086519889
-0.10987204124742517
-0.134783156631725
-0.1244949890773369
-0.09521310511186287
-0.08741875165462844
-0.09973221448144476
-0.10367399562874606
-0.09482589977653982
-0.07686483237647367
-0.04153694183293451
-0.004901976961716888
-0.0018258001944608956
-0.030006017379842022
-0.051110832862340506
-0.04674393581665154
-0.03625171273207223
-0.03074986447928193
-0.021388071719018967
-0.0019665696809219855
0.0193349958063894
0.030278448528409028
0.037920177527549566
0.05354634594054793
0.06639043508364106
0.06695875866140984
0.06694768525173528
0.0737741884705479
0.07782119910585089
0.07459332900927762
0.08734123620315169
0.12208716886992524
0.14677300983682012
0.14521467328411614
0.128476456325711
0.11948946393540096
0.1206809215948931
0.11555471398128885
0.0982673721607351
0.07247403953090388
0.05198888766582835
0.0482608548826442
0.05713919961840374
0.059078565553399895
0.04733817480298292
0.03924697242861775
0.03409442414791301
0.023948098383349242
0.015777897065809638
0.018155520061939823
0.04401175224478891
0.07579787368098705
0.08481856453466206
0.07029346506758702
0.032793411205125154
-0.00663172414980664
-0.02071889554001797
-0.024746702988597862
-0.030955848505729404
-0.023770752330467663
-0.005867877401943279
0.010995803883725
0.026220332243745342
0.031491520811198326
0.022171099792486847
0.014260469630724276
0.017669723111660034
0.029390574869982297
0.048506256762563635
0.07055827257571413
0.09394332257499252
0.12247194855433276
0.14376468111219934
0.14644765491193534
0.14124031491501823
0.1416322946993516
0.15189611482371748
0.15690535457558213
0.12239937913678237
0.04545532669173052
-0.00828058891000289
0.005424694942090264
0.05005916819839462
0.06751122659850568
0.029052721708557366
-0.03534709606062247
-0.08763035261414595
-0.11956339543850562
-0.11851071550498685
-0.10388699690432311
-0.11622379396944567
-0.13072516579651697
-0.11902570677921
-0.12064782286500166
-0.1397694927973651
-0.13368050502532053
-0.12132943059309718
-0.13172016110652876
-0.12065136262264073
-0.06609712221652254
-0.013894267211844943
0.018693479425602972
0.0572651810548458
0.0987841523332113
0.10858108424258982
0.08160431150378049
0.03923290313710582
-0.0011156880888148536
-0.02488070072607972
-0.01874347584360537
0.015216067691648648
0.03742597727390313
0.018180237296071787
-0.017072108348925245
-0.01983194954400153
0.037698943537868956
0.09954278033704198
0.0902306448233767
0.03083007477702929
-0.02355556799925423
-0.04075948459725963
-0.017383925105651368
0.015393557928903845
0.01579691370620822
-0.012854995779330082
-0.015346307626740201
0.023359785179946413
0.04378399069995673
0.009899516181884322
-0.03080913917121266
-0.0408418952473529
-0.032970829701743275
-0.029050622929322575
-0.039292064737127555
-0.055624044730251225
-0.06943526474011952
-0.06762486265025851
-0.042926312734367277
-0.012889709399337456
0.01136917945531303
0.02849055736725883
0.03244198550287469
0.026936017504056265
0.020673982451192882
0.019471834435143942
0.01691561696880958
0.0089131918292153
0.008335396299114874
0.011407418364019024
0.0037593095707359496
-0.00016862404037542897
0.004385247750771135
-0.011909762080865596
-0.044672149744708047
-0.06955816571158333
-0.08975458062056328
-0.10148577805584105
-0.08624326661039602
-0.04889033263973385
-0.020209889115509663
-0.018799673068752274
-0.03364241633029914
-0.0447936391146896
-0.053232425048066065
-0.06328618685820742
-0.06651542416656799
-0.05997140172656359
-0.044589205236162735
-0.039501824801743565
-0.056783750592900695
-0.07440596244774357
-0.0820550128770571
-0.087456714158332
-0.08995716516904295
-0.08145586308009747
-0.06555551260794433
-0.062040788970388054
-0.08055352943975834
-0.09671433880274063
-0.09100321008202213
-0.07734706737215112
-0.07018018578843366
-0.0760395584486418
-0.07928375042231232
-0.06941154663136122
-0.05930829142194209
-0.046623923202957336
-0.03337912342473686
-0.027894348715432452
-0.028560662102489625
-0.038722602753156636
-0.06005640402751897
-0.07961015208220701
-0.08292842791658615
-0.06999757986830756
-0.05285518038939528
-0.038858340629743214
-0.030204670243442318
-0.02803745877400379
-0.02684283619297934
-0.025052257107524782
-0.022522719686861963
-0.013815031415569752
-0.003920176991061164
-0.006245883813722858
-0.02099498360793128
-0.03928795440112587
-0.04962710892972414
-0.041559392148917323
-0.018396388397409626
0.0034487543006017974
0.006111843931462504
-0.005813071348511268
-0.012933562819861471
-0.01088923641003201
-0.006266474091078477
-0.0026247483126237434
0.0019366983459213774
0.005655815433182273
0.0015754603881066786
-0.009326000563334777
-0.01870338786440995
-0.019605429152262332
-0.008754257287169687
0.010256717536624832
0.02818543926907195
0.03917862481854541
0.043834659400419404
0.04311490780329681
0.03071957315080367
0.008510081929035573
-0.006132934103890167
-0.005031237573238589
0.002074518936779097
0.0010346072508742165
-0.009271790004311714
-0.0271170173025333
-0.04464004757199416
-0.04419624779459246
-0.02808361222780297
-0.008666060751120308
0.009240646170389563
0.01732157796397676
0.004687725875707872
-0.015944968178704534
-0.025297127743102377
-0.026565074334356124
-0.021663993047187344
-0.0112785776819545
-0.010188099886004574
-0.024701797320976864
-0.0354435968774022
-0.027943957970997597
-0.012331784426658214
-0.001627309985565907
-0.00034304513981157876
-0.009810371597025445
-0.02320762331518967
-0.02680033185833477
-0.021943890567404003
-0.023329813740470117
-0.033194406250221846
-0.0390295800061266
-0.0341750559615394
-0.020601330079354926
-0.0030733213729366984
0.01092886089896754
0.021092762553101267
0.03003688602156981
0.03335865139347952
0.028873071290739172
0.024323757252157293
0.024484308847960875
0.023584563480637564
0.015906981433448732
0.0003181383361580303
-0.014042652629126108
-0.015960937574691057
-0.0048974393593782745
0.010585272043477452
0.017123326712398457
0.010020296600960472
-0.001485512884829722
-0.006010268078585942
-0.003318852457332952
0.0006810945011289826
0.0013156605531812022
-0.0012379295513313825
-0.002260297262654294
0.0014725953005107013
0.010961598476013593
0.022308363321242454
0.02858713277329482
0.028816336993612246
0.03104735749114885
0.03807457217399134
0.043426166061326266
0.04135938504587067
0.028049819906053035
0.007865466838205604
-0.007333380743830408
-0.013866403922866501
-0.019034263384439802
-0.023151226314657675
-0.020691796202561306
-0.017678640776390454
-0.021960492750755657
-0.029939272189918247
-0.02615532914424937
-0.007318411599454739
0.005633571650319917
0.0031791832832968434
-0.005645017840107123
-0.012851570592363627
-0.014636918509316452
-0.009438291140616851
0.0018604665165807151
0.012030032886046822
0.013421210501838936
0.0058650271231206925
-0.002437297943050101
0.0006314860157642626
0.015885149049232782
0.02712797829756609
0.022939812162384214
0.010284308183937045
-0.003861872643943802
-0.016176958534751387
-0.02005147054906295
-0.013526724165293534
-0.002837078425530302
0.002786528711508425
0.0034535001531982475
0.008797957192573045
0.020157626450952502
0.030620912055556487
0.03549657685997287
0.03348443629000675
0.032103432726559036
0.036973807755451144
0.03968469989028101
0.034738622768661014
0.026215857520944318
0.017653096669597766
0.012261519098477159
0.013852230802146858
0.021417664178811933
0.027749691776782923
0.029828475908886543
0.027934569152948945
0.01990670386424432
0.01007180850182325
0.008580132396218198
0.01700069186304175
0.02405242945983253
0.020904500858918592
0.01093078502183812
0.005198742541623292
0.01144003568519731
0.02787870535569943
0.044608854896398216
0.05104015114359675
0.04564462598650698
0.034414821172673235
0.026238544436913636
0.024590408051966314
0.02551293908337202
0.025532397282416696
0.023552848102564576
0.016958515978442088
0.004903696704882231
-0.0028320239379870144
0.0012341601232280356
0.011575836751435658
0.020182039144663044
0.023313386298757927
0.021378556070850752
0.014816121628079246
0.005380527955614001
0.0005378852896271727
0.002595782268758794
0.0075776493998127685
0.01699144185040802
0.024812323448168454
0.023879683949413817
0.021255421861934593
0.019874633541183098
0.01544079346474668
0.007405468376041633
0.004491350947066835
0.013955228379837944
0.024149418576946975
0.020685972924860144
0.007516486550946341
-0.0051102147036694405
-0.011483363990477316
-0.007216198688644827
0.0046986058335809835
0.014806365885931249
0.018307123234090554
0.015126846747760684
0.005115879299684024
-0.005956692026014294
-0.00641179946077288
0.004979700822402414
0.01537084875627274
0.015701398767150616
0.010376629944237777
0.004965091309035584
0.0004919772447349736
-0.0037718934151646723
-0.006856761906384692
-0.004222734387291415
0.002267366796344755
0.005392663474365803
0.002895754218103762
-0.0005764502368414711
-0.0018891295194197056
-0.003602215171167423
-0.005603875839620037
-0.0061751028812246965
-0.0052812932847865895
-0.004710745940443469
-0.006318135890709519
-0.00572609455735856
-0.0021393714737832966
-0.0015610565052225232
-0.0014879405839400813
0.0033876402043264107
0.008612000772087342
0.009915775520149741
0.007764459336385062
0.0012109544193966283
-0.005965947454871009
-0.007467875514546776
-0.004593677525062681
-0.0012797161778561725
-0.0002954323968777784
-0.0007477935954001297
0.0017111902473415683
0.005838657989846176
0.008810704257082507
0.011986339049550073
0.013259099721346857
0.01101884871239984
0.008798798707839612
0.004960906879850592
-0.0018407401600882896
-0.005978324724353324
-0.003896327998454146
0.0021639329531999364
0.005754185465347447
0.0061980323899603175
0.010077119737950294
0.012594902166946666
0.005026995976316688
-0.0058403006196404116
-0.009082962922001761
-0.0026195139249491316
0.0077164183222868535
0.011917992380611885
0.00791265822065433
0.002674408527903043
-0.00095114653975391
-0.002685856336987756
-0.0005748867504682885
0.007679358545579486
0.01866197724315952
0.020837631627685073
0.010161374352106673
-0.002757162817941876
-0.0058250834795636345
0.0015556138784627571
0.009268730390698365
0.010380033367198433
0.0060734672784609565
-0.0011230530941890638
-0.008003166783963471
-0.011210585383453884
-0.0074843349545992794
0.0038318549823776692
0.013565079431397911
0.013079996227257504
0.006435030785370308
0.002249433124833329
0.0037986517257191242
0.007423468832675153
0.010123154723977023
0.011783357985399555
0.00906816444975089
0.001976257187199134
-0.0024315385418919705
-0.0017788188785515886
0.002072052909971744
0.00822686588005042
0.012911190192805965
0.011730548752610367
0.004283738448061004
-0.004431279335937809
-0.008085071324213964
-0.0069790110355699275
-0.004653921372185397
-0.001317345059148722
0.001126396265316226
0.0007652903832014636
-0.0003153647202202773
-0.0012168077293285733
-0.0007360051436960563
0.0030303822424242715
0.008224920266232824
0.01146148198306329
0.010293805223341857
0.0060048872180341935
0.0002959225454073989
-0.007900630191133034
-0.013177952878727271
-0.009361922736256028
-0.0006954617411666431
0.004353090742509085
0.0008299519408711845
-0.007297846445409121
-0.011386161665433044
-0.009402703070860361
-0.00617305912295625
-0.005573128465686652
-0.0038421971142303273
0.0011667457846546714
0.0011601553451434218
-0.007191271572049431
-0.015425995832981711
-0.014920839923827173
-0.005497358535615946
0.0038318203687982364
0.00499411914721342
0.00046563688269934673
-0.0033417721841660047
-0.005912364097058582
-0.0079626801172901
-0.007527550980517933
-0.003336694538808429
0.0021621283209406804
0.003578899788636852
-0.0009786232608303292
-0.00945166437637762
-0.015574983625470855
-0.014260704204794243
-0.008482499070565796
-0.0014207407201006256
0.003915587048485654
0.003714457660947423
0.0006030253069651829
7.245048217385268e-05
0.0016392191093292977
0.0014236995474786861
-0.001053258303606024
-0.003269279106023226
-0.004121605772704384
-0.005585005731137192
-0.007535158843771389
-0.007811840620720699
-0.005707426777735242
-0.001893034898566487
0.00045204936394726154
0.00022223235666510646
-0.0002845421117709361
-0.0010969011850888728
-0.00364689084785923
-0.006451534418502016
-0.007058110999498286
-0.005797055342756784
-0.003583944830995936
-0.0010350989014276057
0.000447183043373252
0.0012791213681949583
0.0008961916218652681
-0.0013067861919133518
-0.002108007798567953
-0.0002438410808820015
0.0019487029000239719
0.0019976736212540115
0.0009079042633719582
0.0009155877275747008
0.0012344295383707505
0.0007607875928361745
-0.0008089619106492736
-0.0016510380828841603
0.00016730914708180052
0.0020381838863791557
0.0009535281761477167
-0.0005768132601939201
0.0005582254260724777
0.0026291713306489896
0.0034241438783687325
0.0026751891250821423
0.0015989700313350547
0.0016904911029828554
0.002815003864208241
0.002685788730430853
-0.0013052954380325804
-0.0061053002375364325
-0.007601348511160855
-0.006184341193985618
-0.0015307147986224712
0.003798592625974004
0.0057163497027311405
0.005327411965285787
0.004401407363895069
0.0019784674017672495
-0.0010928583293702723
-0.001950836821330933
-0.0005853823203486332
0.0015623978021309752
0.0021107027258908872
0.00038322767869225526
-0.0010873627388881236
-0.0007385306073101781
0.0007274223117596293
0.0013250965518990861
0.0007177309396997013
-0.0003912346594777359
-0.0022188078174560704
-0.004425262855208894
-0.005694987452961133
-0.005692841797048939
-0.0050063355562966864
-0.0040140274785025395
-0.003641112350896868
-0.004109531836866476
-0.0034415835500484467
-0.0009776230970738912
0.00021124837027406025
-0.0015153478963072051
-0.0029185471658197642
-0.0015936181213733601
0.0007470398693053902
0.0016625393233310774
0.0008774046682923662
9.764981151544451e-05
-0.0010903837612755605
-0.0033028357000452198
-0.005052005155580908
-0.005507512947244085
-0.004768814914733045
-0.005367438629495648
-0.008129130412199408
-0.009012002099500937
-0.0061115755566840905
-0.001913709800946443
-0.0006175676906845501
-0.002740933468819984
-0.004007999860535445
-0.002752157826375993
-0.00108325805290606
-0.0009836413786013035
-0.0020114106313473107
-0.003102936445055619
-0.003728993728795625
-0.0029790199120750087
-0.0006911420356667061
0.0017726965020399574
0.002690225923703382
0.0012693005392616877
-0.0027447004197303374
-0.007078947655360687
-0.008373668668421855
-0.0071294341574089206
-0.0055817396667189965
-0.004487228466097657
-0.003898556670092422
-0.004294562431918902
-0.005132904634318871
-0.0041934205278820295
-0.001353454134076485
0.0009765751704559709
0.001403876004127097
0.0007739097088824124
0.0005394485916006949
0.0014585589272042051
0.0026713958295505585
0.0031440089301662867
0.003918774293096715
0.0043789094650423304
0.00334808047542225
0.001955960100376932
0.0007309638968822573
-0.000492807914363541
-0.0018217987530789609
-0.0028393695750645424
-0.003353351928454019
-0.002861337331016325
-0.0003489263219970072
0.00255417230648195
0.003264709027267184
0.0015792336689489895
-0.0009022679993985567
-0.002138092389408619
-0.0009105609814066741
0.002542342750054782
0.00635176531306652
0.007327600195968543
0.004845301706650378
0.0016515270115694649
0.0005698800850914197
0.0032047237865442646
0.0069634232015456194
0.007276567543774856
0.0033065670415187475
-0.001903558597829703
-0.004485425792385966
-0.0042232007227217695
-0.0031660085266667004
-0.0015544088951159247
0.0001777143697753978
0.0003070462030186133
-0.0014262682788371262
-0.003217779818373541
-0.002762876332878106
-0.0008202923479188015
2.4335680479544847e-06
0.0003977351003240387
0.0014953361074946366
0.002817659239326996
0.003768841944426815
0.0031240149472014952
0.0013164445839783465
0.0008594636616759244
0.0015744824506900516
0.0017627914610486989
0.0011308744752834157
-0.0008844367688252432
-0.003144750056801399
-0.004035043432190071
-0.004066289444869415
-0.0035333693560477227
-0.0023460399523487574
-0.0013130150227963198
-0.0014376027454611688
-0.002938924327835883
-0.005235939519012966
-0.006237197183384084
-0.004299428071873256
-0.0010617125015090784
0.0010691590910453398
0.0014920641468657637
0.0006280323656739629
-0.0007166359585172675
-0.001587912229684663
-0.0011100161419615368
0.0009933477246913105
0.0025605690994863896
0.0014966228468214437
-0.0011712623359254016
-0.004123146535924294
-0.005039090796814172
-0.002374253100081085
0.00037032160094573855
0.0004030940421181302
-0.001029131233428934
-0.0022812649010301024
-0.002588036596196989
-0.0017437381486897325
-0.0003882862258668776
0.00030500864178260786
0.00048383908054469425
0.001327113727136771
0.002922331416098867
0.004202974847778235
0.003873792411211802
0.0019006846691201288
0.00019256587967079726
0.0002888881227700558
0.0017718960583190699
0.0030964907583409047
0.002859959168124552
0.0009439424372898071
-0.0018298342342092184
-0.003924106914792168
-0.0031648112569202624
0.0002180955871149832
0.0026945337641856144
0.0019662510647185717
-0.000722707737011952
-0.002809214956316631
-0.0030781424902297594
-0.0020759623002317763
5.499887314326786e-05
0.002982906553139055
0.004863934208237462
0.0050450929294240205
0.0037695857773448393
0.0014238902590077106
0.0006530484951287214
0.0028528623682089606
0.00504576195385267
0.005101795736866658
0.00397009252001922
0.0018178675184821762
-0.0008725154746021839
-0.0018180199365476562
-0.0007799093106655474
0.0004676037836031191
0.001509625623676823
0.0016148608338570772
-0.00034706354318918606
-0.0025894326232085607
-0.002895138629890946
-0.001621154388335898
-0.0007977117348789745
-0.001119602710181622
-0.0006066502598748409
0.0011183428732151545
0.002150070210453975
0.0012157326050823735
-0.0015714369310614092
-0.003302909083448885
-0.0014745005166892913
0.0020498128813913733
0.004126808380360018
0.0035471279557306398
0.0014123254920787214
-0.0007714407197871899
-0.0023025901455942643
-0.0020089204443996295
0.0005533734355234299
0.003054743903651208
0.002654639626024526
-8.225398974547164e-05
-0.0022458455240892054
-0.0021904041190180024
-0.000400883313144286
0.0016300296842078237
0.002476088348978034
0.001703885524916119
0.0009007207470892673
0.0010734498368942576
0.00038434452252429695
-0.001501093726201344
-0.0022858342222981574
-0.0014077917989910142
-0.00031845359356351546
0.0001240824271536533
-3.485866014938366e-05
-0.0009702323822461791
-0.002458569865303109
-0.003597711957466939
-0.004170672207072
-0.003669362954779767
-0.0011910687910768815
0.0011496851123030272
0.0009472873006097202
-0.00027288078399406176
-0.000434642890370622
0.0009064642714361232
0.0031619583894110103
0.004968980925141978
0.005629585547714527
0.004951663077618097
0.0024664745364508154
-0.0007120261022554328
-0.002282342409326794
-0.001302128937424784
0.001481533955999582
0.0038066319707676824
0.0032006238274613296
-0.00026652519198726993
-0.003837256789966868
-0.005660797494239962
-0.005980301224942573
-0.004939976686780033
-0.0029330403164899246
-0.0010200774671981665
0.0004230010563677602
0.0016233287064925913
0.0022898102425625445
0.0023717547628568504
0.0030052769794651317
0.004554397248090597
0.00631957513580106
0.007877565645740351
0.009178899017099578
0.010062792758678225
0.009505111073149481
0.007893308956591474
0.006862957762486991
0.006215294372330184
0.005170077987654636
0.002890400023143991
-0.0008906733395904908
-0.0045873659836415505
-0.006915480005834063
-0.008241077267028404
-0.009452204995010373
-0.010382602074259815
-0.010862693260782572
-0.011608931361357397
-0.012626036764320375
-0.013351402639402942
-0.013494845956514083
-0.013133460486493519
-0.011927872015565152
-0.009350078298768981
-0.005974871629817281
-0.003102962531477123
-0.001649263976092607
-0.001289677234884739
-0.0006923335830052061
0.0007532792899281943
0.002880752108473087
0.005507664270054821
0.0071292082327625485
0.00691316386890505
0.006699789965926484
0.007722048134733168
0.008997032532259537
0.009465905236812974
