0.0
0.0
0.0
0.0
0.0
0.0
0.0
0.0
0.0
0.0
0.0
0.0
0.0
0.0
0.0
0.0
0.0
0.0
0.0
0.0
0.0
0.0
0.0
0.0
0.0
0.0
0.0
0.0
0.0
0.0
0.0
0.0
0.0
0.0
0.0
0.0
0.0
0.0
0.0
0.0
0.0
0.0
0.0
0.0
0.0
0.0
0.0
0.0
0.0
0.0
0.0
0.0
0.0
0.0
0.0
0.0
0.0
0.0
0.0
0.0
0.0
0.0
0.0
0.0
0.0
0.0
0.0
0.0
0.0
0.0
0.0
0.0
0.0
0.0
0.0
0.0
0.0
0.0
0.0
0.0
0.0
0.0
0.0
0.0
0.0
0.0
0.0
0.0
0.0
0.0
0.0
0.0
0.0
0.0
0.0
0.0
0.0
0.0
0.0
0.0
0.0
0.0
0.0
0.0
0.0
0.0
0.0
0.0
0.0
0.0
0.0
0.0
0.0
0.0
0.0
0.0
0.0
0.0
0.0
0.0
0.0
0.0
0.0
0.0
0.0
0.0
0.0
0.0
0.0
0.0
0.0
0.0
0.0
0.0
0.0
0.0
0.0
0.0
0.0
0.0
0.0
0.0
0.0
0.0
0.0
0.0
0.0
0.0
0.0
0.0
0.0
0.0
0.0
0.0
0.0
0.0
0.0
0.0
0.0
0.0
0.0
0.0
0.0
0.0
0.0
0.0
0.0
0.0
0.0
0.0
0.0
0.0
0.0
0.0
0.0
0.0
0.0
0.0
0.0
0.0
0.0
0.0
0.0
0.0
0.0
0.0
0.0
0.0
0.0
0.0
0.0
0.0
0.0
0.0
0.0
0.0
0.0
0.0
0.0
0.0
0.0
0.0
0.0
0.0
0.0
0.0
0.0
0.0
0.0
0.0
0.0
0.0
0.0
0.0
0.0
0.0
0.0
0.0
0.0
0.0
0.0
0.0
0.0
0.0
0.0
0.0
0.0
0.0
0.0
0.0
0.0
0.0
0.0
0.0
0.0
0.0
0.0
0.0
0.0
0.0
0.0
0.0
0.0
0.0
0.0
0.0
0.0
0.0
0.0
0.0
0.0
0.0
0.0
0.0
0.0
0.0
0.0
0.0
0.0
0.0
0.0
0.0
0.0
0.0
0.0
0.0
0.0
0.0
0.0
0.0
0.0
1.177463162028133e-08
1.8240922229197457e-08
-2.562142438924998e-08
-1.4224056719278917e-07
-2.73073185489892e-07
-2.5167253835018457e-07
-5.195261605458218e-07
-3.301841979915405e-06
-9.638740791329729e-06
-1.4145509175467108e-05
-9.208213666471146e-06
7.751505066903665e-07
4.7491869622088065e-06
3.0893481233803834e-06
1.0920526174353515e-06
-9.217311533120023e-07
-7.034837355081563e-06
-2.0268833137517407e-05
-3.4349727493925215e-05
-4.335363782511803e-05
-5.4901857111978195e-05
-7.423953806908201e-05
-8.640618541269235e-05
-6.813674243512798e-05
-5.3849689642929236e-05
-7.236525595791681e-05
-9.399096635543803e-05
-0.00012061503782329834
-0.00015072157594927667
-0.00014091014720154395
-6.524221835284592e-05
4.6650667706994135e-05
0.00014155202200988667
0.0001583465357303214
0.00010989977158306652
0.0001260459856593658
0.00022872476117851868
0.00032079150972852774
0.0003032183374090632
9.82631005242903e-05
-0.00018836503124931047
-0.0003822931764215098
-0.0004998755062674322
-0.0006044831649252398
-0.0006212875682879793
-0.0005372327457603616
-0.0004977114360341721
-0.0005224901729791669
-0.0005533320523504626
-0.0006218852435397367
-0.0007114273854995875
-0.0008044644865809582
-0.0009498799079034947
-0.0010678892146457313
-0.0010747122955023485
-0.0011252054799869094
-0.0012684810617140801
-0.0013612666222501827
-0.001274248815030881
-0.0010104167786331385
-0.0007703660772351631
-0.0007709242972256637
-0.0008023656057074386
-0.000633216227456277
-0.0006624715939381726
-0.0009790831021603585
-0.0012703359588589916
-0.0016576145017218977
-0.0018954645464629362
-0.0014791366990663782
-0.0007055541850985658
-0.0002570506076089203
-0.0007534346908211458
-0.0020193147526544625
-0.002471231077879125
-0.0016273968998318756
-0.0009606838196535054
-0.001088922085785488
-0.0015178881612883102
-0.002156182602677876
-0.0025366792578907634
-0.0017593130708007246
-0.00022969548032255119
0.0004015839161890724
-0.0008709834720892402
-0.0029785905966470453
-0.003666294506158627
-0.003144500639072491
-0.002694571132463165
-0.0018470119246102603
-0.0008085892709513603
-0.0008712343975265955
-0.0015915639950109005
-0.0014389580468399347
-0.000651173696706993
-0.0004647517995084819
-0.0018139365548966865
-0.003823300349986415
-0.004561881132854103
-0.003866227170637036
-0.0028599782946322565
-0.002475335397326051
-0.003018289027696228
-0.004616530245702563
-0.006430430494488671
-0.007307108597266759
-0.007170595803563123
-0.006627441781857731
-0.0067715175170103194
-0.007351644220778864
-0.007056903601542872
-0.006197358528357804
-0.00659967047128648
-0.008543035682847063
-0.010303541276752703
-0.011012610943451025
-0.010651264609189217
-0.009717483281173023
-0.009381685686929552
-0.009918673253701825
-0.010371891963960843
-0.010293990216687773
-0.010534454595625378
-0.011363830673521553
-0.012488566666670002
-0.013856936333631786
-0.014635469223013802
-0.013895643023533697
-0.012201888709759506
-0.011375448014415758
-0.012000993904126556
-0.013114415455853432
-0.013858025523850364
-0.013697850573924685
-0.01307948722746931
-0.013049635634113613
-0.01350587496371469
-0.01335697408919002
-0.012535727635743092
-0.012115663568429356
-0.012363863074031827
-0.012811859234968146
-0.013101960454277684
-0.013016036696388112
-0.012653862601620236
-0.012379924493875677
-0.012849475308930533
-0.014062266307092659
-0.01504056624458464
-0.015186982507776645
-0.014737122970239828
-0.014463761776772997
-0.013893043869426844
-0.01253856972259207
-0.011308635144339005
-0.010818856793160933
-0.011180229319505826
-0.012581568958625229
-0.014044686966805333
-0.014814691787916574
-0.014960053545928765
-0.014707993207163692
-0.014848071178986481
-0.015089811834316298
-0.014518577353461709
-0.013824608179888403
-0.013889572795718641
-0.014211316078402852
-0.014450461362896445
-0.014446099713566628
-0.014348401064239555
-0.014506681946002322
-0.01454785270670944
-0.014473084530317485
-0.014965271645624148
-0.01561785746466479
-0.015284446383764527
-0.014246946097307154
-0.013543690555033211
-0.013582770243254935
-0.013969274571690157
-0.013642483583391433
-0.012701602806975831
-0.012411243869091365
-0.012370383162980473
-0.011792832975078042
-0.011382514369604092
-0.012028865235075433
-0.013211713916754561
-0.013771505213092866
-0.013515884718799954
-0.012931156605440206
-0.012447126453898304
-0.012042519644225595
-0.012303097942769528
-0.013444109428644683
-0.013819984728649396
-0.012888007874744822
-0.012195155373174157
-0.012857687677495528
-0.014463247199260214
-0.015626225038282038
-0.01496857214342778
-0.012865874024213766
-0.011210896213412187
-0.00989001857399874
-0.008715879237886843
-0.008454388173425652
-0.008200449203538582
-0.007303924395059219
-0.005922185333764827
-0.004729535374647841
-0.0037683967451872615
0.00018366229975001254
0.009667066391252093
0.02193734670405268
0.03149844636222677
0.03405096813359522
0.03347929522166914
0.03577987331363459
0.03671184096009313
0.03159089575746404
0.023015690069304744
0.015205330211223661
0.010984483128283757
0.010994925711833768
0.012233042006300932
0.012551938612777109
0.012854256037063076
0.01328152770041669
0.012705722080758335
0.009193461450905847
0.004347522824130863
0.0034656169478139084
0.0037688164362897686
-0.0007864322632867801
-0.00418069031922993
0.0004655349448189018
0.008250855894521727
0.009180905376287771
0.0035927494467127585
0.00232802135056526
0.007006456737613051
0.010656841992777574
0.012839766088348121
0.016931043022663857
0.018432637863037123
0.013864003066938928
0.009874360539761574
0.011411286873742916
0.017138582723560298
0.02107784910448871
0.021876869679190263
0.02514489028415172
0.029853055417134063
0.03335354213255119
0.033883299633138624
0.030207368464637528
0.02944428617647801
0.03548443153890013
0.04557303195310068
0.055120817772496805
0.05949175602314038
0.06603429913856286
0.07780717780319306
0.08520564231925352
0.08984463445829234
0.09757334746086405
0.10292260754574253
0.10196698561726643
0.09576405417454649
0.08449128731545975
0.07401313486066166
0.0695428967267479
0.06630489268913968
0.06346608350791758
0.06647557998327631
0.07603937714728178
0.08629077363787857
0.08865193844916773
0.08763485515565018
0.09260263007690218
0.1015242730630234
0.11128862049579588
0.12335236580821841
0.13289502847845108
0.13258716106864973
0.1216444592448753
0.10746804822774343
0.11124824505478714
0.12669010465922645
0.12385401199148227
0.10668086794455733
0.09672013441617083
0.10338208862156427
0.12346615939911038
0.142385601640165
0.14149363166285184
0.11273644102105748
0.07798285238870557
0.06933864192108448
0.08382086672020102
0.0971144697849407
0.08738304767443952
0.055356808073016975
0.02849090875961307
0.019953369037179466
0.027872472093777884
0.04505478585265868
0.052116726531785916
0.04526445616736723
0.04447709559347319
0.04514755184138418
0.02591741334294199
0.01122029613110712
0.02757145255160688
0.048844977241916464
0.053649669633011834
0.05819353363745282
0.0679792069957356
0.06424388271778533
0.0520761911800284
0.05883984076611551
0.07800661316447151
0.0756357069762297
0.05748762644295483
0.05985977607545994
0.08090051426065442
0.0886723202470319
0.07762099824706369
0.06658309865741471
0.06439438095534337
0.07338558707539529
0.1019692932615392
0.13011176413989717
0.12382950289205576
0.09787933917073434
0.07605489693386372
0.05660223606196988
0.04319785804349469
0.029664570939147625
0.0030687833983871204
-0.02736531677339035
-0.03086244301796488
-0.0030952505642508565
0.026589007267743516
0.04873612729661579
0.059433252719638535
0.04659360853206319
0.013966550223452646
-0.00864759514793293
-0.008985462226135414
-0.003214179470268311
-0.0047683558441496245
-0.021974476694380563
-0.042155268241552885
-0.037742409310725165
-0.006475676859463303
0.024678716359915445
0.045978177498247515
0.05439558469806384
0.04813211730926537
0.042978297596825955
0.03726801012853798
0.003249662758858038
-0.055944723426457836
-0.08777241545632378
-0.08580736027841265
-0.09315854178671956
-0.120324223448318
-0.12991241079606
-0.09555606126114898
-0.06342435113467076
-0.07035098359295706
-0.0796599404706924
-0.06367799913686786
-0.039297444089433684
-0.026293494325453578
-0.031040932341943203
-0.04626803913649148
-0.05817105601236602
-0.058411828956504847
-0.05993213783626914
-0.0731744810371539
-0.0751635392735771
-0.06384816588949387
-0.06646075792336481
-0.06915918519547751
-0.05861823600602944
-0.05427119078481594
-0.05680700030583211
-0.06518248801021789
-0.08674866042321944
-0.13283351610596014
-0.1891968616134755
-0.20849856550613818
-0.1974014634260856
-0.19220092841150369
-0.18624905027538222
-0.16971674980415066
-0.16247168926254865
-0.17736562383638171
-0.18350127465428756
-0.1737201070884514
-0.1776619067441051
-0.19422744364921296
-0.20708695932263319
-0.19379384939737251
-0.14716369899588577
-0.08971571691395712
-0.05371307296794041
-0.04548024151334151
-0.03839540310414606
-0.03502207676591295
-0.05352533438557004
-0.07637870313724754
-0.09764272706168724
-0.13950410490292625
-0.16365751762128164
-0.13932806628652505
-0.12715259057297199
-0.1438060849775311
-0.14434003549981608
-0.11903726203839401
-0.074627896288166
-0.04378088204217055
-0.06326645960237888
-0.10791214848113626
-0.14921869959344342
-0.18499624797507927
-0.20662577339034421
-0.2137949573576874
-0.2025804276667911
-0.17052326652818747
-0.13614180634017628
-0.1144522120583966
-0.1123136108354662
-0.11166953074476416
-0.08947632189384029
-0.05696943486074076
-0.03641043538357907
-0.03428317258276971
-0.041337541500610024
-0.03460041715321695
-0.009399239821905396
0.0076262964044960255
0.006583692167214332
5.00505824683847e-05
0.0049125614999076545
0.024099262732774213
0.03314726474907578
0.01889994310626091
0.002104967436155896
0.0032285041973747885
0.01837944830526404
0.030828192293072015
0.026453916657401422
0.01461573002095684
0.0016830539365841847
-0.02215796652599997
-0.03671377568656413
-0.01592170084981559
0.018533496270005407
0.024611563757020075
0.001001293587732164
-0.01988631533376247
-0.009869791244482456
0.019117038696408663
0.02814331251077827
0.00959045031942087
-0.017605323075946533
-0.034573145832790614
-0.025377148883975503
0.010498720472237238
0.04210528725621877
0.04722794733122194
0.044426930279412025
0.05191519081522533
0.06626110917808112
0.07630545501772758
0.07365217412139065
0.06902330452543037
0.08154081117164234
0.10221593512718613
0.10508202736650112
0.09040809202163878
0.07639439167314307
0.0710679291374117
0.07561442913901069
0.0783175341164032
0.07290014447988469
0.07615064000424326
0.08864746676140849
0.09314046836375017
0.08377759438343453
0.06589713236485101
0.048752031127290985
0.03719089876078638
0.033579457098550716
0.035351983378307014
0.031402996645550865
0.026267346074494966
0.030994496610073596
0.03968739249015786
0.049876411972849866
0.06710531195891074
0.08299468943197423
0.07989711154571212
0.05660124576845682
0.037465450358902974
0.03978916216503671
0.051325350706586434
0.06108019443975937
0.07272452501899856
0.07769095627634115
0.05868948154230275
0.029602046515626493
0.024479956887017387
0.04545571146655606
0.060211890033236425
0.05365482706738295
0.043713596825312784
0.04427240812107493
0.04066947598897722
0.019483289690177322
-0.013346687353574044
-0.0477179741133218
-0.0817622650815112
-0.11206296520896451
-0.12247676177805382
-0.12846848921532625
-0.14570191142554403
-0.15597707108211867
-0.1526800389444963
-0.14171549979772263
-0.12519541247749663
-0.1070681463568741
-0.09882767208730253
-0.11084915915120623
-0.13826748506125391
-0.15110009307658334
-0.13737599907935552
-0.12046302147426861
-0.11037102470026575
-0.10115048625615754
-0.09085845986094822
-0.08136929429639037
-0.07053247262633953
-0.05255167213292389
-0.037023365098087006
-0.041130211327431616
-0.05367000793298403
-0.053042443387828056
-0.04041107592919113
-0.028567063970704906
-0.027322203771706785
-0.03370550004445697
-0.037889979477992476
-0.03724633962434448
-0.03159829264592608
-0.03041287773183912
-0.0433267253427129
-0.053617869432681535
-0.047743337983489835
-0.03856533851678068
-0.042061586606712255
-0.05275632556900316
-0.05100508249916077
-0.03526922801575505
-0.020840894727610144
-0.01856928238420769
-0.03101516938979784
-0.04736786355905444
-0.05019751795624767
-0.04432485472151289
-0.04918143709325258
-0.06292351061892135
-0.0680140004542284
-0.05996423644837719
-0.04922765551785582
-0.045093367630099176
-0.04854990310962866
-0.053892345632581364
-0.06462949337023481
-0.08585713763996894
-0.10146481172985342
-0.1047743337248679
-0.10414808460387798
-0.0944362541409546
-0.07265052183719754
-0.05487677305785805
-0.062462471355079
-0.08752076179938423
-0.09781401994323605
-0.08645113101338071
-0.06760352200571405
-0.0500801646589494
-0.03552574430307733
-0.021554142137390823
-0.011147632562102364
-0.0026145029539269135
0.006961528493585961
0.013679590121623935
0.0159738338131639
0.010803660329773196
0.0008008139646732425
-0.00629247549053697
-0.0014758445010321722
0.019819371213362906
0.048667662606990514
0.0766879046582092
0.08907275518523572
0.08433409960072405
0.07939222409932101
0.07546682194259557
0.06916757579591565
0.05864376270557216
0.04731716032543658
0.04550679516260626
0.06203594201983112
0.09621462454671746
0.1187113523273518
0.11111576427791102
0.09627736532980566
0.09216955398183166
0.0933827601818421
0.08546898352844327
0.07097377739108894
0.05880633799830016
0.051837557905142995
0.06132875439011185
0.08853979416957779
0.11072784902322731
0.10440728735975248
0.08211179698560003
0.06930093035003201
0.06864151645383361
0.07312207622916374
0.07805682493280507
0.08627409612032046
0.10401574606589334
0.12784623639934875
0.14249694350153622
0.1323063517352954
0.10748208322958894
0.08143912655041459
0.05033700381209463
0.031205253221527913
0.040492713063291524
0.05632448242675486
0.061982158566007264
0.07241887481258265
0.09323954333943724
0.10632228152306705
0.09643195170360382
0.07295052339231027
0.057094050813983964
0.05691554036669021
0.05989479396732292
0.051599621136043126
0.03602366251303063
0.019375468879743164
0.011160122163778556
0.0171576250501652
0.030358246480656728
0.0401770707881855
0.03906858823652811
0.037777323410457475
0.047407404015692864
0.056904383205974955
0.04673542337282186
0.01972080631097969
0.001289435088736385
0.0052676403556350445
0.019939382824579653
0.027462105776222694
0.022944683651392038
0.008396432401151436
-0.007536561199017462
-0.005521925368443415
0.010491090461765324
0.008918059711440688
-0.00730262549759865
-0.01104172403946218
-0.007743570235211294
-0.008874711886319168
-0.013731962242250718
-0.018842890311019392
-0.014565461180266854
-0.002346507746419637
0.0036143796154886453
-0.007618338643255854
-0.02800309047588507
-0.03497666322978882
-0.01791804111304518
0.0073890715981157935
0.019354163959552764
0.016425820717465452
0.0077497545523755075
-0.0070127550528443225
-0.030962341347366633
-0.04816246250752794
-0.039392460820637666
-0.015469403297993501
-0.004389008114241296
-0.010766861284640848
-0.016307288064357533
-0.01151755662219785
0.00036674053392870756
0.01086385810115834
0.006859003201147192
-0.0073900648297192005
-0.012954343201193153
-0.006951854772983977
0.00048227788766886634
0.0029039750137571027
0.002729660901337313
0.006210255568188779
0.010283295502650168
0.004862905241789738
-0.006348733697516403
-0.01416150299396134
-0.0228164080793039
-0.027702277914063832
-0.016202729787312953
0.0035173828476888786
0.020225850869757978
0.025458571568686555
0.01701348941053122
0.014943737583110399
0.026356730642362138
0.03881098804934367
0.04528085456421027
0.04939840847377953
0.05149220682080647
0.04262612338021577
0.030110442573431793
0.03035836086455219
0.03746499824816876
0.03546852180951113
0.02802489411675586
0.02813445344515679
0.033445397335409514
0.036575609106634294
0.03586276330053851
0.024857706475849665
0.009945814234747087
0.010211691954977018
0.02347458460524141
0.029630862517809532
0.01952423150075354
0.008942841988232171
0.018147785352684444
0.04220717992506978
0.054175452261800525
0.045903192944906065
0.03236859981701164
0.01662898195937671
-0.0009686010405452128
-0.009124004445943367
-0.00047190867524437533
0.012381785042407722
0.0077707851140050655
-0.01489187321855893
-0.03818939482235406
-0.049507634688526425
-0.05200293133889019
-0.050706526789378696
-0.044753549341186534
-0.03423826151071387
-0.016642028675114353
0.0026680953719448648
0.01192748775319375
0.005260542576429186
-0.00944148361236752
-0.020131444825880827
-0.02485186662989057
-0.026214276710471544
-0.029263753269810622
-0.0329803782012885
-0.03554892637678533
-0.040608639952478674
-0.049950497960270394
-0.05701374170804671
-0.0574238921619462
-0.05396137517197661
-0.04107260609650985
-0.02535141453076308
-0.02107841745887262
-0.03228395331362898
-0.05626240959005043
-0.07853377377682082
-0.08797450557885296
-0.08382581602638557
-0.07435109280479257
-0.06472911574459075
-0.048128342364961586
-0.02453420087039615
-0.0019992978077475808
0.013893875021898637
0.01775023570534242
0.007828254970754197
-0.00994318713146485
-0.023681719028259236
-0.02679602730420946
-0.03305476395152226
-0.05086238263583212
-0.06714776808230632
-0.07732580186345195
-0.08293027880309056
-0.08005938782640605
-0.08293426371051639
-0.10138632220598835
-0.11578640587694523
-0.11966871012749629
-0.12154773142160748
-0.11538521193843458
-0.10044900897735264
-0.09127108025435977
-0.09150784922409011
-0.09376613712395696
-0.09129054498261985
-0.08111666718255744
-0.06904074856504014
-0.05819015961761047
-0.04661514086242434
-0.03980970277022201
-0.042318087086863736
-0.0441445641473164
-0.041398707791480964
-0.04629124678435338
-0.06255032156488416
-0.07520962824685294
-0.06678116350376634
-0.04558959963619842
-0.03365305671953518
-0.034418427158770123
-0.037664506523061116
-0.0312261503321259
-0.018694008000018213
-0.020883576785146258
-0.03972873563325766
-0.05499291924919552
-0.053544208123053876
-0.039474432639543255
-0.028648033999630687
-0.022638774586208173
-0.006463934733420635
0.025558527301325202
0.05537148013750557
0.05695129210963292
0.0321142848773908
-0.0027262958943781853
-0.030037726027587235
-0.034896606215282976
-0.02855483690164587
-0.020986373546778726
-0.012315568316384055
-0.01281286661602997
-0.015067365406628381
-0.0013962350539030507
0.01916011880588477
0.023229657648635636
0.01337783758703385
0.011827107956444208
0.015388754556883861
0.005648371906534014
-0.010486735138911334
-0.019483778260130185
-0.01591513942293768
0.007072166106875773
0.036949845546859254
0.054100257391701184
0.06170484013267448
0.06221479150479471
0.053268546287292946
0.04866792744725101
0.05385381655256602
0.06293967838162205
0.0682294285069075
0.058455399185878054
0.039272823276759065
0.026113096995422143
0.025528919851609832
0.02986896243861415
0.023353840948065297
0.013556847124766762
0.018933642182660852
0.028940446365920604
0.03250275517048816
0.044221103550011645
0.06058332585429433
0.06279726647970747
0.058667567108245854
0.0575433681117743
0.049440169647340985
0.03002405930598513
0.007094975639795142
-0.021569160471399812
-0.04860467354638566
-0.05518525209156703
-0.047591730957120125
-0.03873073608155457
-0.03250552066755911
-0.02457004006751213
-0.00476975898341325
0.01840713626348746
0.023100333972087852
0.0097612471619692
-0.0011398927638001347
-0.009009679835680066
-0.01328173791085146
0.009355330249066224
0.0473710117342189
0.0677438348180593
0.07718818122341238
0.09440881217648235
0.10898152671013572
0.1074517507394842
0.10068434058044293
0.09581574354887108
0.08461590632491044
0.0680737278615404
0.059002294125971314
0.05872615183334349
0.05787656318755905
0.05323090391672239
0.049906030993463815
0.060272348223371644
0.08719253625606561
0.10932830723814489
0.11348368197302065
0.10986172049470995
0.10151789284841338
0.08991770787329445
0.08509642477445846
0.0901945678085761
0.09335384231044405
0.0864713159319985
0.0872262306504207
0.10560228150128832
0.11932494574212348
0.1131835999717628
0.10595155554216781
0.11510624090532799
0.12785176686054872
0.12059249575340839
0.09256069919709607
0.06461279443548464
0.05079113687169333
0.054271734674377375
0.07216318085031954
0.09605322213052762
0.11408589502219225
0.11343528623122812
0.09354510715734952
0.07974334457767686
0.09036387007319041
0.11173104546167041
0.12468768006158379
0.12020048483233824
0.10235560749173404
0.0814400329212872
0.06566752098149134
0.05883541105045389
0.05963195802121656
0.06145405747416962
0.05580409173000407
0.04453588093125455
0.03926054160969022
0.04323293922298855
0.05108201641706522
0.060392386935818575
0.06322721064230392
0.049226632335726196
0.021855813642212653
-0.0027621731134365845
-0.017398952038057813
-0.021224929418401678
-0.014441397664041096
-0.00633503070853339
-0.003239736500408546
-0.008990041196062146
-0.02314842216964241
-0.03491946159231103
-0.03745878569904205
-0.03204127463855982
-0.02307340832726471
-0.016731818979053764
-0.016557476732809377
-0.024679935112341372
-0.04413137819702359
-0.06498822131109064
-0.0717580819170669
-0.07039955495982107
-0.07075861064267627
-0.0701339692349539
-0.06439849373352559
-0.056805833593478794
-0.05477728844601471
-0.05605662149703016
-0.05631802082916966
-0.05684306385726007
-0.057561089562560175
-0.06190966650206434
-0.07611151904019116
-0.09261375968388613
-0.09801626866348141
-0.09144932471259425
-0.07957308316432608
-0.06653186101905324
-0.05720791433162224
-0.05721537701066339
-0.05903452105230852
-0.054782469445446146
-0.05011033132758734
-0.04890233881060673
-0.049517115488069696
-0.05206971482814425
-0.058645611932200824
-0.07165686231425279
-0.08493362866455058
-0.08632882335096421
-0.0723616530273538
-0.05061166998702614
-0.03760922817553338
-0.04021083924117496
-0.04653629837167964
-0.04751852594980539
-0.04495390683544266
-0.040811619615561665
-0.035749398700434455
-0.031750861766741474
-0.03230760721604105
-0.03968018946685156
-0.048435517161687425
-0.04954017301541012
-0.04106382645746034
-0.02858811262943394
-0.016579231571500687
-0.008638017868362342
-0.008123962068963408
-0.014571033128938666
-0.02993185207476545
-0.051826755998459616
-0.06654477631891216
-0.06405415132169497
-0.05396316718706702
-0.051395396190267145
-0.054885454001740296
-0.060853632172437
-0.06524667370440611
-0.06260905178472499
-0.055356357717419605
-0.04376333819090075
-0.027114698630690718
-0.01506407978124702
-0.018515837243682883
-0.02738876543696349
-0.030582495512097168
-0.031977423534310205
-0.030663546282444182
-0.026255277866975277
-0.02681526535472768
-0.03503284051566426
-0.03887982887092542
-0.029195214424235585
-0.01410602025135424
-0.00579938384149263
-0.007995516128007113
-0.017423715058322558
-0.024981224224324874
-0.019364427956181183
-0.006992074430101125
-0.006239519112952131
-0.01746146432907053
-0.02585507143147492
-0.02356681472397057
-0.01241740968928579
0.0009887384387262737
0.010580523293877379
0.018382482470352835
0.028194773596612693
0.035770516551730296
0.03564429890600773
0.032533275798948304
0.03197595105989502
0.03221710799552954
0.029465677231436997
0.022015768243500836
0.016294772619547645
0.016527056304554658
0.020810329992842037
0.02856467557009265
0.03512669714473741
0.0341059389210205
0.028057244198448617
0.027097438244535796
0.03197059963818087
0.03484513531159527
0.03332787089020036
0.0306984184496331
0.028663936838183288
0.027651279928889105
0.029305610641868377
0.03234884925957697
0.03399501196101918
0.03482551504458452
0.0392897510116167
0.046571505458996625
0.0520023451143533
0.05190091647634157
0.04021380694476995
0.02127833624133998
0.007548375105734375
0.0013624487429608003
-0.002973552331583872
-0.005720738697706519
-0.0037559054140253994
-0.002429268078580054
-0.007134453401756664
-0.012198797516279192
-0.004999629798885474
0.01201088586297526
0.020555515247155577
0.01750513998939189
0.011018803556766266
0.0051810746014453405
0.0028172449407922653
0.005368700395701331
0.011304484912149526
0.01622523307276192
0.016125356343824192
0.010648962368672814
0.005414199197451117
0.00794340717803194
0.01751764317381052
0.02297350937848557
0.01771055577011696
0.008035000948548738
-0.002495442544006119
-0.01349635616692619
-0.019379020126223768
-0.017560552794016516
-0.012205599168644077
-0.009031260267531448
-0.008015304432874234
-0.0036335601784008727
0.004436841956927427
0.011724960763397841
0.01529037732068212
0.01383553030759049
0.012777258965577494
0.016223699171863164
0.017384951297385064
0.011567790781101138
0.0035315704000413338
-0.0020950914823731517
-0.0047097833048503545
-0.0023993977344545564
0.004868131926978373
0.010575418195489046
0.011640615618702744
0.008891063774620768
0.0009574646108412353
-0.008870819552270075
-0.012637389331859056
-0.007921340134344066
-0.0022459634699657427
-0.004111810860298365
-0.012511514709907525
-0.01763916138976427
-0.013503805306838802
-0.002431402697380528
0.009135598253516406
0.014103101812685205
0.01082483729516853
0.003666889059612888
-0.0012957963582916434
-0.0029853520349448076
-0.0032555147724678563
-0.002952115534755633
-0.0038587238659554394
-0.008310985556033594
-0.016071205696895765
-0.020154340604266227
-0.01627676306228733
-0.008705941771204944
-0.0017267521083766397
0.0026216839265919127
0.003536329735808613
0.00031990966108367213
-0.006341694826381474
-0.010510391973638422
-0.008697086011249392
-0.00297335219536098
0.006740533529728967
0.014472254797973247
0.014665199043290895
0.013349081121893201
0.012830669333693163
0.009878232545975914
0.004606692779289821
0.0034617082007633044
0.011319796458227414
0.01914687502856569
0.01607232724454165
0.005556396087592461
-0.0043207469189676835
-0.009297166144377365
-0.005806361409481537
0.00400861729323865
0.012643577823536128
0.016384554926302655
0.014892437927276852
0.007318308287174347
-0.0012444303963431683
-0.0009477843421650783
0.008396398926323639
0.016481927760721136
0.01727549003280729
0.01457522230094535
0.011498653884468852
0.007959845734942409
0.004055431989707458
0.0017337919262549913
0.004742075601616514
0.010578183334223069
0.012982866750482776
0.011061568812963735
0.009170350412230422
0.008961931907694782
0.007671363467220201
0.00580476516878418
0.0054535878260938775
0.006602850767568847
0.006964309333570524
0.005092487220917133
0.005096318798144751
0.007799631702886884
0.008347664302169483
0.007826851468098275
0.010097083522686802
0.01259405202807792
0.012590878564421041
0.010602947195300949
0.005573985140057433
-0.0004183951463909746
-0.002435285471773276
-0.00076307171742114
0.001599333777353821
0.002064513618738547
0.0012460219637893694
0.0029946820109882206
0.006357104021369997
0.008642218069827349
0.01072292343203362
0.01132111929350748
0.009607265034656845
0.00824623090642585
0.00544009704685823
-0.0001663029317091748
-0.0038989863289108366
-0.0028455927443058024
0.001204925491341482
0.003317809865019981
0.0030789943678965243
0.005639457703423733
0.007105933137909656
0.0007625211019367467
-0.008284910968002938
-0.011489073039338313
-0.006541911160277017
0.001760881886597001
0.005068824815805329
0.0018771334734918848
-0.0022975613072190094
-0.00523385113952192
-0.006931231357791985
-0.006081421779308552
-0.00046863384058112395
0.00776804815410463
0.00948044166754186
0.0010276351501674827
-0.009386572201279184
-0.012192332467032331
-0.007082947726602668
-0.0020667459225558915
-0.002003052940160596
-0.005402363036413443
-0.010614281944344097
-0.015498835143960391
-0.01761477232952509
-0.014706370238775938
-0.005932004549606558
0.0019647915316247555
0.0020855895338935285
-0.0026882308454199318
-0.005722625339989466
-0.004228369000297681
-0.0009370550584289853
0.0017301283414857204
0.0035248284177993947
0.0016553000839778314
-0.003741476492844885
-0.006994902948359987
-0.0062507414012871855
-0.0030910935183723733
0.0014515743992896467
0.00438498452553122
0.002752881593945706
-0.003385362141188517
-0.010084654861794712
-0.012349536894163154
-0.010629594797630943
-0.008196371551371042
-0.00555499049524368
-0.004006086341292994
-0.004126193348654124
-0.003937035167722585
-0.0036514912727724533
-0.002980420352062531
-0.00018310304936627945
0.003859873407930791
0.006619835146558041
0.0058925097208521226
0.0026906478142596146
-0.001538771674654833
-0.0073496153598272594
-0.010592629489383531
-0.007159689149921595
-0.0004897533934850022
0.003313532200366005
0.000749446026537522
-0.005043549402416734
-0.007404946564856093
-0.004952112291557838
-0.0017276658978327335
-0.0008645610587601674
0.0005972523288658127
0.004588762087154323
0.004895580423855867
-0.0012409779618428954
-0.007436335341885832
-0.006806193443632557
0.0010132962964748097
0.008709941235664605
0.009579653172138275
0.005689105289849233
0.002342652074337981
6.98332276389548e-05
-0.0016334196316169808
-0.001432962380990986
0.001388778623475118
0.0051835311267786855
0.006146613419624803
0.0027293008255521024
-0.0035854889875077175
-0.007818644229421277
-0.006173565904429949
-0.0014572344071234155
0.0038201392979110736
0.007836699636865296
0.007844251556237254
0.005694696625379793
0.005484381863146947
0.006613733587743774
0.005987453902260723
0.0035793708534107484
0.0016403746504585952
0.0008803578422131175
-0.0004938980895860862
-0.0023180389550037086
-0.0027903289910202736
-0.0015390410069584947
0.000919107309769928
0.0021394420466868138
0.0013065158809704366
0.0006765604279399354
0.00017916308264020675
-0.002025114121905348
-0.004812455445900852
-0.005614601282970569
-0.0046899553785916944
-0.0032970615427625784
-0.0019304107863956622
-0.0013137752207365782
-0.0010333004290498994
-0.0015779522172609452
-0.0034349761731657918
-0.004261973222444807
-0.0032550572373456974
-0.0021889072870799543
-0.0027801551618214
-0.004088278016655289
-0.004326740824224163
-0.004151451459691734
-0.004633570172552501
-0.0060996282471573425
-0.006920561075368918
-0.005430621056368289
-0.0036203917514983017
-0.0039684853806024635
-0.004746729090857304
-0.0036580856040961326
-0.0021237562801080137
-0.0017862337536952856
-0.002688841695938352
-0.0035995637494570304
-0.003345070720792576
-0.0024660554808162575
-0.00272637770725211
-0.005798352318452643
-0.009416410640519252
-0.010673052222959537
-0.009722949362630944
-0.006032436454395937
-0.0017048706149143246
-0.00022706896669003155
-0.0007344649227626938
-0.0015154901194793123
-0.0031660549242602206
-0.005200073948902829
-0.005604428559545303
-0.004335367529196464
-0.002286282978938961
-0.0013728593837507332
-0.002285920237395182
-0.0030437965289670894
-0.00251733630564204
-0.001339384263289478
-0.0008243238625099522
-0.0009154477706076555
-0.0011239564223093322
-0.0019407031436539622
-0.0033615031271183446
-0.004351178502738711
-0.004378713658493051
-0.003592401069776319
-0.002351628230836697
-0.001714717718839963
-0.0017187741616886026
-0.0006205223174655544
0.0018709671255258346
0.003178105659334926
0.0020347349765884484
0.0011013973603223523
0.0023488441203487237
0.004370782561893281
0.005159105722342015
0.004528036250959091
0.0038897681360669876
0.002931016697884162
0.0012794681189197273
0.00012220311200503763
-9.527466711455079e-05
0.0005591478923540545
0.00019143785983724711
-0.0019976873062375992
-0.0028396148033532262
-0.0006706720143687996
0.002529037220705754
0.003387394551034318
0.0015944324002004938
0.0005972024828671165
0.0016843314174048163
0.0031445801714482936
0.0033003099373621917
0.002364963224234219
0.0012805920282023227
0.000660629747428553
0.001213694118156553
0.0030235420365628883
0.004869988977559175
0.005328053773476116
0.003984038456841716
0.0006637094663429148
-0.0029539233155261102
-0.004204754309317416
-0.0034690933238509043
-0.002551325369311606
-0.0019929554273197996
-0.0017168512480463197
-0.0021954366485198514
-0.0031915546195165215
-0.002772312957806667
-0.0006468110649449026
0.001032859999452804
0.0010523175805180786
0.00019310800335737955
-0.0004077604601183126
-8.72678152625094e-05
0.0005491653445507086
0.0006280732874528536
0.0010597418472538369
0.0014316622092013537
0.0006303756342552298
-0.0006352392521147042
-0.001850592263792342
-0.0029275807659446154
-0.0040098337858581285
-0.004898268040776626
-0.005397733039039679
-0.005099058689718611
-0.0032680812174097035
-0.0011386059941676933
-0.0006293642502291938
-0.001997748812185103
-0.004011752134838233
-0.004925827091622231
-0.0038515307612307335
-0.0011296414040448536
0.001814227585397772
0.0026210368828693664
0.0008724075006667742
-0.0014201529227837967
-0.0021497811956195587
0.00014410659278213346
0.0034296549750044915
0.003909112387645422
0.0008625018191535703
-0.003316107347605732
-0.005460032202251443
-0.005291752640285358
-0.004444575917220807
-0.003099499664394791
-0.001617538310880938
-0.0013648650089485765
-0.002544531250164975
-0.003848671420586547
-0.003418423311123009
-0.0017283958346818596
-0.0008228350662716208
-0.00019760172687354198
0.000809737655655614
0.0018019368668071023
0.002582267640231565
0.002269966303365132
0.0011184923047780316
0.0011019657924865624
0.002096681480674049
0.0025918276864816507
0.002251143510020242
0.0007538796465580204
-0.0008963131323943225
-0.0014224012598521743
-0.0012340385949378033
-0.0005712180493284608
0.0006284213373262087
0.0017338451963268375
0.0018859258362749149
0.0008690545223330976
-0.0008159009317342062
-0.001538813278934424
-6.193673373907014e-05
0.002355556341631012
0.00392387411168893
0.0041843733197584445
0.003418829430838762
0.00229360816453103
0.0015890573574038214
0.0019768450450848296
0.0036578147678739464
0.0048985772469361515
0.003951689899551411
0.0015298145838704897
-0.001284070951003191
-0.002463292347586258
-0.0005990188978439682
0.0015407311087266193
0.001681285715376042
0.0007028303080924035
-0.00026246284806883866
-0.0006788001913228196
-0.00025017862185399054
0.0006891563853144825
0.0010807402069426546
0.0009686773052024754
0.0015364025844998223
0.0028878960895481827
0.003937997436535266
0.003533296511611356
0.0017906853732396956
0.00046765802179785424
0.0007352125416698038
0.0019731152086324404
0.0028649679304834368
0.0024544945166959024
0.000795438641164473
-0.0015022182876130502
-0.003335247086793976
-0.002904909119757808
-0.00028627238275821115
0.001621964289342983
0.0008992578556978424
-0.0013883153793119325
-0.003177369524354746
-0.0035624376105344263
-0.0029323125855512835
-0.0013904497092427062
0.0006990467458364238
0.0018641485849154424
0.0017184349100731293
0.0004962700652725762
-0.0015965732449327494
-0.0023858303429196088
-0.0005200000091249441
0.0015854072839356199
0.0019696590596870824
0.0013376658756496804
-0.00021911875916762793
-0.0024136774788523024
-0.0032570071429919353
-0.0022972576093366792
-0.0009536386905815029
0.0002505348663593801
0.0006373726415750655
-0.000736691493274767
-0.0024866372969867202
-0.002734924582331751
-0.0016282813957210571
-0.0008588862332715056
-0.0010418139639098547
-0.0004470025420373945
0.0011581566291519706
0.0020332775913034667
0.0012119911179274254
-0.001147619113245145
-0.0026577590875192336
-0.0011643983056914883
0.0017776607718172305
0.0034290392378079466
0.002815810135427432
0.001029752906523275
-0.0006736030295094838
-0.0018759748853582124
-0.0016129440491289234
0.0005283880478740918
0.002475496110463887
0.0019173704708924403
-0.00042392427495034965
-0.0021669217541854554
-0.00222879558602818
-0.000989319259502752
0.0007199416577291713
0.0019254102283473842
0.00200370103882086
0.0018700075310316793
0.0023071576053935124
0.002046105387994078
0.0008749334120093708
0.0005467400298844252
0.0015500008277656665
0.0028211996391222997
0.0035353413622655804
0.003413411908207197
0.0023514581786769156
0.0009633005485261376
0.0001954053910566527
5.677946933459213e-05
0.0005883139886030985
0.002237898520761529
0.0034475050871994955
0.0026751170240720728
0.0012692350218586025
0.0006191975213178267
0.0007559447919227992
0.0013221617219328222
0.001924067735640593
0.002546813770453725
0.00286699218387811
0.0021178721235528965
0.0007922967194301619
0.00015845967869086299
0.0006503126365399284
0.0020348495888995897
0.0032588597433428072
0.002721069004343098
0.00025112152285449753
-0.0021993667267907312
-0.003330707834854916
-0.00355242057508471
-0.0028901184894250215
-0.0016097100326624666
-0.000894266860721749
-0.001059164335254826
-0.001301988953264296
-0.0013536113316235646
-0.0014619527114196414
-0.001181758922257978
-0.0004481883625626616
8.317439254731418e-05
0.000213291347691483
0.0003898371504795232
0.0008466522958717562
0.0006091009777088736
-0.00026575584001224813
-0.0002694826073416659
0.0006993291939898436
0.001786193664789815
0.0018764722737596904
0.0005276581329699423
-0.0009384504150580671
-0.001377119451265877
-0.0011411161341717934
-0.0010094808795686316
-0.0007897395483338646
-0.00047993722765302447
-0.000874831368237772
-0.0018941243054361818
-0.0029114615817718934
-0.003598397643899506
-0.003771573486987791
-0.0031174977180447065
-0.0017524736040926622
-0.00040435733587776765
0.00037432814942087725
0.0003054870097958739
-0.0004187792682777238
-0.0009914541197554628
-0.000978278060542813
-0.00040500733072369613
0.0006806075962646229
0.0010757319111869142
-5.021668642462711e-06
-0.0010604899917899886
-0.0007613750777871296
0.00037641129818573744
0.0012944700575876112
