0.0
0.0
0.0
0.0
0.0
0.0
0.0
0.0
0.0
0.0
0.0
0.0
0.0
0.0
0.0
0.0
0.0
0.0
0.0
0.0
0.0
0.0
0.0
0.0
0.0
0.0
0.0
0.0
0.0
0.0
0.0
0.0
0.0
0.0
0.0
0.0
0.0
0.0
0.0
0.0
0.0
0.0
0.0
0.0
0.0
0.0
0.0
0.0
0.0
0.0
0.0
0.0
0.0
0.0
0.0
0.0
0.0
0.0
0.0
0.0
0.0
0.0
0.0
0.0
0.0
0.0
0.0
0.0
0.0
0.0
0.0
0.0
0.0
0.0
0.0
0.0
0.0
0.0
0.0
0.0
0.0
0.0
0.0
0.0
0.0
0.0
0.0
0.0
0.0
0.0
0.0
0.0
0.0
0.0
0.0
0.0
0.0
0.0
0.0
0.0
0.0
0.0
0.0
0.0
0.0
0.0
0.0
0.0
0.0
0.0
0.0
0.0
0.0
0.0
0.0
0.0
0.0
0.0
0.0
0.0
0.0
0.0
0.0
0.0
0.0
0.0
0.0
0.0
0.0
0.0
0.0
0.0
0.0
0.0
0.0
0.0
0.0
0.0
0.0
0.0
0.0
0.0
0.0
0.0
0.0
0.0
0.0
0.0
0.0
0.0
0.0
0.0
0.0
0.0
0.0
0.0
0.0
0.0
0.0
0.0
0.0
0.0
0.0
0.0
0.0
0.0
0.0
0.0
0.0
0.0
0.0
0.0
0.0
0.0
0.0
0.0
0.0
0.0
0.0
0.0
0.0
0.0
0.0
0.0
0.0
0.0
0.0
0.0
0.0
0.0
0.0
0.0
0.0
0.0
0.0
0.0
0.0
0.0
0.0
0.0
0.0
0.0
0.0
0.0
0.0
0.0
0.0
0.0
0.0
0.0
0.0
0.0
0.0
0.0
0.0
0.0
0.0
0.0
0.0
0.0
0.0
0.0
0.0
0.0
0.0
0.0
0.0
0.0
0.0
0.0
0.0
0.0
0.0
0.0
0.0
0.0
0.0
0.0
0.0
0.0
0.0
2.2031257372324576e-07
5.434581659580221e-07
8.16117782998798e-07
2.129195417377341e-07
1.1312927662287672e-06
1.8406551986602297e-05
5.48403841414673e-05
9.276024769786016e-05
9.94341914420195e-05
4.9159570958583447e-05
-1.037769037363806e-05
-2.6023686912143863e-05
-1.730049278368749e-05
9.300876992667818e-06
9.341957143474633e-05
0.0002637581379139431
0.0004849639075477641
0.000644614494869291
0.0007195647468464678
0.0008083269698881826
0.0009786061148895746
0.0011964253611415569
0.0012520652656444248
0.0010522989490157591
0.0008360776923717806
0.0007516609833499126
0.0007726548148206745
0.0010142594424179352
0.0014187592674633446
0.0017354992369515516
0.0019393196681556809
0.0019107662189076452
0.0017867403361601314
0.0019511994316758182
0.0024542894068527235
0.003131458918860234
0.0036719082614137134
0.003689156123754002
0.0030809100863534674
0.0023592500941605463
0.002117782268880422
0.002364933613911786
0.0025865980931816046
0.002509991665729922
0.0021676660586432534
0.001607091316423884
0.0012047976438939348
0.0012149319300671642
0.0017109607478325056
0.0026750288330114574
0.003625229511124763
0.0040010258081653845
0.003519675821014859
0.0022780973429038878
0.0011042027595476696
0.0007411785585532016
0.0014443930756000492
0.002803066116388875
0.0027634816836643607
0.0007878820851988657
-0.0002463388872975774
0.0003213948172553652
0.0003024452707845368
3.1497129869233965e-05
0.0006332557887970274
0.001226154279602874
0.0006894847339907241
-0.0009690832121345956
-0.00212102176688162
-0.0020270054429722874
-0.0011380483299745204
0.0006599346161655219
0.002862556876969583
0.004770355395070244
0.005805697138225338
0.00586830916209571
0.005419535876449913
0.0031849025248156786
-0.0004953578234354764
-0.0021644265877161424
-0.000784909875342061
0.0012061715181822166
0.0015126938323823439
0.0005840385604234195
0.0012625835668771807
0.0043843423522162235
0.006788825085546901
0.006407941121398246
0.005578486588829627
0.0061165887186328295
0.005321642938323734
0.0031736980230597086
0.0026033411356131513
0.003968858155590359
0.004914647234930443
0.004032395107725958
0.0028358387522178807
0.0025070446708777864
0.0030111950364007795
0.003926503437785971
0.0026959375808786362
0.0012816453399248353
0.0028600111718933927
0.006376730039846319
0.011221007454507517
0.014506032507845098
0.014843657107040229
0.01604165427457487
0.019324074955810924
0.0216881784821361
0.022626655503807887
0.022255731303375166
0.020127437785981965
0.019522040065136078
0.019774828110256416
0.01834744412148313
0.016093354804881374
0.014281665346390138
0.01501375873241959
0.01616051495288799
0.013873086057187088
0.011834139361410164
0.01376646629540538
0.016268974748336773
0.015949124932029293
0.01418876219944392
0.014566434980671833
0.015522759799803696
0.015438928595897397
0.01670877915465801
0.01780413659905748
0.016366989457011333
0.015980584907578185
0.01717287116419749
0.01613468655864942
0.013609632569408482
0.011604942673500472
0.009737005345078707
0.008221946613426654
0.009002521212803245
0.012062427288725613
0.015046565525466994
0.019297538874018604
0.023707655297774032
0.023193475387040828
0.02020682566350385
0.019667452263035554
0.018680809087672442
0.014569925717740434
0.014221390016625438
0.021330144845959905
0.026831490811843176
0.021891874439761132
0.015888059409632314
0.017281068733283566
0.017175466927388854
0.014417065508812726
0.015820098581837676
0.019597082501396274
0.021101948295502198
0.02042691022936766
0.020434401428323336
0.020168566083485287
0.018946490017305497
0.01773270299499013
0.015682864763168096
0.016362613882011025
0.019133385892393294
0.01626930683490688
0.008880734148399756
0.005512247024358467
0.005111074532331307
0.004790974307876685
0.007862371679750815
0.01537571842317228
0.02151841876347703
0.022224261865972456
0.022858614721786845
0.028023386035186885
0.03438362386705489
0.03821101825223871
0.03489551971259221
0.025772894275671754
0.0188810238568503
0.015869772631905435
0.014844681234770224
0.01416912486902298
0.01956724414337854
0.031562178385745356
0.03819046731667975
0.03648813547759874
0.03000609294150425
0.02126267482165186
0.01584285465760178
0.01847513683269432
0.023311232405755253
0.020377567539677628
0.01929363020308109
0.027396398605210703
0.031117218653661453
0.022843296654042843
0.008648452984061547
-0.0012053498074319853
-0.0032445374197827854
-0.002339399962573284
-0.0013130042376056712
0.003355965133528934
0.01686934317820876
0.032484903438374804
0.03739940301448146
0.02768314067232686
0.01288041819204165
0.005723381718994637
0.007251202764979498
0.011833225419463059
0.014890561338847638
0.012423303909276859
0.004969317416125925
-0.0016426429341477179
-0.0048861021592859375
-0.00469018612698617
-0.00533898733332621
-0.007319468247285091
-0.007690492754046748
-0.01129097411101347
-0.019088257245410228
-0.02797518162333054
-0.03862778312482675
-0.04510374763959621
-0.037936346567918194
-0.02344258379866539
-0.020485308838106737
-0.027821334006302018
-0.03391687282435336
-0.03677580462832023
-0.037692567869552426
-0.04263302511428153
-0.04606671896992583
-0.040562520747831135
-0.03664176143006977
-0.03632864498372419
-0.03439529366634173
-0.038002485809107985
-0.05248253266803311
-0.06515070171672585
-0.06236970864725224
-0.05355418559338837
-0.052693891013898826
-0.05693534926176652
-0.058227209651331664
-0.0546701603881728
-0.052482873674498956
-0.052148452617251005
-0.049963970627779866
-0.048206670190010764
-0.0441441820861798
-0.035622237988324264
-0.03168712186305081
-0.04055306093118853
-0.05705779773895399
-0.06727825046592276
-0.0668557310645604
-0.05835803859577446
-0.04566868763408652
-0.03847940030789028
-0.03502236322643473
-0.02982967440378501
-0.033241367223771204
-0.04557605888903706
-0.0504798424041893
-0.04159509627546356
-0.027001280422134583
-0.018665991363524332
-0.015323776372857688
-0.014013033692920831
-0.01715295725830397
-0.015215919592874869
-0.005004382122710267
0.001079484575611786
0.002505229702644778
0.00421833798317467
0.0006232884174132114
-0.011611409552631692
-0.024287644679266196
-0.02717403364146923
-0.020795337478446085
-0.011824582750823938
-0.008797245918455824
-0.004137791732478382
0.008483026695020495
0.014408162052523096
0.011981702432390443
0.010437955912554408
0.014817050050109543
0.02303951303513014
0.02451657215090326
0.015518665968851927
0.0033581017954693484
-0.001004054361840619
-0.00029176940167087006
-0.003472006136345469
0.0009197712677430082
0.010058975476454273
0.013571656339584579
0.02371415164908025
0.035796456857460426
0.038331385791269205
0.0343046515338202
0.02714211623929624
0.023913220882314696
0.0264898980205452
0.024572575569806913
0.016218268591713873
0.008646247700024234
0.0008769225586322804
-0.00482580121810057
0.0056811136149848744
0.016724652913548868
0.011086746586991329
0.016075766810255132
0.037500142192181514
0.04740921224819943
0.03642883641736225
0.021550757177193056
0.018807513046520112
0.01667985527463507
0.008159135010471042
0.0051451055482853525
0.0002751110990996494
-0.013466691006193764
-0.028068482146670883
-0.03420184555202735
-0.03065285398962317
-0.03443681057694522
-0.04036404741388727
-0.030583606017208463
-0.019891843254372713
-0.02510350315115522
-0.038226085948335445
-0.04283430349426818
-0.03293850365492032
-0.02265721042601826
-0.029754938171170846
-0.04908227194091819
-0.06867029698357255
-0.07866742748943203
-0.07024219943120506
-0.058280643664192576
-0.05773316097123243
-0.06393407628072544
-0.06761811891761983
-0.06346521133678426
-0.06069233149279905
-0.06354556775506753
-0.0645266472090605
-0.05513046403066834
-0.037480925837526574
-0.03560232508422787
-0.05356969850939252
-0.06919243030956211
-0.07965835215864349
-0.08450336469260018
-0.08314688231142875
-0.08673976848678229
-0.08071506338730611
-0.05681145706496311
-0.049597919150669446
-0.07567911775818506
-0.10352303645984354
-0.10636005660864171
-0.0892866833985456
-0.06149160724624373
-0.03707117837218393
-0.03649539426864114
-0.04816884649223051
-0.05156380415505376
-0.053903795925413577
-0.053474747989493684
-0.045137587417991794
-0.03758254251846675
-0.03247352712165021
-0.031014204650616238
-0.03511155474523871
-0.04589985479665203
-0.061806110071995525
-0.06886593967361689
-0.06436911793175928
-0.052776014252330784
-0.029206393778775444
-0.009600100666583707
-0.013618984654326758
-0.025373023436668234
-0.01837414727940498
0.0004988784016847061
0.0006511552756788222
-0.013622943196265514
-0.019799862972033493
-0.021736201072388012
-0.026886690569799
-0.035963385637694384
-0.03643906051304186
-0.01966274553657245
-0.000688509492404851
0.010748284946189169
0.011417393752792323
-0.0021938161546713364
-0.013880115959338102
-0.014356062709927486
-0.014529199954091616
-0.007060713863693533
0.010617539476154101
0.017861124763341243
0.012776255066765602
0.01106434500980593
0.024768591169823523
0.059514415669153824
0.09490622129342902
0.09408106342774991
0.06309834487705338
0.04596457656958657
0.04339957174744472
0.0304671677727529
0.020190744951154162
0.024342982386789475
0.03130731256160284
0.03705600724964635
0.050999641259409347
0.07186100235358964
0.08911007337118339
0.09998625333854898
0.08827327777867985
0.05597097240470729
0.04300833042215605
0.04751450144334172
0.04168929533619862
0.04703662126604348
0.0733747094877183
0.10796418516676229
0.14779707690547816
0.1693165670400635
0.1662192186670417
0.1661488360520953
0.17271766592198756
0.1709666676654071
0.16180966059147106
0.13478082405007302
0.10587849415164609
0.11095072549243966
0.12702213788623987
0.11958093995618128
0.10202650632679498
0.09697524860001958
0.10740093485663114
0.10950259391008826
0.09570845723754645
0.08910867609881484
0.08281102153994471
0.09248967676802859
0.1220454460666858
0.13194475309987372
0.1297778773056088
0.14062506163851551
0.1603195978533219
0.17261187092255267
0.16048701569778182
0.13811197936758057
0.14109659529549623
0.14009815525124938
0.09152664527521512
0.024726957589485895
-0.011147289969789078
-0.0006744769610979872
0.03181317217806312
0.06227665325583785
0.07496383226783815
0.06718493748792441
0.05829114939171653
0.05260767804998792
0.0452870064551255
0.04254731798617738
0.048877718144921756
0.0444960382075167
0.024007748953486306
0.00438241176686651
-0.016054898620907913
-0.030698524796797185
-0.02578301360672085
-0.023575368905171788
-0.04188799579811508
-0.05749650599301766
-0.050081875742077814
-0.022741556322058532
-0.0027423579585745296
-0.0014546002490354382
-0.0016255395723295887
-0.00999601884610557
-0.03207639115205062
-0.0494456541069826
-0.04464555272937983
-0.031163014100235954
-0.029660810895706456
-0.040582507092894106
-0.07631334126061591
-0.12689550016592857
-0.15427652350238447
-0.14860331648722183
-0.12458930164073448
-0.10107740772302884
-0.09213660655692074
-0.10643930472486567
-0.13367993289998198
-0.13965062332276015
-0.10859288470029868
-0.06932098160593889
-0.055314418110231724
-0.05798053546536966
-0.05701312022231911
-0.051423112476638215
-0.05087692759870258
-0.06465731829765002
-0.06408054975408134
-0.040412632990277295
-0.037816644546424735
-0.05918731065299071
-0.07723046477855909
-0.08494773757389498
-0.08632246720031309
-0.08571524056616561
-0.08406618861501454
-0.07946716646131746
-0.0653445292977453
-0.03948434995258283
-0.008608784134892855
0.017898732663478644
0.029487480543766043
0.034848639301822484
0.0578227695359178
0.08324869172800227
0.08391483232072314
0.07055908151212517
0.05934524170748727
0.056286775494348844
0.06518257490389773
0.07394081680651352
0.07193845901656483
0.0730141426279038
0.08161265846575948
0.08442696471947947
0.08133854996368241
0.0796991308353572
0.08918658188645721
0.11029459439096047
0.12271126723840381
0.1284270544476664
0.13969744976204845
0.13542642876098182
0.10734395273435225
0.08347609984861971
0.07860611023454309
0.08459982834146537
0.08996360069755296
0.08769071445980489
0.08623920297544727
0.08974007353572001
0.08739611738577242
0.07402584895925472
0.05761341421699902
0.0520776595543022
0.06051363080868703
0.07210220957097116
0.07946063929600984
0.080278266773896
0.07541867683509525
0.07433070629336543
0.07236357567245283
0.05736897978421069
0.04097044799406865
0.027711791967954997
0.006632949479270696
-0.011241673350774048
-0.013543545694229718
-0.02124230302300224
-0.0443525084424927
-0.05732843212690395
-0.05513901580484177
-0.05119103619762233
-0.04753108928834657
-0.03807489709285417
-0.024436865010274558
-0.018989072095307053
-0.02421088227276768
-0.029391771896267006
-0.024598710900142495
-0.018076534430040654
-0.01899241985104161
-0.021812516974427182
-0.0248490367747747
-0.037956600608410045
-0.05274816467753188
-0.04888092756799298
-0.03672572162573183
-0.036738271246571294
-0.04126173635746244
-0.04771402250232927
-0.05813360636052374
-0.05204894687289376
-0.035483387290479514
-0.03137047826931509
-0.04131519849209413
-0.05885373504335281
-0.06900969111946507
-0.056356046371616265
-0.03348853321424734
-0.01574663930531495
0.0026044581381322526
0.017660307700853584
0.0254459457884283
0.03054813458800142
0.03050254825048508
0.024353638980432028
0.017399975452702037
0.006327890173568359
-0.00980504610291988
-0.018210037411217517
-0.015519113186120039
-0.017463757336182897
-0.0312336947641643
-0.04649866757480681
-0.05231017935744117
-0.04014358073706287
-0.018548472798784958
0.0037278625749201126
0.022124657946265183
0.0246410445131966
0.010584009467918598
-0.011754166889819638
-0.023637194778296827
-0.01130214243646268
0.008267359050554375
0.012096187569242066
0.009087515808915533
0.014612350221416904
0.015654628045906737
0.007630799050428698
-0.0028965708633935266
-0.022039976177037693
-0.04327020006916993
-0.05611732005872061
-0.0665827031762584
-0.07491948955306182
-0.0688280107444575
-0.054421889629410226
-0.0636704198845373
-0.09351840959275015
-0.10753263035344346
-0.09480093747048657
-0.06556907357382587
-0.04327824444811854
-0.043779365730777835
-0.05296805802575899
-0.05247811368335871
-0.054100604946599164
-0.07447556045081871
-0.08751901047941814
-0.07154408784814688
-0.04726037029393601
-0.04108304513415319
-0.06033786135586017
-0.08677519078513356
-0.10237397376096234
-0.10064683842721817
-0.08845429054740514
-0.08918508382190218
-0.10361970058753993
-0.11457454760429922
-0.12336830725989861
-0.13886129436468003
-0.14779599886774966
-0.1349922199168714
-0.11481020857387313
-0.09799557386412276
-0.08205331355432079
-0.07837911220667167
-0.09173554337288474
-0.10539035504391561
-0.10720840531938121
-0.0985951409661092
-0.08796165122856808
-0.08180482499571057
-0.07777329202085158
-0.08389995027522062
-0.09928485928921779
-0.09932931896621133
-0.086508436317229
-0.07888544992342741
-0.0714129884548111
-0.06303868831236827
-0.06546687022742553
-0.07582089208830965
-0.07209849102212906
-0.04807046337163049
-0.03161957686984831
-0.03322957071910945
-0.03166549795501262
-0.020422487912437594
-0.007470034537174048
0.007253349936328983
0.02169461621751395
0.026201999396757582
0.024611993666337612
0.027867632130840987
0.03606696051153243
0.03943351403607811
0.030399771490686008
0.020161696397201615
0.014406011006079222
0.0020929382790878404
-0.014941094716162106
-0.012510881939399657
0.017267148617758757
0.052666185290014905
0.07879311076119042
0.09217084620199313
0.09984031540000055
0.10446586443878085
0.10104947103953899
0.09506477208380258
0.09366838014939909
0.10395343314186195
0.1270715683440425
0.1417578249877345
0.1334611752592842
0.11828010247247771
0.10878642892307476
0.10189450754351974
0.09090904418923379
0.07720260672950716
0.07721189303886594
0.0941240895974962
0.11320105698945965
0.11971566872427755
0.10340499907335703
0.08323273112067611
0.08747736071114665
0.1066450084030041
0.11196670383374259
0.10327607703916757
0.10231211521828891
0.11369277224509244
0.1239001906789198
0.11781067063563765
0.095759109395456
0.07485020069334732
0.0706401885377818
0.07373415454532611
0.060667685650249804
0.03925381818788751
0.03030788597100843
0.02494138468354864
0.012286077232036874
-0.0014430269611702797
-0.015036818681188086
-0.02297520955305096
-0.022843230637146654
-0.02479754482303224
-0.03307255442457789
-0.04322237120158415
-0.04388373078938897
-0.03687552430001284
-0.03662559264242033
-0.04268790447508079
-0.04301787979331379
-0.03757938768759573
-0.03363040529000695
-0.04305353011834653
-0.07405235472296762
-0.10052118573439789
-0.09883965602839391
-0.07973342930214937
-0.06397075998621646
-0.06315200283716284
-0.07258146520325749
-0.08152341194274611
-0.08493727608773743
-0.0832743920964274
-0.0813599121701888
-0.07754425411745713
-0.06741248169334738
-0.056562472764765885
-0.04989517748093635
-0.0531129952600238
-0.06184291135165221
-0.06325358786548588
-0.0619167299576186
-0.06292723579573624
-0.057297428420314635
-0.04062158190527571
-0.022643950706173623
-0.013619090622319452
-0.016854718060399697
-0.0330080348721773
-0.05347054286037668
-0.059654100649295425
-0.04566383968787859
-0.031130578812557853
-0.0331817011956591
-0.04271686710201765
-0.04398893717781271
-0.03707765487622302
-0.027209588682026907
-0.01889893355098357
-0.016906199911032774
-0.015163158449981643
-0.008601423404158948
-0.004787303645033901
-0.009198559106595831
-0.015203097571177566
-0.01476605287240039
-0.007296512418192896
-0.0037114708045845666
-0.011068146617346562
-0.01707234139124484
-0.017241020872108298
-0.018216461138225084
-0.022353351582903105
-0.031037204606945857
-0.034047915684105416
-0.0211198920737643
-0.007676587466487146
-0.00755644998371353
-0.009145907642231324
-0.006591281668865318
-0.002032095172296058
0.005733651011766835
0.006941308694489587
8.65045484982841e-05
-0.0033109632223208983
0.0027253553217473653
0.011943310750859812
0.010742847038816108
0.0017324972093901495
-0.0017842161395827225
-0.0013306493546520392
-0.008686621242985342
-0.016576897333128685
-0.014841506885492644
-0.010991929212081055
-0.005349448265209627
0.0025660107552445345
0.007031535003914122
0.0028835586181973354
-0.005989239613444755
-0.0071556761847884525
4.4351319357368176e-05
0.008600149847953951
0.01123011064608847
0.006148389043542607
0.0038439610042465913
0.010864519005045365
0.016905864669201298
0.009749006495536523
-0.0059238388590908695
-0.011943526666518595
-0.004079740974320619
0.003356265129851836
0.0013123260662162772
-0.010816076753551914
-0.027587329903961313
-0.03955821795971447
-0.041716114513919204
-0.03516652868444635
-0.025226841043710733
-0.01898552485575863
-0.01800479940445807
-0.018250559820102718
-0.01671993881760636
-0.012924733377508593
-0.00539865820685788
0.008378683047972929
0.020843583111580757
0.022892590711361172
0.01757342169246864
0.008975024104679227
-0.0013263665023255501
-0.00939141715186725
-0.011265820806872974
-0.00667680185218994
-0.0032458696002403667
-0.005896268200465301
-0.007597199316449749
-0.004919790993086138
-0.001597202539798104
0.000593669338366397
-0.002109241032540831
-0.0059904168563131195
-0.00019501142400443167
0.01228869676561701
0.022462756103176884
0.02652037770153431
0.023209302511765634
0.02029829429431039
0.026222680583304115
0.035470929530812795
0.04042240111700329
0.03841629300912931
0.032778009070252516
0.0339466261359643
0.039640781146856825
0.036711012883777504
0.026466898090188262
0.01874233305286623
0.015560026604852584
0.012718567539415129
0.005401630210941539
-0.001489175631526894
0.0012169157401731889
0.008871263932081227
0.011378087860844453
0.011892545089340543
0.018866839306557876
0.029936704627469713
0.037019292885247114
0.03718018470835158
0.03569663401474358
0.03538115546711428
0.033388331873416124
0.02714480102028583
0.0196525060652504
0.019508218933952437
0.024593347018375535
0.026220806253587955
0.020095742667658997
0.010008418942152429
0.004860726124834637
0.0030602818561105208
0.0013847500405243668
0.002298409563959895
0.00298367791419305
0.0003462535567301353
-9.906888894798917e-05
0.004395418399020684
0.005588333120338261
0.001238762451770984
0.00026568711633340696
0.006094120916968976
0.014178671396422647
0.01914867545234347
0.019285998625612533
0.018395061766907
0.018402963662497204
0.018285735571020218
0.015579394102083874
0.010778664244217714
0.009722100755148342
0.009066289919189702
0.0020768811762307817
-0.006879639245758575
-0.012411260303252153
-0.015678004092466193
-0.01635927353904481
-0.011324804337014055
-0.0023675320838918153
0.00314814112156553
0.0009841705689723375
-0.0007407905834095977
0.0051048689765169
0.013084796852796824
0.017586184857977766
0.018204736005806597
0.016025602704158634
0.015302861720162849
0.01833269728072779
0.019242428428721668
0.015349529635452093
0.010014402042330837
0.00708921561946076
0.009068318943888107
0.012481608323375038
0.01104614602601391
0.0037603580434974505
-0.0022879886406062533
-0.001471054378175403
0.001500118420279055
0.0023385152783571175
0.004184362666668183
0.007655734670748228
0.009465521241545538
0.009449435106719938
0.00965950094186399
0.011297772390271034
0.014005400707426521
0.01642988707090612
0.01907360410586854
0.023189184108074714
0.026153466484424077
0.02425793543178424
0.017677428667209266
0.011607545374300695
0.01214368025486882
0.017151821265448394
0.018604125586579038
0.013422661260616545
0.004888054673445343
-0.0009788712731418543
-0.0009772245203858267
0.002313762123820263
0.006924078989429673
0.00991596974568386
0.008425129512732573
0.005752312809600488
0.005765431477968703
0.009144498468457945
0.012337357776400052
0.013167610314828264
0.014169360742535036
0.014272720191172249
0.013548487057324414
0.01476649957842469
0.014063491632396093
0.00898177927597968
0.0035508444296917336
0.0018566551756951915
0.004307661258781488
0.00567527837636478
0.0008142992755507503
-0.006210301744127946
-0.008006751808754972
-0.0060369718196027254
-0.00498154395971713
-0.004926376327423515
-0.004797034085003301
-0.004095678062666113
-0.0023421370231104825
-0.0008523933863017408
-0.0007289344787675294
-0.0006419895620323884
0.0006454065907401099
0.0022582743643556036
0.0037758716774901635
0.005905651811249379
0.006390911874890253
0.004446351734024908
0.0010459697159110827
-0.0027153265307398185
-0.002460650246776549
0.0018979909290321039
0.003752624920531474
-6.984076765955362e-05
-0.004977111050003439
-0.006103529516982126
-0.003044106206384726
0.00048797967178704275
0.0013868679790279127
0.00135982049802253
0.002132653753085944
0.0038268616235576603
0.005929476253914334
0.0069955618659501275
0.007140245011327377
0.008834069585015395
0.011666316920788936
0.012469580271842117
0.011874954481283256
0.012406095160017215
0.012677320176558603
0.01029234015759132
0.007846891956193747
0.007913308901296988
0.00959600863492715
0.011011272195788372
0.008859887807985729
0.0042845375177224376
0.003156998340478702
0.005505785424842787
0.006791044163997115
0.006397758382983201
0.005891889175155874
0.006265126890722797
0.007598582336122997
0.008931348268886495
0.009131130466797624
0.008063484059779776
0.008361347966873203
0.010581012869984507
0.011620103996073735
0.010159585940000907
0.008439981268656326
0.00779605027377025
0.006452457706497082
0.004197497073129348
0.0031248148501127793
0.003907179523243761
0.004326854452805926
0.0022404532664778297
-0.001106775780664007
-0.0026137030273581064
-0.0014960572437601738
4.744533158096529e-06
-0.0006427236474852304
-0.0018610900136140191
-0.001122350162189993
-5.045180135465394e-05
0.00037711177485876625
0.0001930998234626038
-0.00069003077452016
-0.000985250482851235
0.0003829940331247158
0.0017000795829351222
0.0008063632916938526
-0.0006946757344400687
-0.0012940780844471482
-0.0018500134600654403
-0.0025765176319053054
-0.002825439435206886
-0.0028669420988609554
-0.0028443252321687404
-0.003335437204503488
-0.005149064368308214
-0.006508477103204707
-0.005894660724554104
-0.00443253925275767
-0.003524158828671245
-0.0037343787335854623
-0.004086815267028173
-0.0029545641974468317
-0.00129706900255908
-0.0008126491031880106
-0.001105595339172808
-0.0011288484357876696
-0.0001077137151615899
0.0014167675771636127
0.0012860549561615957
-0.00034775096311335716
-0.0006677508139617571
0.0005133720555196812
0.0004273481748576085
-0.0007608006723986965
-0.0006968602079897671
-6.75785103032494e-05
-7.833266595873458e-05
-0.0005565524152378871
-0.000997067050116961
-0.0004388725475901131
0.0008808898097551064
0.0015462870914691328
0.001297188051659696
0.0015129561600012403
0.0027658535149407055
0.0035223808968006666
0.0033426822492258514
0.003197296016775431
0.0032343772533075417
0.0037175670904568826
0.004579378872572785
0.0046233698038288355
0.003781980887510433
0.0033110647509740645
0.0033633859537896323
0.0032327280753568026
0.0027502753680521464
0.0024172287546920215
0.0021406961596001236
0.0017228197270831491
0.0012794953104781496
0.0006450592861665797
0.00048031296177682105
0.0007649422608900099
0.0008752582561808083
0.0009603544831680993
0.0006467171867563377
0.00023662510126231076
0.0004241416451187209
0.0005418327540103127
0.0002153994765228688
-0.00019945599134381633
-0.0003750012617772102
-0.0003177670082538217
-0.0004544667032552429
-0.0012162230724680958
-0.002291594060424359
-0.0025700581430768746
-0.0023896582463825275
-0.0029979581554960104
-0.003954171099262154
-0.004273929897934502
-0.004357276932654982
-0.004669711024088026
-0.005088108760056259
-0.005430794091025168
-0.005343738951151082
-0.005005306628718077
-0.004921533065692927
-0.005123403601699469
-0.005129509073696571
-0.004737958081767846
-0.0044659015758843935
-0.004662268242107253
-0.004785402115173209
-0.004449459410292305
-0.003972257991142047
-0.0037425288182152
-0.003976000717310023
-0.004271365542009778
-0.004101955480049087
-0.0038033959873811913
-0.003788297257122152
-0.003872198407301346
-0.003690554132098806
-0.0033372343878083546
-0.003241700089624822
-0.0031301382613478246
-0.0027923675247504887
-0.0023547179891410266
-0.0018865718484195786
-0.0015500809300711725
-0.001185960744787834
-0.0008601851033879192
-0.0006163386946340154
-0.00022743232092147905
0.00011623167984967756
0.0003629813714362215
0.000587857062616251
0.0007320722717860151
0.0008923887899487462
0.0010059538872286946
0.0010021827951002646
0.0010121719013282615
0.0011555030435084338
0.0012870426302098881
0.0011990268828940595
0.001052233122933667
0.0010740852529191845
0.0011925678295411227
0.0013094782118411123
0.0013644051881482148
0.001345034741143295
0.0014418827892953526
0.0016073512883201268
0.0016791286059073688
0.0016664661197800523
0.0016423694527874903
0.001722702802089191
0.0017778863199379269
0.0016257955225452657
0.0014754989182676867
0.0015136935841636046
0.001527112795113787
0.0013145312612087743
0.0009589465903036396
0.0006527049476409972
0.00047205537761902273
0.0003211139559532795
8.3498518009158e-05
-0.0001845676481113305
-0.0003557447683586558
-0.0004885896748604321
-0.0007277056060059439
-0.0009371762028834587
-0.000992754818856002
-0.0010429682412697152
-0.0011250914731348873
-0.0012406882393088449
-0.001388281486520344
-0.001521882369142052
-0.0016247843276138154
-0.001693920240448591
-0.0017957507015689122
-0.001917203543899113
-0.00200244759871606
-0.0021212875966725923
-0.0022703130645707406
-0.00239704842827059
-0.002516442269325041
-0.002608179461854003
-0.002685513274621162
-0.0027857354596214708
-0.002863978525266444
-0.0028838373015621197
-0.00286925966274409
-0.0028459185528255776
-0.002797109899261876
-0.002704184710499284
-0.002610597899387577
-0.0025036395365365346
-0.002370502683136421
-0.0022403111687829768
-0.0021116715042106644
-0.0020040402615604746
-0.0018701763023446175
-0.0016892002797836037
-0.0015522903633876746
-0.0014318679817255787
-0.0012487476521188905
-0.0010394415903709426
-0.0008652871608429353
-0.000714226974278382
-0.0005384927625711891
-0.0003343842297481279
-0.00011159464068763363
0.00011536528629099042
0.0003340650455585439
0.0005676395995529029
0.0007961023822401107
0.0009716727786379273
0.001124023338403713
0.0013085212325837966
0.001510303454724818
0.0016889404197944257
0.0018292341183163189
0.001929671970414757
0.002014819976513671
0.002104508192771947
0.0021892162814728415
0.002256141137696927
0.002306262507643993
0.0023396712680169587
0.002322901583526556
0.002251902144071745
0.0021886159469550926
0.002146693697045679
0.002088002149255605
0.0019931260905515836
0.0018648699012152204
0.0017344023331152777
0.0016055835955712452
0.0014571740896901207
0.0013130477562916104
0.0011889261765886448
0.0010669351500683807
0.0009318159857462092
0.0007882502671332387
0.0006502358634166368
0.0005036631148405325
0.0003461539981300551
0.0001855207561156711
1.987177985782065e-05
-0.0001370173826271756
-0.0002988801781229041
-0.00047562928502870147
-0.0006512082782174102
-0.0008303683393891472
-0.001013403693955521
-0.0011843002626535566
-0.0013338425052898959
-0.0014649256130346618
-0.001577156146600408
-0.0016696725358544618
-0.0017496059345164688
-0.0018248210796914838
-0.0018931655322472676
-0.0019468313519366558
-0.0019814933131611684
-0.0019853315556857274
-0.001957706095377217
-0.0019248761012348964
-0.0018988246352196934
-0.001870275773568665
-0.0018266487199214787
-0.0017612676328309094
-0.0016861174485111835
-0.0016089000832275526
-0.0015244305656327778
-0.0014336231090803784
-0.0013464901335843524
-0.0012617924022396915
-0.0011592877457815899
-0.0010336710319143246
-0.0008994170978687792
-0.0007598670294904232
-0.0006162323771205502
-0.00046863690951661505
-0.0003141787770084188
-0.00016243374343888608
-1.3744905525780755e-05
0.0001423448513072213
0.0003046506903385546
0.00046520042863300656
0.0006203728662335502
0.000771807828873863
0.0009155600330303562
0.0010464103250375832
0.0011708853507378099
0.0012950869002475451
0.001418957604771897
0.0015363526721574264
0.0016396294626143263
0.0017313990663209333
0.00181491008925854
0.0018893769411660512
0.001955746982517416
0.0020199881514290936
0.002085457847646161
0.00214651242690224
0.002197685020217176
0.002238818472345637
0.0022705993203971818
0.0022891586891559987
0.002291942624991282
0.0022869599552110898
0.0022791648333371803
0.002262830497154466
0.0022367765421744987
0.00219993791659841
0.0021504331694154714
0.0020919058337384613
0.0020231004405517083
0.0019394816673798982
0.0018473253790077312
0.0017528527993370133
0.0016512029187072366
0.0015352898759906353
0.00140707331815792
0.0012770052435307827
0.001151411641016052
0.0010288337797982965
0.0009032597992002897
0.0007714633509656909
0.0006383336145843057
0.0005084577249079233
0.0003787938738480297
0.0002476304921987035
0.00011867535815031359
-3.352336462057872e-06
-0.0001228910933471361
-0.0002480539156062685
-0.0003746581351693961
-0.0004966254551098389
-0.0006100034033770909
-0.0007098762311665861
-0.0007994591027997009
-0.0008820802564494796
-0.0009575810059397367
-0.0010295944953564614
-0.0010944460096594041
-0.0011438939291081977
-0.001175947096643636
-0.0011882908304898553
-0.001180982445265391
-0.0011583624214450482
-0.0011239780415151866
-0.0010823011494501438
-0.0010333626163565388
-0.0009692851341965361
-0.0008873354330118931
-0.0007948740274914542
-0.0006971715258735091
-0.000595405806559499
-0.0004907383748076776
-0.00038066705087044686
-0.00026081274773269837
-0.0001320142567477401
3.7490086061651097e-06
0.00014913918732287556
0.0003012184061768463
0.00044969764955858003
0.0005918898700060526
0.0007338799621207722
0.0008775994272074933
0.0010214093610629402
0.001168636547085245
0.0013202758522455867
0.0014673758064469892
0.0015971134120149352
0.0017084603091039854
0.001808889110644006
0.0018993084628698626
0.0019816315846525015
0.002060266648092516
0.002133486903713939
0.002197339932236109
0.0022500768193181126
0.0022908334927935954
0.0023218477530791938
0.0023431088604566907
0.0023496858161277914
0.0023439810816247783
0.0023306954878478483
0.002307723475209759
0.0022733739099314275
0.0022274906672992956
0.0021683343655943066
0.002095202873166377
0.0020135192555180885
0.001931802017485739
0.0018484388906429387
0.0017558353951444676
0.0016540446074348697
0.001546468735668745
0.0014358219569534378
0.0013264824366380158
0.0012230336083602887
0.001123709971393618
0.0010179521934411348
0.0009005605996841801
0.0007766184189876166
0.000651037995255206
0.0005274559983632445
0.00041032738798792693
0.0003017563019283971
0.00019895238977893272
9.628124890675192e-05
-8.084887998497077e-06
-0.00011019252711548585
-0.00020569996636894832
-0.00029211781339296143
-0.00037152170130531686
-0.0004482864348907353
-0.000523490614004786
-0.000594309303186471
-0.0006568241729964924
-0.00070834183841567
-0.0007468726229861598
-0.000776156278674196
-0.0008008633282492845
-0.0008184821785029781
-0.0008289604115327259
-0.0008364001702813686
-0.0008368668541504615
-0.0008228555353473541
-0.0007940503938274188
-0.000754349745800005
-0.0007093591069171086
-0.0006654586923878132
-0.0006242921536070774
-0.0005806136661105169
-0.0005302243645729191
-0.0004758642977413721
-0.000417339006978945
-0.0003503749022460138
-0.0002742313781296512
-0.00018998314105070214
-0.00010247723324067326
-1.5094931039786596e-05
7.621450799044363e-05
0.0001749819843609809
0.0002792946738214243
0.00038426798932253143
0.0004882454944675807
0.0005931875961690731
0.0006962454982802997
0.0007913909944169016
0.0008788681248325594
0.0009634056284058316
0.0010508515921259596
0.0011460211143145638
0.0012460488024849654
0.0013417401304317595
0.001424950501417886
0.0014966723047841067
0.0015670279001487525
0.0016385832919224425
0.001703709499709199
0.0017577796468070722
0.0018008842895286196
0.0018337593534648977
0.0018533177871618203
0.0018549168460723795
0.001838343526290554
0.001807196650945619
0.0017676657937922698
0.001722421201477836
0.0016681938579269386
0.0016036102472976365
0.0015320945526662694
0.0014558286172883664
0.0013773510399685948
0.0013002723174942337
0.0012217230167613934
0.0011377703811327685
0.0010490528280218557
0.0009573946349035767
0.0008643950539302723
0.0007719798738514686
0.0006841698373455717
0.0006047047953957577
0.0005316182433607057
0.000456828723858554
0.00036979034928581365
0.00026503657906636426
0.00015017557186958102
4.054324234107743e-05
-5.473078199039132e-05
-0.0001369904170097792
-0.00021587179076505909
-0.00029944701636640454
-0.0003862359231961875
-0.00046977827522686415
-0.0005436036894511397
-0.0006059501839465504
-0.0006584384816973888
-0.0007003746469048848
-0.0007334049276723017
-0.0007667242300441434
-0.0008084049591100209
-0.0008555331668090167
-0.000898503162708016
-0.0009331944726162795
-0.0009593264846581632
-0.0009737317535729244
-0.0009724162019443941
-0.0009494258416165316
-0.0008995037423767471
-0.0008238266246047231
-0.0007272710916021747
-0.0006181861048516682
-0.0005062980607192301
-0.00039941018422811475
-0.0003093797293571545
-0.0002433811361612902
-0.0001931007525335444
-0.000146544663859217
-9.737578380842311e-05
-4.5499560057964685e-05
6.5281072171947986e-06
6.317282242664374e-05
0.00013474913639893024
0.00022347630700169147
0.000316394364707063
0.0003963823521124068
0.0004599663626806388
0.0005204291866975043
0.0005907332491510346
0.0006724177011016522
0.0007597677805450503
0.0008419897976949975
0.000909507637626501
0.0009655109843187182
0.0010248442609721794
0.0010986564562876064
0.0011852756969540385
0.0012733023636282757
0.0013520127044753549
0.0014239200601147608
0.001503281335044465
0.0015972090997784503
0.0016948885602248406
0.001774734561211572
0.0018159420193239388
0.0018082033189192935
0.0017544185764870384
0.001670002882097743
0.0015720982336887425
0.0014679383699104042
0.0013567107335371422
0.0012352304373272251
0.001109055145286798
0.0009908515961149019
0.0008878271437904987
0.0008024538813042572
0.0007379832961511874
0.0006901273944070052
0.0006330441905345184
0.0005445350482304594
0.0004338671290708993
0.000315539635431739
0.0001918221621968752
7.356969153223809e-05
-1.7945332995304005e-05
-8.620470334020375e-05
-0.0001690325489474183
-0.0002935480663845961
-0.000439756195263703
-0.0005520312803961133
-0.0005835779369727529
-0.000537866698990112
-0.000465368448261749
-0.0004279624392717977
-0.0004664822181466441
-0.0005943903775476747
-0.0008083085336525517
-0.0010775646428318327
-0.0013353776107525317
-0.001520277134811097
-0.0016307714346835219
-0.0017021114209707822
-0.001753587812737726
-0.0017916878025731472
-0.0018040733193383919
-0.001743516702012741
-0.0015614043635765313
-0.0012670416756485664
-0.0009413453398257293
-0.000661513328529299
-0.00044219718239825483
-0.0002745843281944512
-0.00015468074552322714
-4.460196526331832e-05
0.00012943021518494296
0.0003810295897694609
0.0005946335236660296
0.0006211411497451835
0.000418076812845939
8.454335882469352e-05
-0.00019102258993174782
-0.0002520725871789215
-8.684746644814063e-05
0.0001983476727558447
0.00048731244621668984
0.000701502686022951
0.0008004432324612646
0.0007876375092821592
0.0007175996210967566
0.0006700154711157741
0.000690831572787407
0.0007623990298986979
0.0008120138956431096
0.0007626541680612876
0.0006227875654002614
0.0005008387753271039
0.0005171960339319739
0.0007068905526675374
0.0009981604261285546
0.0012908573809336842
0.0015033143756432875
0.0015646463330245902
0.0014753651738733163
0.0013447977660519677
0.00130097805305614
0.0013640470186127545
0.0014122052148669813
0.00130525426379116
0.0010124122378938746
0.00061833187838077
0.0002757024564696298
0.00012027760018923478
0.0001777263249373069
0.00035306623605061593
0.0005373921018905406
0.0006921661108596646
0.0007887411522483743
0.0008034190912053499
0.0008026040500772799
0.0008817416795797297
0.0010601779003700503
0.0012823227231248814
0.0014299963458278215
0.0014000202660983136
0.0012299714805103902
0.0010373067371566142
0.000871894922802611
0.0006875909258255395
0.00042213865185165725
0.00011359631087979573
-0.00013367053062389808
-0.0003112703529803658
-0.0005040115952639601
-0.0007222858645554363
-0.0008747562665315779
-0.0009380391429183821
-0.0010299482575154906
-0.001272320624870887
-0.0016686173655059275
-0.002133064704853607
-0.0025829674580019617
-0.0029736548487333163
-0.003281197264685697
-0.0034841437433487566
-0.0035451427232945005
-0.0034600332374585276
-0.0033132156887314373
