0.0
0.0
0.0
0.0
0.0
0.0
0.0
0.0
0.0
0.0
0.0
0.0
0.0
0.0
0.0
0.0
0.0
0.0
0.0
0.0
0.0
0.0
0.0
0.0
0.0
0.0
0.0
0.0
0.0
0.0
0.0
0.0
0.0
0.0
0.0
0.0
0.0
0.0
0.0
0.0
0.0
0.0
0.0
0.0
0.0
0.0
0.0
0.0
0.0
0.0
0.0
0.0
0.0
0.0
0.0
0.0
0.0
0.0
0.0
0.0
0.0
0.0
0.0
0.0
0.0
0.0
0.0
0.0
0.0
0.0
0.0
0.0
0.0
0.0
0.0
0.0
0.0
0.0
0.0
0.0
0.0
0.0
0.0
0.0
0.0
0.0
0.0
0.0
0.0
0.0
0.0
0.0
0.0
0.0
0.0
0.0
0.0
0.0
0.0
0.0
0.0
0.0
0.0
0.0
0.0
0.0
0.0
0.0
0.0
0.0
0.0
0.0
0.0
0.0
0.0
0.0
0.0
0.0
0.0
0.0
0.0
0.0
0.0
0.0
0.0
0.0
0.0
0.0
0.0
0.0
0.0
0.0
0.0
0.0
0.0
0.0
0.0
0.0
0.0
0.0
0.0
0.0
0.0
0.0
0.0
0.0
0.0
0.0
0.0
0.0
0.0
0.0
0.0
0.0
0.0
0.0
0.0
0.0
0.0
0.0
0.0
0.0
0.0
0.0
0.0
0.0
0.0
0.0
0.0
0.0
0.0
0.0
0.0
0.0
0.0
0.0
0.0
0.0
0.0
0.0
0.0
0.0
0.0
0.0
0.0
0.0
0.0
-0.00014155487998019527
0.0010398411634871681
0.004983114436474292
0.008779503780195659
0.003642205108953258
-0.003277488405844505
-0.00142236539727015
0.009672552373203289
0.03636282981304395
0.07135544954828976
0.08928964632023056
0.083539495201954
0.06535042333073748
0.038386532640080295
0.022072955038090425
0.01425603642669293
0.00917944410482216
0.04210232302031641
0.080493513561327
0.05618360570577541
0.01693674221779895
0.0009624205306257294
-0.005132941369028532
0.012230296686360775
0.005936064371492966
-0.04159636729859323
-0.050823618279697336
-0.005753278218035784
0.016680232617454493
0.004454166627596456
-0.002076438033599748
-0.007799549093967573
-0.025308703247345465
-0.04000561352886897
-0.04738344318139187
-0.046343277428831375
-0.017079578878162832
0.004417026894152437
-0.002602516924527093
-0.0014144120887958356
0.031511386761641474
0.06655484560580449
0.05407724255592236
0.0466132026172128
0.05984281724845586
0.01740064632297672
0.00796982921883338
0.06792224964942906
0.07203477731866692
0.051382782381944714
0.07193701625735255
0.06787403003512171
0.04803859973210467
0.025791349121225937
-0.007169268986019661
-0.0041461534802985645
0.016642718994415273
0.004692777565673545
-0.03449414164789355
-0.06031120571038656
-0.060633737884359995
-0.03754683666932901
-0.008804621720172157
-0.023308143100708334
-0.05682027064083989
-0.03329611928263365
0.017910159833488593
0.049226508344779096
0.028927647288400693
-0.030665530860471968
-0.053796530912797236
-0.017129766195907947
0.018963175633567142
0.013182858362847383
-0.01605257369091262
-0.03314809251751205
-0.030969011939447344
-0.011003651832620365
0.024124293334806035
0.05132382280404724
0.08037640676742186
0.07902276313486889
0.020724064356774152
-0.033295070515282243
-0.04155441874960686
-0.005436116234900756
0.05114102465009429
0.06876211120448972
0.031777714954711045
0.028316924169541013
0.06302490039205677
0.08343282077642966
0.11744999658596578
0.11165686527083518
0.03610169715010725
0.020177673349845437
0.049853615368026905
-0.009669671747876696
-0.06082088616751158
-0.02973432936250764
-0.05595307925330517
-0.12909759819031996
-0.1379442811381748
-0.09585163324774015
-0.030236388103245027
0.01895604035413323
-0.0036269734070800697
-0.057229769609586256
-0.07140334288140265
-0.013174827839996739
0.008587603371994157
-0.09714622400540551
-0.16125937581717598
-0.09004101813728504
-0.00827284695442404
0.08569358174829472
0.2501171600130747
0.33721681917325386
0.21481050296538373
0.05484316553983204
0.1075684901908428
0.21245887900391547
0.15047261917302268
0.06996590149976933
0.012094700766310362
-0.07750464458514217
-0.0843511760143294
-0.04607371602750665
-0.27448717097178543
-0.7555483382007628
-1.0158754397778038
-0.841811900819583
-0.4246694087790729
-0.13690907481538128
-0.540805722786104
-1.4363914809576026
-1.988127188984984
-2.133236306579556
-1.5522573617211606
-0.4464453981155918
-0.4073982840351853
-1.1334314807482135
-0.9510540543405819
0.131184138982138
0.9674906803277699
1.080423177154323
1.014014593016646
0.7154640740034139
0.25155522945534425
0.43678936214541153
1.2559457931272924
2.2355836511583713
1.7613087916421666
-0.4360878864782818
-1.6394241241395346
-1.877233821986002
-1.9384904313169256
-0.0866337573623972
1.795530464199171
0.34421718707749394
-1.81282275404011
-0.5205291439010371
2.526768662282333
2.850791221745044
0.6468055559615025
-0.6026120506269257
-0.09593242120986867
0.9113377085724598
1.57481995427217
1.77910228847862
1.3940053107031842
0.4034898114631802
-0.5927386185590644
-1.0522761670453766
-0.09771557635136774
1.577983214367968
1.319193129441318
-0.9211515692291042
-2.223467334376189
-1.140641250362251
0.8639772526179427
1.1941273363710458
-0.7141441929924978
-1.3593147505465635
0.8272792163400904
1.7497180879294658
-0.38501348124021206
-1.9264387595339116
-1.0167491152775965
0.0075962588664017505
-0.11596398623808701
-0.4063932750522077
-0.9378956631516445
-2.1677782963446623
-2.946371121737707
-2.066835420633503
0.2811137650014581
2.936253026416584
3.6996179690282553
1.2508524820124998
-1.5000368662299142
-0.739793668551515
2.0670229524295745
2.8261263303911814
1.4489282971806068
0.5573202919686719
0.8588829236288331
1.509716675401582
1.4935381749308991
0.5273934690776447
-0.7715321334488636
-1.8005364234952461
-0.6442297845206073
2.578073701129383
3.5530616337473715
1.8540945067557457
0.4768356645351135
-0.27805112370290175
-0.7733882736078685
-1.0855323698820927
-0.9152676126154562
-0.036607739747402945
0.20180939497049
0.08499534795459951
0.9132469086257515
1.1288954270536742
-0.1711831118780518
-1.2484971875677955
-1.0962773976872144
0.17595937357364644
1.5035549166733002
1.0933089623098722
-0.9608676934700684
-2.3546234884490596
-1.3945175921797048
0.3219617532881567
0.3195565592128027
-0.917635186047193
-1.4001250217689636
-0.27008360444782964
0.9416822693149935
0.5089405316423155
-0.19791070779684405
0.22501680071166508
0.47775089603896337
-0.05790501291900396
-0.8947551949244024
-1.3818035164467188
-0.3639744105298983
1.0923648881111823
0.6923763865445762
-0.7685108566656349
-0.7516698730075713
0.8702319853703444
1.8213560948893113
0.5238771210579087
-1.081175608809041
-1.2436184287040386
-1.5756949946938095
-1.9598428713110048
-1.0391240017334897
0.5191032498253398
1.5791844350752686
0.9360874006164699
-0.29433747062171167
0.17023166131168166
0.42415917173017825
-1.0152070974220884
-1.9204937069161196
-1.1601808972218155
-0.01711403932030775
-0.13824380236172926
-1.1151260137590606
-0.8899351596238869
0.6941590437120545
1.0456125669916718
-1.2254158715340937
-2.9433947780616116
-0.7849351430116467
3.0455100958748473
4.375429795116899
2.1555038468158374
-0.8643709092926759
-1.9933939529319842
-1.5519785183208539
-0.44447963269037505
0.8716791656856695
1.8882651149849725
1.3263527867716336
-0.2425949594801573
0.0007709814980327856
1.3131136435360582
0.5736442421099559
-1.2181071733949256
-0.9406373127304191
0.3396610027139235
-0.23915409078942562
-2.473174487622858
-3.3138005507493578
-1.4826429646586268
-0.09560290702350671
-0.7459834856966345
-1.424034726703589
-0.8149513947646816
0.6028235949915612
1.3092321620067153
0.7137576874358842
0.6072454381770256
1.3915921696402047
0.5034085166754011
-1.621458730396939
-1.3722293152480733
1.0357400851466319
1.1467650046383664
-0.5465641654018298
-0.20821938962020137
0.3730420481593184
-0.22847790888725927
-0.8532017336665512
-1.0641326878008752
-0.5186148420398342
-0.48600247903283833
-0.43028098056009156
1.17738910093044
1.6613368058140823
-0.2236778321536954
-0.7499131245690014
0.6469683197958647
0.14140476286673076
-1.8133819016776536
-1.8946937669785906
-0.3008572016768136
1.1216238429350756
1.6389201779270213
1.7159704569402108
1.1033109131847556
-1.068601148262575
-1.7842664604009009
1.5094775470367283
3.896990233412934
1.5281995902588297
-1.3343192978739784
-1.1303545505554238
0.4081696249702344
0.85862581587198
0.24334586051264612
0.3366863063452754
-0.13770792623656575
-2.313638171868003
-2.363149503072918
0.8571458791585516
3.2624635245899376
2.426516873815279
-0.1768357762840882
-1.3610951075106157
-0.14322330002579653
1.1216022970930015
0.9928958463861179
0.1712947922631347
-0.962148690617337
-2.0038593004211323
-1.1617341025302261
1.5882930957509405
2.869916961453305
1.3178077270379995
-0.4286922636190127
-1.206774791815907
-1.484853492082015
-0.299915393261176
1.6474300598632965
1.3400089531681456
-1.3961489002245977
-2.796062590377108
-1.0717417907328395
2.336539714565167
4.161689508565319
0.6655076188584568
-3.990650878061062
-2.8959094804069325
0.4119741160651621
1.2513351336557337
1.6133230382697183
1.868759016066373
0.619465776907544
-0.8939185216071075
-0.8668884235273437
0.4827063722577316
1.2899670006427173
-0.3279824153568316
-2.1746602128492523
-0.4550697495819336
2.1396870070915304
1.2977682674783992
-1.1733260175170281
-1.4512547068146606
-0.10819585196823756
0.20492973613911958
-0.4093499463540029
-0.5938609986408712
-0.7996233969214857
-1.5274270342700673
-0.9995178784772831
1.1589619133809435
1.9388649627313062
-0.10301436565176758
-1.570874408465204
-0.05061903473694518
1.6026028340791163
1.295756822475349
0.5105305874505282
0.16817399632403962
-0.10405376820948486
-0.8573859094138974
-2.326703201610365
-2.403489608761117
-0.21926191369533388
1.0679660364601768
0.4553689581101337
0.11301103456597172
0.17400622343994618
-0.46536702725573786
-1.0065753907582045
-0.7485653642956718
-0.29481031684903913
-0.005956637444444635
-0.2248907509690805
-0.4953129379246717
-0.019987169738588273
0.3630180683845634
0.5215529889226193
0.45248461707968424
-0.9291415277750518
-1.95058637554363
-0.8983741186094965
0.1633680860729685
-0.1628957997708027
-0.2514941159874917
0.7657642376971863
1.0888240317067588
-0.21404193275858185
-1.223432538680318
-0.42964692701621576
0.8695269584607743
0.7689965074429634
-0.20310561181057274
-0.23263755834115352
0.5359974248821482
0.6234189818064397
0.06921944455097617
-0.22807409190178474
-0.3010721492375861
-0.34202045604303555
-0.31535104443428086
-0.2992382231003132
-0.054782218680849315
0.49095880167839145
0.537824173250059
-0.08899901942079413
-0.19484560256819106
0.5638521268016456
1.1986559624311313
0.8279351601916962
-0.27598518883998036
-0.42549520156202103
0.4030926277386421
0.16924561561750584
-0.6719542491367402
-0.4358147406980958
0.19384299064969546
0.11502362824420076
-0.2365479440893259
0.12059564146118262
0.7249322021269102
0.6722203117160569
0.6141881308445389
0.7374463793994587
0.38730173061698026
-0.21650072726905262
-0.5596932802129562
-0.1859505761394673
0.7161431461471028
0.7536077432717129
-0.0659184483472825
-0.17574632561635617
0.029649666963474097
-0.33577103282238013
-0.3619537998510477
0.3463766626092229
0.7734536265078588
0.35256241150581225
-0.38741429761437596
-0.8093839088607662
-0.511760036039517
0.15628978953525643
0.4359181356981842
0.470748501812923
0.5023493211506931
0.24711679982733847
-0.24693148695884293
-0.30409079827545293
0.4728930520110547
1.1068396404000942
0.5747151098618495
-0.29724099520898495
-0.44086144946319195
-0.14574956751769852
0.154578912619594
0.31602559902386673
0.018270061929491543
-0.4485580197472603
-0.38536650825059215
-0.21579681151766572
-0.44408695480386773
-0.42058533997885283
-0.14576088145464433
-0.25592214789005396
-0.323261621498265
0.03650464722897118
0.4445597399753408
0.6061573034022144
0.20212932982902032
-0.5017593467571904
-0.5373127579080871
-0.03228865597068842
0.18016185401003
0.23880962770051045
0.28415250201374803
0.014522214117916876
-0.043911865330451993
0.22848300635763064
-0.011133993466830527
-0.4144173865462816
-0.37637618996928235
-0.1969678737777236
0.08234171161467635
0.1211099065581629
-0.431398382323236
-0.5635625279628769
0.2541223773640494
0.6408632278750306
0.06062919416254828
-0.1715047556633102
0.23188387327709498
0.30216613645587864
-0.03770463996946666
-0.3371220460889058
-0.5044108017763013
-0.3296686730633872
0.07577260349153764
0.07190011675565343
0.029969347370705626
0.5774764733030837
0.7401210840203555
0.09018249091995945
-0.39401096858658957
-0.5171494934573647
-0.3955444406491117
-0.002154013019607909
0.07617126729882581
-0.15698173375254326
-0.001144197024162158
0.24547311045137182
-0.12516588263148454
-0.6277589668831642
-0.49576063865199893
-0.07762808064496779
0.18185291416350363
0.3563904296760877
0.3534896926430436
0.24404950544337684
0.20175161060964697
0.054559151255555216
-0.15431645813249792
-0.09236672338782673
0.1743578092321986
0.2682406585796399
-0.01705497080331686
-0.38671998685476916
-0.4164775266281845
-0.23238273532685705
0.03027563029167435
0.2695595080168487
0.21723018886922646
0.15348780878241414
0.24705621973505779
0.035481640317514856
-0.29377234792859847
-0.17665697486698909
0.16190840530876266
0.1381844531726463
-0.34718705915827913
-0.521695584211306
0.06256467773454344
0.6191845199776751
0.5439166195630186
0.1355947756896936
-0.05010302515465115
0.10675885353364267
0.15342648642433143
-0.024317803287332795
-0.058018484588953034
0.09143077360727048
0.06332175926401629
-0.20614109706682165
-0.24967522123115246
-0.08529684164780349
-0.10439088457042986
-0.10814128908127635
-0.038733992508156206
-0.057581105862491544
0.057058169157747404
0.21301044746317072
0.12338233924959208
-0.03476706077442199
-0.013818596603491162
0.1328613406036161
0.09391210574356129
-0.11524351222227044
-0.06398990755096218
0.19280447238984608
0.13591771008638137
-0.3177832711057717
-0.5427735654061099
-0.10857197535482319
0.37949816054922947
0.29244274870612696
0.03991136104697743
-0.021374645784374646
-0.18802201014907788
-0.4157426775489168
-0.2866157101699228
0.14873647966887502
0.326456275457852
0.01519787753186092
-0.3191600201321543
-0.25575425016304504
0.07783003303538291
0.32905940386204807
0.25986817005703194
0.06742371156703951
0.1347321292746403
0.23410392565174343
-0.03225906387130251
-0.3431440832184464
-0.25751776980470487
-0.03054866550694479
-0.011415405465157666
-0.04809934382912201
0.08161616646919446
0.20616411345957142
0.1353772963756325
0.022886952774839847
-0.1884832245714696
-0.4095169606693972
-0.11711376601074364
0.3744457032211448
0.30838118317156615
-0.06677483967737616
-0.09772601292213579
0.10614772259492393
0.03235668149453759
-0.1651623364958952
-0.04677285596277084
0.144270257677543
0.09566583287590044
-0.05764036352237614
-0.2355526118015147
-0.2575270326737714
0.06460905516548623
0.31702278182341426
0.18160609989335263
-0.026034621312881367
-0.0900034285540902
-0.08347163542685669
-0.03792442387421126
0.05679906568067865
0.13040489878128242
0.13022542529932263
0.08643658467719348
-0.10572054201994552
-0.3380237328625019
-0.20271616087880365
0.15118613157991206
0.1402502426711307
-0.22527462546751806
-0.37403451183611347
-0.15994534805026986
0.07001781024366593
0.1865557865148045
0.15693647604006356
-0.030401152888032953
-0.12544681306019254
-0.04609655251874621
0.09699804127406085
0.23727714119486598
0.17551611116606364
-0.09150446597607564
-0.25018732175051955
-0.21914478174334998
-0.09182220935969429
0.11134368555420188
0.22855890567715623
0.12077824309837061
-0.06928139750247898
-0.16383267245118233
-0.050233270312410414
0.16233188037574023
0.124331933669352
-0.12961598889840195
-0.23310370441788958
-0.12578738698114444
-0.05341243461635728
-0.06110018235831466
0.09322119618617689
0.323133356656358
0.23183069557737826
-0.1079656306001517
-0.24267379156876986
-0.07029409253827823
0.14549474118804323
0.21059901496205088
0.10819155743549909
-0.03209382484039717
-0.043126941017874836
-0.027383844742392416
-0.09727724825957085
-0.07654534513043376
0.0004163814145684702
-8.311845262837236e-05
-0.015745406493305428
-0.06596312301352318
-0.06137394518304222
0.10305499412987676
0.21127096078817453
0.14161550430711983
0.09998901131175686
0.10508036794430109
-0.012047575301949803
-0.13301103499713404
-0.1260358639704675
-0.05808950702434469
0.025669716212714095
0.041336546067157885
-0.06633446374339855
-0.11551556379317765
0.05215969989409294
0.23568985309424492
0.1541387460927814
-0.059685347317909254
-0.09891695158919012
-0.019958969196708545
0.051781281225118714
0.11156902016808315
-0.023899876667934666
-0.267615514855589
-0.22394718032132274
0.010597325827313694
0.08015781005961323
0.07214252787653483
0.16301136731852667
0.12127135609633102
-0.11251930170583385
-0.17914082386001362
-0.04508267827599594
0.07031773549583749
0.11332757448847139
0.017039786223982327
-0.11204436934302447
-0.06353593086664205
0.011502068874169331
-0.048163287922695856
-0.07515670564515198
0.020781519817874433
0.0574252804503005
-0.007246954431196606
-0.01726100167102053
-0.04627628728273231
-0.09612800730663636
0.03403039763917458
0.15662118955490942
0.05241477441547078
-0.06834640586114392
-0.08162837720498098
-0.06724080981228152
-0.02886408932794357
-0.02179460721912002
-0.08177361376927308
-0.04045307600474726
0.11328010187434964
0.13393063670904698
0.024007688558956117
-0.009525235880250199
0.02472963770503271
0.032961126635943555
-0.004138131062653094
-0.09490790770757276
-0.1011718211443115
0.04176729320237407
0.07690317750103894
-0.07683934114540483
-0.1700627463721007
-0.043721004717708095
0.15493492016036203
0.16377961066139163
0.009820533201916684
-0.03579838223025128
0.06448170047315598
0.046813952090842305
-0.06912593034323637
-0.011926981619983519
0.1080989667224758
0.0756812348487569
-0.031343649462938446
-0.08069653323877664
-0.01195716116380591
0.09589071180556252
0.09953852399277689
0.02375735726122961
-0.026586303337567993
-0.012339138034421049
0.02596850715487157
0.0281642380483412
-0.0032422589047450268
-0.049417069136457034
-0.0537360621893289
0.02437503758122493
0.0650983835085707
-0.006252975548094841
-0.06549240312770466
-0.027158039998385355
0.022059148625244066
0.007358905014342037
-0.006347054112300309
0.03189633660834082
0.07503831363128623
0.07554620426337948
0.025591524776134106
-0.039787890268436155
-0.04739828552355928
-0.009318941481592208
-0.02011593523749683
-0.05024298850461591
-0.028045434653098913
0.0011141223961070867
-0.019549265996581133
-0.057857353627895944
-0.05329535157887288
-0.008749045370443104
0.051326207301248476
0.06417321176403198
-0.022337539215704236
-0.08469690013310995
-0.026560247695801863
0.030079295956393297
0.007599595445243863
-0.0014702129488656582
0.02258206465514055
0.006098300406462542
-0.026349609063751327
-0.022317335661359343
0.006761651525017454
0.03327600216549632
0.02803561363278129
-0.010344972878415425
-0.04350006606229849
-0.05179083835146378
-0.03699074637863003
0.008784502305328915
0.03140313892527871
-0.007752774623412201
-0.03493641428446963
-0.014273624589074885
0.026518013292031656
0.046646483721273925
0.021006803205007273
-0.0007382997031696106
0.019220404741999028
0.02787308012743415
-0.008448401044696276
-0.004821158027658538
0.050047311165747725
0.02967858603701208
-0.033621403345772884
-0.034102748431964515
-0.019831420082771375
-0.01087265958981104
0.007358934847024025
-0.0030397297476405724
-0.016904917158560878
0.006040908795413517
0.025762327366304037
0.01654032091826611
0.026932623449983165
0.048881798767396956
0.028599814584324496
0.010245333581573025
0.015480738083612902
0.004479023417702163
0.005218294785923491
0.020610235540105513
0.001404023401726913
-0.030420560584759858
-0.023685866062367278
-0.004150184316635115
-0.004069359548378029
0.0016642789024660341
0.0007782678074035425
-0.018045117287860707
-0.01016788445535572
0.010692324121704967
-0.008427846570996577
-0.03746668342915582
-0.021766121264905458
0.013861600870439679
0.02931591042351335
0.020209635973490087
-0.0006949357189706337
0.0003572495426962183
0.026648154092913497
0.026592456555579194
-0.011298029395936923
-0.023703226276218965
0.0007189242404962992
0.004922370008260787
-0.016649163418738552
-0.02984384412983024
-0.016256561366392232
0.004197988124315833
-0.003859227154001149
-0.020851947167261287
-0.019511070976688482
-0.012492161837295342
-0.006058465036128731
0.002432527410760152
0.009966592726557564
0.010087844455761445
0.00020041270302385839
-0.009994727771949336
-0.00976766950493995
0.0030879636934640145
0.008823283643231226
-0.005691542755378819
-0.015368389162168483
-0.016310162315766086
-0.024258782116787295
-0.01991246842610979
0.0045075350666138325
0.016216229718356
0.0012110910819943185
-0.008003026735334741
0.004881737269900967
0.00775782339331077
-0.007430354756178634
-0.01429674848307596
-0.0047867385217231564
0.017721338012158916
0.033790191477938825
0.015431190934903988
-0.011166985837187008
0.0010457452170544446
0.02816318449804961
0.02276743123322008
-0.0015481179145693403
-0.01181008626917108
-0.0053415165195414265
0.01069057171140711
0.01308469556336513
-0.011228692133002392
-0.015157586772288779
0.012294108202326015
0.016791861331402733
-0.0016434170425404775
-0.005702937466613557
0.002440773819058656
0.0030598144746032596
0.00258077832269576
0.00870068935666385
0.004996154513430278
-0.0037308557116560994
-0.0021016199407678667
0.007993693132618739
0.02479883220725142
0.028384773302989184
0.0031175586553759474
-0.020984383432262034
-0.01607731925319334
0.001453715569328523
0.008714034688515124
0.005442901287306418
-0.004460032645381053
-0.010496043192781693
-0.0010197925521438916
0.009554067960606587
0.011309469987769745
0.013066600145132869
0.01082711901323406
0.0018800717370939593
-0.0043094912508261085
-0.007085997371529842
-0.01251796494814468
-0.014469648348548645
-0.005478079694855824
0.00516852774153167
0.009756695264504716
0.005825447959082047
-0.005580143529349109
-0.01103806313196047
-0.0054112533754130075
0.0037737079198772883
0.005159283719162459
-0.008158679541212783
-0.023725158796908483
-0.026422960199262463
-0.015581576427237922
-0.0016507451020606398
0.004185716308562057
0.002080310188725773
0.00021142736495666226
0.0021951591338434107
0.004358306162857465
0.002195062697862094
-0.0022392638184938925
0.0007657911401574846
0.005824223596393235
-0.002390184264301187
-0.010983169872824088
-0.0030280267157097116
0.008482138943287568
0.01139929406942581
0.012420114729714419
0.012565376001309025
0.004766051138293136
-0.006470914265427352
-0.011090826047794052
-0.007106539750521589
-0.0002708724148872913
-0.0016802579014663609
-0.011022030038766504
-0.011043366445323064
0.0012708627685842615
0.011733370121886928
0.014887696933781487
0.009505457198488441
-0.0037207797603840223
-0.014437182598264885
-0.015176389498675608
-0.007444690471971584
0.004562656261155764
0.01152892566422001
0.005217105204078025
-0.0024328595384703073
0.0010484748031835706
0.0017924364677348436
-0.004218778174828956
0.0007140138859985882
0.012952040398726288
0.013478445598166494
0.004162358582123863
0.0003163492396632958
0.0022967059648022143
0.0033527874251433123
0.0051338541648408885
0.006816461934236689
0.006489131816814814
0.00829697864776259
0.01162826561800509
0.008459294495322615
-0.00012102234263212594
-0.005877283849234853
-0.009581164681827695
-0.015242056607861898
-0.018729748051273882
-0.01328742402971087
-0.0029008201310112424
0.005265029039213468
0.014189282332045668
0.0191333811608576
0.008371944217561636
-0.005774980233702185
-0.005819788878768568
-0.0019385559551020354
-0.005202258624950006
-0.0077329557771351155
-0.006173720130781159
-0.0031095262966126785
0.003845909652975329
0.008359323502150753
0.0034884247592608473
-0.0016558636615681011
-0.001506492706847315
-0.001976005175346183
-0.0037246977797394934
-0.005555227042651644
-0.007468825531951622
-0.0019155952178463657
0.009442398370487645
0.010639592195752797
0.00039254055145835146
-0.005437338798968478
-0.0008582520196252844
0.006647338181094899
0.010766047402237598
0.007459172344507757
-0.0018045894888470866
-0.007268727097250302
-0.006564002297196458
-0.0049925566042946165
0.000262669644647431
0.008487191446064152
0.007179435826191545
-0.003183813135999433
-0.0103298307918641
-0.011191227804466748
-0.0045758325866822915
0.00671921301372979
0.008138389639150586
-0.0014982522129049127
-0.005560519642772458
-0.0016091815270880142
0.0017382998679630352
0.006519453853941272
0.013285344437953508
0.012667597011100044
0.003034925906030512
-0.0052326507864012516
-0.007827091640581211
-0.009746931937225206
-0.010212905101346988
-0.004466012473539259
0.001907129871961239
-0.00029884951827407157
-0.006340061116581883
-0.005392364270912587
0.0017014328911988245
0.007221141558257099
0.006746599431360877
0.0016586300595460533
-0.0017721829060336324
-0.0008798288923029928
-8.706664852392576e-06
-0.00020406901640611028
0.0013909313114963805
0.0006880469971617034
-0.0046566004241387175
-0.0076256413666432885
-0.005595564657049163
-0.0027522860022663976
-0.00032767462084554275
0.0030689917983431243
0.00366468964431108
-0.0020860029187352936
-0.00836988579387687
-0.008056509602088605
-0.002653131287088055
0.0005337947206626621
0.00030209451261258534
0.0014724721921875227
0.002859741537236551
-0.0010745536649963425
-0.008006525650305164
-0.008499304318361402
-0.001379906074152188
0.005659363833343329
0.008989436687812578
0.006399780321475381
-0.0016990245647238982
-0.005619580665235067
-0.0029406359627208263
-0.00138407692427823
-0.0007319075168048875
0.0012754609075037449
-0.0003565342134932408
-0.005080953743630292
-0.004363353096536283
0.002037962820070129
0.00562925354035277
0.004258717252299954
0.004097640623423486
0.006508665466738272
0.004851839665126444
0.00045735488396917746
0.0027623521908098107
0.0083116987236562
0.006299552171274782
-0.0007570438641475779
-0.004899785893138213
-0.005156377736371101
-0.002946397819733894
3.6458857826341816e-06
0.001209977133842313
0.0007107970273446848
-0.0005312458809882952
-0.001483177960256392
0.0009282891760324004
0.005577768579085139
0.006312945986880643
0.002861390912918273
0.0009659729256516992
0.0008777971042487863
-0.0008624072522704146
-0.0009542540134060799
0.003315907027938824
0.006492259394829111
0.004752370953412683
0.0022248377770111762
0.0025323053471692294
0.0025447938574664694
0.000374398374764523
-0.0008397993185618111
0.0017218231024544103
0.005930808519230009
0.005683320360810259
0.0004932541949668814
-0.004185356219192787
-0.006238744186139573
-0.004598192541838811
0.00024051870403831235
0.002359104237248527
-0.00012943889671802877
-0.003408249745632034
-0.005428586019465928
-0.00494938524842835
-0.0011221863013304578
0.0025972437476433543
0.0017610666860191845
-0.002462107029155506
-0.005050631874356471
-0.004006352179913755
-0.0030936951139176397
-0.004765566073137988
-0.005144459069996584
-0.0035523727298598052
-0.004355865570621944
-0.005924415449648847
-0.004979001164013093
-0.0034831653389904536
-0.0019437061875238262
0.00019958030167115115
0.0004926475850407386
-0.0016181983675295514
-0.0029057719094461518
-0.0013277578291966997
0.0010913617998798628
0.0002380328480618074
-0.004070881205068924
-0.006982383828186651
-0.00548773399765809
-0.0019851664132388702
-0.0002427556215174806
0.0005878546640626023
0.0017140887797884724
0.00014666813185893607
-0.0026574567366181613
-0.0016161792756417236
0.0013306001115194303
0.0008551725569453487
-0.0017860029602088205
-0.0020915369498673807
0.0004880741141411703
0.0032338413554290034
0.0026747587750527713
-0.00047870760955777414
-0.0009251655658959468
0.002383993677659367
0.005666839903302178
0.006949369055430848
0.0059828449380174824
0.004091603734458818
0.0035609512200376232
0.0037036025153321488
0.0034308257826147198
0.004139881461321207
0.004740877444157404
0.00270020709552375
0.0007476251691337574
0.0020941132976735563
0.004560489081922593
0.005025168183431455
0.0035938934772910486
0.0025363289151092497
0.0023673266214122492
0.0016339450072202812
0.0015326210688688998
0.003609682694605215
0.004697927025540238
0.002787138915491278
0.0003518508591600876
-0.0016349125727084558
-0.0029003531940377594
-0.001848825098148467
0.00028485760557357687
0.0008385136972844133
0.00013481213576755843
6.850931712795716e-05
0.0010938861408992702
0.002042850280428197
0.0018227845911353464
0.0007628939078840498
0.00021265201429400762
3.0308551623121904e-05
-0.0011154548223065337
-0.0020003332746960437
-0.0015450110133186298
-0.0017336561592852968
-0.0030088613352394506
-0.003499205807521161
-0.00320222766974018
-0.003796343701382779
-0.004758093235076345
-0.0044154440946426
-0.00331918559773859
-0.0025629654284474272
-0.0024638097058256704
-0.003097147459882209
-0.003566874393949695
-0.0034716557431910627
-0.0030965249362813556
-0.002043587045982883
-0.0012392364882717324
-0.0016174110566840334
-0.002331265733296134
-0.0029141477243842546
-0.0028897345386245197
-0.0018995198646471322
-0.001086288559950863
-0.0011200861342530073
-0.0018478133452507692
-0.0034640963199139233
-0.004512671841199847
-0.0034136895925821996
-0.0019542565707861663
-0.001802387901577704
-0.00212343805302484
-0.0028652065254217603
-0.0036195322618865836
-0.0021577343443226725
0.0007396931495496015
0.0022687461372277347
0.002696401663160146
0.00294006111670499
0.0025339096283725077
0.0015538686514861393
0.000495476511732023
-5.642542372310405e-06
0.0006097074432390576
0.0014158255680812165
0.0010559341112489004
0.00045355289159851667
0.0008052835791995949
0.0013186567498447432
0.002127118362637539
0.003279099356440272
0.003303012552012475
0.0031256597791357674
0.004384441793297177
0.005899764169974771
0.006208217610545556
0.0057006027147893405
0.005377558555292231
0.00495594382284823
0.0039527085538673115
0.00358549649072502
0.004444969887203444
0.004988740289426016
0.004135434156502506
0.0027433079965511545
0.0023204130108716615
0.0023587987381713388
0.0015785954261560535
0.0011435559199659412
0.0015875104268798478
0.0016926942608167413
0.0013411617943368016
0.0005450148471961014
-0.0005618888198777386
-0.0010672017863360556
-0.0005970414767662788
0.0007492096049734158
0.0021709406932144924
0.002461164067464258
0.0021810947609143885
0.0022375083840879377
0.001276562384674683
-0.0010783197998911753
-0.002442507811475224
-0.002321820034051316
-0.002820897467993841
-0.004030708320964558
-0.004317527839119147
-0.0037882682260373425
-0.003459085263580443
-0.0037080546892191025
-0.004315875786860492
-0.004531783979081789
-0.0041683574479333164
-0.0036834556719040866
-0.0032611347421694194
-0.0029826288822435475
-0.003087426530443755
-0.003256369145804185
-0.0031100930869787974
-0.0034250884481387186
-0.004207556141043355
-0.004153111322171323
-0.0034096807765925264
-0.0030023257893025037
-0.0026455490177135343
-0.002419547970208354
-0.0037497477917634737
-0.00589654289004321
-0.005945755385767391
-0.0035508218880202363
-0.0011184526140149004
-0.00010400434687028726
1.8814422054088537e-05
8.474317910188434e-05
-2.7869185086733944e-05
-0.0006564773966559745
-0.0013516293499428074
-0.0016406555736076835
-0.0013257179527129542
-0.00022076406413705854
0.0011822034519770284
0.002312868996921111
0.003069579360564987
0.0029750156260830267
0.0019883276393625957
0.001442878707253032
0.0019491728813321937
0.0023999942879146564
0.002330323646084327
0.0023098535474537826
0.002691045518117446
0.0035783171891600775
0.004030847719163597
0.002903445608116022
0.0014717729202224864
0.002030465074982151
0.00421971269167993
0.005396194199121742
0.004506646625663382
0.003323744126396984
0.003283429500355911
0.0035268179946814143
0.0032455804684759604
0.003115840386580997
0.003379849471418006
0.003285172040771979
0.0028317197089329955
0.0028246984110751484
0.0031049301758027444
0.0031190596654983704
0.0030139078454467227
0.0026117366725266766
0.0019726727786903396
0.001978349690867156
0.0024435889468474546
0.002314469619198338
0.0017642007051221625
0.0014969828566264443
0.0012810925868118085
0.000713012685277032
-0.0004581508441371604
-0.0020276386190121523
-0.0024593421666972426
-0.001146122735953551
0.00011450486998394738
0.0001278048808642067
-0.0006747394048771532
-0.0020038516416068415
-0.0030353983028962132
-0.002672825288402389
-0.001964985958800923
-0.0022436182082508395
-0.002832476247613366
-0.002997173891845357
-0.002705214067785712
-0.0022915239434014995
-0.0027748338351066184
-0.004270299410030917
-0.005340967334094365
-0.0051225310432358616
-0.0041939426212939035
-0.0032745169529408086
-0.0027448973592160753
-0.002830669827245679
-0.0030666136050474455
-0.003121021120926627
-0.0033777918553903555
-0.0038611427680095506
-0.004377676176550875
-0.004378632535663764
-0.003283026665588336
-0.0021412265777816433
-0.0019807590646918165
-0.0021515556505886865
-0.0022169522477732857
-0.0024013667848883924
-0.002308960607222306
-0.0014092723258245614
-0.00026884516135381245
3.646928994884002e-05
-0.0005135010857505243
-0.0008876959168899676
-0.0006490658176678821
-0.0005493805188665941
-0.000766474267401375
-0.00028514258267162487
0.0009850911127954921
0.001966222671292407
0.002311625509885007
0.002189509224338946
0.001582743828544217
0.0009884034224367337
0.0010000937346303536
0.0014802668002548355
0.002128040874808425
0.002981503555382608
0.003912325166110106
0.004389794878375881
0.004285514287291592
0.003957924996606452
0.003580348555922176
0.00315818969301326
0.0026496537202179123
0.0025057743754071794
0.0033110199624932653
0.004175681966272488
0.004275398411535507
0.004274644215024499
0.00421532452152688
0.0036711544602195476
0.003080118953956077
0.0026730803654809645
0.0022810237799883327
0.0023461107519043914
0.0030750486674106757
0.003471381066468779
0.0028804584417882924
0.0017896449124528875
0.0008217768423604208
0.0004403276428484003
0.0007634366813500486
0.001517664702737672
0.002086320083194551
0.0015238853079152063
-0.0001918038293023637
-0.0016696056476987013
-0.0018547747066412143
-0.001453573290032227
-0.0015763798995468079
-0.0018472836370766986
-0.001448265582743951
-0.0008369373790735081
-0.0009183739625819656
-0.0016085186032858377
-0.0022258772713555086
-0.002592907608088545
-0.0029092356871357854
-0.0028047073199004187
-0.002070785059221385
-0.0015332795837221386
-0.0017599100820202378
-0.0025330141451867716
-0.003442660060512183
-0.003969590211395601
-0.0038868934024006286
-0.003476163495698264
-0.00315235683122641
-0.0031045356028451265
-0.003039545076700021
-0.002600865220853844
-0.0021200736872215046
-0.0023150471367168936
-0.0029640256933482698
-0.0029336403332448843
-0.0023745520557443625
-0.0024440271999686698
-0.002559442620647251
-0.0016351195855222062
-0.0004651592387421091
-0.00018751456607787008
-0.0008116110041931825
-0.0016438656187948066
-0.001871404286153719
-0.0014765062697432302
-0.0011010516370013358
-0.0005084144712534031
0.0005576722295229965
0.0007856549911258483
-0.00022044847327618022
-0.0006936742156710453
-0.00013579870924347592
7.342486226036976e-05
-0.0002593707669116055
-2.7184157876281034e-05
0.0011250855609564112
0.0024918352475441323
0.002965038315893972
0.0021014272905042868
0.0012189675353917375
0.0015749906287987874
0.002359467427917211
0.0028466491291214337
0.0034954864783528442
0.003920933189091529
0.003441088102537012
0.002740473624744209
0.0026516204145100456
0.002911706557811389
0.0029105208951137472
0.002615351839938395
0.002344339292960398
0.002506747179931686
0.003383074743966964
0.004161577182691439
0.0038986828310534852
0.0029624817353656446
0.001882381950789571
0.0010820308110039787
0.0010853246625080765
0.0013683518587882908
0.001346718364020354
0.001523789624933573
0.0018176025757698309
0.001282264833165292
7.865599161918993e-05
-0.00043195929265372676
0.00020476151582416238
0.0008036339749425588
0.0007011580600732072
0.0006806704982354021
0.000825906153917675
0.0002910950164830006
-0.0007253528278306602
-0.0014500997410970412
-0.0018168825393897435
-0.0018547161258296654
-0.0016191824452319297
-0.0013766679317967368
-0.0010586995822813115
-0.001046835452370231
-0.0021158169399840814
-0.0035321987169233075
-0.0037966088264977833
-0.0031172056144855107
-0.002541722719579792
-0.0019680513611360292
-0.0013184509691542023
-0.0011739069433699739
-0.0012912939698641588
-0.0012713595122108687
-0.0014744560431736327
-0.001970895784396825
-0.0025055897346390886
-0.0029597883459295863
-0.0029429888877791363
-0.002109494873385011
-0.001030536341061465
-0.0008075898984935097
-0.001668551971700986
-0.0028013666155491885
-0.003457001383675818
-0.0034170581398162425
-0.003315289590762962
-0.003962619822804374
-0.004531201822677756
-0.003941028880631959
-0.002987249966400197
-0.0023963845766220467
-0.0017196390140892283
-0.0011556578237056393
-0.0012332832436115944
-0.0012619017537852072
-0.0002820139492191488
0.0015719720783965753
0.00322513034658789
0.0035440946967387615
0.0026541455903724386
0.0020487464412670513
0.0025922803856295237
0.003572246083913235
0.004303226316538598
0.0048078837931338735
0.004806911329594765
0.0040058761987260974
0.0031401649625413123
0.003240672708485653
0.004233234305244199
0.005179048459084828
0.005465982268260359
0.005334172152224632
0.005161624813337968
0.00441924193544641
0.0021343285673477343
-0.0013362571612996945
-0.00403931731713786
-0.004595494944271288
-0.0033016786870993563
-0.0010716856275055841
0.0009125051660608145
0.0016664547222305518
0.0015136202347426951
0.0010445223628337014
0.00010042334197140138
-0.0009585567220536193
-0.0017145705733525177
-0.0030064746040470583
-0.004399145128010408
-0.0027809153749053057
0.0030577733869728316
0.009142877084576277
0.010149228447955991
0.0051010269343463276
-0.0021460858309730463
-0.007531103107021658
-0.01011055137512741
-0.010730954425681682
-0.009502320128508579
-0.006374170405559296
-0.0033762603198335727
-0.0022769378210164403
-0.0012618178797997176
0.0011968366820311518
0.002819704766340095
0.0016741723835492755
-0.00044257863903292803
-0.0005285362588318097
0.0025094720575828816
0.0078117946603068695
0.013940086130744848
0.019232345261663047
0.02223441208814148
0.022170020258783164
0.018397986217871736
0.011343428555708912
0.003284810540840212
-0.0034182582943915185
-0.007377293552069029
-0.008412860221807317
-0.00754141619534833
-0.005929559514692803
-0.0046760544264659865
-0.004518191946943386
-0.0064415335844626685
-0.011450868917786988
-0.018450832623381035
-0.026791245137895464
-0.035750709959398615
-0.038983912277812914
-0.029730466081549223
-0.01036216889103754
0.009418720686297344
0.02023105819621411
0.01942151299209706
0.012124402591277738
0.004432228006504165
-0.0008599560870411506
-0.0037230109812717085
-0.005132890286935716
-0.002508919073981302
0.008664120906429006
0.027091609691243055
0.04399914038068688
0.048909737276994235
0.037364128455551815
0.014243444722007809
-0.008514297746366077
-0.019626832042362805
-0.018539104308137343
-0.012120102437103215
-0.003937059018129217
0.0038204912106364203
0.007957551528279174
0.007822996938285517
0.0029219508654638043
-0.009346926385068708
-0.029457177009644803
-0.050712683892307514
-0.06195076732555548
-0.05722460768157123
-0.039805916814942006
-0.018414822833196814
-0.0018503950655827939
0.006219970810931161
0.007625999623070631
0.005736225070308243
0.00299374331445032
-0.0013078658442580021
-0.007792947999390162
-0.01057918838374533
-0.002216271830254732
0.017118961969967705
0.04004515714159174
0.05947019910683567
0.06980434830575562
0.06298234693749316
0.03815425538395838
0.01003156708435285
-0.007631260902376175
-0.014516650364574848
-0.013494187917904882
-0.005740259445674238
0.0035182072712366674
0.007578850999206077
0.005917892107068119
0.0020669504514920292
-0.0055189586634916896
-0.02043873910027593
-0.03822696294462449
-0.049215511953640226
-0.04511898202684233
-0.03840171951422044
