0.0
0.0
0.0
0.0
0.0
0.0
0.0
0.0
0.0
0.0
0.0
0.0
0.0
0.0
0.0
0.0
0.0
0.0
0.0
0.0
0.0
0.0
0.0
0.0
0.0
0.0
0.0
0.0
0.0
0.0
0.0
0.0
0.0
0.0
0.0
0.0
0.0
0.0
0.0
0.0
0.0
0.0
0.0
0.0
0.0
0.0
0.0
0.0
0.0
0.0
0.0
0.0
0.0
0.0
0.0
0.0
0.0
0.0
0.0
0.0
0.0
0.0
0.0
0.0
0.0
0.0
0.0
0.0
0.0
0.0
0.0
0.0
0.0
0.0
0.0
0.0
0.0
0.0
0.0
0.0
0.0
0.0
0.0
0.0
0.0
0.0
0.0
0.0
0.0
0.0
0.0
0.0
0.0
0.0
0.0
0.0
0.0
0.0
0.0
0.0
0.0
0.0
0.0
0.0
0.0
0.0
0.0
0.0
0.0
0.0
0.0
0.0
0.0
0.0
0.0
0.0
0.0
0.0
0.0
0.0
0.0
0.0
0.0
0.0
0.0
0.0
0.0
0.0
0.0
0.0
0.0
0.0
0.0
0.0
0.0
0.0
0.0
0.0
0.0
0.0
0.0
0.0
0.0
0.0
0.0
0.0
0.0
0.0
0.0
0.0
0.0
0.0
0.0
0.0
0.0
0.0
0.0
0.0
0.0
0.0
0.0
0.0
0.0
0.0
0.0
0.0
0.0
0.0
0.0
0.0
0.0
0.0
0.0
0.0
0.0
0.0
0.0
0.0
0.0
0.0
0.0
0.0
0.0
0.0
0.0
0.0
0.0
0.0
0.0
0.0
0.0
0.0
0.0
0.0
0.0
0.0
0.0
0.0
0.0
0.0
0.0
0.0
0.0
0.0
0.0
0.0
0.0
0.0
0.0
0.0
0.0
0.0
0.0
0.0
0.0
0.0
0.0
0.0
0.0
0.0
0.0
0.0
0.0
0.0
0.0
0.0
0.0
0.0
0.0
0.0
0.0
0.0
0.0
0.0
0.0
0.0
0.0
0.0
0.0
0.0
0.0
0.0
0.0
0.0
0.0
0.0
0.0
0.0
0.0
0.0
0.0
0.0
0.0
0.0
0.0
0.0
0.0
0.0
0.0
0.0
0.0
0.0
0.0
0.0
0.0
0.0
0.0
0.0
0.0
0.0
0.0
0.0
0.0
0.0
0.0
0.0
0.0
0.0
0.0
0.0
0.0
0.0
0.0
0.0
0.0
0.0
0.0
0.0
-5.86223275282828e-07
-1.808963452149938e-06
-2.9399544226123865e-06
-2.584330220281631e-06
-1.5199665498411983e-06
-1.3254620483327681e-06
3.1734593667168516e-07
-1.6359184177187105e-06
-3.410293549801183e-05
-0.00011163828114198055
-0.00017613883858572376
-0.00013523239701298325
-2.059285429677744e-05
3.857395823165143e-05
2.9747049152963575e-05
1.3785353327537127e-05
4.475054446360911e-06
-2.0095560235996795e-06
-6.627933071018773e-06
-1.1954410699990776e-05
-2.271572251543882e-05
-6.305276599784308e-05
-0.00018674266233055823
-0.0003688602432779311
-0.00047482254379401754
-0.0004453617979067731
-0.00040653254542258067
-0.0006427897245323483
-0.001139073279114503
-0.0013776798460406407
-0.0011611637426446548
-0.0008390604970192671
-0.0009252288936133717
-0.001391445613787863
-0.001593113407831044
-0.0013582980193823685
-0.0011113466595356917
-0.001143365447229428
-0.0014075963232400856
-0.0017756697064826357
-0.001967398758425932
-0.0018199240309344628
-0.0018924965248466009
-0.0025006459413389167
-0.003183971058136
-0.003448943798971479
-0.0032396208183611973
-0.0025676601304486925
-0.0017239151100375979
-0.0016956113609393982
-0.0023011180179742883
-0.0025537453523597955
-0.002385187939046425
-0.0017259980573251794
-0.0008020536784485608
-0.0004300219261707299
-0.0011678955927404279
-0.0026079706767906173
-0.003268964247760679
-0.0024333606151526934
-0.0012805121507176373
-0.0013230482078734618
-0.0023838322906168823
-0.002835449318332404
-0.002896795105992349
-0.003445167229368117
-0.0033825379488586853
-0.0028024654375429017
-0.0031359063761318006
-0.00429971867515089
-0.0043529962385029835
-0.002550270376225837
-0.001521033568265117
-0.0025315052559783035
-0.0033934741497017437
-0.0032803204126625445
-0.0038184935364752597
-0.005028370681874505
-0.005159370351409668
-0.0039014910466326136
-0.00278901471649168
-0.002832891176043302
-0.0029741510309817952
-0.0028729255087366766
-0.003394242085311852
-0.0038475869179224586
-0.004206942777356878
-0.005146017718692234
-0.005469584024627469
-0.004869629600720747
-0.004576000273237454
-0.004669617196344109
-0.004695154695372621
-0.00456399096041735
-0.003962485331261317
-0.0028630282127430416
-0.001738885655785393
-0.00177642651706559
-0.004259704487191764
-0.007229436534349296
-0.00692139279767423
-0.003842136911308237
-0.002598397789967008
-0.004078733595738308
-0.0048759087001990255
-0.0043333797130554125
-0.0032014342790284123
-0.0019020744256421408
-0.001558000863080997
-0.0017624557052548864
-0.0031203450637259703
-0.006098601371646146
-0.008012870358391648
-0.0067362553541886454
-0.004832866280345585
-0.004909962548033678
-0.004551664194881771
-0.004170668356996554
-0.005491245523352
-0.006671503959254716
-0.006926355296178834
-0.0072843327365708565
-0.007075785509644467
-0.006321581527589907
-0.005966595703091339
-0.0063756333082420485
-0.008793149883752984
-0.00949329336353046
-0.007345612817226407
-0.005621946780800117
-0.005856397035737851
-0.008233888576874623
-0.011158909097274974
-0.012605071905472148
-0.008918379840234405
-0.003990385330711096
-0.004136854906948703
-0.00857087144968067
-0.011933417029458335
-0.011758134784973085
-0.011466024539242272
-0.009808046711298299
-0.006852322717597154
-0.006068211642011985
-0.00886740089442661
-0.012399638892429912
-0.014393966626260935
-0.014578338437649566
-0.01000101646347201
-0.005644566210724776
-0.006888498248278647
-0.011497110072829164
-0.016019657145488576
-0.01766722980535566
-0.0157865100206185
-0.013839180637598543
-0.01359227527442406
-0.01337942803910829
-0.013082768693355343
-0.011743411993073072
-0.010836650902551797
-0.011820209413230342
-0.013454901405651974
-0.01601630662315047
-0.019757226992553757
-0.022279041030925796
-0.021898293269595102
-0.020238756488600438
-0.01669994583384611
-0.01197337951475333
-0.006202498446532894
-0.0016169277106273343
-0.003687574221467665
-0.009338446097238638
-0.01224854416863098
-0.01132904291847832
-0.0096043518504986
-0.010197803443193688
-0.013039612506719854
-0.01440452454996802
-0.011269554952290498
-0.007272803661725058
-0.0048127434406047215
-0.002737756790248116
-0.004664182133548648
-0.010718820837405253
-0.012847981998805871
-0.009894101055301913
-0.008915214858722275
-0.008611847320904614
-0.0049112320923306646
-0.002049501680993513
-0.0041538657919373565
-0.010704810821431739
-0.0134856504073476
-0.009442239782022997
-0.007894563087019607
-0.010743044107913624
-0.012891533957415617
-0.011762514718969363
-0.009412113818292852
-0.008196949083889845
-0.004300522435997151
0.0021378905994344495
0.003143932851524355
-0.0028890286728578433
-0.0068070695819908095
-0.005137682311956902
-0.0034242996207320547
-0.004438911892344915
-0.004926195234727899
-0.0025913985761177585
-0.0010607951480763058
-0.0015341042019749176
-0.0005498276254231639
0.0017763704031228897
0.0021355786139424762
-0.0016765507535453498
-0.006520525435002535
-0.007415987118885943
-0.005521664216125009
-0.0013916952745929869
0.0011839281312523533
0.001292042265640698
0.0052036402228502815
0.010380089738408768
0.01038329190638431
0.0065893183854037595
0.0026127298700739537
-0.00043715259445565094
-0.0021858181948335347
-0.0017018784626618498
-0.001349758904396588
-0.00301789688983576
-0.002963443475619581
0.00164202463558188
0.010531543692369184
0.019539742641651082
0.023824536468059647
0.020899513253748954
0.011312194923365796
0.0022543934064821708
0.002676301642608869
0.014034951316679596
0.02528455427190776
0.026098552592475704
0.02137573040287568
0.019613713158077643
0.018870744898208253
0.017523583191320056
0.01875471413852931
0.017861469561859217
0.008513974314883196
-0.004840610348389296
-0.014207193723764567
-0.013219621262553624
-0.0032564512801789057
0.005022631094122284
0.0018121005851995963
-0.011683933015555353
-0.02049821816151342
-0.01619253285630757
-0.008678445149491384
-0.0021152759780789375
0.01102451594432908
0.016721462720034042
0.0026281540985887523
-0.014652544569947508
-0.018663649043118655
-0.010385019822063723
-0.0077594691503983385
-0.015959666220822063
-0.019751365694935828
-0.012355257119570476
-0.0004932275188590198
0.0054864127195453465
0.006465810376015932
0.00785238060480824
0.0018972536786782547
-0.013051473865414758
-0.019749978987793106
-0.014837324220409558
-0.007879321571047178
-0.0008456949863344652
0.0024060351300568285
0.0015380396613742069
0.007789886713071246
0.023674174932587982
0.032598634861149514
0.02403991455261978
0.006678286596604954
-0.008692471868478983
-0.013143057003452923
-0.0004099583471652173
0.024312607655886803
0.040760341837706805
0.03228563005774256
0.01696359941712496
0.024156317099807104
0.04101947648799898
0.028845319880687934
-0.010586143776494155
-0.034511761295763346
-0.02326689666261271
0.0006545063098170143
0.006389685716999227
0.0011315127177123276
0.007241531222430279
0.005640169555178999
-0.010994422195752487
-0.01496846604494216
-0.00347689678336293
0.0031173289169085547
0.0014003197690511848
0.0063667363250982266
0.01566718432729192
0.023200769873102805
0.028309992144145094
0.01592845778638915
-0.004590878555249288
-0.007286986271974199
0.004785000178972239
0.01459175129904864
0.017797793133448907
0.01768203188064052
0.016969023898427776
0.015757672402193806
0.015504176213647396
0.03454235719676076
0.0646540897523022
0.07710339072323817
0.08190021775990039
0.08998899748308191
0.0888809969645472
0.06924858475901124
0.039246613902633724
0.022189993407467797
0.039220957501227866
0.0855409741577327
0.127512102535926
0.13128278695346576
0.10742120845694099
0.09696345052763061
0.09771362018450196
0.08487687635849804
0.07145964540379128
0.0701302308683997
0.07071096390390438
0.07165538745413871
0.07802943873002154
0.09410081424039708
0.115982528168127
0.10933573705725005
0.05593098143525011
0.01570577414370766
0.021995307092678752
0.03274740143934372
0.0468237061158747
0.0713432955103606
0.0764699265205531
0.0437645580932912
0.002283688975748732
0.002944090877327506
0.03345583665627216
0.05135565382623217
0.05489287930029865
0.06617168646882592
0.08279351629171582
0.07800069763027934
0.05380801876822816
0.02984914190202623
0.017907692043446406
0.0166615863930781
0.014877108059447414
0.022643246788674642
0.03635616440241003
0.04756666626803768
0.06445901689300063
0.07426288548315203
0.07066346067890143
0.053105671165000465
0.03578629765576727
0.03768335518902861
0.03551421718604594
0.018029656763984117
0.009587258529828065
0.024144293823163705
0.0309842444644189
0.0169407367974276
0.00881684313745152
-0.001974424388516493
-0.024990742571361507
-0.04415361374062859
-0.053585504092314155
-0.046915309027013415
-0.0248831720205461
-0.004759668224030789
-0.0024433434105073353
-0.011178118281045169
-0.02282654716188294
-0.04289940466292839
-0.04863322902260137
-0.026931816282206124
0.004004853779837254
0.033309164917944646
0.043157756889670953
0.01887034589176521
-0.014109442829557124
-0.02650769805002793
-0.026975645089468946
-0.02933055321056209
-0.03401811712814329
-0.04146208946801622
-0.04640797049338964
-0.05227552635837349
-0.05676847481252525
-0.04444156786360177
-0.023409317714708635
-0.005012844232378835
-0.00020689865328886488
-0.013348273539846939
-0.025475078350706025
-0.03633308740924926
-0.0632559273035691
-0.07864202958323459
-0.05318270497953627
-0.012572174647942615
0.00817254111570648
-0.007347291547839727
-0.015178533077614102
0.007727615780428361
0.00930070399809605
-0.02102334835097223
-0.05804297376827137
-0.07445240471964172
-0.05640448937362108
-0.021921459885211093
0.014160984820097061
0.04592710621345875
0.06455812871285216
0.05075950519290957
0.014989816880111572
-0.009214591538858265
-0.03471097400500654
-0.049172946999921044
-0.027792574842508706
0.0013600477017201961
0.025840008601573775
0.040743602747721874
0.048216272049401696
0.06623780868926402
0.08199080297216074
0.08344827033919715
0.07878385402101551
0.06407106160518981
0.045342099403462975
0.04296657094215779
0.05516276927257758
0.06353634152314928
0.05625346297101462
0.03885240539973351
0.033193273784619295
0.040411964457396095
0.036873105598090525
0.015264311476953212
-0.002235451789161259
0.011605632111427254
0.050174583542858864
0.07287144714567986
0.07025743842177339
0.061034862797011015
0.03688631988242569
0.01062410023394238
0.015817446638067986
0.04474218214490722
0.06727104532984576
0.07874927506102113
0.0826136831224612
0.06534303291253996
0.04548989822544512
0.03995687866674541
0.030747897799981834
0.024401252853876256
0.03922938314441458
0.05628643695854008
0.04462717702652234
0.024054025685988054
0.013497223531168478
0.0037538597528914046
-7.935902816992262e-05
-0.00377584198464124
0.0006012000095395658
0.022102809941405333
0.03989480698093517
0.0363215598861103
0.006797349068718501
-0.02546160582921873
-0.03772858864730146
-0.03515007815461753
-0.024940716096722226
-0.02383439445896129
-0.04043357470419569
-0.04620862206610882
-0.03454008770816261
-0.016107274150530457
-0.008909163610855591
-0.04311034204965717
-0.0834989620624045
-0.07879754368939662
-0.05736629103070362
-0.05840776166658915
-0.06836415087057494
-0.0739986300367091
-0.08071880924118138
-0.08821445508426926
-0.08275693790707296
-0.06583594224812432
-0.05051113393699631
-0.04176444237363596
-0.05226280372243417
-0.05864241047540784
-0.035384695930233016
-0.009972240949835348
-0.0038858400389377005
-0.018338942570067834
-0.04268311554436537
-0.060085213211078285
-0.05929736500724451
-0.04938619549123813
-0.0510454659872494
-0.054315721763689186
-0.05922660450250367
-0.0826497118782686
-0.10654981058226705
-0.08723688700898861
-0.03949093520545316
-0.038999452568564616
-0.08678706315436714
-0.11407693440556893
-0.09695769530940092
-0.07471615597348043
-0.07704219392411811
-0.078081572716983
-0.05627916239374083
-0.03492519038559419
-0.024950277781719373
-0.01090451411043922
-0.0007003858557407339
-0.012884678546815579
-0.049393659796885904
-0.07731011347323777
-0.059718956620715795
-0.030177553625468336
-0.031462141705023615
-0.04452029617291059
-0.048485322575078246
-0.05423682903872272
-0.057477238380973364
-0.048868818648983445
-0.048717817216520035
-0.06767220183779933
-0.08858448238952756
-0.09258224324210866
-0.09370699461864351
-0.11212751450423981
-0.12028037808827904
-0.09085568365798971
-0.05009460638593112
-0.03998347158586436
-0.05897867569817512
-0.06343964290169007
-0.04414860338690442
-0.0411044257799207
-0.0472939776863603
-0.004028878797624272
0.06621823087368768
0.08443865988757285
0.04626107326585225
0.0026553402072615295
-0.013057166417824837
-0.004622271089742566
0.01747695678003481
0.03314775490870629
0.02676881737839308
0.016157583289195702
0.0005753660727909572
-0.031620091925601494
-0.047594826481491694
-0.02490391701028572
-0.0022783527460660713
-0.000634663076759847
0.0074344535790231495
0.02044763609225325
0.008630408653054658
-0.015673861839561386
-0.011261692988043021
0.013709037857977533
0.02695545999664863
0.03813993777183111
0.05645912999817156
0.0657522121747334
0.06791208633187865
0.09733729840000342
0.14481727072005607
0.14294671699277783
0.08561243601041829
0.032762266538459865
0.008464446348599315
-0.004253316407135435
-0.012264093889363191
0.004810886928182228
0.05432494438481795
0.08506317707480728
0.06897056592604346
0.04806519389090933
0.048642098349508014
0.04497947191580106
0.01291391403759088
-0.009700510383226712
0.02237945002293967
0.0791365093118312
0.09446447454139145
0.066515570238532
0.05072411721989547
0.05092752552241743
0.05101307443823597
0.06925965423096966
0.0811458439275108
0.04765705441176269
0.008588285321640916
0.021820271753243532
0.062440341735757895
0.07834699534310775
0.08004657087215139
0.06828870266441522
0.030334323514339297
0.0052065424198134425
0.006445210106660353
0.009942623857906749
0.0046522048273407585
0.0035274403965913246
0.0013239071594488944
-0.023493585830181102
-0.0487870715901412
-0.062137846849784524
-0.06213684516684179
-0.029213520789083687
0.0191614431158681
0.03771880802409829
0.002671290958791824
-0.06106948398616754
-0.09183640507123207
-0.08159644222206949
-0.0782873896857788
-0.08851350898146944
-0.09088579913756359
-0.06897970985155161
-0.025528302819908276
-0.0007292189882742692
-0.014695034271973797
-0.05653252891928412
-0.09687749337824088
-0.09927024660201934
-0.06728023929018358
-0.04673804099433463
-0.06088599035187006
-0.06848665494254576
-0.04626547748585316
-0.01873862873941355
-0.01028767006037193
-0.03104248770910218
-0.06507530124621584
-0.08451075798015874
-0.08050631729788442
-0.06551875660282509
-0.04816880443018117
-0.03608244108381125
-0.04517976292980377
-0.0805027473411861
-0.1062832830684515
-0.10161388393325442
-0.08783562198696904
-0.06827359498618615
-0.05153800012503227
-0.0457950626994648
-0.04164316160065161
-0.04350775297781395
-0.05228320664654555
-0.05145123415374982
-0.04310114152849349
-0.04632409207829184
-0.06347036833010951
-0.06537257397621979
-0.030566402621727384
-0.0014522572404393277
-0.004281733740008611
-0.021866640925286104
-0.04508264038999375
-0.05344001639739592
-0.04704281342178733
-0.04847476135598815
-0.06300997154628012
-0.07261783597846425
-0.05642723606715052
-0.030724731059231777
-0.026152292922570493
-0.04729545364789115
-0.0588596841624312
-0.035603009814397436
-0.010634608914833744
0.005474982103511401
0.03735279587295699
0.06527871953213604
0.0666735687407204
0.054639144574997474
0.026882279842912228
-0.018309026702981065
-0.038367198078378434
-0.00102158973131794
0.038897241343351735
0.03795980290053797
0.03589198059665663
0.04650900863674915
0.05608076111755029
0.05750128030449687
0.04584862183834989
0.03320035878840109
0.01910128335595331
-0.006169154740875646
-0.01907227018289296
-0.005604213673129204
0.0022539981336169982
0.012397233367356503
0.0453050254369963
0.05230664773158151
0.025014884699507967
0.003554217055198264
-0.007241948315433686
0.016019527765883453
0.06870941233293247
0.09656388098315975
0.10263011404670142
0.10173781742283086
0.09223904324633293
0.09680524711651213
0.106939078126516
0.08654015836023414
0.04403765684336626
0.022188347960009378
0.04102426937898313
0.08446531085903038
0.11345618090915288
0.11795916998336194
0.10114049564605787
0.06149502248157759
0.0371904225211261
0.04589906836275925
0.05390291350386497
0.03349448536741064
0.007042812058878418
0.017719735312325898
0.06055020891654748
0.07824050793995282
0.05595861969868492
0.03776727980814833
0.004781961696818237
-0.0601194001329388
-0.07221899846546194
-0.003026926011871037
0.07010302850948505
0.10050211370065681
0.0794326845337168
0.02754075926005285
-0.0015694929549665906
-0.0022999782425445424
0.0006354063489612966
-0.004318712741401545
-0.015248208673719878
-0.014244283479442286
-0.005672908186320908
-0.011131160693852074
-0.03227648279749774
-0.053201454060734295
-0.05172168902042255
-0.02759753045770933
-0.01151822654313746
-0.01900781496463323
-0.041004998406792496
-0.05665489282204337
-0.04955248134539648
-0.02027722180617956
-0.003911068199545674
-0.029574917562975825
-0.06241394206299608
-0.06369191517548371
-0.03113746773381356
0.016775126629815375
0.0450937089324914
0.029846441120141478
-0.0072118163720030284
-0.014117878071505894
0.020795953594399945
0.04331317652362401
0.026744578463991364
0.0016143333328100466
0.017162912564132486
0.08722537725877595
0.12702334174727917
0.09531875594927568
0.07480183238173295
0.08527224435388503
0.06953691801348394
0.045906975581086064
0.05781701246441624
0.08848880363590046
0.09961546106475559
0.08523376769789719
0.07081736028444595
0.07295168024463304
0.07913692387003972
0.054391674490873905
0.011215380711937183
-0.007287905933525101
-0.010410531211692794
-0.02539917948742779
-0.037850971954577206
-0.015657564675317048
0.012878304062084041
0.005572934272934971
-0.009160467930906586
-0.015726511928821723
-0.03161982420070432
-0.04620470205850884
-0.041719942346463014
-0.016141855855606138
0.024292100797948857
0.06110463996128298
0.060126983921059855
0.04138253352871791
0.04465926132991397
0.04387180822169642
0.04172261667390303
0.06410116042546798
0.0717717142185751
0.049474471015714595
0.026314012566475784
0.00822117361289818
0.0036005537781882793
0.01471432082117026
0.006451407669855214
-0.03229429376135861
-0.06580086110948385
-0.07844093686642875
-0.07169522214966055
-0.053170155201449985
-0.058968055233648044
-0.08969496006723231
-0.10471180978876801
-0.10136448236927488
-0.08469452382212862
-0.04268153704700207
0.008090643423416382
0.04020073101217508
0.03551536782819745
0.002156653121487642
-0.010999313865556503
0.019882971766036043
0.06239842511521699
0.08597573958079256
0.08739528388294829
0.0748289373073027
0.056377251199441245
0.04015006189162386
0.022861013063283787
-0.016375978362536715
-0.08391191069719159
-0.1557980765116043
-0.16987109778972204
-0.12963678611867607
-0.12321187834797133
-0.15821073171663905
-0.16380805780049315
-0.12360455993939964
-0.06950451986010646
-0.01659847446171703
0.02801350381654449
0.05741413583271538
0.0578545631962732
0.03257791476686447
-0.001667719788755686
-0.013956463167299702
0.024615608039000335
0.0710754300045163
0.06917371287094912
0.037735782783219304
0.024897621958884713
0.035858259253440855
0.03994667038599892
0.02601424927321476
0.0003044567916388149
-0.032000521954771904
-0.0366463295483945
-0.0039371342554281145
0.01656866209350188
-0.01701745025596741
-0.06557916563160804
-0.04062562910088875
0.043687844508330645
0.08609312837147101
0.06395768351556744
0.04124709384762424
0.05609117922066713
0.09343256749714446
0.11312410589593434
0.09873621649792728
0.07412603496705117
0.06454653431986365
0.07072233223377337
0.0804492200315654
0.07853176117706753
0.051878689968549455
0.02791325756655107
0.0300234702958829
0.047930387339762945
0.06659616489796276
0.06537342567353217
0.029747267961765553
-0.015097453176884284
-0.022548817193019086
-0.008381693177208062
-0.008198215112336413
-0.012839089747514546
-0.023837668090520518
-0.052906844391662926
-0.08305925084772328
-0.07166187682539056
-0.010359690929684728
0.04393995186764273
0.054656615842638576
0.04035088161396104
0.028537168320747465
0.03388640524897834
0.03879846998742784
0.004238587844911369
-0.05222913367335992
-0.06302675204026574
-0.024692262788665247
0.0041385743312347565
-0.0038663046272949253
-0.022216566874107294
-0.017838516611972506
0.005101794080942673
0.028302325818503105
0.040983568745016685
0.034388188401689994
0.010374376420824078
-0.02045018811689343
-0.047714990027416124
-0.06074405911940233
-0.05257778502021319
-0.04227564137010903
-0.04486219334460348
-0.04895203863986235
-0.05250352074746603
-0.06440948161240506
-0.07660715046305587
-0.0692578636755722
-0.05002891763338058
-0.03990993364449028
-0.0477679220502424
-0.07163852654989643
-0.1023298601432352
-0.11750179922511185
-0.09721322662141905
-0.06903270566297298
-0.06235230475201397
-0.07056467689696988
-0.08679238193765886
-0.09583577155491282
-0.07927489355516165
-0.04482992826926844
-0.013073034701996875
-0.002664280836079731
-0.02085476781833659
-0.051626478408623895
-0.0754933624989616
-0.07416749310178924
-0.05130917052329989
-0.04677812954083314
-0.052742482299658666
-0.04256951671904668
-0.043436379404346546
-0.05761362286460236
-0.04784612487534373
-0.014501623074678496
0.01165413563869592
0.018561775879188253
0.009441902951932861
-0.008027046500822461
-0.02253766552411217
-0.025450080224386558
-0.021626992644390986
-0.018443467301188305
-0.004252138970920924
0.027495490256787953
0.04765918053249949
0.024764316912902384
-0.015566738300767779
-0.01993709007142314
0.008473584280555455
0.026536088833927256
0.026066324475717533
0.01718311041650443
0.0014710856783846926
-0.019913099946643958
-0.03978121278219607
-0.03713543580071597
-0.010604370641955031
0.015346893410638938
0.027907819677600088
0.028214581105525938
0.018164761446602617
0.010644000358816616
0.01919879826908042
0.02983708467275966
0.018792652923019033
-0.00397200771145692
-0.011227340730843288
-0.010615156269183142
-0.017680892391358283
-0.023902476638241067
-0.022536485678822507
-0.022231684124798586
-0.02945531211063335
-0.027032944538344955
-0.009082625669317926
-0.00021075121905665995
-0.0064612104331776225
-0.011433440924846187
-0.015288212344149052
-0.018740594120364436
-0.016594619615436592
-0.012578376035252786
-0.009130858759640792
-0.010489878842393536
-0.01728328963893207
-0.02303142994169428
-0.014822753889453952
0.008069828671313228
0.025354055862193584
0.02492549528229795
0.012041563352380328
-0.0070450483213546355
-0.027297793759727962
-0.032678946724600214
-0.021965936974473084
-0.013421335408340286
-0.012415617149833398
-0.012155660442122093
-0.015030746698842558
-0.022627007795609652
-0.016753216475053068
0.0014088569729975686
0.013278558376417119
0.017020154565243237
0.011168283080564856
-0.0037417708549064474
-0.012219592675160491
-0.0005420901471150913
0.013002401078109214
0.004451816764840352
-0.011098833395223781
-0.008744337123991967
0.0047743014033217925
0.010477868158408956
0.00882812308980425
0.004934335174034544
0.000983313054919188
0.006285433184288278
0.017309395582209227
0.011790128801514105
-0.007088801743692548
-0.009573409277376715
-5.6159949506175835e-05
-0.0004985474415718562
-0.005933551097806684
-0.0047937327934165
0.006063101461919828
0.018610890628404923
0.024163454699745845
0.02056045100032933
0.012277300497701546
0.01700052095710272
0.03401913182314535
0.040307528790869164
0.028413623410265675
0.010026458708771436
-0.0002093115010099933
0.001542954981123435
0.009401197788005298
0.015448578018045268
0.016405842971794742
0.01924833608436055
0.027289128645015783
0.031842580099830896
0.026495223113913637
0.019118580617534405
0.01835258887987868
0.02173622393413861
0.028009873180432045
0.03519908823321613
0.036683316594144526
0.030778266107334945
0.02557750272104373
0.02049417485859326
0.009830828526862437
0.010056215984577125
0.029234020307862586
0.04349236776815671
0.0344748360982981
0.015210573901046711
0.0016992583688058107
-0.003691968964859687
0.0018915484993919406
0.01266009366852676
0.01744940185505127
0.018243903641796386
0.014670971815217707
0.0028474534731307627
-0.0015514445037219874
0.010383659147687602
0.02179719234434859
0.017229201796161383
0.0033666896407131275
-0.0022113246862064152
-0.004513775933371362
-0.008864147024611245
-0.003885239943061088
0.004322341811313126
0.005800807925708009
0.0022704754130044
-0.00448268950801774
-0.009657472554745085
-0.012078649972411867
-0.009642425737069511
-4.041609506617747e-05
0.0015572938114873046
-0.00969931703123539
-0.017768960228341152
-0.020960024992940456
-0.02597413243572658
-0.026865256189749488
-0.016114876813498533
-0.0005632287523541123
0.00554779879184277
0.005144998608237921
0.005278794286974359
0.0006651571324810824
-0.004424577646923125
-0.004887670424284957
-0.00738366055239568
-0.010670089090999764
-0.008013754088135887
-0.0037416621112353874
-0.008054205459859944
-0.019196676388829575
-0.022403188321895775
-0.011103997974987635
0.0063135119592880005
0.016362399009236923
0.01231861286394817
0.004468522014188942
0.0008453830197974608
-0.0017302294561985028
0.004177120556801979
0.01816986045201376
0.024926285286799625
0.021674788528397753
0.01184209867320188
0.00546465770886993
0.013058523072131865
0.02363678146257655
0.02665489223592313
0.02702728236758894
0.028149624638304893
0.028500357476749467
0.023973236598114872
0.017769363638063487
0.016598381866732816
0.014729015316106707
0.01335442428134579
0.016768127187142223
0.01793239619234925
0.01614843498456719
0.015358323788000014
0.019564059371844494
0.028227064390282396
0.03275993870383572
0.03609812705713892
0.04353555729968358
0.04598829484491325
0.03646982921493352
0.02097927543999633
0.013037992898026896
0.013469477345453926
0.013197524121226115
0.013672585372231295
0.018180140928384807
0.022160387246226657
0.021843666061257275
0.017506643321008472
0.011138530623175427
0.008092847547408046
0.010522462926254791
0.011040969668730848
0.004692833660924899
-0.0019555166909177714
-0.0041875227488553796
-0.00283301062881799
-1.8270487937019524e-05
0.004831540844843928
0.0119358983096283
0.015358674235552166
0.01357369884058708
0.011085186903668312
0.01053739848474465
0.007541262985936714
0.00026779648403440527
-0.006089326625200964
-0.007762617065517921
-0.0074799595524752144
-0.010003018289047679
-0.012461800058863024
-0.01275648150085384
-0.017269892143383432
-0.02240504775541091
-0.01476884696649667
-0.002515598413720002
0.0008068066395639575
-0.0027298944623043472
-0.009693728822494491
-0.014677787589465568
-0.01410016286917036
-0.011661178575442025
-0.00892975268175665
-0.002847679651677581
0.003474134482496638
0.0007839681905613072
-0.009220621568183186
-0.013580013325714783
-0.007441544374793535
0.001622814276179881
0.0039296827176272565
0.0003101615326946484
-0.0025144494384577096
-0.0067498247036316805
-0.015228860013508577
-0.02233740712684666
-0.023261349661358677
-0.01937825947536362
-0.01330529232153573
-0.00617313746668107
0.0013507721798636271
0.005560454111667621
0.00519264990364211
0.004608825634866747
0.005964413457167551
0.007839674272038473
0.008186820068665699
0.006457974782027197
0.0020161687160554875
-0.004695975522074018
-0.009064891908841785
-0.008364605207203474
-0.004471746292272558
-4.0483643098839484e-06
0.0031870286978852034
0.005459495419867475
0.005119885920525671
-0.00012356837774061874
-0.004613288595768599
-0.0026028671996358842
0.0011421411382563974
0.0013905299040893307
0.0002122874018184542
-0.0017996797855063629
-0.004606775902600258
-0.003689710133108568
0.0024393651914295417
0.007819430669511827
0.010177069563939234
0.014370685487427827
0.017810863173525385
0.013543443774884263
0.0063975645064400476
0.003901348683790464
0.0031026193766540873
-0.0005023738472465541
-0.0041945823700752245
-0.0030342323095931736
-0.00021374497973207377
-0.0017470159911370596
-0.005012668076217734
-0.005793210094024361
-0.003450453616933019
0.003303418908096215
0.011050215788750315
0.013017582239335143
0.00926483925363545
0.004226434679901473
0.0007973730061662166
-0.0001998242205221814
0.002420782498462993
0.006190844422311691
0.006173182554880855
0.0036817250436101258
0.0015160886138906816
0.0005054527558891449
0.0009963565832666456
0.0011481755502406946
0.0014829708658196093
0.003565707230700656
0.0032805951044639504
-0.002067975652637671
-0.006406788452382959
-0.0040719907173515325
0.00024650702270057886
-0.0007004730744032678
-0.005424918278959417
-0.005444292223896565
0.0016397476379314143
0.0060441627408855175
0.00281759642096907
-2.653316937053565e-05
0.0026048052303288887
0.007843606183532156
0.011577629889963761
0.00850838052651939
0.000562971833413344
-0.0032145419892955413
-0.0033182137299774673
-0.006128611759755982
-0.009463022791642234
-0.00565068780613506
0.0019505704254189125
0.002951257991076456
-0.002928710379981493
-0.006213413369918794
-0.0024964313144871875
0.0010783419280415024
-0.0009260815747642202
-0.0038406556917551515
-0.0020732343527579827
0.0003899646334441171
-0.0005972443475626223
-0.0019634545033116895
-0.003026785635277441
-0.0038871471184483476
-0.0016699598476366726
0.0007273282683111691
-0.0012999998238724558
-0.005612037081196845
-0.007861614895190942
-0.006238711718488897
-0.00343561628893861
-0.0024666265237235844
-0.0032067391291495943
-0.004613971556577861
-0.005229182686236066
-0.004513418122680665
-0.004610443220416743
-0.007434593823928959
-0.009888432019269793
-0.006905717365904626
-0.0017375489905263888
-0.0018752722355283437
-0.004768167870581882
-0.004969338742318216
-0.004775988815212504
-0.005250473182840975
-0.003434108341929492
-0.0003092139364789997
0.0003486882705873951
-0.003775491862586364
-0.010740931881557862
-0.012376422797281262
-0.006267594767082025
-0.001076092513733298
-0.0018462822409879098
-0.004192550315610438
-0.003953325976684879
-0.0029199905925571304
-0.004341279907329994
-0.005797715750565218
-0.003891427805749047
-0.002079132635786653
-0.0034776195474012215
-0.0056549334219482585
-0.004445119932669534
-0.0003021622898962078
0.00043141637994684005
-0.0037743021478372743
-0.006902639300118922
-0.005110096929153378
-0.0006998636397982255
0.0008070118451572721
-0.001724320018291973
-0.0038078297139243107
-0.002897656236095895
-0.0006139337954984613
0.0009779797652033064
0.001655783585586066
0.002377027276208419
0.002486131874419311
-6.255992321582826e-05
-0.0027985152856859655
-0.001163208415583542
0.002769913234964742
0.004154129032447592
0.0033952923422338444
0.002003309884789623
0.0010156742502075889
0.002763401650031433
0.005004382571152866
0.003940455823520197
0.0010434819261696108
-0.0005409404955845844
0.00033117660500851895
0.002600718990814861
0.0025951457927587025
-0.00013042391018905852
0.0004565812979654191
0.005026191041211661
0.008369543252773826
0.007774700071089685
0.004242664472357123
0.003099551953859835
0.006071368561179652
0.00798955715351098
0.005325676603475781
0.0013027770549828219
0.0006483481426313293
0.0028178060829795685
0.005330913726105096
0.00662215507766522
0.004271993227579885
-0.000435810984542717
-0.0019826879211185954
-0.0003854418196070019
0.0015586591309950492
0.0028250053067682265
0.0010723263289479838
-0.002236642286964756
-0.0022186409844919975
0.0007692337815344573
0.0021621015067119433
0.0014123084868163953
0.0004497216196541411
-0.0005287985766656689
-0.0016119850847460214
-0.0022415646077816116
-0.0013191519689087817
0.0008006234418820752
0.0017429363566135137
-1.2825278347649952e-05
-0.002717995273073076
-0.0035911012726309766
-0.0025940092517194985
-0.0022860850904256893
-0.004817020589924191
-0.009006950449475996
-0.010564435109941171
-0.007975372383712032
-0.005107080835834037
-0.004639858580748934
-0.004771216138226949
-0.004642258334018005
-0.005090478762258066
-0.003953351503326883
-0.0015177952409720376
-0.002236801208307824
-0.005019898307803977
-0.005213321822108424
-0.0032077838173501906
-0.00238781103451269
-0.0037016197250985356
-0.00458813800222772
-0.0026546168350755866
-0.0003043270967685938
-0.0010646235211078851
-0.004468231699433635
-0.007759777873656629
-0.008017362813478006
-0.0050373861165171644
-0.002596183796200595
-0.003458779930197708
-0.005564845543717194
-0.005743819412944568
-0.0035259993102605353
-0.000846712988749383
8.184694972709864e-05
-4.3558567951209285e-06
0.00046139279050053767
0.0003897709949633834
-0.00014006864729109114
0.001021848584004789
0.003232605401156211
0.004832748101619304
0.004294474566603906
0.0014482729279488276
-4.34410009313188e-05
0.0011928365662396197
0.0018760605240286529
0.00017130203850373614
-0.0015028239295722934
-0.00153605881432489
-0.0013338221858832861
-0.0003484252998195938
0.0028586166940396517
0.005057463342935416
0.003510391325210521
0.0012298462423910167
0.0007897323637115364
0.002287465882555571
0.005279693748688725
0.00659240340559973
0.004089859472623656
0.00184433517338675
0.0038743096588249697
0.007236515818414122
0.0072288919798829425
0.005221237697689763
0.004799022526243288
0.0048617850083033974
0.002778164034255983
-0.0002756429176857052
-0.001481742294245998
-0.0006636504447908673
0.00010814461017213074
0.00019137054737375494
0.0002210819577790081
-8.359900001296522e-06
-0.00028716555121353974
-0.00020519394583759737
0.000550518788512964
0.001862968319873967
0.002464973226029173
0.001773464754392827
0.0008682156787517184
0.0007203208272551384
0.0014373525415056368
0.0026559492491696037
0.002961853240698768
0.0016405601833801497
-0.00042435375264722333
-0.0021114635549802554
-0.0022624633953629222
-0.0010770163073880392
-0.0011306853109951621
-0.0032334072847883507
-0.0043071490915734785
-0.0036991936072627452
-0.003203972463369444
-0.0018561093574087023
-0.0006850024641555526
-0.0027396222836004003
-0.0057408313391886815
-0.0054315252670954425
-0.002241488995397454
0.0005189580094511736
0.0010538485677916791
-0.0002286372866662611
-0.00158016773350537
-0.0009918348240445629
0.0010940135821402416
0.0019372591178381346
0.0008318091623500856
-0.0010698017539704915
-0.0032131018224319267
-0.004492491079280718
-0.0033711080996240554
-0.0013579944797382038
-0.0014205831525147688
-0.002660330722364026
-0.002633816232305834
-0.0013362637260440873
-0.0005445311944726527
-0.0009733959421467501
-0.0012508984675502054
-0.0005940846911273278
0.00013782098722637368
0.0005650066125343443
0.0008719837836059003
0.0010701423344847813
0.0013163899938780639
0.0017364742419825401
0.0023616105932065
0.0028104297264752456
0.0025654651686810572
0.0014023817563218305
0.0004281454080212568
0.0008831229378058324
0.002228839653944135
0.002562496922495934
0.0010802160814222578
-0.0003249536428684009
-0.0002899764507363307
0.0005616436783402095
0.001489641680204789
0.0021808692358759553
0.0017089474939784514
0.0003647430261760829
0.0005517186839463203
0.002943794396803647
0.005372493319976549
0.005654974973376749
0.0036681343192376424
0.0014661258863020849
0.0016590841001889397
0.003260948207118261
0.0032921609418681418
0.0020464974648596295
0.0006023050136544183
-0.0010132698718796408
-0.001494689202951067
-0.00023578521894319026
0.0010453497148311182
0.000997776057377276
-0.0006805664696768887
-0.0026022022277963734
-0.0023397520464009834
-0.0006291106839887293
-9.4492243195778e-05
-0.000752567948259133
-0.0005851116994223548
0.00012972056786409673
-4.5457409247318836e-05
0.00011629294231753598
0.0012191464392554913
0.0015385476767490042
0.0008705752682932062
0.0011245884993653897
0.0018414661105938166
0.0011615880859701473
-0.00013559303786189183
-0.0008291390325345928
-0.0007164059241910887
-0.0003793278352285741
-0.0008354920685143326
-0.002171336603864751
-0.003525805562858618
-0.004043834437655741
-0.0037759683937696894
-0.003065848694288328
-0.002191507551024776
-0.0020649919096948446
-0.002725848609379287
-0.0027683135721616055
-0.0015188734224979403
0.00015202795938613277
0.0007782314524872533
0.00010399918368057187
-0.0004894433629359428
-4.884465353338293e-05
0.000913915980555041
0.0013333116589756863
0.0008749166572841455
0.00014810882060651144
-0.0004962453118066375
-0.000786456813946665
0.00020001252397835334
0.0016696130727596099
0.0012903995803216302
-0.0004866898166365292
-0.0016304921558173634
-0.0013374960949207584
0.00020000946760468486
0.001182051918719353
0.0006754157093326485
0.0005110219328449896
0.0013717365422654215
0.0016074814306126907
0.00141981443516357
0.0025178760395581216
0.003909489261370861
0.003729351843063206
0.0026340380121709977
0.0023565295225366706
0.003114997578595247
0.003509937094708542
0.0028920639013362034
0.0025018709076400536
0.0030462464914002593
0.003102395724550207
0.0017324386370427788
0.00011923696298014516
-0.0006976762100283975
-0.0009775472313964851
-0.0010345621369083876
-0.0009207080554194739
-0.0006713850526792505
-0.0004920677130043008
-0.00037826535630438804
-0.00023175441729245727
-0.0003099360886688305
-0.0006571833612104096
-0.0012353796316987979
-0.0017276473026384275
-0.0018720427011862171
-0.0018902046761521752
-0.002046800966902025
-0.002422393808185095
-0.0027507168624581963
