0.0
0.0
0.0
0.0
0.0
0.0
0.0
0.0
0.0
0.0
0.0
0.0
0.0
0.0
0.0
0.0
0.0
0.0
0.0
0.0
0.0
0.0
0.0
0.0
0.0
0.0
0.0
0.0
0.0
0.0
0.0
0.0
0.0
0.0
0.0
0.0
0.0
0.0
0.0
0.0
0.0
0.0
0.0
0.0
0.0
0.0
0.0
0.0
0.0
0.0
0.0
0.0
0.0
0.0
0.0
0.0
0.0
0.0
0.0
0.0
0.0
0.0
0.0
0.0
0.0
0.0
0.0
0.0
0.0
0.0
0.0
0.0
0.0
0.0
0.0
0.0
0.0
0.0
0.0
0.0
0.0
0.0
0.0
0.0
0.0
0.0
0.0
0.0
0.0
0.0
0.0
0.0
0.0
0.0
0.0
0.0
0.0
0.0
0.0
0.0
0.0
0.0
0.0
0.0
0.0
0.0
0.0
0.0
0.0
0.0
0.0
0.0
0.0
0.0
0.0
0.0
0.0
0.0
0.0
0.0
0.0
0.0
0.0
0.0
0.0
0.0
0.0
0.0
0.0
0.0
0.0
0.0
0.0
0.0
0.0
0.0
0.0
0.0
0.0
0.0
0.0
0.0
0.0
0.0
0.0
0.0
0.0
0.0
0.0
0.0
0.0
0.0
0.0
0.0
0.0
0.0
0.0
0.0
0.0
0.0
0.0
0.0
0.0
0.0
0.0
0.0
0.0
0.0
0.0
0.0
0.0
0.0
0.0
0.0
0.0
0.0
0.0
0.0
0.0
0.0
0.0
0.0
0.0
0.0
0.0
0.0
0.0
0.0
0.0
0.0
0.0
0.0
0.0
0.0
0.0
0.0
0.0
0.0
0.0
0.0
0.0
1.2477251314833476e-05
6.838470947566187e-05
0.00011319859612862981
4.0164089545066976e-05
-3.4901886391347565e-05
0.00011780882748322568
0.0011647671526381985
0.002374864829635404
0.0018533521046589204
0.0010157790565367942
0.0014492371737553568
0.002222003875813089
0.0020316178735737466
0.0013417395201708324
0.0003823173500566287
-0.0006274829445441018
-0.0011461916514330151
-0.0010033063331504046
-0.001463140616735749
-0.0023402514894243776
-0.003342432762267328
-0.004606115085353774
-0.00524460152441835
-0.005434637176234357
-0.005822197169168865
-0.006547172772260868
-0.007307593970567373
-0.0075348195278335936
-0.006971523861638211
-0.006474602762077493
-0.006352044839893463
-0.006323980142846405
-0.006147752593691172
-0.005974962950393526
-0.005831731923769309
-0.005481735885266024
-0.004752939565554557
-0.004051610493889535
-0.003785252561946552
-0.0040227116838748665
-0.004083043494660692
-0.004098119688551541
-0.00430492851563059
-0.004706487147170092
-0.005175499191995722
-0.005070298137216079
-0.004666587281729583
-0.004832699218203663
-0.0049877237872375975
-0.004413145311908985
-0.003781809519254094
-0.00392014034060563
-0.004075986844718721
-0.0032655136762877626
-0.002518986556671445
-0.002420062042247136
-0.0023218487393056645
-0.002057235022568962
-0.001793870755757345
-0.0017825928597325674
-0.0023665801491279
-0.0024653291494884507
-0.0019354592836579297
-0.001103363684835146
-0.0009614546759655672
-0.0015690111877927158
-0.001793974563836823
-0.00195032128606883
-0.0023318280185098826
-0.00234263918462857
-0.002758720485914372
-0.0031552567359378414
-0.003406159861504649
-0.0038316015073114017
-0.004379937385296858
-0.0046685179394641545
-0.00435601779216862
-0.003525616051669888
-0.003123169362933571
-0.0031648329344634205
-0.0028503580202101936
-0.0017252468098391508
-0.0006867319238301199
-0.00018338260371533697
-8.451326046483596e-05
0.00010053380652755902
0.0008781217647317056
-1.6145140539014578e-06
-0.0007562431242200978
0.0006654996058760095
0.0012287703964836427
0.00015581868076571429
-0.00019898709471945886
-0.000173282739547333
-7.266089113416413e-05
-0.0005342860864170296
-0.0027450958337600605
-0.0068074701472118455
-0.009245092936722871
-0.009260369552346966
-0.009123742483614207
-0.009482691360181131
-0.011205434148990858
-0.014633960033004486
-0.016654434041867495
-0.014781110562610045
-0.012342232497810808
-0.013854117146212326
-0.016598957836073357
-0.016769275079843902
-0.015319457984626248
-0.014202727244474455
-0.013945690686197361
-0.013217439133568432
-0.012802901745373947
-0.01406325145010735
-0.014507603960089635
-0.010840733979999432
-0.00908147183457561
-0.011270076081031515
-0.009627299617204434
-0.0020217873822328783
0.006628914485661565
0.015517315861385517
0.021172102020492745
0.021052247856344186
0.02569747459098477
0.03848297356682277
0.04358569961483853
0.03213964351274204
0.019647843794265794
0.016824059528160677
0.014868225289236842
0.015999897841883343
0.026384841301082533
0.030026202534900983
0.014819525334726014
0.0026847652500657515
-0.0021212410213262076
-0.013677207628900128
-0.01977910102703354
-0.028122120076757913
-0.049923412969976315
-0.06318401054445681
-0.050180192526429045
-0.033131787801359974
-0.0383555905851339
-0.04672796918028741
-0.04906122070238343
-0.059320619988018984
-0.06054177053935985
-0.0419431825786046
-0.03831658448340102
-0.045293096760407915
-0.02700954315229746
-0.004187439922140317
0.008964891882626133
0.021677671977585
0.028289907116715796
0.017597011452960564
-0.003436911503184887
-0.00945186339595682
0.0021844867720585497
0.02567264756741981
0.044680669139015285
0.04845120062085251
0.04055248456451199
0.03411079385070467
0.05444323047567147
0.07535499162893884
0.06839990144749117
0.05279395159162543
0.035092840292488194
0.0177329664311956
0.03088331246144501
0.06138510165135381
0.06779133813536223
0.07945445912299866
0.11076796593995346
0.11698980403548527
0.0866184200162557
0.07143393252416179
0.0838325111900033
0.07744204974864616
0.05209438634760164
0.033045852309569586
0.03191800890216064
0.0492536405212603
0.06506881754878131
0.05278091359482756
0.03900394495789432
0.04651726255378465
0.021953390946450435
-0.0350970136046161
-0.05544137654890402
-0.03297176408193698
-0.020849239093342502
-0.024471705616611987
-0.033885745901000054
-0.037485117663297506
-0.003642577647305021
0.04401085427463363
0.058247033073987
0.03538862182534399
0.021563447204741737
0.030870525252290653
0.031156486524798396
0.0324115066835464
0.06753637277531802
0.11733764260041138
0.12470262291242329
0.10324486787585949
0.10068729711648404
0.10607397502729426
0.10845591722473324
0.10783907226868794
0.09467854540899487
0.06624637675068912
0.04440340122639395
0.046501168696648124
0.05692222657100578
0.0682731045981017
0.07885881109921003
0.07820819998403927
0.050745802063326906
0.020498541065051324
0.01806410662636386
0.022354325050794197
0.0247895031907627
0.03182897281525634
0.042894780996243685
0.03405455551813803
0.003423352758644157
-0.00027592073819937454
0.013707565687244263
0.01626559988536763
0.01628480347423743
0.005605111065801579
-0.029287748897726527
-0.06116809538018029
-0.05002196161082671
-0.016617149116337215
-0.006114555826835425
-0.009566213697850871
-0.003018441199088728
-0.0005641226612805701
-0.014471861909501976
-0.013331811363489881
0.016749923102232646
0.03093773963142883
0.016185419702739196
-0.0028041158970002703
-0.018309809776508052
-0.019499851859683094
-0.009654913042891516
-0.0139698280468097
-0.034240989777225866
-0.04173638775225732
-0.034656741779141895
-0.04614810118022648
-0.07531133472790612
-0.08875403306266598
-0.08022799037633599
-0.06671877524263586
-0.05200983390654006
-0.04699767751740439
-0.06136638960805518
-0.07168078367465375
-0.07060162905763968
-0.07234090360476478
-0.07247732551340512
-0.06750828299476487
-0.07128918559970947
-0.08525314573314012
-0.09028045116989812
-0.08284939262080128
-0.07914680644482416
-0.08955327480048081
-0.1052430923129858
-0.10772257499793521
-0.10198120555720773
-0.10335197042375675
-0.11470194537865079
-0.13616089374931276
-0.1429890178869727
-0.12351510809739155
-0.10731272505309924
-0.10306146867260531
-0.09771607114316694
-0.0885201430901383
-0.08093626698907352
-0.06844273615359649
-0.04406562171886039
-0.03514863928817742
-0.041323186371935994
-0.04953578745262012
-0.08727278576976008
-0.1243557292493139
-0.10689113077144982
-0.06678659241784586
-0.05875272216441744
-0.08222798925002821
-0.0978909640792659
-0.09246054379108844
-0.09464071849707073
-0.10383365795711617
-0.09721127033904936
-0.09023926514083569
-0.08767558322212732
-0.06886146687486722
-0.04179838505904979
-0.018436881970036165
0.004305064780817385
0.025114500814254665
0.031330210240436036
0.013327755368062225
-0.0019416248933900606
0.0053165138951616195
0.01936920016322993
0.032959303308787644
0.03888582511457015
0.02215582012748684
-0.007431798325803784
-0.015947764591048037
-0.0044756066830458335
-0.01465928108882718
-0.031598793546808134
-0.007438345549440769
0.034072659324635816
0.05731482166393024
0.0662807746222335
0.07832352067445027
0.10624372706530445
0.10647008942582516
0.06880222599712142
0.06456900726899133
0.08576502344208495
0.07980832988925142
0.07484144555500796
0.09907664795343515
0.11032185119998907
0.09651146145037126
0.09543919941897672
0.09273221163330053
0.07387077581480417
0.05453028991959012
0.042674273504602206
0.051052269111141864
0.055859954492381854
0.046472534152051756
0.06104849271037328
0.0878941652986025
0.08212661008531376
0.05068382267124874
0.03581757993168089
0.054474823727986295
0.0755652832758848
0.07870165811525427
0.0746742834458116
0.06251031099599744
0.04812898309867364
0.0455273432829035
0.04819968578811271
0.03583959992727546
0.00907922181643729
-0.003175017078512223
-0.007149929105972964
-0.014314421534121833
-0.013137352358834642
-0.013489256746481947
0.0007936167249211112
0.0276895833481007
0.0347599929737994
0.026994072730711364
0.010634021694490185
-0.001111449274942328
0.011010925450060655
0.027860778243209296
0.028293588700756676
0.019429595311540093
0.007412834735705842
-0.002218374362038103
0.006459778399727908
0.02235974137599759
0.012303008597552574
-0.020705025679348187
-0.04108823816600097
-0.028324756335244568
-0.03028634347455109
-0.07027676697941745
-0.08520616748722433
-0.062441544680144595
-0.05535417293909329
-0.05451726055005813
-0.016251116521312177
0.0018158704550230668
-0.02084758286142203
-0.022937339832598908
-0.022994323177641236
-0.03607885005037346
-0.04570141162175928
-0.03510702789487486
-0.020452524607004804
-0.03853586728745847
-0.04742493338978172
-0.03959332366607879
-0.035575316252871955
-0.016673897681358275
0.0018008382838347649
-0.0016488208847552234
-0.0041834451781198245
0.005509806571213018
0.0014166595108065735
0.0011112404807118702
0.031807205502248026
0.062029857262618525
0.06237644619807632
0.04945983860549546
0.0466296939324835
0.04187860108130255
0.029117111740364212
0.02049325538364949
0.008900342105714528
0.004464769108364328
0.019776513992653368
0.025340628172953277
0.024902261280734344
0.03408679007320485
0.015450043290673917
-0.02660190687079226
-0.0401778030211896
-0.02335091410591885
-0.010079134263107737
-0.0033256310235080734
0.005113447601383224
0.006335421905029796
0.0024251293649146153
0.007435833090830134
0.02468634604352537
0.03528464821779996
0.03218926867699265
0.03364985727219981
0.03176630714043569
0.020084123033310544
0.008916481568275101
-0.0022198835323684737
-0.010599829060398016
-0.02446616969167841
-0.028695905616244827
-0.00904755605813853
-0.007898255896208246
-0.022157912401047503
-0.0034710319459746023
0.020469551749471102
0.011799823887058684
-0.0001305518566596527
0.0009767322430023662
0.003927149580597887
0.0022436488131727544
0.0008528372133430525
0.008632871903017356
0.01714183326363227
0.01756917017719183
0.009369436413349403
-0.0003835695432917018
-0.002063343633658712
0.01312974856069031
0.034126469639428524
0.03970677193062547
0.03781234688052015
0.02320584216971723
0.014073241258847029
0.04263454765189856
0.057248233320522784
0.028774244301367092
0.00686287920417208
0.005327346153775022
-0.007565873149085899
-0.01301029493477505
0.012818162684432791
0.039021081637608986
0.04002871502417251
0.01850015612999914
0.00267354820179324
0.0013089549793481633
0.0010039740324741962
-0.00699643644941114
-0.017079868498327964
-0.013855276570949293
-0.0032504297585648663
0.00443510972653766
0.0019120130485414859
-0.006517340197844807
-0.01054274398588791
-0.008477040686043534
-0.0010653186575145372
0.002570241561094493
0.00600893071042933
0.0035514369716006414
-0.004639858666027375
0.0066798578630043815
0.017210217318121983
0.010339988892338265
0.016405193678959738
0.028870761961125094
0.01619887066103698
-0.0012236923173660058
-0.005648035138032136
-0.006831204667162439
0.0016898991117563758
0.02009850133822714
0.02731019576829792
0.012245882427752788
-0.005598314803755424
-0.01485625948738241
-0.01131531906219351
0.010358314167855166
0.02211934648360614
0.013590922915829935
0.004631201715225847
-0.00723996314831162
-0.01972268830292242
-0.0167519588432792
-0.00827333611666326
-0.008534251189012985
-0.0012724836416924976
0.017853345878123345
0.009545191877085527
-0.023912892901080642
-0.022856534065471633
-0.0022259349368251194
-0.013011718635099687
-0.02826570260005124
-0.012692546042362413
0.0029875811011567605
0.0002878883774266708
0.0004786561025987909
0.00847237819141309
0.011775382113831051
0.0074787201963358065
-0.006332572082163983
-0.039543734410252676
-0.05828453651164379
-0.03447301946733941
0.0005774743811861485
0.018512766574248454
0.015686504944097325
-0.003482099983658517
-0.010762866518151512
-0.012018359921535715
-0.03734360347965775
-0.06016470989370864
-0.061408762461261424
-0.04327987272739989
0.004135766806047278
0.048534202776456425
0.04754855662751579
0.031739055378290165
0.017267552378249267
-0.012604855300610143
-0.03554757989717225
-0.033614022694061815
-0.017313911580455234
0.004127487749303227
0.01638863399147057
0.014459019860192414
0.006207581010315806
-0.0036559105424591684
0.0009867786767242858
0.008037074766027632
-0.008915708102281978
-0.031965457196121205
-0.021983809830171015
0.005128269395523272
0.00908907457414619
-0.0005176659751542354
-0.00766217380650098
-0.005229946553060195
0.008043947143431492
0.020683397827365488
0.023511493457919978
0.01816106264740085
0.022001888107131797
0.0475743782499657
0.0676994475767071
0.0471249634502267
0.013690529564714265
0.0064583198628848475
0.010780125946716262
0.017622427939226942
0.03414177128983633
0.042212844725563366
0.03528471684658944
0.02178621656361934
0.008604432316074214
0.003280926702993173
-0.006863066639544038
-0.020732508460641917
-0.019503344934043695
-0.011622416483188621
-0.0016582001247834176
0.016176903290441223
0.024569413108845094
0.003412219814038501
-0.029417172079574977
-0.035863167544096484
-0.029980609065883963
-0.03537268978073172
-0.03884860728107071
-0.04042054553087816
-0.05153012194760083
-0.05903061486075764
-0.04180207727045026
-0.020217981872081615
-0.01429353889701635
-0.020792890456727716
-0.043288184205919185
-0.06086403028505361
-0.05778943025599398
-0.04287107779805783
-0.023876487041762824
-0.012173750896399436
-0.0025896663653597455
0.003943475736410726
-0.005372733323852846
-0.012808780867932364
-0.013782253971280606
-0.022051643289042265
-0.027707004202504163
-0.0322574198948833
-0.042619746044623465
-0.0490041695764862
-0.04205127861251451
-0.030677405229958033
-0.034267803440829865
-0.04477316737614074
-0.046838662658606305
-0.04296385601148122
-0.036038803349917915
-0.03251034907128896
-0.030511027966267687
-0.01751117821906129
-0.00647389275483663
-0.013924286583183534
-0.01544113537966589
0.0012132637308006513
0.004461711576979402
-0.013260021431629219
-0.023674926415765754
-0.013739614444808966
0.005538494161498371
0.019004989887978285
0.02029447840379707
0.015111673482743991
0.007360136405439455
0.00316876063653116
0.00793979832436479
0.018490988649247624
0.025402063465950787
0.0240656307582214
0.025776257842182678
0.02493680491494512
0.013078099553878252
0.013577395396608604
0.028342508040878962
0.025818177255579965
0.013639133492066914
0.019957547858155383
0.030563751867054838
0.026345597211065837
0.021736462473239966
0.022768651553097586
0.017395979710698055
0.013113419370657846
0.013244720678084927
0.010208070874751845
0.009332797271975736
0.010230923375275501
0.008428624340250037
0.003696240593206582
-1.8987708306245043e-05
0.004066971167477158
0.007144644879672742
0.002530549648314959
-0.004487808961281842
-0.0113739682847739
-0.010302640089867197
-0.002144636519875727
-0.00027602694495783503
-0.002129929326277506
0.003226072317155063
0.006930828948696343
0.0007142125030076893
-0.004710244552459622
-0.004679280758596883
-0.00676244442340975
-0.008609597948840801
-0.009396998543261361
-0.011767549114212744
-0.010876071933446842
-0.01340350648307102
-0.019758831304965665
-0.015891337816050694
-0.004728667586422152
-0.00513407586968262
-0.012179910368478736
-0.008178355454001453
-0.004002415130869264
-0.01014855675148128
-0.015192877326420828
-0.012870694759994932
-0.008587409716857806
-0.0060648383347921605
-0.0058874013348675855
-0.009183570638453552
-0.01007276122720768
-0.001314631197377595
0.004801398847466597
0.0031248699275453337
0.006047086574723847
0.008099155512712942
0.007443712601353801
0.011598033177351771
0.008902034397840828
0.001223170948040604
0.0011972466431541837
0.0026238974112519874
0.006244647651572239
0.010727376808259758
0.00672386389359423
-6.204349169203805e-05
-0.002844719006948114
0.002822587704732212
0.011061145673844289
0.009032156786683824
0.007311064670381433
0.008808495527055168
0.005838358885009316
0.005465758724439571
0.00413199942365409
-0.002724147080738413
-0.00524646850938856
-0.001118932451571074
0.0030539402185671537
0.004779061983925631
0.006948820532408544
0.010248138091645341
0.008089250664800929
0.004971556356919722
0.006494916504610015
0.005053152310994453
0.00025880842500192647
-0.006807763997203676
-0.012639185189830565
-0.01108769218150134
-0.004379641663174654
0.004873140939734166
0.010396069354138828
0.003909601810548414
-0.00751992242505025
-0.009899425581793825
-0.004271947705261666
-0.00034219473874127636
-0.0003344042491987784
0.0020908358676872095
0.00420717979764423
-0.0010183443192989465
-0.007200947604753143
-0.008181064723850683
-0.0005600589884560957
0.00938561749206364
0.010167583740511927
0.006755958185174117
0.0030488056577480664
-0.003934398816891982
-0.009392138004924836
-0.006676923035394703
-0.0006470991987697201
0.0019329270467753192
0.0025087254006452998
0.00031544347641550795
-0.007822920817648167
-0.01474656497246591
-0.0070730515802015365
0.007819152653071688
0.011143192399141027
0.0034024946318098655
-0.0029047314306494655
-0.004556293960013385
-0.007992429330600638
-0.010944468674485574
-0.007550611893931882
-0.001243577181473379
0.004482362416796145
0.0047785244849926104
-0.0013967501740058258
-0.005334746052652029
-0.005082897772419046
-0.0027822583139110804
0.0032895950016419862
0.010244998870712113
0.013529863926533546
0.011437707968930668
0.003212576436458902
-0.006844649121703805
-0.012151887546619406
-0.00945242196297914
-0.0017978861964678852
0.0032324929200564746
0.00347868111826591
0.0016433689809535804
0.0008159291035206856
0.006844592035894542
0.016202287230363873
0.016744264425239727
0.0124057173721365
0.009372684997682661
0.004346683580448097
0.0008499263862840591
0.0006710168722516342
-0.0004763518777268624
0.0003326158825403676
0.004907831889066177
0.009074613510412399
0.0117226854266597
0.012153132384008006
0.010624085458090264
0.009392375741550807
0.009340765092951881
0.008296590884925261
0.006098707419152816
0.005180367103174219
0.005708972001494041
0.006930717547410143
0.006424914986401783
0.005335441678775313
0.006854314900188543
0.007514696939658687
0.006787100486054098
0.010385505636589562
0.015329050300165802
0.014353431863133061
0.013049962260892996
0.013925554710332836
0.009293618989561086
0.0035969237700381445
0.003041186579821167
0.0027516078053275586
-0.0009296171646279195
-0.005067529706004855
-0.005003750049747994
-0.0024814398920208845
-0.0002703558468360802
0.0034606698904563462
0.007145947093850449
0.005133359149401808
0.0008611380982983762
0.0019192462661270348
0.0016202925551960876
-0.003300619062436187
-0.00561079905029968
-0.003533629047287749
-0.00032962339496913885
-0.00015009497154805458
-0.0011445793921939212
-0.001499623499516133
-0.0010422811059119753
0.0018140435956699368
0.002397082907901698
-0.0011104487190682793
-0.002764924155561464
-0.002853216087010005
-0.005744251646962376
-0.007503910979406797
-0.00681151784252669
-0.007008515506465386
-0.006439619724711482
-0.0060136830368266786
-0.0072207568488946985
-0.0068839893558623145
-0.0034590429223536638
-0.0005072786788425915
-0.000554231513355966
-0.000986677470297567
0.000413727767558159
0.0026164809274725727
0.0016893150969138503
-0.0025708394449896897
-0.004233290855746143
-0.004070826281713933
-0.00614082611247628
-0.006553627503011688
-0.0038697643018595356
-0.0027046008355632012
-0.0030339086120256763
-0.0028032805277242727
-0.0029283613291633303
-0.0028340778170587214
-0.00095861367285048
0.0014413232016554705
0.0010122091575948903
-0.002401541570261576
-0.004801625275379161
-0.004312342416860052
-0.001376015174337308
0.003019073603865978
0.005940344715604158
0.006289393155232562
0.006200140803744226
0.00582327813021708
0.004548711999966541
0.0039850485823711215
0.004738512053905487
0.00589410982763364
0.00488643398010447
0.001590580125190317
-0.0007314901464255416
-0.001783928385488112
-0.0005868333197837493
0.0028044442899355215
0.004504851479500299
0.0032542004518380857
0.001139097126183537
0.0014781519030198404
0.0027607430872824646
0.0008150478355755948
-7.337332737047544e-05
0.003912607109434194
0.007025640396012881
0.006089785685734408
0.004729476722652344
0.003361587462475948
0.0024724072603600163
0.004227335847770944
0.004556442148221091
0.0025978699098198484
0.0037073983596859444
0.007050924872051964
0.005339670879898733
-0.0010809901982190156
-0.003258327700919837
-0.0002453018857129897
0.0021872932827117675
0.001827008334810823
-0.00018313405975711278
-0.0022448167007070425
-0.0026994194275502324
-0.0011694597367209508
-0.0009733897404375104
0.0004175943411626726
0.005740874762030348
0.007373253603135311
0.003466985102069688
0.0003383153924289533
-0.001081447394894741
-0.0019167019374507343
-0.000221681643183259
0.0007633659787904957
-0.0014879673663561778
-0.0010964208779922454
0.0006387930187027901
-0.001168253826875752
-0.0016490965619838436
-0.00013762471922238817
-0.0008257511815508166
-0.0017821183309107162
-0.002192091789895308
-0.0034975363810621747
-0.004662073823934148
-0.004321839109726374
-0.0029726076084528722
-0.0017341574453638817
0.0001000114261588262
0.0019399914604477193
0.0019356157670711556
0.0016696336455300795
0.0021662517052104266
0.0012576995882592594
-5.141967698557284e-05
0.0008508858299109447
0.0016124048150854494
0.0012189189910164209
0.001188861832769048
-0.0004965732579969952
-0.003475335188328205
-0.00409149377895634
-0.0028748333902616587
-0.002310106576656433
-0.002126589146806315
-0.0023440770793909903
-0.0033231598594281532
-0.0030976626951487868
-0.0010576063863006278
0.0007876460170018391
0.001440147598320785
0.0012012944593366773
-0.000215390380975327
-0.0016986154593180678
-0.0012886004712513762
-0.00039200914059862207
-0.0013123403703029265
-0.0017455116610803506
0.0005362450353160891
0.001951496484495119
0.0004608848057820512
-0.0009092013506637564
-0.0004916151976994596
-0.0007610381439801092
-0.002797712951552579
-0.0037132271717764537
-0.00278507982747585
-0.002248019545381856
-0.0032066558477659283
-0.004560643808921105
-0.0040333404505796915
-0.0016222208749373252
0.0008442964659364199
0.0018775218090055683
0.0008505057878777748
-0.000682557433487807
-0.0005792597279278443
-0.00010861300549303433
-0.0013675323931190877
-0.0007987224824359127
0.0015849958602047636
0.0009235558211336529
-0.0008413492316086973
-0.0015997365304633209
-0.002513177963033484
-0.0026942184979890514
-0.0018158219640335054
-0.001063565948304691
-0.0004884693950131471
-0.0001259533239075389
-0.0015547958660985786
-0.0033060861925576328
-0.0019943792792347283
0.000744636180308698
0.0018760498390177653
0.0016682342739612174
0.0006398053782507007
-0.0006820521587356614
-0.00023549454135418903
0.0014538985519567138
0.002437998595645818
0.002907428419693079
0.002162272215094524
0.0012610535328798182
0.002580394860191715
0.0032978900765282147
0.0014885805972767695
-2.496973538831552e-05
5.266725547558021e-07
0.00026558465236850906
6.307820647016943e-05
0.0003033930519248938
0.0011462752660957203
0.0016784056390586753
0.001536246364030493
0.000728238502270253
0.0004179734929371301
0.0016637358199037915
0.0033353128505512236
0.0035706020653174042
0.0022956455845294862
0.0006606642946807566
-0.00014429851585776317
0.0011099351174552892
0.0025146098756028347
0.0024501625333299064
0.002186011686531282
0.002123142664156881
0.0022558592436465997
0.0012522392741386088
-0.0009097107371296277
-0.0010457692673798526
0.0012724990996542352
0.002373633982329518
0.0005371314386096275
-0.001506946895062641
-0.0011830195118491102
0.00024157289181962993
0.0008530619440940224
0.0004031835102572495
-0.00023057111484102615
0.0005498300672702653
0.0011973816170611211
0.00010908696030201784
-0.0009643070045337005
-0.0005407928843145202
0.0002902620053281905
-0.00042142790858042595
-0.0021708993625301222
-0.002801606584648693
-0.0014684288785955573
-0.0008997990693832949
-0.0022342547133743867
-0.0036515255669311705
-0.00408882599389728
-0.0027516368494572923
-0.0014012339844475762
-0.0020486854932120677
-0.0029052964705558954
-0.002272091119430178
-0.0019279087563235868
-0.0030228454263138992
-0.003666362164354598
-0.0030990485872432875
-0.002325187870279141
-0.0012797406316750377
-0.0008717435267050303
-0.002293485470327016
-0.002962232096292484
-0.0012710572615564192
-0.00019956348949081346
-0.0006598138374497148
-0.0011785450951218351
-0.0014445767951776504
-0.0010371598348936013
-0.0005383517289288972
-0.001528914716616589
-0.0029513582458098814
-0.0018504644685951826
6.997907874128274e-05
-0.0005099887221036937
-0.00162136350498184
-0.0007196240917641568
0.0009016339568914133
0.0013498950722404862
0.0002018828361838147
-0.0008962132476186489
0.00018321742766131292
0.0022196978506996297
0.002460308125376038
0.0007813206808966836
-0.00011241966038510279
0.0007814933310799326
0.001548391533924155
0.0014234743483995615
0.001002445420166196
0.0016538460365658847
0.0029890968560888635
0.0027542089764133336
0.0014582747942501525
0.0006855007496208243
0.0015027245586319835
0.002944913586679109
0.0025764748207057317
0.001396933280849006
0.0012506678868054566
0.0018474551376384714
0.0020118989560734516
0.0009251575969986154
0.0005352617877438934
0.0018679534264579222
0.0029765984585574325
0.0029237700101619156
0.0018274575453056051
0.0008939164263897169
0.0011495270892346893
0.0016490578329798925
0.0011487020891854248
0.0002228459782522486
0.00011091358062244601
0.0004384207560144527
0.00039270796833426976
-0.0002329012688944239
-0.0011244466884948012
-0.0012281551805840686
-0.0002462273094184412
0.00029547842213429503
-0.00022510938512405486
-0.0005149343673128323
-0.00015105718006295054
-0.0001704543145156334
-0.0011102808840653703
-0.0018508880822821535
-0.001399179770828934
-0.0004717888265470275
-0.0002288750297121046
-0.0010277439364350415
-0.0020780247311606484
-0.0021436282648549035
-0.0013072906874890596
-0.0009294062429426685
-0.0012643595936317315
-0.001268762818593533
-0.0011205741886085097
-0.0013533572757782107
-0.0016602802979359854
-0.0023230127337496072
-0.002725085444118524
-0.0018910924191900484
-0.0010777817405960663
-0.0014940994507636092
-0.002031121298427291
-0.0018299463017983958
-0.001566720145109896
-0.0014893628004772818
-0.0014613748020931346
-0.001346641207009086
-0.0007096850161608445
-0.0002092493436006933
-0.0006497761516200626
-0.001346661878348006
-0.0014934185169580426
-0.0009682904001037883
-0.0005245899847788393
-0.0006128817799839289
-0.0006375618019335782
-0.00039391963469871536
0.00016556841012787383
0.0005502646914444563
3.757834645854722e-05
-0.00021516589952913119
0.0005190180364546327
0.001376006076657424
0.0014729470125188569
0.001005061049524265
0.0009584067640820999
0.0010963900818229952
0.0010648068039421955
0.0009180540815708576
0.0009258437228679499
0.0015705114437748013
0.0019936632515332405
0.0017062821514442401
0.0014047068593505618
0.0012820706686435248
0.0014928566660134923
0.0018361401318803872
0.0018446639913799728
0.0016106493219210636
0.0014851624408733675
0.001449735807217781
0.001318097142519116
0.0011939014653997244
0.0009608477716317922
0.0009131130063466119
0.001413867829064391
0.0017054682646874303
0.0012493315668697185
0.0008255087123776279
0.0008630209904198154
0.001020714741891639
0.0010796483892507403
0.0008908665226481242
0.0007066619082334925
0.0007101019247016343
0.0006283857898132904
0.0002965015294211657
-0.0002087980028613253
-0.00029914656587387854
0.00011103740198903077
0.00014744265518653024
-0.00019128120596896813
-0.00032166145876447833
-0.0002228441742343134
-0.0002383303419331372
-0.0005316288236049632
-0.000974246327249454
-0.0011946092101377437
-0.0008778087708266835
-0.0006630661120427817
-0.0011281465536023447
-0.0016114344413842771
-0.0015432650629749838
-0.0014050805753857464
-0.001454863059712713
-0.001464730663797182
-0.0013739378750879311
-0.001174476444718033
-0.0011003556121938107
-0.0012468980868156699
-0.0013487266182010407
-0.0013172229069184102
-0.0011537489883058048
-0.0009843541026527257
-0.0010438531336458322
-0.00114434741826755
-0.0010507915595039893
-0.0009068574239928049
-0.0008042806301992314
-0.000774587786811813
-0.0007502904100876656
-0.0005096206912103559
-0.00019490485770826596
-0.00010435613073469259
-0.00027974375798118535
-0.0003122150352742294
-2.292956610342259e-06
0.00016420610588124701
0.00010822926748231909
9.364817239156922e-05
0.00023591521893147558
0.0003892837582298431
0.00037827938456407197
0.0004068220297880463
0.00041817043220093703
0.0005514870447134063
0.0009174604870732013
0.000955134736744628
0.0007710905216260697
0.0008594436349081261
0.0010384071458128176
0.0009493474195499584
0.0008135292420472666
0.0009160425268243723
0.0010309746099984184
0.0011746435315005777
0.001311443578864023
0.0011629525417940943
0.0010267467792312772
0.0012048428584779047
0.0013480305473650572
0.001286999306320289
0.0013023351081977899
0.0013562917788040552
0.0012623619980503126
0.0011522590157724368
0.0011137450893594074
0.0010071924232745635
0.0008940953034757852
0.0009370728218367062
0.0008885521480236359
0.0006299554157194468
0.0005141772529797442
0.0005557201509462085
0.0004932208167595706
0.00037487244245491374
0.00030479430165063275
0.00021047881245196177
0.00016011417908667856
0.00014937947739046537
-3.204016934029184e-05
-0.0002636620143385106
-0.00031660544309475796
-0.00030026585378264465
-0.00045058280567130305
-0.0006251392256798265
-0.0006370071591058555
-0.0006386392409361364
-0.0007118814738888689
-0.0008302962527044186
-0.0009341149309213295
-0.000964172683339465
-0.0009373936379378606
-0.0009063547519255046
-0.0009788673380698143
-0.0010719455169697495
-0.0010404984067206068
-0.0010455934628718886
-0.0011216397841486824
-0.001088090256947846
-0.000986957441741796
-0.0009399993220389399
-0.0009294490412865281
-0.0009451728872101823
-0.0009953134169453182
-0.0010083953405477673
-0.0009019040603774199
-0.0008265923587004449
-0.0008680466627419296
-0.0008245686364932002
-0.0007562127039594355
-0.0007499561762728735
-0.0006906343840600256
-0.0006004255813371447
-0.0005503747080047601
-0.0005140445816248271
-0.00038547414777202516
-0.0002725500177200653
-0.0002576091820907742
-0.00012968119919919493
3.409113663173439e-05
8.507453418834645e-05
0.0001516521988477962
0.00025952522447486906
0.00033598729639198896
0.0004139112282349672
0.0005255119490042498
0.0005686975597855157
0.0005854312357595154
0.0007042937089998645
0.0008114818527780848
0.0008242747005940442
0.0008857083900649416
0.0010129059284274373
0.0010679256809716
0.0010842575413478371
0.0011018901034991625
0.001073224435043355
0.0010665977669057345
0.001104474712836343
0.001097283372311198
0.0010438620305869707
0.001020949162974195
0.0010208490581679617
0.0009652022670636018
0.0008958591472229033
0.0008602826530520664
0.0008051887454351794
0.0007282785678774641
0.0006448357737146897
0.0005458769617303784
0.00046819455557790883
0.0004304090935766024
0.00040384454913489006
0.0003522925133498525
0.00027007410269321605
0.00021660418181386614
0.0001787885375317323
0.00012247148717435527
6.699992135117506e-05
9.649705130570416e-06
-3.899356720993673e-05
-8.684604184554292e-05
-0.00014204454262295142
-0.00020908966597770883
-0.00029222272368999825
-0.00033691614128061257
-0.0003795423643600804
-0.00047061426314858105
-0.000537148138887822
-0.0005735294827415145
-0.0006216791499753201
-0.0006739889345491811
-0.0007104996541669631
-0.000742775072425946
-0.000782328063142502
-0.0007952622398318455
-0.0007936913249439446
-0.0008114154060637066
-0.0008129741563291329
-0.0008060848754041202
-0.0008384073486670126
-0.000863437491046495
-0.0008622497851437893
-0.0008729885770677546
-0.0008684175704012577
-0.0008314695865976314
-0.0007987893263236871
-0.0007790129410007347
-0.0007326478126187463
-0.0006633375418675608
-0.000612105447487208
-0.0005501957205655102
-0.00047373935602834974
-0.0004140507812198993
-0.0003485877395745511
-0.0002818653337027929
-0.00022938739703755196
-0.00016512670004907186
-7.224583070271646e-05
2.1962843601089572e-05
9.107390649186833e-05
0.0001503874276952357
0.00021323051022903523
0.00027338033236677683
0.00033314636616148794
0.00038600825813453124
0.0004198909776843491
0.0004447703396017002
0.00046928880306351906
0.0004905255119430479
0.0005131859490562881
0.0005428340000984366
0.0005768813416447312
0.0006122432680863239
0.0006433715533156675
0.0006680300627713926
0.0006859414473158561
0.0006997357562516858
0.000709259917388035
0.0007165014321854421
0.0007250507519689925
0.0007253796728350281
0.0007155558603832892
0.0007050123698796897
0.0006974499050819109
0.0006916388737578934
0.000678880216990753
0.0006477542089458776
0.0006131828795442951
0.0005843092109685775
0.0005521433053029813
0.0005243864449843195
0.0004978427568580148
0.00045788763957140373
0.00040712404552066306
0.00036342112102788395
0.00033086247068075855
0.00028442181769771545
0.00022282996766999087
0.00015736676191331966
8.312300740961144e-05
1.5149711638935096e-05
-3.7679841285614614e-05
-9.134421317971504e-05
-0.00015298222609217528
-0.00021098300008842274
-0.0002605074401687098
-0.00031310069058751666
-0.00037166339962363626
-0.00043383359101112806
-0.0004983610941983498
-0.0005551777873758627
-0.0006007075129807718
-0.0006405131137275342
-0.0006729552156991108
-0.000693223831002957
-0.000702624245582531
-0.0007065943286398274
-0.0007122548099882544
-0.0007235018308899125
-0.0007281734961521684
-0.0007158877119089363
-0.0006938983988555473
-0.0006681179506378553
-0.0006412932954758889
-0.0006191193779063773
-0.0006037915933646873
-0.0005871364505200956
-0.0005585474651445083
-0.000519396194164876
-0.00047686028076139787
-0.00042989374893716336
-0.00037567750352649664
-0.00031993006511849123
-0.00027359374660414893
-0.00023689869659952482
-0.00020265605682893815
-0.00016712536028168584
-0.0001311287040855623
-9.531037724615113e-05
-5.418052959091456e-05
-1.0833736187862766e-05
3.008510420651313e-05
7.135119599773844e-05
0.00011139556870364274
0.00014704209253726353
0.0001759407612840364
0.00020103457549284652
0.0002310365673925855
0.0002635823517641326
0.00029633160047508957
0.00033509077288193783
0.00037322553666357527
0.00040079391575277513
0.00042357918500265435
0.0004495463582125659
0.0004684902720532745
0.00047681460026837883
0.0004932050904715484
0.0005138003213171397
0.0005223715969972845
0.0005304902962896768
0.0005450343366204264
0.000552422303837157
0.0005484771588498805
0.0005398671157469058
0.0005222260993187135
0.0004930381936380139
0.00046399882222227174
0.00043501457063241524
0.0003970714230830921
0.0003538707266622287
0.00031218651260509606
0.0002712104033740433
0.0002330797509347342
0.00020010910919767355
0.00016458041990090588
0.00012189896681123879
7.59273645669512e-05
2.724211745767034e-05
-2.6241167329325273e-05
-8.19318378826605e-05
-0.00013317221147988323
-0.00017442661197456598
-0.00020030605737680933
-0.00021497134121278147
-0.0002309092106074878
-0.0002470564213489227
-0.00025765927039040444
-0.00026870057028494283
-0.00028840950288025523
-0.0003083371685100873
-0.0003161167653810229
-0.0003179879309048172
-0.00032116369729885116
-0.00032181143778554845
-0.00031798799816960935
-0.00031449365534347344
-0.00031899202394432356
-0.00033438170854908504
-0.00035456993509595835
-0.00037257046771519006
-0.00038554599100219713
-0.0003935384593405728
-0.00039801483806361056
-0.0003993761256303481
-0.0003967867581403378
-0.00039001664701799346
-0.00038604943977659943
-0.00038709672515717836
-0.0003810113073053222
-0.0003673017390203037
-0.00035645701210899915
-0.0003388350785910593
-0.00030205017420770566
-0.0002550196593965798
-0.00020193630658201642
-0.00013683639493934806
-6.823828141247363e-05
-8.683245485966805e-06
4.004904359815451e-05
7.617149121738772e-05
9.975722763963574e-05
0.00011987375879422482
0.00014236278003558746
0.0001662701453247482
0.00019333885869552187
0.00022677365466196891
0.0002625526994142641
0.00028791228508086335
0.000301447351779752
0.00031732308361158776
0.0003370559273969059
0.00034828808228379467
0.0003498295187652261
0.00035010590585887253
0.000352125899763521
0.00035098176602530286
0.00034450467618511266
0.0003422881259973248
0.00035110871949620083
0.00036224407963305754
0.00036505494356956614
0.00036299413121130186
0.00036378928301857
0.00036078462790674825
0.0003454657738870604
0.00032474472712394473
0.00030935498086372614
0.0002968506143727712
0.00027471408669403895
0.0002413797030302425
0.0002046861180948576
0.00016961202322235536
0.00013658067396682462
9.903789451005019e-05
5.344704967338138e-05
4.464556633697011e-06
-4.647843058546421e-05
-9.924912014190738e-05
-0.0001443850223601547
-0.00017108049055006457
-0.0001806671865675405
-0.00019367869273374892
-0.00023120314963293368
-0.00028415256101550816
-0.00032906557310190157
-0.0003651460834892091
-0.0004092371280515371
-0.00045596969741023213
-0.00046842869669635876
-0.0004188475393518507
-0.0003182303082959704
-0.00019647033311658238
-7.716417772925515e-05
2.243755402008106e-05
9.081738831406086e-05
0.00011802481169744679
0.0001007624561169191
6.15406990959714e-05
1.6195858174647213e-05
-5.8529104778543557e-05
-0.0001539862176783604
-0.00019591885293994508
-0.00014405457564899585
-4.24310287114014e-05
4.1206884391754815e-05
8.038534286713607e-05
6.779496725885405e-05
-3.197380634594933e-05
-0.0002323221695346417
-0.0004734290325693989
-0.000672986102723668
-0.0008003402152900367
-0.0008731654118658669
-0.000898495724890458
-0.0008613248519733264
-0.0007803736919626897
-0.0007070467191909952
-0.0006523580526676145
-0.000585189820147498
-0.000486669149404216
-0.0003646554332251287
-0.00021928927303869745
-3.3289450378287974e-05
0.00019388706378870949
0.0004307541296183335
0.0006295249392078156
0.0007729150016610421
0.0008853672819856848
0.0009824820703382708
0.0010396139077358873
0.0010356642522537601
0.0009959275225406394
0.0009532417276948196
0.0009318064330481099
0.000962596795830182
0.0010491684387370635
0.0011038891786771669
0.0009734686215933925
0.0006258902382910766
0.0002351415066788914
-8.130910476563243e-06
-9.848151583245978e-05
-0.00017658914343853145
-0.0002989562493516374
-0.00037410398240523055
-0.0003295439208622361
-0.0001509672403860046
0.00015074660060626898
0.00047808791842700364
0.0006992752250382826
0.0008154402401650174
0.0009465850325370017
0.0011697934810562226
0.0014708368656675232
0.0017029939587251716
0.0016372672705268895
0.0011991514012361054
0.0005170028729439863
-0.00019035949612016047
-0.000695860773592269
-0.0008785735569769993
-0.0008361810578718198
-0.0008049504640425867
-0.0007562007681353123
-0.00038415342189818753
7.945273334604483e-05
-0.00015512344878395616
-0.0012346341312245597
-0.002448639125184247
-0.0031191035461271624
-0.0029640106806683958
-0.0020922311383986553
-0.0008549363788822277
0.000498971286650301
0.0016451763596254726
0.002076844474417436
0.0017329714899938034
0.0011711379422934297
0.0006979647419206863
-0.000324180757619816
-0.0023355686859595926
-0.0041248066984096304
-0.0042355510724889885
-0.0031042395469492706
-0.0023263784720079653
-0.002692641954405397
-0.003949426520688374
-0.005678710349119985
-0.0076488538161670035
-0.009441227733642556
-0.01030565803636247
-0.01013555634775156
-0.009564819007335135
-0.008660720554444539
-0.006975342551393064
-0.004402621055722371
-0.00133934187501734
0.00135285788881408
0.0031332998668466517
0.004723474707718451
0.0070743906051212065
0.009742636882378189
0.01172248997941086
0.013225471952705336
0.014937391307610588
0.016252617124121443
0.01650478470180759
0.016653482380157014
0.017207002180947634
0.016669729266904222
0.014057608669173587
0.010484753620477546
0.007603965717755219
0.0061398218703416834
0.005538106013330314
0.004734488069281045
0.00309243423154289
0.0003480933184493716
-0.003254373548303749
-0.00647150215783975
-0.008202458668032937
-0.009004937621967805
