0.0
0.0
0.0
0.0
0.0
0.0
0.0
0.0
0.0
0.0
0.0
0.0
0.0
0.0
0.0
0.0
0.0
0.0
0.0
0.0
0.0
0.0
0.0
0.0
0.0
0.0
0.0
0.0
0.0
0.0
0.0
0.0
0.0
0.0
0.0
0.0
0.0
0.0
0.0
0.0
0.0
0.0
0.0
0.0
0.0
0.0
0.0
0.0
0.0
0.0
0.0
0.0
0.0
0.0
0.0
0.0
0.0
0.0
0.0
0.0
0.0
0.0
0.0
0.0
0.0
0.0
0.0
0.0
0.0
0.0
0.0
0.0
0.0
0.0
0.0
0.0
0.0
0.0
0.0
0.0
0.0
0.0
0.0
0.0
0.0
0.0
0.0
0.0
0.0
0.0
0.0
0.0
0.0
0.0
0.0
0.0
0.0
0.0
0.0
0.0
0.0
0.0
0.0
0.0
0.0
0.0
0.0
0.0
0.0
0.0
0.0
0.0
0.0
0.0
0.0
0.0
0.0
0.0
0.0
0.0
0.0
0.0
0.0
0.0
0.0
0.0
0.0
0.0
0.0
0.0
0.0
0.0
0.0
0.0
0.0
0.0
0.0
0.0
0.0
0.0
0.0
0.0
0.0
0.0
0.0
0.0
0.0
0.0
0.0
0.0
0.0
0.0
0.0
0.0
0.0
0.0
0.0
0.0
0.0
0.0
0.0
0.0
0.0
0.0
0.0
0.0
0.0
0.0
0.0
0.0
0.0
0.0
0.0
0.0
0.0
0.0
0.0
0.0
0.0
0.0
-1.3594904303818963e-06
-4.954382164587754e-06
-7.541301807807632e-06
-8.116312784966527e-06
-8.7422778556779e-06
-9.321671997960466e-06
-9.872408420795513e-06
-1.0378560193105395e-05
-1.085407309046038e-05
-1.1311002664889494e-05
-1.174904226572261e-05
-1.2158389230820993e-05
-1.2226792472399801e-05
-1.2639048336543148e-05
-1.4723709708191132e-05
-1.861675081180005e-05
-2.548149187377579e-05
-3.518474876178821e-05
-4.840527652724771e-05
-6.822299162700933e-05
-8.793871609618033e-05
-9.992579516714998e-05
-0.00010977580033570858
-0.00012792220434771877
-0.00016325848157581205
-0.00020095836141719727
-0.00022467509600449531
-0.0002537548994836984
-0.000288840527516951
-0.0003215839268486175
-0.00035809807454641315
-0.00039877953074449136
-0.0004418158609849779
-0.0004962105660497865
-0.000557033602139811
-0.0006206252495678842
-0.0006769117255273895
-0.000739149869565118
-0.000809405847519855
-0.0008908358562268854
-0.000980475016590491
-0.001079150394483524
-0.001191524141927808
-0.0013096234883322412
-0.0014340925259883385
-0.001573427420440199
-0.0017151791043241169
-0.0018539357100274632
-0.0019983777927965723
-0.0021514538243189627
-0.0023128939947187357
-0.0024769159476846713
-0.002661819145210005
-0.00287851897353685
-0.0031088890475717717
-0.003349789537686412
-0.0035867446756415585
-0.0038455785012143874
-0.004137961141740031
-0.004451627291024242
-0.004744713398246306
-0.005033474717130081
-0.0053673584746518664
-0.005725395917728186
-0.006077785549046418
-0.006453135208983818
-0.006850306683938282
-0.007265302519824189
-0.0077046371064999255
-0.0081506484184833
-0.00859927893486698
-0.00906071554176318
-0.009587092363163184
-0.01013478573646088
-0.01062648322565761
-0.011097367973745012
-0.011604475026852516
-0.012164619581047378
-0.012766979719043104
-0.013343480722954602
-0.013876788240162943
-0.014371642929249258
-0.014905524608364274
-0.015483670605287294
-0.016000419192734185
-0.016445009370335016
-0.01689129232675327
-0.017389454199922483
-0.017937841806472135
-0.01849434591999638
-0.0190085310983314
-0.019473160152133906
-0.019968063836188012
-0.020514782349169355
-0.021050552058511075
-0.02154772280829433
-0.021985838336415525
-0.022403506143622957
-0.02287604284084182
-0.0233956447895478
-0.023904057821832088
-0.024374651141541474
-0.02486050984258472
-0.025390117557292168
-0.02590876026141869
-0.026438376972098825
-0.026964268229424323
-0.027537601537227962
-0.028174446472032575
-0.028839253112746967
-0.02950652872232368
-0.029157530580437078
-0.026784226917306496
-0.02584899706655422
-0.02942560065954575
-0.033224991335596366
-0.033973798404150705
-0.03383411182175949
-0.034080575539454636
-0.034351930661527974
-0.03457322501724485
-0.034804841599867915
-0.03513283809165587
-0.03561881090626627
-0.035237269385120694
-0.03278888833067604
-0.0315996017805317
-0.03330283409774954
-0.028532256892647056
-0.01409110498610442
-0.008506349322941451
-0.02175519100780408
-0.03166906791126049
-0.027507177250844658
-0.020759819396450274
-0.013549592690375877
-0.009448846537553375
-0.008620814585319353
-0.009827249305548144
-0.01197117166165787
-0.009937095664846598
-0.01132408432486015
-0.013519385503928385
-0.0045709057184659466
0.00864706477013973
0.009614267863160582
0.00431388176132732
0.007388691915674362
0.005643093376231428
-0.006507934807560271
-0.005538172560805613
0.012340029967154865
0.022609845111398557
0.02153078460214118
0.031168600383432672
0.062013944183677006
0.08970211187713077
0.09169280368028211
0.10789013240589246
0.17600651549678872
0.25379654679720515
0.27170152440574674
0.22884277820955518
0.21311195212938253
0.2356030767736215
0.22053129840515992
0.16430223187456525
0.11926942025748741
0.1474916942274593
0.21348075035097244
0.2088369049353388
0.13904061567550477
0.08996454205221487
0.08527013706483062
0.08281132081421658
0.07765322542012226
0.09531610169894215
0.11554432924303246
0.11324039602238863
0.10558434896800818
0.09740653194603847
0.062447468575836
0.024417403420294984
0.038311090047102855
0.07150987006160586
0.08149187695238837
0.09701584225964104
0.1093101823454833
0.09616380299100676
0.09154685151290166
0.10112530025475362
0.10210671875034914
0.08604327119889249
0.08918524241137009
0.14246606028489484
0.1656304207582119
0.10420787625440099
0.0457945205767464
0.0749862416110122
0.1446604356002122
0.17389267605636144
0.1560539157515042
0.11498224894962368
0.07871778192800338
0.06169800563119447
0.08661458158769324
0.16321098097308326
0.19315187096553035
0.13472073613886798
0.0882393413744037
0.0923470432286151
0.10920220526488629
0.12573142069971244
0.16621315429400615
0.2017136731172653
0.1476735415193965
0.03563982058965189
-0.040463326823421034
-0.05931893929354854
-0.04264510166432509
-0.025591832495147817
-0.022466851183815608
0.006265163620306713
0.053999124004204285
0.043595170879969246
-0.010533131716355563
-0.032409233476281024
-0.005096812575367142
0.02536912159477455
-0.003871269569656218
-0.061412803240585886
-0.08162037430118542
-0.08454212042359055
-0.09382303811840599
-0.09710335981673628
-0.09099705683134006
-0.09032835849033127
-0.10859630656224374
-0.11434869189739844
-0.0973710718154486
-0.09156538575359223
-0.08557661198536323
-0.07350402938208855
-0.08363075022617526
-0.1052178957050993
-0.09505740897627268
-0.050913156125691625
-0.02756433900600318
-0.05957970043960187
-0.08089109047508929
-0.035457027037253556
0.017440384809088803
0.019430921430689207
-0.007754818703941749
-0.032200416617465845
-0.07338085613876795
-0.09831168446109786
-0.052292239716035534
0.003954859319105898
0.01504305331059769
-0.0008734351476062583
-0.02939010732518313
-0.025515957383868127
0.029688709131614355
0.06105414437898574
0.030756761941997217
-0.033399209253933554
-0.08957391177186587
-0.11184047509341014
-0.10887991140766969
-0.10195905832425223
-0.10410128864083301
-0.08950170518337439
-0.04651294494999045
-0.002216205826572651
0.014354091616346017
-0.03046267121521235
-0.10566156225706143
-0.12221548184458762
-0.0731773927063889
-0.021801036358164584
-0.011198971224090694
-0.047151998691884855
-0.0762719399310943
-0.05193754208609727
-0.012638987025461512
-0.010138330403373677
-0.05193819214259547
-0.09721272385120958
-0.096676871223979
-0.05685895634161068
-0.034540837632245545
-0.04794990264988364
-0.05907242109889693
-0.06992659355223223
-0.07440878204662485
-0.028361147804310077
0.043762655588094085
0.06089435463963484
0.015447433343641166
-0.03498359716443704
-0.05858335762332607
-0.05277682411543345
-0.02703288766372711
0.010628305462664914
0.03177987522251738
0.03308446054491724
0.05679571402103791
0.1049054454919537
0.12443158098083194
0.09156746563359502
0.07583250978347905
0.10405602332700843
0.09688277924524273
0.03881111124432132
-0.004023604130318806
-0.004184271618404559
0.02176090053673637
0.0486747896802257
0.05200196249878785
0.04536108296174766
0.052450589444151305
0.05450306031209092
0.036355343784099374
0.03617050809869986
0.08243544589942177
0.1269666092312262
0.11748060448483319
0.07898177318891354
0.08468116303639432
0.13678499045572665
0.17403883499883582
0.19952576152499354
0.21239945488893053
0.1933449934828411
0.19056247568941853
0.20511925729432423
0.1932572725753772
0.16455011907738823
0.14269366152081375
0.12860861377496952
0.11454156693527164
0.10770047218449266
0.1203617335589218
0.11493893722175592
0.06948077753830902
0.05323971356448666
0.08454451048936175
0.11183823946255059
0.11510428013404447
0.09619112804561726
0.07595606451569406
0.0724368290137705
0.07387855500356624
0.06351140920276017
0.04644250751555309
0.04975659603907353
0.06971713855352102
0.06014128990268321
0.029757455322865382
0.03140114295985818
0.05257617152739716
0.061706421787117376
0.05538681436761599
0.03814064990944583
0.05019314585791065
0.10156435442829036
0.10504824067337257
0.04423942445520674
0.002342561787390939
-0.017718101799416127
-0.017837349632746403
0.039007314649456865
0.0771953326458459
0.03330676091167753
-0.00809625161510758
-0.01014245634755494
0.007127474561994698
0.039609208600506124
0.04223094991837656
-0.00040418269755113936
-0.02411052654469862
0.0024715323592213023
0.020499561551738064
-0.00492792193103724
-0.031995995551538196
-0.016470109803380612
0.020677160005964448
0.004453347480668209
-0.08539186967670687
-0.13445437318346457
-0.08084510956617184
-0.0226173416626883
-0.026145303241853175
-0.05003805273644045
-0.04990397585617653
-0.05587805639076953
-0.09345631774159045
-0.11355221953325115
-0.10303398824870431
-0.10252318218045486
-0.11616440351297251
-0.13288684243350743
-0.14046095062479136
-0.13310089184452326
-0.11094256969511503
-0.07919096433597929
-0.05324561198032175
-0.04947850570383004
-0.03395125731455154
0.00905865107491151
-0.0019715289478078237
-0.05095680696143001
-0.056104889391675475
-0.05316990251459959
-0.05622522870297978
-0.0068711964731697816
0.029393876860333745
-0.026117806974019657
-0.07423386455055231
-0.036314068790143775
0.016385115536658532
0.028831370981417994
0.03411245865012487
0.034918545202407725
0.007644018034313821
-0.02740064218400056
-0.02748690838040895
0.013835699946310249
0.030527099938741642
-0.0007388473437973089
-0.01983276027050685
-0.04534466760642373
-0.09909857414795056
-0.08762520884436428
-0.02523598994929799
3.20777367835194e-05
-0.004092925347180391
-0.005766272122691594
-0.009014618198820223
-0.03540109036477251
-0.04472932576861737
-0.01279018101961331
-0.01213753074753924
-0.05752859489059252
-0.05398087469115975
-0.029450898130826596
-0.06761963595459962
-0.08590840147771092
-0.0472123904064561
-0.00825621459824179
0.01954603456697626
0.011391012662907539
-0.020293513335509758
-0.027470459092795205
-0.008003283311656478
0.02523495998781719
0.017187449013408244
-0.032970717625516455
-0.04066127268066393
-0.0020967311637982663
0.04898398900596651
0.07819452418853967
0.060025836308514956
0.041058751630722264
0.044590629248511655
0.02872562906687133
-0.007513879142950539
-0.023721118860789495
-0.029378734330555215
-0.03949232865720639
-0.04293929118302016
-0.03238580513280035
-0.023192988690764183
-0.04331901103734014
-0.06604933535797125
-0.054878734055224046
-0.02337362332540443
-0.020300471128124414
-0.05674340230945014
-0.09725915253795235
-0.09026162355715196
-0.04000475753404649
-0.03502123892101035
-0.06778330098881083
-0.033013518071868975
0.05500783159777184
0.08758570617223119
0.057556068048901544
0.01405409192695531
-0.00012218135275092487
0.01620843630332391
0.008979042911866715
-0.010737052978580497
0.006958805986204141
0.031205324872771213
0.011709598096024313
-0.010689998076835171
-0.006034280021102592
-0.012958435310182377
-0.031220066833492863
-0.04481997868618494
-0.05005502625056143
-0.06985594650409534
-0.1233852779986343
-0.12399709023732214
-0.04484028720668054
0.006124133505795462
-0.01768586242917028
-0.07211430940141868
-0.09557521356773147
-0.07007590271861941
-0.04632892174311687
-0.05269553246610509
-0.08188362484082175
-0.12069232241865405
-0.12224939592318404
-0.08002199720807525
-0.05800366018361142
-0.06869411918865855
-0.10075901852033632
-0.12795395901041887
-0.10840204716322212
-0.07766011741329377
-0.05277922146259878
-0.04555949672451248
-0.08164744088622751
-0.1079482213494175
-0.09622079730780665
-0.06845379634426496
-0.030467352349486658
0.0015749136271812755
-0.010857202389403546
-0.05268542014004093
-0.07180262975460976
-0.07853657162470136
-0.07817008537819815
-0.059330229381618686
-0.061600882139761524
-0.07344650275185101
-0.052528694229179294
-0.034479594630384025
-0.0534700704764748
-0.09779763006589776
-0.13474028448662156
-0.12435210299043564
-0.0992779610913969
-0.09315736313509922
-0.080392783050209
-0.07133132824628821
-0.06170251006426147
-0.031529335078465906
-0.0031902240084405765
0.013557533309731157
0.012176246325886741
-0.005524368685756365
-0.0003732357486778706
0.019255329748663518
0.02399546537119948
0.039491830296564875
0.07327888680740179
0.10319263808338983
0.10123279623553089
0.05223499240687553
-0.01954961452075913
-0.07485721246405687
-0.07437700952458787
-0.032306666453964086
0.008186214826172307
0.030928776423786022
0.009469348458817086
-0.0340056835145749
-0.04832144314746666
-0.018984543560700968
0.051500369535942565
0.08995411355966468
0.03765368038909344
-0.071410023203841
-0.14596990522659054
-0.1314886873074106
-0.09364444911283783
-0.0739851283890907
-0.07795685972111488
-0.12160445627694291
-0.16732559739326988
-0.15415606576318325
-0.09123205632089432
-0.0691681144756219
-0.09631234586592693
-0.1085329942970072
-0.10743221297452064
-0.10716880161906885
-0.08834673769039084
-0.0616742140937162
-0.03810250014176457
-0.0012211430186054805
0.017964693930825264
-0.010447599382916405
-0.052943374174430145
-0.05590557955871688
-0.0012096088126685325
0.057543146574455195
0.0641917009514076
0.042529561831619635
0.031535914737687215
0.040106027031687724
0.06438681008679453
0.09844914583648445
0.12626381994443547
0.10470962627058401
0.057033666156794074
0.040298282467536216
0.0576244032071963
0.11282131006778777
0.15418414800982513
0.10383397478731315
0.016294216599676756
0.0018163896228487217
0.07508583182758795
0.15168186207799816
0.14541932677555924
0.05664048546714556
-0.03433009790515872
-0.06821107201551113
-0.06940769691467728
-0.0856194951773921
-0.10562532519334303
-0.08980122485428195
-0.07267396218204676
-0.07127480610424446
-0.04369235782779509
-0.0013957314092418185
0.026312397285182122
0.033818051024993925
0.015167263481594653
-0.01398978310479606
-0.02421871364886139
0.0006877857481582037
0.03171770843338694
0.03260777681029488
0.02231439720008521
0.026703144191814642
0.04486796703290979
0.0351501639778826
0.005396390030179683
0.03051084700163929
0.09289004596232169
0.11254757661223094
0.07421266394331753
0.040669340228736924
0.060239854925319594
0.09450484828277708
0.10124441119013276
0.08427139037410455
0.061353093233696414
0.05059979326333262
0.05556699901141954
0.06635523214621224
0.08054149546464702
0.08597922046663237
0.055477692495037256
0.01577218571713334
0.009378841532072833
0.023304019347764868
0.021462023822384116
0.0003411788842931221
-0.022297331520871592
-0.042930792835894196
-0.040436235388353996
-0.022338023665239827
-0.032923114465980285
-0.053680701369840905
-0.05454529680462749
-0.05478009690814552
-0.04224044494873242
-0.0030320300410438335
0.014612316917311722
-0.01652041416311996
-0.04656462577479898
-0.02698880506652658
0.005100104378403921
0.001301914452031471
-0.007636633303044289
0.008765903713335597
0.009591107338186845
-0.03127582692569733
-0.06214130655624056
-0.050854372168036344
-0.020444982904262485
-0.0014080206384797663
-0.006763365584715273
-0.015688103928917316
-0.041639485136752016
-0.08858088739131394
-0.09793013632016896
-0.07343627308286609
-0.05638429255054441
-0.03766505766238474
-0.016047061349748277
-0.011451309847770782
-0.02459437190355078
-0.03524591252974196
-0.02339900873151417
-0.006937352938963843
-0.014893740834237574
-0.03265560940051885
-0.03143949861364779
-0.018476445602532688
-0.03392856061283214
-0.07332158465392706
-0.07622632324108543
-0.055201297501924144
-0.053523202051073186
-0.061833359681407934
-0.07430797131913755
-0.07569574755486638
-0.052838917194855964
-0.012561342806214225
0.02083406122798177
0.013542549577675554
-0.01574194436856763
-0.034251030389119905
-0.04347154309739868
-0.03310965064793658
0.003961294997104042
0.04256393911060253
0.0467978248468108
0.007489103139284228
-0.03512263100278513
-0.04710096762901539
-0.03412842803231639
-0.005294259956899227
0.02794346958987754
0.0489710007468838
0.040296939083917016
0.009431355116705946
-0.00682836674506462
-4.378981301609179e-05
0.01679080423072001
0.03679524077258675
0.04380678703527285
0.02859615134584056
0.007591586924521737
-0.0042448150983921944
-0.002671197331918748
0.011241610256091078
0.033244519648869125
0.05065830886689465
0.041816577985032806
0.006892208982536471
-0.02624579688605928
-0.02782178301495095
-0.013024164918131732
-0.017512481681592806
-0.018397131617302442
0.009612113712885298
0.031423482089079816
0.0231084147550359
0.006576721681294381
0.009491012853244411
0.04094387530755613
0.07441343951840568
0.0750635601313573
0.04565015010598055
0.004580047967787657
-0.016381212252299972
0.006693947581157492
0.03248084350488948
0.030609158892914733
0.03331323536980322
0.04173343030813854
0.03705565414335808
0.03059027480270902
0.022268591483887233
0.012570928060274563
0.004002249586089091
0.0007330473461898113
0.003366979112321798
-0.0017532403860665915
-0.006289099935415256
0.003133130932488345
0.020301837497983092
0.03199563961946692
0.03348954495900283
0.030746803639611128
0.030491257294176205
0.03599149457297642
0.04167986591061288
0.028033031098077008
0.002457482252203471
-0.009452561333346095
-0.010616955154216066
-0.008522634277147422
-0.015601459228135283
-0.03983214196355856
-0.05895490077621033
-0.04719602221410535
-0.013884263170786485
0.008728822566333361
0.010688442346735941
0.006219671235306936
0.00048319802372575596
-0.013167817707298551
-0.0196567705675501
-0.009199149577848325
0.0036417273884443804
0.013085779420762125
0.010822037151810363
-0.010780032713619794
-0.028544708721556625
-0.019973323213478427
-0.00727623140712423
-0.009740306058686076
-0.01219401429026983
-0.006317181104390911
-0.0025758194355933327
-0.008131202615496094
-0.019966555022813547
-0.04195831646633681
-0.05991090293695175
-0.05380854711326531
-0.03471950362262695
-0.018068208189801198
-0.01248107750809782
-0.018375774047092033
-0.0277864088371221
-0.02637549808772607
-0.009356584155541013
0.007942102115363414
0.015224357462637355
0.011392522459023538
-0.006439923699797101
-0.02899017206846219
-0.037813254448181906
-0.029913189302409226
-0.01823195715201611
-0.01635948481357753
-0.019214259499761296
-0.023692078347480477
-0.033254837946601695
-0.03207024403901182
-0.017210571999438123
-0.00706926360579911
-0.003907707126801667
-0.002701792515299871
-0.004484681896882517
-0.00318501993575136
0.0018724207596559968
0.0027124351905886807
-0.006701509934425938
-0.014097429819013603
-0.0006148075630407979
0.015499848968165477
0.011338190251788952
-0.001955716028642415
-0.012296100965792823
-0.02155443644689425
-0.0277464714730573
-0.02423537558356647
-0.01055682146339453
0.005640511187094631
0.00803596030635818
-0.011165263139853537
-0.036515254504886505
-0.0450610669390748
-0.026597986275590218
0.005689665554673142
0.028409679500808853
0.02411099369886289
-2.4961936071875107e-05
-0.016418478180005816
-0.008179086359019368
0.014399362687157195
0.02906069172828853
0.029387452641753933
0.019915476571343134
0.006138377387915618
-0.005063148179479481
-0.004956260653827593
0.005602010367362754
0.013379111893506438
0.012085291447386187
0.009650876293818472
0.005878958356345415
-0.0024881247116099944
0.002637895404869913
0.02555740544885011
0.04102971078264424
0.03980224094704051
0.04101791483489311
0.04654564458273249
0.048266755670666774
0.04581820989043287
0.032618070629365205
0.018457238594120542
0.02020739877484233
0.036173567767627236
0.044958528952678815
0.03253570863602577
0.010944664677963845
-0.0038813479849908877
-0.005334426463468651
0.007972307690111249
0.03230053304626869
0.04971165976711774
0.043990073477984
0.021332853852912063
0.001989870299300696
-0.0010563576357015415
0.010728673660751295
0.025713182394957585
0.031174930628688577
0.02347812727351368
0.007287697170829631
-0.008380591949470011
-0.015058012175724951
-0.003208342625082149
0.02273363947581713
0.038009462332929365
0.029327661135880843
0.006984900603030567
-0.014283617806125975
-0.023623504659388117
-0.016538867640901594
-0.003107428405044815
0.0018150937861633716
-0.0010348895236331642
-0.002563982057141358
-0.004982018740966273
-0.009377367880168071
-0.006099621482921128
0.003124233466724626
0.007384383102796146
0.00928328315278654
0.013711259154935665
0.013058168007061931
0.0010343040657719677
-0.014582190439732747
-0.02136514207667794
-0.016917169290314858
-0.008258999058353162
-0.0036101196722512358
-0.0055511887318016595
-0.010240286754810592
-0.016207481006440785
-0.024420561306746476
-0.02634283818919749
-0.013754634181699131
0.00490380364439767
0.013675624480457728
0.003782024159787037
-0.01806619896340293
-0.030368475211171635
-0.02358413267100735
-0.01256079947603653
-0.0030033232607278512
0.005868505888630276
0.00405500916109837
-0.006826920584702203
-0.011205129982624015
-0.004047420048738277
0.00408870103332086
0.008148468726850266
0.007660260290717127
-0.0013555329867055434
-0.01514791659882774
-0.02367055710381038
-0.023556389099090514
-0.016898002660731663
-0.006410696097646452
-0.0006105827010043723
-0.0023735526479378285
-0.00304513226806193
-0.0008951365643226631
-0.00011284333006925295
0.0003941934084416151
0.0012467535723292165
0.0038590636101094437
0.006764713333764612
0.006799532698463107
0.006925190843642856
0.003614712788626034
-0.0027613982780890093
-0.0028064604464325413
0.0027444731354568748
0.006331906687722721
0.006451857478157739
0.0063214990341345905
0.0034720973573872794
-0.0012771219885286396
-0.001413534879253685
0.0016151647535060736
0.004135351084764661
0.006183708557355513
0.006805999659762874
0.0040326272696578165
-0.0020642256443694114
-0.005430625255630617
0.00018105765333237
0.008937025069949329
0.01590805069033675
0.020655629349029966
0.01988950028655257
0.01547535901855708
0.010136665809169311
0.006272493448729472
0.008456412698655961
0.011774117100271349
0.009408481045159478
0.002906727685089326
-0.005125585895637016
-0.009054706689101575
-0.006506504672007506
3.3470114435256765e-05
0.007777626990941693
0.010145646592637893
0.006226427478855011
0.0025685372044088094
0.0021789349852155103
0.0035144585547256194
0.0038698285884540646
0.0032514588448527165
0.0033635639220858894
0.003882276267507838
0.0034715775330718497
0.0027752234778398365
0.004242586748526411
0.0037996885914468427
-0.000660877681802138
-0.0005633565358037766
0.005092644313225736
0.005311189263610594
-0.0021541430563525926
-0.007036393097731484
-0.00778255921458588
-0.009433987191739232
-0.008534540405139618
-0.0054217839847091115
-0.004457252913949413
-0.004627985374426208
-0.006074144546004755
-0.008647411933997366
-0.00818889985170034
-0.0022163102564067704
0.005229932462912981
0.007372900218188306
0.005845100034028909
0.004909560217417729
0.0025233013898887124
-0.0015191813591343526
-0.00564373085550766
-0.0066869701700211
-0.0027601421275439426
0.0011590441827129092
-0.0005844576367655006
-0.007672645550361014
-0.01225137782819895
-0.007733092478094373
5.508446098527045e-05
0.002731525918821037
0.0020163168031154576
0.0005706602700851517
-0.0031161323847777945
-0.007839866421608553
-0.008209949113352556
-0.002082472712551813
0.0038112124927982194
0.0034513169009388668
0.0004770918204362906
0.000740782464067729
0.004387268863309191
0.007892353273476945
0.007911897670273017
0.004991391833758907
0.002581572475760876
0.002745773559017072
0.004403696791383589
0.0038782011166241946
0.000677174030814652
-0.001741853412943635
-0.002026106473591704
-0.0017864160239850952
-0.0013677867442066683
0.0013703570679479196
0.004783832077648558
0.004634717178094917
0.0019397795554553768
0.0011328384720185839
0.0037952119071577263
0.006882787616416404
0.0071689528807372315
0.005693611654224491
0.004501042010078215
0.002714509162689207
0.00010609244657086941
-0.0021992799604994536
-0.0023061374848375457
0.0011714583718026427
0.004256211987151262
0.004170234992675694
0.0026585182503752855
-0.0009105363588006313
-0.0043806926773991076
-0.0027262760191980114
0.0020660612674566923
0.003233700758829316
4.362481662331076e-05
-0.00295621059957086
-0.004793587213398208
-0.005342066027873117
-0.003089944537174932
0.0009951625096941835
0.0032730199339315014
0.0021010957225403334
-0.0005361490004422058
-0.0021396899440128164
-0.000592371087063694
0.0022721049524959415
0.0018649859568095068
-0.0012423898781018612
-0.0032494045461966565
-0.0034207180650200567
-0.0032605474640689234
-0.004137262152374574
-0.005205616588363958
-0.005298502827946551
-0.005047645317810702
-0.0043116638393849716
-0.003967574765938907
-0.003394633188550699
-0.0008077224907163521
-1.9148422211698797e-05
-0.0025167883150104204
-0.004493542059925039
-0.0036062010901717774
-0.0012922555063440194
-0.0015222585628323552
-0.0025253147629520443
-0.0013069125959658525
-0.00042089907933104116
-0.0010617724711890263
-0.0023487136018943322
-0.0023199714266083954
0.00040986806048573147
0.00275022193826519
0.0017707710214788727
-0.0008239088008201109
-0.002182335942398868
-0.0020981975790431476
-0.0016541156822623005
-0.0008503683451228818
-0.0002680034284237989
-0.0008674569328109577
-0.0019360993076216516
-0.002566550921749265
-0.0022271655387414396
-0.0004217291882831181
0.0021396155968541127
0.00396313838015253
0.003047526874430016
0.0001812153937973306
-0.0009466984794530315
3.100692502950105e-05
0.0012006378947501536
0.0013855758971278455
0.00033301945180030495
-0.0010219976536369423
-0.0012677449982868238
-0.0008066983549848289
-0.0009153406238719546
-0.0008613004727048019
-0.00010990068516921741
-7.447077056711773e-05
-0.0004034776370063317
0.00022246401549357148
0.0007303293883968685
0.0006612071715205611
0.0008183185200091131
0.0006290958354348991
-0.0003544230299699694
-0.0007661501066006554
4.1645871629153496e-05
0.0005696283264204233
0.0003781389986011595
0.0008407716934327718
0.0010438761322909753
0.00027250416215517917
-0.0003034337942127633
-0.0006405741632667526
-0.0005914199901055255
2.290346046818121e-05
0.00017755862156246724
-0.001260551572149086
-0.0029804561551922573
-0.003021109713514456
-0.0022413500673514816
-0.0014463318003858886
-0.0008588767358317272
-0.001323913055617152
-0.0019390293443737364
-0.0016762019383016469
-0.0009065014666924841
-0.00014880046606212895
0.0004302208803235817
0.000817626365890547
0.00025349503146440103
-0.001455229334542106
-0.002485308033301169
-0.0016696584277866827
-0.0005290480330595526
-0.000100879993340213
0.00016133422933130198
0.0002575508948999539
-0.00010517112614578639
-0.0002913763959130086
-0.0001256873693599997
-8.232236475557246e-05
0.000313701239489539
0.0007299249727574122
0.00025757305895204207
-0.0001855574113180671
0.00012999018509124373
0.0003605265737507708
0.0002558521436365459
0.0002803504201800655
0.0003763978373397695
0.0002369316508072955
0.00026292995709791185
0.0003483237002555914
0.00022172257848177536
0.0006160244397578007
0.0012001017769254455
0.0009480440131537469
0.0002435150031849395
2.1095397248158038e-05
0.0002107521953896061
0.00011884328673260797
-0.00010114947611852701
9.992149725945839e-05
-2.002508297155201e-06
-0.0005095418836852277
-0.0005641307253485188
-0.00013919917505046916
0.0004693134941905718
0.0007404493715375452
0.00045069780041762
0.00042465815199723827
0.0010287280139392888
0.0015432738320195676
0.001333179449350338
0.0010094030506217033
0.0010471622527130616
0.0005306472728030388
-0.00024064285287462593
6.680233083992903e-07
0.0009897538240923594
0.0014264654472577495
0.0010700247866957972
0.000580654366277404
4.3654701933692024e-05
-0.00036407049388501457
-0.0002788598816970715
-0.00035150797257115277
-0.0005934442678526894
-0.0002778368675167323
-0.0002257973296007561
-0.0008174979126387585
-0.0008434928735697495
-0.0003375928597475984
-0.00024144417719450183
-0.0003927122415525185
-0.00043519361250990044
-0.00040264615412652225
-0.00033221724059352947
-0.00029340253220446226
-0.000459581067886852
-0.0005839542613629858
-0.000433725293557404
-0.0004918679252398301
-0.0008126948077816345
-0.0008703464668199842
-0.0007193878919364293
-0.0007259986077031005
-0.0008736405618127762
-0.0008620221981943059
-0.0006197301989299084
-0.000471308867803747
-0.00045058395172967066
-0.00044641892073500773
-0.000343995502856677
5.532986637953906e-06
0.0002550374787246843
0.00020213467898448558
8.52552719850142e-05
-4.9010799437593605e-05
-0.00019876101511865163
-0.00043270726758277164
-0.0006992627310585389
-0.0007346793945864585
-0.0006961904584258665
-0.0006711456091897149
-0.00045560630957873374
-0.00011752697821776616
2.999485365323736e-05
-8.517510096285205e-05
-0.0002738913455991433
-0.0004527654240824631
-0.0004003118392292058
-0.00013011451822663236
-2.3463107950947667e-06
8.728607215342427e-05
0.00021572132444987538
6.170004577640077e-05
-0.00027600683985471044
-0.00029395175733968465
-1.4788912602157717e-06
0.00017627485155119658
0.00012197100900251617
-3.945291755794181e-05
-0.00010777393317577855
-5.499196228508782e-05
-3.9590908083374486e-05
-5.1268659420354846e-05
6.010373580132397e-05
0.00023415313509065586
0.00016739324251159758
-0.00012076492361282424
-0.0002560192978347628
-0.00016792431653380602
-8.231695957780964e-05
-0.00011663797159992209
-0.00016068299587100384
-0.00011076182839900967
-0.00018687677099569398
-0.0004414289829604251
-0.0006307422525902535
-0.0007373411222435904
-0.0008617957734286907
-0.0009480103613322319
-0.0008541098971332732
-0.0007169407143704722
-0.0007991399790516728
-0.0009704596820633966
-0.0010085531738279643
-0.000835366012115
-0.0005681250182132739
-0.000443428165567875
-0.00033200709781312397
-8.322732831437353e-05
4.375896053482887e-05
-0.00010613723710739264
-0.00027858890477066835
-0.00029696692427012345
-0.00030398428673766837
-0.0003336648859813903
-0.00029057121368023794
-0.0001837965735803928
-4.633552239185816e-05
-2.524906160042475e-05
-0.0001937377778223722
-0.00033878653858493754
-0.0002758443962295785
-9.663703960617534e-05
4.166482390588219e-05
0.00010653386727897454
0.00012822972622976984
0.0001889658693721399
0.0002965294633153951
0.0003305610725134282
0.00029965496246322723
0.0003331925306915741
0.00036449595150094016
0.00026520182625884076
0.00012958445693384962
0.00012244867417926313
0.0002024634472927232
0.0002826069453130088
0.00038605015526279766
0.00044961269876976254
0.0004206247032962237
0.0003820718798195273
0.00039259804820164897
0.0004203941419072614
0.00045014986607942704
0.0005463299799859969
0.0006663593502117079
0.0007825710934080746
0.0009926255460562892
0.0011501679747452304
0.0010582287637425569
0.0008837052548459305
0.0008898837602574534
0.0010398921953144581
0.0010962028385327785
0.0009553470261811988
0.0007157949269349142
0.0005314469936145946
0.000420456896164053
0.00028691381689117024
0.00016212182716671207
0.00013039884168440256
0.00012020279636072584
5.318412968936567e-05
-7.574373201963971e-06
1.426988264905057e-05
6.262572326061804e-05
2.7378873637093767e-05
-5.635398301787e-05
-5.6253819358566636e-05
3.320828296298567e-05
0.00011480481107883592
0.00014760471059463898
0.0001324208532293233
6.882705080143983e-05
-3.4156982548239733e-06
-5.6847405042866075e-05
-0.00013532201816157332
-0.00023470804042787665
-0.0002877781804128981
-0.00026311052911954673
-0.00024436573512408446
-0.00029096522120937977
-0.0003002258393207108
-0.0002373582161663275
-0.0002101870613687312
-0.0002759099935523848
-0.0003511634680987589
-0.00038196061248685755
-0.0004208692683794029
-0.00042457198889525133
-0.0003412838924858349
-0.0002708446286345354
-0.00024413750918078313
-0.00020819883262815315
-0.00022112721970982049
-0.00029582005530134957
-0.00035699052067419436
-0.0004580399192934904
-0.000596411786201734
-0.000601895123542797
-0.00046972760651935186
-0.00038450501134688
-0.00040183754923809147
-0.0004265610124713098
-0.0003976107594140372
-0.00030431505214054236
-0.0001683562118587994
-3.592112683764765e-05
7.43698577663938e-05
0.00016840731509097252
0.00024571435623430503
0.0003042367970342508
0.0003503772442783073
0.00036829885235956355
0.00036969960697475645
0.0004225373067980801
0.0005399867667875473
0.0006621783930106269
0.0006897479439634533
0.0006020692766903382
0.0004939109208243863
0.0004262645791589971
0.0004258711118515189
0.000505545374775065
0.0006072391441975279
0.0006499674690854958
0.0006507051025270017
0.0006726858593740451
0.0006794256644297183
0.0006238416403123136
0.0005834531501441633
0.0006105139659069419
0.0006179312683022334
0.0005640057917023054
0.0004993779522234019
0.00042989063742639025
0.0003399313696215759
0.00026656117469866093
0.00025272027669368446
0.0002446191439397016
0.0001631194302797892
6.174714399255242e-05
-2.9044969006073367e-06
-7.22578103079584e-05
-0.00013149259866424964
-0.00013764223703152537
-0.00010595307640148749
-2.8820153733539606e-05
7.825919080536613e-05
0.00011393292720381598
3.2893394393454105e-05
-9.072729047989941e-05
-0.00016342777472095704
-0.00016597783008950878
-0.00016398071482576896
-0.00022103048779032082
-0.00032829282358652867
-0.00045307311311985226
-0.0005758475845720988
-0.0006540386234277397
-0.0006637311722572496
-0.0006508214463516031
-0.0006743748725712695
-0.0007289788064259615
-0.0007575991712983908
-0.000727833078840524
-0.000663804469361634
-0.0006178422561234196
-0.0005927467690347146
-0.00054844716302397
-0.0004884447993971686
-0.0004384449576667148
-0.000413452134309464
-0.00041055750090915745
-0.00039727325716530355
-0.00036935301951767567
-0.0003509969998361259
-0.0003427407936153469
-0.0003281430157224867
-0.0002737077129268533
-0.00018846113019108253
-0.00013457948256743123
-0.00010544027327646443
-6.219791507861733e-05
-2.1769665793505693e-05
2.400849719775874e-05
0.00010912776295164607
0.00020221847951741782
0.00025163443489925776
0.0002830688087861786
0.00035755683403540745
0.0004378422111408429
0.000464673139586585
0.0004664942267200394
0.00046905875100146973
0.0004651267483928695
0.0004431563561730399
0.0004049686926221519
0.00036555315686666724
0.0003428768823374727
0.00034076750649310756
0.000355558128072414
0.0004041855968641767
0.0004666844118214803
0.0004900539148325911
0.00047931899079961825
0.0004951337958735343
0.000548427102116008
0.0005920766555941641
0.00063437292096328
0.0007115206103504796
0.0007866734816898717
0.0008167568013938444
0.0008034942209320886
0.0007425138908086368
0.0006606782968036559
0.0006269326921405358
0.0006479009683838117
0.0006347757840598216
0.0005365814586182074
0.00042684745020277003
0.00037404961936397737
0.0003466805181436567
0.0003007463407510566
0.00023903198741933562
0.0001787772833400732
0.00014344260857731373
0.00012119062617295307
6.483456506754059e-05
-1.4997663943940697e-05
-6.617374163980167e-05
-7.609274285877015e-05
-8.919444500137298e-05
-0.00016212547427923565
-0.00027474301069201285
-0.000362708020934179
-0.0004360676557041269
-0.0005269968622661948
-0.0006130369526136816
-0.000663450142647727
-0.0006846174932816997
-0.0007075780391217067
-0.0007517367371610353
-0.0008064246381662277
-0.0008317218872726439
-0.0008098364138526272
-0.0007712059658205715
-0.0007309148599224344
-0.0006795674807395478
-0.0006251858510780918
-0.0005786536921589565
-0.000556529904114909
-0.0005719709402347572
-0.0005768607199945747
-0.0005132823432561337
-0.00041558220974084053
-0.00037671984758903994
-0.0004314813137197713
-0.0005052139762209097
-0.0005123764048755057
-0.00047241995749195656
-0.0004250491393565609
-0.0003585353826857974
-0.00029781681196703377
-0.0002645600315629856
-0.00022290821425379088
-0.0001766447400131241
-0.0001733632552998204
-0.0001796512975695627
-0.00010574227239307509
2.85426028263397e-05
0.00013835622494656063
0.00020589903034347041
0.00025953316335341884
0.0003140163234057577
0.0003676882830531827
0.0004107105673376378
0.0004322950519912968
0.0004597119697713631
0.000503076991636087
0.0005179626990930387
0.0004917868242853751
0.0004633204059953848
0.0004920144021737452
0.0005917738888430695
0.0006826389362602555
0.0007100847943805546
0.0007170702433885569
0.0007380162934071187
0.0007464138833755748
0.0007319212611108257
0.0007296748425393328
0.0007545848750073118
0.000773235749111405
0.0007551724570156736
0.0007053152068333296
0.0006470234687461923
0.0006046113710375253
0.0005652019365734749
0.0004920377534728851
0.00038686552812295
0.0002780204477601414
0.00020081579172211947
0.0001760251295490463
0.00016498643701461492
0.00012530568493701193
7.554394349581735e-05
4.3904081794093415e-05
2.2137560041527806e-05
-1.3155252259849301e-05
-5.4276142329814235e-05
-7.073643474992068e-05
-7.693721145822263e-05
-0.0001036364210753625
-0.00013923660934281809
-0.0001798432995905597
-0.00023604743117533003
-0.0002807617061084238
-0.00029089652044946907
-0.0003150023852135747
-0.00039102577604197263
-0.00046896979479462407
-0.0005042377737287682
-0.0005062791332704831
-0.0005053391158522729
-0.0005251036206464316
-0.0005602765000818163
-0.0005784284618391001
-0.0005664633131418579
-0.0005534857608121225
-0.0005490643909284595
-0.0005382273319482364
-0.0005245806435503932
-0.0005290671148844775
-0.0005670207630044748
-0.0006167195830975395
-0.0006435766297157681
-0.0006494973717668507
-0.0006558309428790692
-0.0006651137568266013
-0.0006601697808916721
-0.0006292151565094946
-0.0005804270120060717
-0.0005444243771259043
-0.0005349467547380989
-0.0005149439084606152
-0.0004477158579742659
-0.0003437721603684295
-0.0002464220024749664
-0.00017227843982627568
-0.00010302403718554567
-2.9753724299307625e-05
4.1770085014056695e-05
9.767065787099443e-05
0.00013645387523519186
0.0001789625796429423
0.00023015169287942633
0.000270629218092689
0.0002979581704791273
0.00032096563549701573
0.0003349220979310061
0.00034254394072197005
0.0003565502459532362
0.0003830401385727497
0.0004201107620591872
0.0004534516173099952
0.0004744777521046659
0.0004787410504564088
0.0004576119067068521
0.0004409394971336846
0.00047144697580527516
0.0005378191701852061
0.0005944209808471036
0.0006026399414866517
0.0005697039978473059
0.0005573160425046166
0.0005878845800916883
0.0006228475039429885
0.0006482754109351586
0.0006758389346078687
0.0006888884810740242
0.000666161571099075
0.0006255296307209227
0.0005818677580388943
0.0005282336798941331
0.0004712993186869927
0.00041783896194810935
0.00035517517900806954
0.00027696159812785377
0.00020544203910277334
0.00017015180329735713
0.00017100775287414756
0.0001733578996911685
0.00015146343341951516
0.00011360406231412763
7.008925306899612e-05
9.936301255672112e-06
-8.621636420908976e-05
-0.00019416645069731618
-0.0002541362285922877
-0.00026271990966568654
-0.00026923350511669344
-0.0003099103129714502
-0.00038170597518187794
-0.00045438240589333535
-0.000510605955467567
-0.0005483375381177889
-0.0005653011617754784
-0.0005697139248660605
-0.0005823778362555882
-0.0006157628649627869
-0.0006627000994227896
-0.000703226030482735
-0.0007112789211541889
-0.0006716539376605443
-0.0005927540713184633
-0.000509192382305308
-0.00045532087090917274
-0.0004222386178804537
-0.0003777816898422125
-0.0003127361123736585
-0.00024797673008312906
-0.00020707616575914295
-0.00018456623385525053
-0.0001679676392554648
-0.00018678536191474632
-0.0002586968830072366
-0.00033695168899472964
-0.0003778443676265104
-0.0003686223059447866
-0.0003144803652904067
-0.0002441207206003319
-0.00018575608828382635
-0.00013858602332430248
-8.105198779390629e-05
6.005729469242162e-07
9.504086163100816e-05
0.00017214164758885939
0.00021615692878719376
0.0002465851168889633
0.0002847113202161473
0.0003138010088253982
0.0003224254025074089
0.00035344350996730455
0.0004296182063102959
0.0004845698667126808
0.0004464307535576698
0.0003419250708403799
0.0002503823469175457
0.0002057098390606487
0.000204553867442046
0.00024048106403586395
0.00029987773127306444
0.00035582642945482403
0.0003743239130905072
0.0003551356458879105
0.0003365655487914539
0.0003463040859398406
0.00038172794996496655
0.00041835732038920367
0.0004297851261625582
0.00041311148734341104
0.00038862918034499337
0.0003784045566184209
0.00038118643529464955
0.000367616895552286
0.0003199254224453905
0.0002494155816227467
0.00015950484625567197
5.1715807894463915e-05
-4.957162580935398e-05
-0.0001230417831003621
-0.0001556036865236936
-0.0001451449159383627
-0.00012611392732858433
-0.00012912008818709007
-0.00013000073203215255
-9.818623031655393e-05
-3.792003961722677e-05
3.1752981775542994e-05
7.275922575983036e-05
