0.0
0.0
0.0
0.0
0.0
0.0
0.0
0.0
0.0
0.0
0.0
0.0
0.0
0.0
0.0
0.0
0.0
0.0
0.0
0.0
0.0
0.0
0.0
0.0
0.0
0.0
0.0
0.0
0.0
0.0
0.0
0.0
0.0
0.0
0.0
0.0
0.0
0.0
0.0
0.0
0.0
0.0
0.0
0.0
0.0
0.0
0.0
0.0
0.0
0.0
0.0
0.0
0.0
0.0
0.0
0.0
0.0
0.0
0.0
0.0
0.0
0.0
0.0
0.0
0.0
0.0
0.0
0.0
0.0
0.0
0.0
0.0
0.0
0.0
0.0
0.0
0.0
0.0
0.0
0.0
0.0
0.0
0.0
0.0
0.0
0.0
0.0
0.0
0.0
0.0
0.0
0.0
0.0
0.0
0.0
0.0
0.0
0.0
0.0
0.0
0.0
0.0
0.0
0.0
0.0
0.0
0.0
0.0
0.0
0.0
0.0
0.0
0.0
0.0
0.0
0.0
0.0
0.0
0.0
0.0
0.0
0.0
0.0
0.0
0.0
0.0
0.0
0.0
0.0
0.0
0.0
0.0
0.0
0.0
0.0
0.0
0.0
0.0
0.0
0.0
0.0
0.0
0.0
0.0
0.0
0.0
0.0
0.0
0.0
0.0
0.0
0.0
0.0
0.0
0.0
0.0
0.0
0.0
0.0
0.0
0.0
0.0
0.0
0.0
0.0
0.0
0.0
0.0
0.0
0.0
0.0
0.0
0.0
0.0
0.0
0.0
0.0
0.0
0.0
0.0
0.0
0.0
0.0
0.0
0.0
0.0
0.0
0.0
-6.052043865492024e-06
3.130359378934453e-05
0.00015804588418301608
0.00032959520924531483
0.0002842491701084904
0.0002163327302429334
0.00022599474783464879
0.0005198525846877363
0.0014241287886699358
0.002907421145955743
0.004411398468564704
0.0056791512305435585
0.00655323824092687
0.006892571823631834
0.007211569513030205
0.007273566822443285
0.007371420089366745
0.00855190684517255
0.009993373229355562
0.010283454352961423
0.010338102534751552
0.010089932009578367
0.009882580534479967
0.010215257314161093
0.00984056510952683
0.008529677178228647
0.007797490261641714
0.008097740580992328
0.008202236413451336
0.00801096528413254
0.007795155008314566
0.007339993890176945
0.00643810800349112
0.005400957594580223
0.0041638342611888595
0.0031008703960231725
0.0028588545747544112
0.0023505071046631323
0.0015068571177894745
0.0009308293454756434
0.0013459140559714453
0.0019209369592803063
0.0017661221662415407
0.002321642205280169
0.002993769201601477
0.002086703193339999
0.002499914785732731
0.003931398344836726
0.004279894512453844
0.004537730158486692
0.005350155689894671
0.005407504415344816
0.005628343971537786
0.004949609415897135
0.0039046954668648256
0.0033994572688414233
0.0032735746727110843
0.0023350312146083892
0.0007984552096544417
-0.001208381400949757
-0.0030203970020766164
-0.004290698273246518
-0.005160364441979925
-0.007112860186614286
-0.00912235282144686
-0.01002098962026738
-0.010247633136962732
-0.010139423281996083
-0.011193347144493881
-0.013517192452104282
-0.015545992845247764
-0.01637400577776051
-0.016860147003520252
-0.017803318220190115
-0.019598901979172932
-0.02151675856151385
-0.023379307736063493
-0.02483467923966269
-0.02573830633885855
-0.02612685669019687
-0.02553051194654333
-0.025551791335319925
-0.026915321239545403
-0.02906285419343469
-0.03099261195742351
-0.03187431796122034
-0.03169494471185032
-0.03200789366636549
-0.033211879476080806
-0.033568963432334294
-0.03346098738942049
-0.0331052095936202
-0.03204652634610816
-0.032191187564179824
-0.03420246913924628
-0.0355886212699686
-0.03636042189080623
-0.03855234711617895
-0.04076741813558387
-0.042990730955168886
-0.047040427939354645
-0.05232852519126057
-0.057283125985762684
-0.0608174696139563
-0.06229169254806773
-0.06310692250181835
-0.06500145595731131
-0.06807234360775363
-0.07127723796889793
-0.07265099088555617
-0.07420214633586882
-0.07843731638258285
-0.08272589648514493
-0.08488036022871405
-0.08615156187323732
-0.08507488579627391
-0.08039533020156933
-0.07581253561197125
-0.07561811548751748
-0.07688150821541843
-0.07317203441158084
-0.06901836102116077
-0.07039853219625523
-0.07233214964939325
-0.07084005982009117
-0.06515262541656679
-0.057684946186198814
-0.05197734518829336
-0.04604502013201258
-0.0370203654685529
-0.02429277607996152
-0.014719084832361663
-0.014236409236628993
-0.013651292067387978
0.005277744473525301
0.04093155307131823
0.09358724861367523
0.16164578936584595
0.19096117813775285
0.1862840338479295
0.20588514608382072
0.2319152439430689
0.22930097034522343
0.20025907707471097
0.1711647823015805
0.1321241438844582
0.07374179284689224
0.052252725474005994
0.06163804245078028
0.047689955614475955
-0.006786814654742619
-0.054922988465046084
-0.0034399932528958684
0.10608168844318319
0.15730571173124902
0.19653122451026128
0.26501281260027115
0.2792759424982985
0.2768365599919956
0.32874559639854734
0.37946356535353015
0.37609367467450844
0.3460088520493815
0.3640045397824875
0.434112501167838
0.4787506231402297
0.43294712545591657
0.3247598263576671
0.2592538778731458
0.2785108772879967
0.3387743308235083
0.36863104875111946
0.3522280491942454
0.328094390596157
0.325824747823491
0.3327583651969506
0.3324608394175507
0.34725731818008704
0.36055785577252175
0.34872584813560464
0.3328110074408526
0.3464909212297895
0.36646815108572417
0.31408535257430104
0.2327275625000805
0.23932716779032548
0.3219290362887181
0.39587659752263277
0.4155488171256049
0.3965271287035524
0.40219713370546817
0.4268303290028337
0.43561913479952113
0.4588600977020274
0.49683183447860263
0.4978526485402553
0.49219803924546196
0.538318869935601
0.5730004053538231
0.5607768730083598
0.5258885205557909
0.46937365259807856
0.4131561476771748
0.4025596883637047
0.41685416972297773
0.3914640089304696
0.34948015875707283
0.3252442012486229
0.32816290732286146
0.3373082883721234
0.31883814874500216
0.29678398984613164
0.30343449603648426
0.3092480113753231
0.2766288010046181
0.2681034731201917
0.3182258134680926
0.3497461439299042
0.355405726694762
0.3644469335611154
0.3394462311487047
0.2987945744068586
0.2903809624930193
0.29127139582196054
0.26889120046682247
0.2538403856657262
0.26123974509063574
0.2628779050507619
0.26346648508415166
0.23837916251649552
0.18684729234692923
0.19642454268938087
0.2413124060185733
0.22021603618295993
0.16855066056126136
0.1328337196188971
0.12520358528885742
0.15357497471415227
0.16759770723124823
0.15245095966510835
0.1512623805386668
0.1751203632085474
0.1657722029134863
0.11632182109414398
0.10349871355778366
0.09466003127222539
0.03240131246445825
-0.02993579450874281
-0.06875164418985603
-0.10299046482147768
-0.13971897861489224
-0.15230650381522776
-0.13958592893184463
-0.14750499499599928
-0.18194027852808078
-0.23376899307916615
-0.2733229223405583
-0.27128853861504043
-0.2730430798942693
-0.32041262166641865
-0.3615059369773486
-0.34308199783030924
-0.2975711460532478
-0.27068109244778876
-0.26902063352845446
-0.2563063433288099
-0.21976157941353852
-0.22163738598456748
-0.2642777512987076
-0.30815026592579625
-0.3627816427753334
-0.40091867908554957
-0.37764644293947414
-0.3213861689487247
-0.27729049202239353
-0.25811567725037937
-0.23786149817272098
-0.2020356556624924
-0.18028326436371425
-0.23347464087375158
-0.33898581324724275
-0.36861410246513093
-0.30439917803184974
-0.2753183844222536
-0.2761015270898526
-0.22370942066370864
-0.2056157828607614
-0.2504383035468118
-0.3000446478262728
-0.3652147183876279
-0.4011515736139265
-0.3626181831083766
-0.271750903012104
-0.1951160834750274
-0.20550748499375174
-0.2558500806487003
-0.26200067382286335
-0.20635421532973927
-0.1610883732420411
-0.20370115364672303
-0.23299411623626576
-0.18695234260908675
-0.15707538246750455
-0.17298080043034803
-0.18041222104642782
-0.16016777974528223
-0.08655524521225987
0.010818839907267725
0.03917668739602909
0.01710163400787068
-0.000350031630911338
-0.02605523119548392
-0.02868141097860361
0.04989142987846826
0.13077072216378072
0.11346139149292236
0.04074642501982915
0.0032591390858175387
0.0341129996365632
0.1035038398321361
0.13195718642348167
0.12999731305066847
0.145613789366651
0.15961163596402622
0.14547899581485266
0.09450510005417238
0.03300231624775542
0.04654666660096109
0.10281667382046877
0.11460895826492137
0.09581131747085228
0.05957770546059387
0.015591020749664284
-0.02242384893403954
-0.07201157415644303
-0.11442408175138216
-0.10719882577112894
-0.03822436899220212
0.026827653718692796
0.015537385643958318
-0.041187995660059776
-0.04066824003984304
0.05700778608573869
0.1585669635814164
0.13242787202817521
-0.01803514683089756
-0.14317560353834255
-0.13495520844026976
-0.05740160529072601
0.0058788111164543065
0.026901166336204024
-0.008247962172383808
-0.0498411969891191
-0.04868038710292268
-0.036328885610618915
0.014023797587898037
0.0756506749340256
0.04335727037356819
-0.007236504638850402
0.010128452235849005
0.02330355957544225
-0.026421834251033186
-0.10835349899400114
-0.1666064937122113
-0.17478483240028178
-0.1709028800046196
-0.15395824339427136
-0.08025150594059373
-0.015237247597169651
-0.03814877671085107
-0.07227292003004672
-0.022231099021940533
0.0711115117137915
0.12140599122429689
0.04015991844854312
-0.10983111890210787
-0.14680264915008912
-0.09515779263637171
-0.08241740222500922
-0.11306779915201208
-0.1315332282896267
-0.1129695525127162
-0.07349082216831328
-0.042712656392952734
-0.05189994194793802
-0.08916339146139574
-0.10429267234747486
-0.11683360740475321
-0.08293816671654089
0.001938142578145458
-0.044957672846184044
-0.19232978431615155
-0.23375813647274596
-0.14991674569266678
-0.043752943331732366
0.0258274621408594
0.05437623114330522
0.04383503805078367
-0.009530296615322535
-0.09314842679636272
-0.13438972389163445
-0.06922927939881747
-0.0038687264426409003
-0.07848227750047372
-0.2028121753240402
-0.2250665401825176
-0.15601253185118347
-0.1196808632511612
-0.1817379025399704
-0.2323180535982612
-0.1950615014228013
-0.16415560120603498
-0.1709232329562527
-0.12326711080857707
-0.039021878338759315
-0.0065621062180207055
-0.02838887824039695
-0.06608097056121577
-0.08456261953578424
-0.08939834792462678
-0.10648599751371425
-0.10858566809590003
-0.0767503333514006
-0.04021469996030242
-0.03934631163412001
-0.09321735490486918
-0.11475276362511043
-0.06493040113010194
-0.035487536207188884
-0.04559826980597608
-0.04909370309735725
-0.057415768363894906
-0.07510828047881053
-0.0645013930858769
-0.05279432391475589
-0.04877355564992824
-0.04487249880189968
-0.05929596344523293
-0.05341893372358612
-0.017824260380551092
0.026195166558717873
0.051580603483527714
0.04263234179786784
0.02378080629292678
0.005806852825893111
-0.004025226122643079
-0.024875698776236962
-0.057565630656063196
-0.05514563692749402
-0.04119035879889379
-0.05247539395428803
-0.0625629699268336
-0.04794221828821253
-0.005101669000846274
0.017427034609014885
-0.011288898893678937
-0.022780177342924944
0.0105071691832328
0.030288950444552994
0.0037844591351057495
-0.03428093254786973
-0.019857747286997306
0.037959909567538384
0.04780875687634852
-0.007519094926365007
-0.03931054061256556
-0.012249332606860175
0.00924955944034084
-0.0018432079761567957
0.01052455952176575
0.02958856477136251
-0.02043043332499323
-0.08551857876864266
-0.08841571294982703
-0.07223287244268715
-0.06167503935201305
-0.029105333877491573
-0.01786962521848613
-0.05454671686976652
-0.05292927212994808
-0.0005580489078418312
0.019220378202793976
0.023865520344481462
0.037850192121960294
0.019462949258880775
-0.004494797950390957
0.006506003116429449
0.019648090608395233
0.029610119779998313
0.044852690148505764
0.01773340570313673
-0.046018582788850265
-0.07704706332583845
-0.060147061368459126
-0.02497881582980201
-0.0033348117241061457
-0.013015150788749732
-0.021817669848852497
-0.01886217220689575
-0.0192903987414625
-0.016679819231284344
-0.0023742821260690776
0.02012441936456393
0.030029983282450743
0.026566547236776525
0.011780360577164802
-0.012415129151196792
-0.011065839680119306
0.029647242290475204
0.0557592904401637
0.038823994258001114
0.01517386236818354
-0.009261249919982738
-0.04764453642633868
-0.06360095455784733
-0.02677568136049559
0.010154468466507614
-0.017172809917577338
-0.07250144630610988
-0.08790520316546674
-0.07155488198506978
-0.051922709366709355
-0.03459200990384427
-0.021853965382567623
-0.018837082215453032
-0.01980093192906574
-0.021926147795083784
-0.023633501509396578
-0.007391858255302518
0.009587280100383481
0.002164633447729988
-0.005557844373846717
0.0017655623606199695
-0.002360783885228008
-0.01993599168047077
-0.011506878449393148
0.014835643684992336
0.0013976953177557469
-0.038618182626156024
-0.037731297178163356
-0.003339384427550605
0.01144685279391033
0.0090569085293886
0.01823566330214394
0.033019024266962016
0.023255348823450626
-0.0010848461770222842
0.004419041900141278
0.03804614636425164
0.055493292985053976
0.0437835549307506
0.02604785054821905
0.02816608191834273
0.04786469494554545
0.0557196300232056
0.05902085660535546
0.06869814315307506
0.05818506667537011
0.029445275168084133
0.012822284713935695
0.01573174827788077
0.03672765264085157
0.061835616475102086
0.0656924225445556
0.04259131716094024
0.019672520606804966
0.023166229422047088
0.04080065872827027
0.05042266985024531
0.0521124396344945
0.05888279824205994
0.05004465549506427
0.021968313347303467
0.019794279254666536
0.05292054000420872
0.08569817469318806
0.07658465134346946
0.035618299378137784
0.02430159951647986
0.037075949625857654
0.032711654420267584
0.027561412200813616
0.042156288833489014
0.04936059184295464
0.022438107836558925
-0.0036443448596799157
0.0006926820158084243
0.020694499245666513
0.0326335857658495
0.018809148113266703
0.0016280847341912897
0.0032132030655402316
0.0024146433694460564
-0.00114179706175463
0.015298420839705024
0.03770605937234171
0.036112559767250293
0.02376353324659799
0.019997482243707648
0.01656994482801598
0.015180060220552417
0.018670950578156518
0.025173742945978607
0.028818477365925594
0.020114821339992133
0.007472715252586025
0.003675083102541975
0.008201609156827622
0.015084043315461768
0.018976341475315437
0.01606877034603523
0.0004512129254180153
-0.014989874604983244
-0.013535696850953923
-0.002961931815645344
0.005876393060955953
0.004932336085680874
-0.0004970676177575206
0.0001367199054002775
3.578087344437589e-05
-0.002085630289845972
0.0037517485681601882
0.012732315431222743
0.009273624901537844
-0.004884266383450345
-0.0025141059199185103
0.014744171054886374
0.016363086520777913
0.007069408283968514
0.00351031373720412
-0.00029663698920967915
-0.008721484838285658
-0.011389608523017838
-0.006773104898461964
-0.0019770308449707915
-0.0023563913862823293
-0.007069743115021443
-0.003838096875350345
0.002476085929309039
0.0013647456751719495
0.0018176435889434087
0.007304381716934457
0.009269727321121414
0.0030082822538613587
-0.0012983115922842923
-0.00033798260847054925
-0.0028994185837344253
-0.0026610995654898694
0.006132443590108498
0.015797474880721467
0.01723092480990293
0.010446494389332506
0.0022331503158888565
-0.0012574458800102854
0.004530568709415058
0.013092295113704808
0.014330646429391638
0.010355936890219315
0.005818442434678434
0.004726222814587557
0.009199981020470949
0.014860652130722738
0.01735902260657412
0.016133350250966624
0.015064888877256872
0.013056787023247063
0.008907174785530634
0.009143887671151695
0.015206110072027107
0.019932398286221387
0.017618620114028736
0.01371725986087761
0.014882700434970197
0.01649667685354789
0.013903687625755862
0.011835577149153956
0.0136499872636642
0.014244081955655354
0.012807367854881433
0.012004307131222917
0.011601262638232405
0.015003637842050856
0.020163261272507244
0.01776821733919143
0.009362929904154861
0.003539881686307356
0.001442067935765744
0.0010161187604358732
0.0032177763129337443
0.005996327110669097
0.004611008339754349
0.001569216920086088
0.0008524766559496393
0.002227150319020815
0.006247388141353022
0.01066614936364333
0.01144790339543916
0.0055430171224088234
-0.001882310795128161
-0.0011456086027126465
0.004132088675024681
0.008072929532057259
0.009390091995909674
0.006182318331754111
0.0021095443697626962
0.003483492991146724
0.007753790714566478
0.007278122157125992
0.0033401516329571086
0.00114091080919858
-0.00033886484160498023
-0.0026006790987496624
-0.0037896910687496765
-0.00020450988399316615
0.006459692931219282
0.008171582141215071
0.0056131148507900085
0.004131438140435192
0.0053566270590066035
0.008705093498186493
0.010058841667585961
0.008195053839264508
0.006173910165149408
0.005444970169950734
0.0039162549401202005
0.0018536002014355284
0.0019552467604441476
0.002534422861436009
0.0022600198569286928
0.00036959844740342156
-0.004118464313496094
-0.007605273188385807
-0.006579015373986966
-0.0032999181566432004
-0.000725742351593708
0.0014645014212767507
0.0019612000502962656
0.0008422616264399023
0.001086020491199155
0.002223807037377943
0.002503286141170803
0.002464654223762585
0.0022903696455279328
0.0013864001903449933
0.0004061074387496161
0.00017200118626029305
0.0012959143530315964
0.00245444375509427
0.0019519171652777314
0.00031743164269098807
-0.0016102664232478835
-0.0012175349841343983
0.0008001448422837039
-0.000750388638459231
-0.005063467820514112
-0.006110406970075388
-0.0038446222318852417
-0.003174956297135921
-0.0024288789689614182
0.00041798021236516444
0.000827418759007839
-0.0008500641574937228
-0.0010871765884826249
-0.0008969722071051339
-0.00019709998337337031
0.0008839247918101806
-0.0004076862745517004
-0.002370057088023099
-0.0024556672225730645
-0.002778657063676599
-0.0034042704575316662
-0.002341642697104922
-0.000989472286883261
-0.001231682843716668
-0.0013101592756196232
-0.0003340252200482814
-0.0009120014097790061
-0.002118912147339211
-0.0009515665742504954
0.0012524193507265386
0.002118950262696027
0.0022461124531977434
0.0018534262195078353
0.0006210912764714555
0.0003271113698446922
0.00048025733097947185
-0.000300775960741079
6.596057745504792e-05
0.0018633674719643238
0.00231092623782512
0.0013519828427561934
0.0012570904016627098
0.0021569186644823
0.0033168754595299045
0.0035684395155057037
0.0019253814081889318
0.0019778139215093056
0.0039299975914350955
0.0034286716830330285
0.0011065000857900034
-0.0003298045108334148
0.0004155247643748469
0.0030080217866995146
0.004497952994675567
0.003402179479756575
0.0031909910334094425
0.004734594447600942
0.003891641777738447
0.001644163920024235
0.0016757041696106227
0.0024950934216294747
0.0019748657711623156
0.0002661494986528978
-0.0015044250094887698
-0.0012591481922898204
0.0002307899209257878
0.0002487792405324427
-0.0006314184025721989
-0.0007694543665746411
-0.00028112328708327624
-0.0003013514392428051
-0.0006470302534066555
-0.0005022675957423541
-0.0014546523158966848
-0.0032024074816034147
-0.0033515670496402582
-0.0030274567065910365
-0.0036471438869307925
-0.004039430518228355
-0.0034993100142876937
-0.003259296757433418
-0.004253948659840009
-0.005499131288415848
-0.005806441295061829
-0.004948012635190724
-0.004195522129658209
-0.0051017790261784395
-0.006664800286836126
-0.006599874433379035
-0.0057902479295961345
-0.0061901469799974535
-0.0070491215456509985
-0.007101104860725724
-0.006300633826245725
-0.005732582808231061
-0.005795485469613276
-0.005976354198473772
-0.005769256707727862
-0.004632127855728198
-0.0039304045281057685
-0.004704986389624552
-0.005057413854638711
-0.004196975589709731
-0.0038416512043925504
-0.0045696936431886765
-0.005098857957821699
-0.005122270342193745
-0.005118008172174525
-0.005044761228690126
-0.005034356584360405
-0.004752432597374059
-0.003844205229880127
-0.0031579699379847685
-0.0031358647089949573
-0.003077133206899556
-0.002937485746968852
-0.0024998539625194233
-0.0014112580156536005
-0.0011022713747525018
-0.0018036884366727673
-0.002146913999442919
-0.0017768639152845717
-0.0010118541250057757
-0.0005004755043176249
-0.0003478216310117451
1.1611906810271198e-05
0.0007989669723894909
0.0010519706393740185
0.0003102558073718054
0.00024053105585234647
0.001075880112807407
0.0013700488598139605
0.001445443627377342
0.0014940244378145564
0.0012570263929840603
0.0016703599150182415
0.002344490631857434
0.002255200380707886
0.0019500844703592135
0.0018935184958078699
0.0014716143700314068
0.000705942912638165
0.0005297100079489162
0.0006451125537995282
0.000605562342041083
0.0008820910420325728
0.0007650947880693798
7.175210827776655e-05
8.3586697968952e-05
0.0006408527445352667
0.0006341243030306567
0.00012489261354783792
-0.0002516914901130116
-0.0005446524713560194
-0.0006226735874518857
-0.00023089997688308182
8.836841318067448e-05
0.00018984190409096626
0.0004656757582140277
0.0006307808090424022
0.0002913442240115745
-0.00014907191741377719
-0.0003831431482124682
-0.0005113365182888275
-0.0004993775348433782
-0.0006463171084860225
-0.001317102705912639
-0.001988043497637903
-0.0019610202543699396
-0.0018830510864779831
-0.0023603061721413575
-0.0026973625424670505
-0.0027289291800529744
-0.00282745773493853
-0.0030669177182394464
-0.003441285036084607
-0.003563938337784197
-0.003421381809173422
-0.003498444599177287
-0.003591332284543768
-0.0032866971699942924
-0.0029623463394112854
-0.003104768643134088
-0.0033792560550396263
-0.0033536824338328817
-0.0031799472005808994
-0.0031545274997012754
-0.003405810155284591
-0.003626442874072026
-0.0033247454992710477
-0.002781111694742214
-0.0025426941051504585
-0.002327821689634203
-0.001873283750472433
-0.0014966426151478579
-0.0012587738476615357
-0.0009475825165200085
-0.0006402611672909062
-0.0005256977589783126
-0.00031187302968487777
0.00021068537323442268
0.0006743099644808659
0.000895905314883638
0.0009262099890141644
0.000779921615406568
0.0009050206623706145
0.0013055960520260434
0.0011639867979648503
0.0007448868723571878
0.0007692501452074533
0.0009010916263117298
0.0008352589836664445
0.0008262085389208764
0.0008490692289688115
0.0007665187244773478
0.0007850028402898574
0.0008739089771729095
0.0012432207124661173
0.002121313285904918
0.0025667835262554507
0.0022155052904806816
0.001978783383140781
0.0022544967983944577
0.002557605341232282
0.0025029656906013667
0.0023358941259591995
0.0022489506127651277
0.0021508142636908843
0.001976975244029746
0.001735485118787359
0.0015291873735594644
0.0013279422082994275
0.001085934630758065
0.0009362353957078411
0.0008104704133421248
0.0006472347979210419
0.00041835503351369445
0.00010009349866704068
-4.064359629853061e-05
-4.3633101380111934e-05
-0.00019675662722862657
-0.0004724142004105496
-0.0007746086550873215
-0.0010903712795879256
-0.0013188652110195458
-0.0014424449343005729
-0.001546602085708127
-0.001623240806410993
-0.0017189637538974328
-0.001880679567594997
-0.002031954005953933
-0.002124596846021
-0.0021442748958966757
-0.0021046642636680713
-0.002085803141045215
-0.0020129967768258354
-0.0018501586322237423
-0.0017612929695836796
-0.0017737033588726718
-0.0018204130185694393
-0.0019442129164950921
-0.0021279463899808813
-0.0020663093673436205
-0.0016959082087575007
-0.0014249194301621474
-0.0013339590530535253
-0.0012689046018192075
-0.001329377068765974
-0.0014682170350629492
-0.0014367529123620432
-0.0012819363997406596
-0.0012285320917877415
-0.0011936891141503061
-0.0011321242395995628
-0.0011433993266426004
-0.0010989966591687052
-0.000944707377385365
-0.0008340062939265119
-0.0008124993739576026
-0.0007280912973703153
-0.0005401152887734317
-0.0003198350534964772
-2.0380765768970944e-05
0.00017596607456818724
0.00019650708012203944
0.00029164307235978956
0.00041740030703095536
0.000518659347950704
0.0006380059577550842
0.0006512682467774886
0.000639381462770632
0.0008232152848643802
0.0011359974368595719
0.0014623882506481444
0.0017635488033207307
0.0019606821871036477
0.0020490499892662577
0.0020528118994658467
0.0019394847631145824
0.001791518966021222
0.001871535034659436
0.0021223289046463797
0.002159837442918477
0.0020122362303173383
0.0019562618877013755
0.0019955158504692616
0.002039451706631281
0.002049005804141655
0.0019917840977812682
0.0018651369034190656
0.0016866253313681655
0.0015266971004926546
0.0015067835061161868
0.0015115152389481325
0.0013744479174446964
0.0012115287809079354
0.0010789140434660383
0.0008789240710482333
0.0006461063212565332
0.0004248738091875222
0.00019135288062305624
3.53054146381665e-05
-1.5587090034282406e-05
-8.3185745926163e-05
-0.00022877630468575312
-0.0003863371702752565
-0.0005202222065743573
-0.0007043924400156745
-0.0009140813519983659
-0.0010016985666911578
-0.0010912410943802948
-0.0013269411898678327
-0.0015010513041547426
-0.001591596848201495
-0.0017140283556549135
-0.0018087898164639534
-0.0018346777206926024
-0.0018095170632128111
-0.0018334607077701629
-0.0019115370969324781
-0.001867264168091741
-0.001661978548939457
-0.0015347117587832311
-0.0016273076114024887
-0.001740189749182515
-0.0017105654104148844
-0.0016301915114885865
-0.0015328605881993614
-0.0012796073956065975
-0.0009524063995062597
-0.0008438693678237736
-0.0009179403261522023
-0.0009219351120378316
-0.000780165713819346
-0.0005117592048944508
-0.00022631060938285087
-9.822970143421401e-05
-7.208797621118547e-05
0.00010369957639712827
0.000377175764225218
0.000475477884779222
0.0004055957628798894
0.0003326120464836073
0.00039211773417244597
0.0006335802533616756
0.0008954745979697595
0.0010374177708879003
0.0011452433596631413
0.0012876215256435678
0.0014242250369004758
0.0016166278199684248
0.001841637452517571
0.0019310645658887056
0.0018740412781163816
0.0018084942808001196
0.0019012909317989476
0.0021012528111687494
0.002192395370870311
0.0022178347933494037
0.0022577928715192914
0.0022184658114923197
0.002169788933442599
0.0021984962566639864
0.0022551018136565057
0.002309974158618289
0.0023174026864763624
0.0022768641979189373
0.0022411624531336652
0.0022347700858127094
0.002253955542598345
0.0022387989696091523
0.002076687137998036
0.0017552756807427802
0.00145577625841201
0.0013144899073673417
0.0012409009550778717
0.001123257049648843
0.0010158248361458694
0.0009353522350736091
0.0007844375512186155
0.0005915186580901364
0.00046531902555505336
0.0004333953752404126
0.0004166988070051551
0.00031614347481743224
0.00015290132907078103
1.7604380221287712e-05
-5.040577113566052e-05
-0.00013250235057867088
-0.0003197534102209119
-0.0005145190257121752
-0.0006059437127760839
-0.0006171397424300966
-0.0005869582643034481
-0.0005963464137647965
-0.0006786459713371982
-0.0007642035167400319
-0.0008466951504038635
-0.000948873740958353
-0.001016676979971527
-0.0010404396879228628
-0.0011020870284703349
-0.0011885965240949904
-0.0011868768074535614
-0.001043355313778974
-0.00090472688928243
-0.0009735807606761506
-0.0011620338173781858
-0.0012475069825023126
-0.001222236424403753
-0.001182052411663577
-0.0011698630041741792
-0.001166257002950135
-0.0011163864579262813
-0.0010736497226782962
-0.0010787067572481052
-0.0010614585718663322
-0.001021303037136797
-0.0010225842994324886
-0.001064478565098841
-0.0010541798859927045
-0.0009112669135266163
-0.0006497722198528022
-0.0003442351657757929
-0.00010302933139071253
2.839059429512865e-05
0.00014047571637098804
0.0002645557412514854
0.00031551761575603185
0.0003344034414641519
0.00043914624816115223
0.0006160681970709456
0.0007447554385973886
0.0007568518547911971
0.000764258663926037
0.0008506145181354183
0.0009555903165877701
0.0010408503675893882
0.0011079495174178865
0.0011761272366862905
0.001262943049930428
0.0013533449319793577
0.0014391332744791872
0.0015250154128707949
0.0015935640385112372
0.0016207537664901129
0.001595370503664205
0.001542619505455126
0.0015084573763210684
0.0014886066930612715
0.0014368282592653668
0.0013702047504306617
0.0013606780600563114
0.001396441371051903
0.0013571481072411626
0.0011897029034809426
0.0010247059344210502
0.0010004679958809076
0.0010537877229813072
0.0010084193083204067
0.0008336842139200262
0.0006307050426335296
0.000470194853966822
0.0003484919064775981
0.00023681085346639877
0.00014622308932068072
6.0026751485957485e-05
-5.478091196572512e-05
-0.00017168724600306713
-0.00024249994364334383
-0.00026239437688612403
-0.0002988139716708729
-0.0004136936594731016
-0.0005854802217024167
-0.0007532909244782387
-0.0008649691985961857
-0.0009206303491179588
-0.000980588822936468
-0.0010388521966799178
-0.0010384764246606961
-0.0010254692831046359
-0.0010770532836875926
-0.0011615692898581569
-0.0011772044709305836
-0.0011137462115138094
-0.0010530943682885104
-0.0010114333600122936
-0.0009712944089836329
-0.0009341737941064813
-0.0008957754789382468
-0.000854245814740076
-0.0008097117399455786
-0.0007683571823940647
-0.0007299725654257155
-0.0006755282140230263
-0.0005967401760895486
-0.0005081484424505857
-0.0004117637434336703
-0.0002993308719825862
-0.00017830703513963813
-6.213544162101309e-05
3.3535748727550754e-05
7.621912513700807e-05
5.851178090203284e-05
5.2981840533764565e-05
0.00013540525717790252
0.00027839092276384125
0.0003793420579852627
0.00038445471242104913
0.00036610338873632433
0.0003997371959363336
0.00045645211679041175
0.0005024312056215788
0.0005474458575625012
0.0006043225797810815
0.0006606131674626635
0.0007013010994477242
0.0007528703047075324
0.0008197063354000886
0.0008441048524257199
0.0008053125941438119
0.0007766113669483873
0.0008084531297074736
0.0008566140886294562
0.000878275218329555
0.0008745432403118072
0.0008540984962853438
0.0008392233351708263
0.0008470085524169388
0.0008503110297794294
0.0008256049960531168
0.0007895677847444126
0.000776466709546803
0.0008051027874901725
0.0008351492403538912
0.0008296991911093848
0.0007988440749953248
0.000753410632473887
0.0007010979223143287
0.0006330438083245075
0.0005580013744098049
0.000515384109959865
0.0005058377833106251
0.0004947208232369769
0.0004504139854478483
0.0003649815518495173
0.0002656344888170808
0.00017238778899986303
7.794882617378126e-05
-2.003940219171326e-05
-0.0001215612648939735
-0.00021707217247539194
-0.00026971108567108476
-0.00027204076099726865
-0.00027697824429119425
-0.00033073763533190915
-0.0004271213450945745
-0.0005312250994812478
-0.0006018022641290646
-0.0006229528754578366
-0.0006401015625240622
-0.0006902175988800334
-0.0007514746900956347
-0.0007970795057986723
-0.0008280559225838137
-0.0008675895990918108
-0.000924592633796987
-0.0009874547059417194
-0.0010472828235962939
-0.0011024093456136847
-0.0011335328575519297
-0.0011138291619695515
-0.0010762667174820245
-0.0010540242434575644
-0.0010278803335168553
-0.0009928817129943705
-0.0009435216714861101
-0.0008653243943072802
-0.0007860602433767829
-0.0007337948654907496
-0.0006701612145441015
-0.0005577373131967795
-0.00042884671420420693
-0.00033113612492658535
-0.00026448842999431105
-0.00019511276312330307
-0.00011694721267805936
-4.224815760593195e-05
3.1216115139657724e-05
0.00010672977475867052
0.00018259059361845636
0.0002485821391816602
0.00030260410829509
0.0003572466866009229
0.0004153402742385229
0.00047488555733596365
0.0005360684563990172
0.0005791025305610565
0.0005959255412471927
0.0006206543162376389
0.0006779357852905889
0.0007587911269922212
0.0008238661015149883
0.0008356696783819685
0.0008102435355564966
0.0007849061702348415
0.0007713214290599529
0.0007566264684328318
0.0007214247027970688
0.0006577816387623651
0.0005867344636485305
0.0005380924092031549
0.000512160542560935
0.0004924055127096445
0.00044902581238129004
0.0003687168091505165
0.00028668505363962644
0.00022871235743505088
0.00017990294255467907
0.0001224548543921837
7.868763766276909e-05
6.731239443062788e-05
5.43103854797623e-05
1.1757204932263697e-05
-4.617836390151691e-05
-9.528296708816403e-05
-0.00014146081739826956
-0.0002007169745413424
-0.00026206711830209744
-0.0003047258201227693
-0.00032479711840263355
-0.00035194649257889093
-0.0003991916527846977
-0.00043510602799780193
-0.0004459677456766186
-0.00045657578394722617
-0.0004854662846950321
-0.0005135088730841085
-0.0005258437706984595
-0.0005322556227506773
-0.0005270776159812851
-0.000499839700835071
-0.00046785570973185384
-0.0004473292650777403
-0.0004261698366933642
-0.0003949693966326563
-0.00037580093205407707
-0.00039244584751333837
-0.0004295751754504968
-0.0004528068372995218
-0.00045401564781848266
-0.0004602460383005805
-0.00048632887530994953
-0.0005047008938844223
-0.0004884320605719187
-0.00044745107342901425
-0.0004092283142400964
-0.00038133925067508693
-0.0003584219485192431
-0.0003382051816514162
-0.0003110712273927173
-0.0002807214167718843
-0.00025566594796657874
-0.00022216881804298152
-0.000177959552377409
-0.00013840892140850648
-0.00010471297775818304
-6.387476313949529e-05
-1.8997559610751606e-05
6.6832649136079385e-06
5.478957015638303e-06
-7.536856279354782e-06
-4.836841895481214e-06
3.87773834777302e-05
0.00011749107014397096
0.00019893409614574366
0.0002507768374574346
0.0002615989756425531
0.00025006594565143075
0.0002455680030407055
0.0002590314868025916
0.0002887799550545828
0.0003370533633855753
0.00038877785307941915
0.0004265650494256947
0.00046833277761260095
0.0005236583191548631
0.000561529672742781
0.0005596071803166368
0.0005323581027382704
0.0005057170900462785
0.00048547980094321673
0.0004604729900908352
0.00043330844944829177
0.0004177338879964868
0.00040830657423820933
0.000381421192605045
0.00034426391659367166
0.000325670567829528
0.0003138482912936644
0.00028875098263833404
0.0002610417879445731
0.00023801808788583145
0.00021364472157862587
0.00019447021653079175
0.00018779035753687816
0.00018368654879938768
0.00016348736735071154
0.00010593633204862736
2.5481004293272615e-05
-3.438855151563023e-05
-6.620813499674733e-05
-9.728852617496945e-05
-0.00015354925832624264
-0.000227952001910404
-0.0002822860818452172
-0.00030432984216200836
-0.0003158569952252037
-0.00032798310169998454
-0.0003385372616641537
-0.0003471866596841327
-0.0003541306416541982
-0.0003675972169291886
-0.0003930415102308609
-0.0004145847900175123
-0.0004202776017643381
-0.0004223313515699132
-0.0004146474985401675
-0.00037485342317648845
-0.00032646460486476114
-0.0003151870149846836
-0.00033636562710928815
-0.00034592214260876033
-0.0003305180509470038
-0.00030519674174382807
-0.00027414091364198545
-0.00023962464437346262
-0.00020982629467206134
-0.00019357129322680744
-0.00018502395841297537
-0.00015639594393458437
-0.00010104215806250113
-4.56498792398448e-05
-1.9645320966614764e-06
4.259597876815656e-05
9.186265414296295e-05
0.00013469090669282827
0.0001731664109295513
0.00021336372325164347
0.00024070959360047767
0.000247395823066976
0.0002429076471205751
0.0002362456904796641
0.00023682685789054632
0.00025501795661884725
0.00028199801559965573
0.00029060860236853714
0.000275245825669298
0.00026248857044478116
0.00027311330246887727
0.0002912307615866612
0.00028834028346468233
0.00026308936470510996
0.00023662099088314604
0.00022571359970441555
0.00022519804600629252
0.0002219203382217225
0.0002128231811177447
0.00019248642402375525
0.00016033029480514628
0.0001228555860397131
7.396237051729132e-05
1.4203980160037934e-05
-4.0764418451504903e-05
-8.678869619840662e-05
-0.00012245700502392794
-0.00013663394448276253
-0.0001304617491023285
-0.0001272548297715502
-0.0001478376000793162
-0.00018669803189083498
-0.00022310445000717986
-0.0002468058255686869
-0.0002648438953128308
-0.0002789496017949321
-0.0002771879483304395
-0.00025133908797226126
-0.00020096924833059465
-0.00014005659247703296
-9.829544758948504e-05
-9.095526533401354e-05
-0.00010831451048867589
-0.00013428128714928543
-0.00016005979027278007
-0.00018580820516356334
-0.00020528731534399133
-0.000203511099377419
-0.00017756637422537756
-0.0001492015979614007
-0.00014307246034298487
-0.00015510094292824542
-0.00016366489858878292
-0.00016214946682440627
-0.00015800469570399252
-0.00015446317092352444
-0.000148926994979744
-0.00013576154755103961
-0.0001131363912277359
-8.59079099283027e-05
-6.099755933084327e-05
-4.531507807458293e-05
-4.193457501966341e-05
-4.643006623911133e-05
-4.8364668714004004e-05
-4.644009156084852e-05
-5.3016421819766794e-05
-6.038958085650707e-05
-4.93201178104187e-05
-2.7675105044830278e-05
-7.653969997699687e-06
1.5942939844302597e-05
4.91357628000782e-05
8.003210005778382e-05
9.078998511245053e-05
8.77434097698604e-05
8.97134714513559e-05
0.00010149780728753852
0.00011945336061187522
0.0001428082265123682
0.0001770467108246685
0.00021974216277111046
0.0002529618222297721
0.00026441041124067636
0.0002523052422491405
0.0002235155524273362
0.00019376996171423407
0.00017780428043014
0.00017276488710059497
0.00015854753773563747
0.00013745895428907904
0.00013233679996978558
0.00014229763459498357
0.0001477775447439332
0.00014064875558619184
0.00013042536222542951
0.00012718539265545796
0.00013317165577670447
0.00014435685928333917
0.000150703470333693
0.00015405995944582667
0.00016702249106876696
0.0001762856680614133
0.0001497479177515221
8.843838049974468e-05
2.055719614437665e-05
-3.932233118555336e-05
-8.679380421717275e-05
-0.00011461226180600719
-0.00012844511539328204
-0.00014462280544369572
-0.00016363306512793904
-0.0001806644867201439
-0.00020380047275683777
-0.00023646374148331663
-0.000272237751593013
-0.00030998400965578823
-0.00034473510241349705
-0.00037087249910569667
-0.00039161948221658015
-0.00040852626527876156
-0.00041936226780250316
-0.0004241241594371755
-0.0004308605049129411
-0.0004446637454516789
-0.00046335099151515125
-0.00048348060341084456
-0.0004979937481337734
-0.0005039227292136683
-0.0005039776424767418
-0.0004921088486367591
-0.0004697488319522741
-0.00045708473358713685
-0.00046424119828388806
-0.00047857768662957876
-0.00047711123170937565
-0.0004511853326035062
-0.0004130154332819149
-0.0003668133093880217
-0.0002957834950370147
-0.0001889953936495905
-6.742237881163047e-05
3.64214851928716e-05
0.00011432897368641532
0.000170874943299765
0.0001976770423402353
0.00018040265552829863
0.0001273101483220766
7.102073834537393e-05
3.8162396286862597e-05
2.5828051075037704e-05
1.3501843499493372e-05
-3.8025803820818382e-06
-1.3159093772296047e-05
-2.9353336227990666e-06
1.989625290780105e-05
3.308901868627589e-05
2.6718923677745897e-05
1.6120285379186782e-05
1.9771969985363712e-05
4.596985480660189e-05
9.826079721336898e-05
0.00016154232109927776
0.00021754752059706444
0.00027107098394134343
0.00032822823469832996
0.0003814531592503407
0.0004217034499652044
0.00044534742744044064
0.000458001357975652
0.0004739792496015622
0.0005033181780001129
0.000537604227551812
0.0005562972005767387
0.0005376023679291037
0.0004547743091674577
0.0003104284510591953
0.00016383963619198634
7.907827716962524e-05
6.935934777506211e-05
0.00010380398773106101
0.00015272951130973383
0.000204492768574862
0.000246754504724055
0.00026585907110438845
0.0002619797762458201
0.00024061405193118152
0.00019426949791541675
8.475103251889948e-05
-0.00015578111748513923
-0.0005404473288482717
-0.0009441501512691949
-0.0011739809833419166
-0.0011449086899008125
-0.0009627608722836266
-0.0008040377931766478
-0.0007304529176919526
-0.0006768759998125758
-0.0006087501760201513
-0.0005765953538214263
-0.0006074407115100079
-0.000669253071336212
-0.0007554233640695511
-0.0008765784572367804
-0.0009799756344130949
-0.0010137209277139088
-0.0010021847210643238
-0.000987987343126011
-0.0009989601696671416
-0.0010587703031283543
-0.0011613398196300302
-0.001239497646811041
-0.001151428730263468
-0.0007674961956482561
-0.00011862038232589708
0.0005968238940401958
0.0011449796708891341
0.001398055208853254
0.0014092397839703561
0.0013400401109190882
0.0012894100425568352
0.0012676210483296294
0.001287055006182616
0.0013297416037108003
0.001354351653168631
0.0013824616410303288
0.0014218183585708345
0.0014593756952588253
0.00151321458409813
0.0015043399345045165
0.0012422790650391323
0.0006617078967221774
-5.514223692549696e-05
-0.0006316047441485093
-0.0009099572868303225
-0.000947717024069631
-0.0008624281711512266
-0.0006713560874650288
-0.00037979529940033476
-0.00010477494374285628
-5.013476336168494e-05
-0.0002602527826936783
-0.0005090797136324622
-0.0005643805790247976
-0.0003350666264419003
0.00019474759060765116
0.0009349678652957638
0.001663683400971736
0.0021237298744366914
0.002184634909309318
0.0019782956514036647
0.0017788863931184893
0.0016950270746810547
0.0016147484157659755
0.001392275252619383
0.0010472542159834799
0.0008685128470728817
0.0011391379855998425
0.001718169302436904
0.002115637831916824
0.0019560635024701407
0.001246724987048596
0.00034636330582690143
-0.0003289476313172385
-0.0007096991645271687
-0.0009710079744825182
-0.0011602954886342338
-0.0012942628805217623
-0.0014432780468845176
-0.0016052907487961354
-0.0018677628609892918
-0.0023525456455748585
-0.0028844137111244776
-0.0031595422798350197
-0.0032478751423223938
-0.0034204546675567263
-0.0035419138688367272
-0.003266746966564506
-0.0026872449967759887
-0.0022347479772010905
-0.0019371612034022833
-0.0015250022108137852
-0.0010854267681187975
-0.00081979807264072
-0.0007697330364319258
-0.0008814331125907369
-0.0010396417497524648
-0.0011692551158843083
-0.0011761314390886439
-0.0010201171879860506
-0.0007832203761389279
-0.0006018602754123716
-0.0007139091575813928
