0.0
0.0
0.0
0.0
0.0
0.0
0.0
0.0
0.0
0.0
0.0
0.0
0.0
0.0
0.0
0.0
0.0
0.0
0.0
0.0
0.0
0.0
0.0
0.0
0.0
0.0
0.0
0.0
0.0
0.0
0.0
0.0
0.0
0.0
0.0
0.0
0.0
0.0
0.0
0.0
0.0
0.0
0.0
0.0
0.0
0.0
0.0
0.0
0.0
0.0
0.0
0.0
0.0
0.0
0.0
0.0
0.0
0.0
0.0
0.0
0.0
0.0
0.0
0.0
0.0
0.0
0.0
0.0
0.0
0.0
0.0
0.0
0.0
0.0
0.0
0.0
0.0
0.0
0.0
0.0
0.0
0.0
0.0
0.0
0.0
0.0
0.0
0.0
0.0
0.0
0.0
0.0
0.0
0.0
0.0
0.0
0.0
0.0
0.0
0.0
0.0
0.0
0.0
0.0
0.0
0.0
0.0
0.0
0.0
0.0
0.0
0.0
0.0
0.0
0.0
0.0
0.0
0.0
0.0
0.0
0.0
0.0
0.0
0.0
0.0
0.0
0.0
0.0
0.0
0.0
0.0
0.0
0.0
0.0
0.0
0.0
0.0
0.0
0.0
0.0
0.0
0.0
0.0
0.0
0.0
0.0
0.0
0.0
0.0
0.0
0.0
0.0
0.0
0.0
0.0
0.0
0.0
0.0
0.0
0.0
0.0
0.0
0.0
0.0
0.0
0.0
0.0
0.0
0.0
0.0
0.0
0.0
0.0
0.0
0.0
0.0
0.0
0.0
0.0
0.0
0.0
0.0
0.0
0.0
0.0
0.0
0.0
0.0
2.5790341913373917e-06
-1.4512928897035494e-05
-7.73273779329194e-05
-0.000174930449758057
-0.00028801832962507167
-0.00031118859515994455
-0.00026438251981648794
-0.00022292450970947273
-0.00019393727751303158
-0.00019182928394157825
-0.0002792317957704152
-0.0005453964282824149
-0.0010397703166760144
-0.0016734830420176191
-0.002319668100354638
-0.0031006832947480154
-0.003959652229477118
-0.004952191223690894
-0.005866095582857979
-0.00655643434469889
-0.007176422648196418
-0.007596904052357078
-0.0074830997961905675
-0.006800958650758001
-0.006241591177997591
-0.006082924137641621
-0.006416536777731056
-0.0070724451861699745
-0.00712567590049572
-0.006849787668532837
-0.007204869235529532
-0.008009427679043744
-0.00872068975181449
-0.008907104865313101
-0.009451220815165584
-0.010028338282340959
-0.009976473153481265
-0.008790579713465965
-0.0072252110601407375
-0.006389150596626976
-0.006975753794114918
-0.007796087123748281
-0.006729515722488093
-0.0045666140776122926
-0.0033293726810622527
-0.0034018852701759184
-0.0037856178173600297
-0.003927560256923771
-0.004212706581531615
-0.005218470583494357
-0.006417693950675478
-0.00625431695869996
-0.004148241939815232
-0.0018414312859344455
-0.0018643244603856457
-0.0037376474671953954
-0.004521390152753242
-0.003473551434526693
-0.0014573537649674017
0.0005710767711230931
0.001547932935512889
0.001414077327492424
0.00017463650152875867
-0.0004032543895902802
0.0004218444841473652
0.0011392087529203284
0.002048331945556791
0.003125691938573645
0.002836865468013547
0.0009466576354535138
-0.0013934858966920616
-0.003486830105970665
-0.0038828168251059223
-0.0024141194215594455
-0.0007014610362845199
-0.001173454951623728
-0.0029607629706870668
-0.0037366754746427176
-0.0034067680836062804
-0.0022640846227245486
-0.0011230129122261686
0.000738981955409004
0.0037164080018199596
0.00689689658906346
0.008119905431020728
0.006370355556687686
0.004049660098384177
0.003634739110759323
0.004317703194133877
0.005367816934440201
0.006502020681553837
0.006231296138411269
0.00522800198301001
0.005265548935854717
0.006463188331717346
0.007826684691356877
0.008846995914906224
0.011612762142235993
0.015740701739602233
0.019301269064593993
0.02093307117806982
0.020784939444882144
0.018860416405879588
0.016344702849969382
0.015757030150066357
0.017060641086506567
0.01779862559503269
0.016726064464010905
0.01586616156856027
0.016729593167006077
0.018316597390588364
0.01962494653388796
0.021246555830021368
0.023314375276144512
0.02388378969016238
0.02136162587770692
0.016173844054810604
0.010352221318296285
0.007784018211091752
0.009645885011319806
0.012196391983507653
0.012655551997815546
0.011697586254453945
0.011616589839285691
0.012554633878776268
0.012521208828840079
0.011401057470096893
0.011844823148538587
0.014977598366039256
0.018943061205405537
0.02018621862554518
0.0163433582933901
0.01124567404357273
0.00923858054119098
0.010053884264514975
0.010657018637334432
0.009700514473556117
0.007838955458693255
0.0068587416838676064
0.009700219392404508
0.01300643553146249
0.013910051932292824
0.018267861184851155
0.032783176732509314
0.05336783407717293
0.066756445618355
0.06263724663558555
0.03969274132837447
0.016831410618189702
0.00578496923136967
-0.005096672557502292
-0.017953214494404762
-0.027541915345940318
-0.03428531282456343
-0.039082753481051676
-0.039775269446057346
-0.03780690675521035
-0.034376258365471916
-0.025941932909964802
-0.01160302542394982
0.00616331917033187
0.016366148209600875
0.012919904708411572
0.007737362916607446
0.0019393991388154748
-0.012876359455251474
-0.0258181042308895
-0.028575957378379587
-0.03247305594157363
-0.040563966090879686
-0.04268016023847143
-0.033488059727607204
-0.02711925439857353
-0.041484866199310966
-0.06444789607229544
-0.068163120126693
-0.04913246200671192
-0.026911171080327347
-0.012637550869547844
-0.0053003776895336
-0.01174818674123589
-0.02884212118648103
-0.043017170193800185
-0.046558997067406294
-0.038609823110274166
-0.02509156422640219
-0.01586171101202285
-0.02051816484186841
-0.03616640128063398
-0.04286023978985425
-0.03941279183474156
-0.04242827214914414
-0.04842018050311748
-0.0408902886978261
-0.02639848752413326
-0.02168895875501196
-0.027777486039990137
-0.03252111036788376
-0.018931815270488015
0.013803994832573854
0.03475253048722792
0.01423937818479475
-0.022458341511035235
-0.02394707949481895
0.005649688064368592
0.016718051412209504
-0.008351041588452563
-0.047493464827533534
-0.08160381391336477
-0.09800901340112393
-0.09818364198471778
-0.08968493799773997
-0.0765656248958251
-0.06228791490622553
-0.048122967698481574
-0.056358978417180565
-0.09386888358577246
-0.11487337327739665
-0.09837624552845294
-0.06142557122313023
-0.030612272487986304
-0.029704765934286132
-0.0349279946344659
-0.00705338527410878
0.050393207494598566
0.1009114602392226
0.10689148256436165
0.0638661486441206
0.01998042406665743
0.001127321603686934
-0.02667467849054177
-0.06167344914484747
-0.06747005788913378
-0.04928848227961473
-0.03881547308035231
-0.05451392902352223
-0.06644205542630686
-0.02851372554387152
0.03945629345301655
0.09421905756381105
0.12136162633006217
0.10804251592842894
0.06533459718513061
0.04641184053826651
0.04921943844222642
0.021796583371686197
-0.0056919493948565875
0.019460201703970642
0.0525445890819103
0.05510732095000136
0.08139403914450503
0.15974396434190202
0.23585246405465027
0.2604976749844132
0.23517867384205401
0.19929216427720392
0.1859333162526646
0.1857320230752712
0.1855541498260518
0.16484241452938972
0.10664257602988886
0.06377236946498231
0.057983343622826485
0.044520764879911114
0.029399451264494586
0.03341784297705099
0.05920641815771552
0.10137179095703779
0.12203904872443748
0.1154870723405071
0.13000354502422135
0.1604841569820922
0.16678985042865918
0.16120055428410113
0.15179018068663513
0.1380074448353048
0.14066751149069714
0.1415817251572051
0.12214983855952648
0.10532067888353482
0.09774630164528883
0.08656334585213658
0.06899509180728915
0.045244035013277714
0.025397621557998698
0.019118503620447487
0.011143145626619704
-0.0019420911528390235
-0.016210208898873275
-0.04565251371496928
-0.06037271823197401
-0.046073550361710576
-0.03685639246508911
-0.04071348480806094
-0.04887278542405686
-0.0514040598655508
-0.0418151513538603
-0.03316586412825228
-0.044455757318340665
-0.048694810534324576
-0.03437755875830041
-0.0423152547214716
-0.0717075341781186
-0.0862701056653707
-0.07377759990724626
-0.05148296858701939
-0.0358477044813924
-0.03605539786035174
-0.0407317545274047
-0.03684500045179867
-0.04202431442792335
-0.05889338098627351
-0.08395957931543259
-0.11076477721071898
-0.12122316541852358
-0.1167518159026679
-0.1160048736801851
-0.12034131404358944
-0.1093702800557856
-0.08929073986570192
-0.08258386254662714
-0.08474900266386699
-0.08406769258518486
-0.07240094865015684
-0.04428540702380836
-0.014446351185815103
-0.003058969142828676
-0.014125029649478425
-0.024559666901830996
0.0019321479146955666
0.06261353939709023
0.12172256629809103
0.17017272221925178
0.20804554902205386
0.2183560802662749
0.2059225293974703
0.19384636048625195
0.19149877473898327
0.1877793068959053
0.1688255331360067
0.14218406617083926
0.1255976670247584
0.11488502067468598
0.10928387234216909
0.11494504535316241
0.11796094598436264
0.1351547929968434
0.1787007199807863
0.21501451100377353
0.21507315372851019
0.19837808474578472
0.20940079714150894
0.24159319676962662
0.24883694684045657
0.21178394129225012
0.1495213378700903
0.10536431184533862
0.1053881756578292
0.11898977722683345
0.10440839801040648
0.0619645881939516
0.036776997730428175
0.05800451972429916
0.08015548492353218
0.04955661761233026
-0.004494557265361781
-0.014004716192887248
0.0006393857791093076
-0.012372341609695683
-0.045183496789693876
-0.07318689438490493
-0.08676733106210469
-0.09500475326435948
-0.10844063185371751
-0.1376856427647485
-0.16833519367580416
-0.16709161077232762
-0.11800500594444668
-0.06613272924789111
-0.058062920678625236
-0.06876497082752021
-0.0922408053239503
-0.13275705046014796
-0.18055250318443158
-0.22490600478103734
-0.24376968781113442
-0.2435127706572056
-0.25590399185546686
-0.2583034576619306
-0.22198782835914502
-0.19181907653530575
-0.16707855280506495
-0.12421664419238708
-0.10556297819873217
-0.13720719338126755
-0.17378557432732608
-0.14607284562224315
-0.0880063766154825
-0.08000286623829161
-0.12274639200985799
-0.19183402747699096
-0.2599189632700313
-0.2573687010700803
-0.17530919867299102
-0.0931050485748553
-0.03854278239190503
0.007224577796683844
0.01870795140639886
-0.014227488872371562
-0.02381570112729826
0.021512035575365098
0.07200551003312992
0.08017994397232622
0.05594922511488594
0.02789672703847571
0.022127515578472996
0.07226734785808493
0.16192706108709312
0.19710537887801818
0.15889607711342746
0.148634840260118
0.18589747446052007
0.2315289917355625
0.26748912594265034
0.2605792591087269
0.22255437129536756
0.1886817295259948
0.1671122327858234
0.17353481380943478
0.20147493904097946
0.2553539708227151
0.34584527242411045
0.3893412380533948
0.3575719426903297
0.3370770439917709
0.34196582860222574
0.34258471220595704
0.3642091533829604
0.38010528604946553
0.3407953922617289
0.3041904760747857
0.2863842666983769
0.252282011460191
0.2434800032446223
0.27590144777306286
0.28769025639028767
0.25377397840780197
0.2368911568806027
0.274434741059676
0.3215118510195269
0.34000651680265576
0.33802242271611294
0.29586403020733604
0.22772819931555244
0.2085735566615776
0.2086854528757919
0.17694568852587308
0.16458244174440093
0.1967270804909298
0.21939043867266594
0.1853086171953074
0.13631798237020273
0.13916606874802284
0.17986760210611155
0.2007404512957771
0.17824329933799668
0.10214281591600596
0.007274717234408732
-0.028139956747845425
0.0005136408339721471
0.026632549092031485
0.05524463542270305
0.10893093540654321
0.1553099294398319
0.17217581027498396
0.1389345802478667
0.08929935817824247
0.09393670036410957
0.144204880652678
0.16962517278805167
0.12433713614603795
0.03783330729051013
-0.034318546745313365
-0.0597357382876605
-0.03444640249230039
0.0056035015506350665
0.014189078289340415
0.003660511870941261
0.009047182985780717
0.011590699006724523
-0.029948493846818584
-0.06915011786526012
-0.06458255655845109
-0.0676098406850673
-0.09621326118874611
-0.12659686795493127
-0.1558583526276785
-0.1396682400466849
-0.072242970466613
-0.02642936884325134
-0.03564947833378989
-0.06426673676089469
-0.0896704945994833
-0.13035094319180612
-0.1597079776417759
-0.11970818931560244
-0.045650906796891384
-0.02936408712778835
-0.08812678472835125
-0.15358356149311855
-0.17353752822613808
-0.14594177554462054
-0.10432238006151286
-0.09189551022388766
-0.10745187893092302
-0.11790524183703947
-0.12928205351095284
-0.16527375992001478
-0.18382005692560463
-0.136099113558072
-0.07018008869102525
-0.03626648939758625
-0.01422173865768663
-0.009244449624372018
-0.042629300898926026
-0.06756977763359935
-0.050699957677733255
-0.04573563214120463
-0.06333534378594444
-0.06664275369059851
-0.08281646823365134
-0.09217869499357069
-0.05419786257176875
-0.020290531766412233
-0.05127525843743014
-0.11523102670694427
-0.1219815013457047
-0.08709041662404673
-0.08945271352574337
-0.11334040859689416
-0.11114099252312465
-0.11711533984456589
-0.1539406041068856
-0.18379183578034783
-0.17058392438627007
-0.12043287080617675
-0.09657885350725166
-0.11739908502711247
-0.12953186173277384
-0.11406724759978928
-0.09430999263657514
-0.0883286656596921
-0.11848803841739923
-0.15810525715170418
-0.1486530370548546
-0.11986413510871562
-0.12410676930603545
-0.14843055491779683
-0.14387894696300152
-0.10024524056797295
-0.06447826921558786
-0.08211489184394874
-0.12217231545934486
-0.13975160445087742
-0.124688824321301
-0.07765125863525886
-0.04650384535355294
-0.05720547993159102
-0.0695649378459761
-0.05518162411658197
-0.04474731541645198
-0.07723935222581861
-0.12716044874681592
-0.12601886270575394
-0.07813769743836758
-0.05893680189549048
-0.09554551425780589
-0.13166041093162004
-0.09350591123137802
0.010261383606509859
0.10691454125606462
0.14893202456579688
0.13192918959262456
0.08393150423963855
0.05214539743291363
0.018785121140570564
-0.032283523440079655
-0.052269117748261665
-0.051819540519997494
-0.07251671055721995
-0.11695545057025716
-0.14612705759465658
-0.11259148515021353
-0.03413280270913163
0.036107481561598875
0.07408555676675015
0.07352054137845752
0.05181279461400654
0.03960761042196898
0.03134599345101394
0.030405029412518828
0.04066317470214551
0.04174126602736915
0.03552263742107292
0.03084340699044722
0.03707410652817746
0.06647005510007999
0.11196382277990212
0.12674596888142892
0.07762454392023292
0.014684647577300796
-0.01122706680489681
-0.015324736734173137
-0.009571660798918373
0.013320372421688896
0.0322858589437173
0.012873706882211348
-0.03418883290582005
-0.05367163048306246
-0.020853013982968304
0.025345784139287363
0.03775296148011327
0.016238142621070067
-0.014272393154848184
-0.030035977612371305
-0.020656561474614657
0.010236851403842336
0.04350708349597313
0.06568413578832004
0.08109752952811797
0.06525282903315469
0.013066639627602081
-0.03234943366636378
-0.0374291174027097
-0.018136849238471704
-0.023038461819219966
-0.05978657698016847
-0.09065529354347403
-0.09341402244912177
-0.074203577430037
-0.042513669363407676
-0.02758517542619813
-0.04699835947983592
-0.06972921016060434
-0.07271105108093737
-0.07001006092537233
-0.08815932422856453
-0.11873940424020885
-0.12538720737061082
-0.1137680255693659
-0.1028085020882236
-0.0918935413563816
-0.0830290676970101
-0.06670719243908678
-0.0521208315693156
-0.058408993454002016
-0.07934410468444938
-0.0933484620203502
-0.07873111617519214
-0.05917136642943534
-0.07497586615187989
-0.1099556802439343
-0.12860458717541196
-0.1331641211830545
-0.1410033545926869
-0.13803991566440119
-0.10906097249036102
-0.08475570683062449
-0.08893067617848656
-0.09773149710519062
-0.08576828363800024
-0.06666256046240208
-0.04644773460606499
-0.018534040103001873
-0.012578850799439914
-0.030906478515035345
-0.04890851711330594
-0.056687312160976396
-0.04303897476884779
-0.03269495982520301
-0.044008003917421865
-0.055826824981772376
-0.05190248294228145
-0.030897413554800662
-0.014572459693926811
-0.017431037731805207
-0.019977400251198506
-0.016447339491863635
-0.01798899173101588
-0.030842545680948456
-0.0493120725049788
-0.04510225236649698
-0.020008372661875922
-0.0057403913231785135
-0.011201890527296143
-0.021517023649511937
-0.01143611434433837
0.014048720661170926
0.022184544180026165
0.017934477775081118
0.018686225848468845
0.018754040135288395
0.016403580210642456
0.010979413180523288
0.001481164153631953
-0.008456720117202369
-0.013168041981097367
-0.006635774981655398
-0.004196963962664633
-0.0164982632856219
-0.02198824447551808
-0.017074243891978026
-0.016916780227540004
-0.018557330637471278
-0.01057906443092722
-0.0025784564265182767
-0.0035883997255940396
-0.003352627774751239
-0.005298264949491383
-0.014454957005959584
-0.016262878623069844
-0.0023463756883768954
0.008531802758015329
-0.0001110538827705882
-0.017573472238816373
-0.027472564503156296
-0.026332863832018334
-0.024057307379257993
-0.027468530531815548
-0.032148118746929216
-0.036257285850248074
-0.031653726005504965
-0.024454114697324936
-0.03638859345125724
-0.050423181009107906
-0.04767930352206434
-0.04658093851114527
-0.054165858408351086
-0.05517477253807068
-0.041213822085399573
-0.024308141149566656
-0.021162081713970802
-0.027132477581170513
-0.026202482123691254
-0.015949082793939116
-0.0016142475811635963
0.010325068113471031
0.008476253150658898
-0.0019022717220437383
-0.00594269106395982
-0.007282276333783624
-0.014818234066444462
-0.020464618130746206
-0.01150415352590785
0.0007324389504593409
0.0009185262008689135
-0.0008149558777497805
0.0009265737810160168
0.0027636029236135823
0.006846403658308218
0.011020890221650445
0.012833377748002141
0.013573859616390752
0.017181132674758508
0.021739743853494316
0.021701861809176284
0.022902147761940893
0.02847704718372702
0.02803299037759549
0.023043308627020687
0.022614468411973246
0.024852938290779274
0.025031641545792297
0.025147394338385566
0.027604029162944143
0.024712273776238646
0.016674827318006125
0.015012515398741119
0.020312679466299742
0.02343053708342953
0.018483823862563517
0.011669909372628259
0.010136954153614526
0.009837769326723552
0.01027727681771842
0.015343259716013694
0.02131931256676802
0.02426393724761069
0.024463288454107664
0.019614356136907644
0.013840587637413623
0.014970191290484379
0.018989751210164732
0.018594545710004087
0.013429554936696035
0.008525231785457204
0.00886356587622444
0.011427615132496786
0.007960361998810297
0.003598510368977016
0.005877132421239808
0.007340522405042417
0.005157000948411797
0.004142140313258521
0.00454227028810636
0.005235827307359788
0.0054002750144181225
0.003295215824516214
0.003285009617539757
0.007866521852390933
0.010345821372072147
0.00879835044815009
0.0072449285052151365
0.008134539520924956
0.009499062034358137
0.006924610752317536
0.0034983694812084944
0.004684005768843382
0.006908884482511559
0.007749141738647268
0.008203967472625034
0.006429329068442359
0.0030004306991988144
0.001761322974310008
0.0035975471421678387
0.006865925885267136
0.010766208315213927
0.01267780483757577
0.010993932161590352
0.009864853289665701
0.011667007453559848
0.013865626905106888
0.01609495768711914
0.018642892785157288
0.0207513063201846
0.02293242551838211
0.02306181008723974
0.020172838261564612
0.0181254522363867
0.017681951996255798
0.018099300197141645
0.019624080063201047
0.01963091632192801
0.01900528562433309
0.02035709003831346
0.020528518309262805
0.019905204279477264
0.02031192440988368
0.02087367720036852
0.022975548901085562
0.025006379091384857
0.024733719179253724
0.02382283829144094
0.024605711203882937
0.026346878397692
0.027326904572853344
0.028395351008000495
0.030134591922283134
0.031109621429973193
0.02940802703417869
0.027391874946144264
0.028152022000620638
0.02971804707240083
0.029635058252797934
0.028263431587997368
0.027439285276319763
0.027649249186122257
0.02742487699304373
0.025915426836927716
0.02507098836695587
0.02640694229121624
0.02723322049937682
0.025672387788901317
0.024533632133927303
0.02442253332356941
0.023577800108797665
0.022762422114809833
0.022143693278223263
0.02150598345336325
0.020797948264006872
0.019449967609804757
0.018096647236496052
0.017399999143880414
0.016843764471897078
0.015337030712505311
0.013066480957666275
0.011675583353334771
0.012383050511232969
0.0140091280983699
0.013509397408003668
0.011392554406661549
0.010346247907731664
0.010185458873278817
0.010123018150292956
0.01003243859051298
0.010103496068249134
0.011096959996594604
0.01139800615293823
0.009827846719116932
0.009405391252552032
0.010962370560281215
0.012308914114178978
0.0132313250091626
0.013935398333131373
0.014020930049184711
0.012960284631531515
0.011213035071616702
0.011296519383304827
0.012622326902086941
0.012756382085082575
0.011829528336026109
0.010465095198980796
0.009995139459509621
0.010344734889617554
0.010698483375283127
0.011826972596014134
0.013391916592738582
0.01443430510065031
0.014686893042821909
0.015089319556231115
0.015925548418692866
0.015879016379261843
0.01544335958446598
0.01597338228355782
0.01702693323507151
0.017804021235865834
0.01789822091054227
0.017200338832378106
0.016554966447810255
0.01610018350634693
0.015528319564958136
0.015288921226456172
0.014878517279985475
0.014603175847340437
0.01521353337625461
0.015461395277313139
0.015110958415843668
0.014962731709756306
0.014980003822680598
0.015048471687082392
0.015056473989209994
0.01509059647082307
0.014851484157370379
0.014087325259177434
0.013206942406860725
0.011965827071305626
0.011003306638006588
0.010720066461383747
0.010368452718287912
0.01031939245714909
0.010411092896311064
0.010116262605002955
0.009215533395098244
0.007814614266285524
0.0071228446601102864
0.0069210172629488986
0.006156500903835144
0.005533176475933876
0.005345460351408547
0.0049795763152375785
0.004147753740730954
0.003179828616393618
0.002761369501776164
0.0025534166529085052
0.0019311288341757906
0.001064031297096235
0.00037667646786029683
3.9166315838694266e-05
-0.0002386534750930264
-0.000621706180360286
-0.0008707757156796018
-0.0010297764159869329
-0.0011041243980405434
-0.0009720966256791708
-0.0008881125101865251
-0.0009577276063320988
-0.0012691595334214574
-0.0017300561537267516
-0.0018887596878460293
-0.0019271628851285382
-0.0018722803228374675
-0.0014327340259622289
-0.0010327015551571197
-0.0009805391824858367
-0.001179328470639693
-0.0011919695066102036
-0.0007194001232540804
-0.00025506377440156054
7.084845355877838e-05
0.0005209037278134126
0.0010397689903863599
0.0016484145400026873
0.0022806905130186832
0.002813240728358378
0.0031938376470829395
0.0033292717973807283
0.0035610656666772928
0.003926180713186654
0.004018031470097409
0.003977161040212119
0.003967785473679295
0.0040608945798458656
0.004287282829226011
0.004403125546635491
0.004642632918897014
0.005088873576911531
0.005272754379732386
0.005252573459982041
0.00533635714272936
0.005660445193804041
0.005900698357104857
0.005894744330495277
0.00607664249410053
0.0062792681426153225
0.0063398676904027045
0.006540220920386667
0.0066814441951874096
0.0066394917624375376
0.006429849593860929
0.005901185767283446
0.0053200599619637684
0.005014345121279912
0.004904126004142237
0.004646486341541545
0.004249435285542049
0.0039565784409530515
0.003671254428161317
0.003541946931191824
0.003635795623094521
0.003475853239652286
0.0031024800416699404
0.002717135908894406
0.002190206361563858
0.0016463085761873062
0.0012587143823281181
0.0010813766396481899
0.0009468924701738753
0.0006608492749916285
0.00025822248952600183
-0.00017749474727268667
-0.000598961054038051
-0.0009547505460857117
-0.001244377183994644
-0.0015649600402031874
-0.0020726650980564636
-0.0026780254987895714
-0.0029734677285867058
-0.002969663841855886
-0.0030641640127961273
-0.0033628960196921726
-0.0037220437103715207
-0.003952207976036212
-0.003993014918218403
-0.00404069170653541
-0.004236813824401403
-0.0044625833699633265
-0.0045431601851683365
-0.004576932171048507
-0.004672779423053118
-0.004636825068597264
-0.004502618245463419
-0.004430967906922711
-0.0043722191091525
-0.004338021274023073
-0.00428836719594271
-0.004137045809378112
-0.004003009075983888
-0.003936709765088304
-0.0038354008848255775
-0.003643053874798257
-0.0034573438810031306
-0.0033570452166235354
-0.003154752936516148
-0.0028025047421035803
-0.002436792493050197
-0.0020897142331134286
-0.0017480211365445747
-0.001365578393312142
-0.0009826972454792316
-0.0006691948688434497
-0.00040901421617033036
-0.00014732560337698517
0.0002601346557134274
0.0007301435195467066
0.0010497833891009794
0.0013178855105493283
0.0016351970796581626
0.0018993748121524207
0.002055413639671577
0.002194827595315593
0.0024052757327803565
0.002632186828147307
0.002791849532681886
0.0028701265037972806
0.00290282644853296
0.002912568057772913
0.002849692399186878
0.002758186513166879
0.002709337953261362
0.002693755623075885
0.0026939074812744766
0.002645312651220424
0.0024992504607601836
0.0022942791239723313
0.0020627361681037387
0.0017891625265503699
0.0015285406082952355
0.0013435546166639292
0.0011902625578671098
0.0009752487650486859
0.0006451295700704536
0.0002607972417411361
-5.8856635125756885e-05
-0.0003147878100067147
-0.0005871543373461746
-0.0008982104798987775
-0.001227640012856881
-0.0015404649615567859
-0.0018533743121579137
-0.0021622438957892612
-0.002457795407627578
-0.0028033725350280285
-0.0032084771884508772
-0.0036073544042528054
-0.0038987066302165574
-0.004083693167841726
-0.004313629033739806
-0.0046549353777658046
-0.005036148528917572
-0.005336146926005116
-0.005493213966464105
-0.00557415976136131
-0.005666402882987229
-0.0057860577819088335
-0.005857480688119922
-0.005823316809799853
-0.005759809209889833
-0.005777627011835251
-0.005842639994351737
-0.005851722828891749
-0.005828246166170952
-0.005784033876939125
-0.005629048112411448
-0.005398479009976544
-0.005196140494738403
-0.005010973881571553
-0.004772113844656713
-0.0044628572375325845
-0.004135526169182982
-0.003808428300248868
-0.003482917507295146
-0.003186962797466847
-0.0029368537198589365
-0.002714366726113773
-0.002483328524250917
-0.0022338747567816272
-0.00198876488288365
-0.0017647982089689111
-0.00154285095723855
-0.0013246815766349185
-0.0011202861328048898
-0.0008750144770727545
-0.0005940391448851144
-0.0003292413532909427
-6.056944974578535e-05
0.00020218744439548248
0.0004469301591424635
0.00068036952639103
0.0008758233801504171
0.0010448273646579999
0.001192077244907478
0.0013046193589679677
0.0014261331802059198
0.0015605149164084715
0.001648734306482616
0.0016992462329077451
0.0017561472525438881
0.0017945157091431535
0.0017822232210450762
0.0017559613283572608
0.0017430148641350367
0.0017276500671148545
0.0017006916618231835
0.0016360709111184677
0.0015230602949730405
0.0014045238512149013
0.0012882161549438121
0.0011532921523399607
0.001014044590188117
0.0008750585346324811
0.0007138590653691998
0.0005434670918546426
0.00036919778773584556
0.00017148212480018067
-3.498200678392911e-05
-0.0002628418444346102
-0.0005191365276913274
-0.0007734155653784346
-0.0010219277671444573
-0.00126522538225393
-0.0014993614948580658
-0.001698613804323475
-0.00186199925212629
-0.0020625067209325346
-0.002312239346624786
-0.0025472874515652584
-0.002717732296509003
-0.00283689864288677
-0.002962317962282611
-0.0031158270092260442
-0.0032842606237629894
-0.003424599684968631
-0.003506130464956403
-0.0035354077079530473
-0.0035324962331585654
-0.0035585197896911675
-0.0036627928068598673
-0.0037929902707287515
-0.0038465802056550456
-0.0037854781245900727
-0.0036577564963327096
-0.0035188212034767217
-0.003420663445624615
-0.0033701529057081885
-0.0032656033971359844
-0.0030687286512660465
-0.0028623301798613543
-0.002678651367563502
-0.002509489037958518
-0.0023497919847950584
-0.0021836980319432063
-0.0019691305842645603
-0.0016503920585260654
-0.0012769989792744787
-0.0009323514010422802
-0.0006352441908079126
-0.00037532534775801306
-0.0001436432776794214
6.659032398465083e-05
0.00030641781144780475
0.0006167379478341409
0.0009503441616392446
0.001222652807036672
0.0014039741579615168
0.0015588576139672424
0.0017669842976215323
0.0020145942537359036
0.002256412704350914
0.00248221610200916
0.0026777501434091
0.0028260358874452112
0.0029492115035288993
0.003080760619509094
0.0032056281074262978
0.0033146867903443003
0.0034160733030332477
0.0034948427080754877
0.0035405360766184654
0.0035526307685930076
0.0035600011076623015
0.003560876792958469
0.0035058790302909502
0.003411679772719893
0.0033132742569054272
0.003207426418867544
0.0030847193409732562
0.002954579544907473
0.0028388350810342818
0.002706312339793768
0.0025170740763176967
0.0022855693975929008
0.002054493800995773
0.0018540105387722177
0.0016528352122115056
0.0014094204017316727
0.0011499414587144766
0.0009070665818697968
0.0006660953838121684
0.0004066469637129881
0.00014713568732403873
-9.010914938818619e-05
-0.00031133525288983883
-0.0005221419856049415
-0.0007382232404420533
-0.0009538193830387745
-0.0011437234064326917
-0.0013022885784823596
-0.0014253665599230601
-0.0015215021850842254
-0.001602451636527818
-0.0016885017068064433
-0.0018024892138858491
-0.001925091469838575
-0.0020208693479683345
-0.002075800399019162
-0.0021055309728233865
-0.002120696384641986
-0.002104377037203227
-0.002065317055159744
-0.002027179956929889
-0.0019816407774890916
-0.0019133922164244021
-0.0018213444554654398
-0.001717367393364745
-0.0016280155645216413
-0.0015605947940182977
-0.0014808049255698053
-0.0013565078299787301
-0.0011918015765316299
-0.0010180721974322976
-0.0008666377524666057
-0.0007253764457344416
-0.0005665172024510734
-0.00040184216407962756
-0.00023017267134828825
-2.9915350567545856e-05
0.0001916832784027967
0.00041861680048368733
0.0006487258129678973
0.0008869690608535672
0.0011248585188521833
0.0013439033728767909
0.001532564190448104
0.001692000202619913
0.0018430519828641371
0.0019989865558237246
0.0021428087484690584
0.0022743878643455345
0.0024152433488810244
0.0025598632005936683
0.002694225046525198
0.00281834166850611
0.0029146678851388282
0.0029801181310447414
0.003044327066621219
0.003114012220324488
0.003179695514721925
0.00322846405319561
0.0032532916083679304
0.003260000239333606
0.0032391365034820548
0.0031877819682439392
0.0031425059045251933
0.00312062041089349
0.003087955195333955
0.00301704239586488
0.0029072308312553395
0.0027707075951421078
0.0026249554529527677
0.0024932894867380276
0.0023810298744905856
0.002253024498712745
0.0020923829631127287
0.0019215934739200977
0.0017528292498295546
0.0015885760257169947
0.0014258878436032413
0.0012549807489177652
0.0010814267917760773
0.0009027921759049393
0.0007156225262960585
0.0005453027756391047
0.0003934676963097516
0.0002333112049505343
4.851464066218923e-05
-0.00016429063206436833
-0.0003802725064883506
-0.0005679989840086309
-0.0007236952284627896
-0.0008478591299455842
-0.0009502515130394465
-0.0010677663237281473
-0.00120198305192344
-0.0013150419670546654
-0.001392058135768842
-0.0014352558568623398
-0.001448168904791844
-0.0014434911972696926
-0.0014423250441377394
-0.0014560645571771366
-0.0014754143726707321
-0.0014944130774202625
-0.0015062185493809456
-0.001480377240195001
-0.0014039156784815788
-0.0012964005501675578
-0.0011788638163162256
-0.0010615529415136382
-0.0009438979098553319
-0.0008227637468656977
-0.0006842023505747492
-0.0005109152536291709
-0.00031117209293107437
-0.00011436623865917605
6.683597736153534e-05
0.00024255191898409748
0.00042163212809056834
0.0006087933656043596
0.0008000230154057863
0.0009896701754298432
0.0011791849003132703
0.0013716925130073505
0.0015704210361588056
0.001765787639850449
0.0019468630589134183
0.0021196909373234676
0.0022900851482991484
0.0024547108723700236
0.00260627677486997
0.002741584112178478
0.002871315185726568
0.002991186222249923
0.003078370875413095
0.0031353754446325393
0.0031843490017428207
0.0032384983792616406
0.0032962404157207826
0.0033446076004786485
0.003365314073613338
0.003348385062904358
0.0033003861980679516
0.0032420123318273
0.003193762130409835
0.0031468792277119235
0.0030775575082532215
0.002983815622850279
0.0028775772561645345
0.0027647111360461552
0.0026413411126374182
0.0025048916145383286
0.002363736238419585
0.0022248123990212124
0.002083752122359513
0.001924700961470377
0.0017394105980111135
0.001548756452996573
0.0013708093619706737
0.0012056725132462602
0.0010484503327228788
0.0008867640608902377
0.000716463783282171
0.0005390773374276214
0.0003498324723903054
0.00015183737208502272
-4.109311743633483e-05
-0.0002169617186038354
-0.0003700954584162214
-0.0005076802690804345
-0.0006422110299830695
-0.0007748125382464691
-0.000893283987817485
-0.000980316621536536
-0.0010431428905087166
-0.0011103432796268427
-0.0011863847579689057
-0.0012559196886761733
-0.0013158482613744164
-0.0013629948277259587
-0.001387025211012392
-0.0013859932666235224
-0.0013698981054888672
-0.0013474363274661317
-0.0013086199800536877
-0.0012460526817813114
-0.0011748188609118475
-0.0011081462756110847
-0.0010432052274997239
-0.0009647257938430409
-0.0008609245000592161
-0.0007401066911038772
-0.0006101993638105633
-0.0004671812227552128
-0.0003142777843855641
-0.00016190914520070369
-1.3690556631466085e-05
0.00013478993939849978
0.0002911612000272817
0.0004564928368403412
0.0006247975189727701
0.0007895757505829065
0.0009455813181710047
0.0010977620857980002
0.0012585235685593848
0.0014301053800227898
0.0016082887101976355
0.0017876474702182813
0.0019566329176670233
0.0021100078799278867
0.0022484453845488007
0.002370486594778318
0.0024750712287221043
0.002563258530431025
0.002643021265176675
0.002719939746133807
0.0027836908553752785
0.0028205477866699905
0.0028321665363658243
0.00283301576587141
0.002835943639407558
0.0028376292940237215
0.0028241735047352646
0.002789440848642837
0.00273597521793951
0.0026715958711653344
0.0026015083282648972
0.0025215751718828
0.002429531554121886
0.0023216462702461073
0.0021887166217216827
0.002032520283857898
0.0018654768957192685
0.0016987289905837102
0.0015335914982975778
0.0013604964914695468
0.001173588240193394
0.0009797365451566361
0.0007922480340761687
0.000619929881345188
0.00045924963288420973
0.0003017824199982977
0.00014057234162948248
-3.153520763665463e-05
-0.00021248092872477265
-0.00038987219809829475
-0.0005544687354236636
-0.0007105462250623167
-0.0008680682745579264
-0.0010240619129251727
-0.001168696247041696
-0.0013023370807200574
-0.0014275058906392864
-0.001539053215735824
-0.001633969610120162
-0.0017098615369927853
-0.0017655526758705636
-0.0018096596285605447
-0.001842374539150969
-0.0018560103094483833
-0.0018550290221073925
-0.001844856959049098
-0.0018223425385349766
-0.0017856974631068488
-0.0017369946489407266
-0.0016768247947412255
-0.0016057286935021752
-0.0015245397500877143
-0.0014303593566573171
-0.0013188868552237666
-0.0011920237536615316
-0.0010581147742962844
-0.0009227634634715863
-0.0007863361161544717
-0.0006471636945242904
-0.0005052457196401437
-0.0003588529046533835
-0.00020396108810309533
-4.380450688009695e-05
0.00011651765689535862
0.00027548274878282477
0.0004295069989601376
0.0005778107682387829
0.000722559262442288
0.0008616528268541032
0.0009963764615775895
0.0011325323311340819
0.0012694821003013486
0.001399462943175853
0.0015160484654733095
0.001621898489691616
0.0017202001532670536
0.0018088776201406651
0.0018879021665498279
0.001959160821213455
0.0020227212273270516
0.0020740764840172826
0.0021102301983268066
0.0021349433980866715
0.0021515284237152176
0.002159834388394991
0.0021549127711325573
0.002130698867583484
0.0020901677766101867
0.0020414608130298086
0.0019862986057611804
0.0019193312609502684
0.0018379431517219185
0.001747042548121789
0.001653770776969219
0.00155878473595166
0.0014559692469947854
0.0013412589939299797
0.0012162509424514464
0.0010865877187030072
0.0009584131311438301
0.0008337746827162351
0.000709845330875592
0.0005842903685555018
0.0004582161362015973
0.0003317173544531722
0.0002028019986305701
6.986848627912396e-05
-6.965870014944068e-05
-0.00021201199470063
-0.0003464906862673423
-0.00047105309360591445
-0.000589098404712264
-0.0007022682619989506
-0.0008092314400362444
-0.0009049504592578402
-0.0009897786068761457
-0.0010681753869122169
-0.0011418143224521905
-0.0012076507064256866
-0.0012601923729605349
-0.0012999476101729348
-0.001330783169387292
-0.001354389179326687
-0.0013722342694169828
-0.0013848907963479535
-0.0013895234553521901
-0.0013819153876731144
-0.0013623548678346295
-0.001333829594187912
-0.001300352673123579
-0.001267478557672661
-0.0012331343040655517
-0.0011852890278415211
-0.001113778256258582
-0.001017310004096029
-0.0009021613985236299
-0.0007786374980516671
-0.000657117737204496
-0.0005410057187026576
-0.00042613807404714613
-0.0003091200634843638
-0.00018841331680967204
-6.603410736805792e-05
5.410811979445716e-05
0.00017290255196731393
0.00028967613663541815
0.0003999614019117428
0.0005043988274278432
0.000611375510263396
0.0007283745133766218
0.0008499633840878801
0.0009647317300460374
0.0010751729594807593
0.0011892121674311087
0.0012981771827868052
0.0013887012678018085
0.0014611769834397925
0.0015251381277101813
0.0015883897108544258
0.0016515319810094398
0.0017074965605186811
0.001746344944941596
0.0017658205124499843
0.0017761159512755171
0.001790729029049251
0.001812842319578698
0.0018315360799139014
0.001831612316159532
0.0018079459517651442
0.001764260311569391
0.001709044147811304
0.0016538690501651339
0.0015974146526416763
0.0015299165257513993
0.0014524130152803847
0.0013673752397071128
0.001268358234178867
0.001153304650964202
0.001033571568843767
0.0009209821280528342
0.0008151975554524857
0.0007125189201467888
0.0006147499625703444
0.0005198480552443271
0.0004185130162112477
0.0003062471342535459
0.00018618998885400667
6.661368653105273e-05
-4.496296109868098e-05
-0.00015519188731844593
-0.00027296883769597965
-0.0003965593572208942
-0.0005219507120064225
-0.0006430766254142188
-0.0007518420076946222
-0.0008447371927848383
-0.0009261434682659905
-0.0010041237450845262
-0.0010839516847973454
-0.001167017118225908
-0.0012475375100892347
-0.0013182789807987883
-0.0013770747448093308
-0.0014172012505077023
-0.0014288252483794545
-0.0014130535732686143
-0.0013792556240340773
-0.0013294929797613194
-0.0012559489610937656
-0.0011561182606193443
-0.001039467195344919
-0.0009137767273917398
-0.0007780079206964568
-0.0006318354041078956
-0.00048415189421542284
-0.0003485936465479038
-0.000232290089121104
-0.00013068721546295885
-3.431363725666075e-05
6.325907185240739e-05
0.0001613523572925398
0.0002524677511472278
0.0003313271698962392
0.000400674357703108
0.0004694378091462513
0.0005454726034760402
0.0006287507276541772
0.0007171597870896116
0.0008079457832134526
0.0008952370192823679
0.0009794808492681983
0.0010646387150256987
0.0011560023318839044
0.001264220789462492
0.0013908477942172234
0.00152019700330349
0.001630861619665954
0.0017110394156371965
0.001765808516518257
0.0018033042001183454
0.0018190199483894664
0.001804419920541273
0.0017607824296160678
0.0016933756809620676
0.0016041126688992715
0.0014940698070673854
0.0013642047413618577
0.0012222175085564858
0.001085097929422092
0.0009693096302334117
0.0008790249814946718
0.0007978530062834732
0.0007058166856622445
0.0006097887371893701
0.0005371626049712467
0.0005084179889010192
0.0005258075355397056
0.0005721801106560664
0.000627958428750479
0.0006924659854030884
0.0007734719586373736
0.000866117322431357
0.0009507393996084384
0.0010032192653600437
0.0010076966557941455
0.0009519991387697335
0.0008210368695659158
0.0006211900696985678
0.00039640824671046006
0.00019604730325358227
3.547286225319077e-05
-0.0001039114150842972
-0.00024309133808599292
-0.0003774630105397827
-0.0004773395342211567
-0.0005243366255067564
-0.0005396752326574882
-0.0005522991301921465
-0.0005640200591499688
-0.0005628851086384606
-0.0005501555860202755
-0.0005543628291603523
-0.0006090503591579394
-0.0007124708410384522
-0.0008229603712505006
-0.000893947786745949
-0.0009191179786681027
-0.000942270149625258
-0.0010032986437729795
-0.0010893805742236643
-0.001162832705262291
-0.001208902888680603
-0.0012215904545578042
-0.0011644014787499499
-0.0009967580012486769
-0.000735085302294242
-0.00045602534594998343
-0.00025132039595215705
-0.0001810703264110304
-0.00023770447416780063
-0.00036268619057290547
-0.0005098012276058398
-0.0006770044685667504
-0.0008927298493657934
-0.001164409561015399
-0.0014529684160337376
-0.001727801424453016
-0.001984233055584292
-0.002158872249310282
-0.00212172487183008
-0.0018400964029209003
-0.0014546364549306333
-0.00116420605547819
-0.0011031102908438822
-0.0012487638989159228
-0.0014539792540255547
-0.0016244189251667619
-0.001767423195642897
-0.0018946660723449715
