0.0
0.0
0.0
0.0
0.0
0.0
0.0
0.0
0.0
0.0
0.0
0.0
0.0
0.0
0.0
0.0
0.0
0.0
0.0
0.0
0.0
0.0
0.0
0.0
0.0
0.0
0.0
0.0
0.0
0.0
0.0
0.0
0.0
0.0
0.0
0.0
0.0
0.0
0.0
0.0
0.0
0.0
0.0
0.0
0.0
0.0
0.0
0.0
0.0
0.0
0.0
0.0
0.0
0.0
0.0
0.0
0.0
0.0
0.0
0.0
0.0
0.0
0.0
0.0
0.0
0.0
0.0
0.0
0.0
0.0
0.0
0.0
0.0
0.0
0.0
0.0
0.0
0.0
0.0
0.0
0.0
0.0
0.0
0.0
0.0
0.0
0.0
0.0
0.0
0.0
0.0
0.0
0.0
0.0
0.0
0.0
0.0
0.0
0.0
0.0
0.0
0.0
0.0
0.0
0.0
0.0
0.0
0.0
0.0
0.0
0.0
0.0
0.0
0.0
0.0
0.0
0.0
0.0
0.0
0.0
0.0
0.0
0.0
0.0
0.0
0.0
0.0
0.0
0.0
0.0
0.0
0.0
0.0
0.0
0.0
0.0
0.0
0.0
0.0
0.0
0.0
0.0
0.0
0.0
0.0
0.0
0.0
0.0
0.0
0.0
0.0
0.0
0.0
0.0
0.0
0.0
0.0
0.0
0.0
0.0
0.0
0.0
0.0
0.0
0.0
0.0
0.0
0.0
0.0
0.0
0.0
0.0
0.0
0.0
0.0
0.0
0.0
0.0
0.0
0.0
0.0
0.0
0.0
0.0
0.0
0.0
0.0
0.0
0.0
0.0
0.0
0.0
0.0
0.0
0.0
0.0
0.0
0.0
0.0
0.0
0.0
0.0
0.0
0.0
0.0
0.0
0.0
0.0
0.0
0.0
0.0
0.0
0.0
0.0
0.0
0.0
0.0
0.0
0.0
0.0
0.0
0.0
0.0
0.0
0.0
0.0
0.0
0.0
0.0
0.0
0.0
0.0
0.0
0.0
0.0
0.0
0.0
0.0
0.0
0.0
0.0
0.0
0.0
0.0
0.0
0.0
0.0
0.0
0.0
0.0
0.0
0.0
0.0
0.0
0.0
0.0
0.0
0.0
0.0
0.0
0.0
0.0
0.0
0.0
0.0
0.0
0.0
0.0
0.0
0.0
0.0
0.0
0.0
0.0
0.0
0.0
0.0
0.0
0.0
0.0
0.0
0.0
0.0
0.0
0.0
0.0
0.0
0.0
0.0
0.0
0.0
0.0
0.0
0.0
0.0
0.0
0.0
0.0
0.0
0.0
0.0
0.0
0.0
0.0
0.0
0.0
0.0
0.0
0.0
0.0
0.0
0.0
0.0
4.714116348689842e-05
0.00015787257575222363
0.00016329587352505566
2.8943737281010834e-06
-8.058588554170241e-05
-5.314686883045067e-05
-3.7960871793014815e-05
-2.8275071045010806e-05
-2.219860549758791e-05
4.539346640172532e-06
7.032916937107276e-05
8.813652789465321e-05
-2.457320426288851e-05
-0.00012521131973272092
-8.121784676358046e-05
-6.5912517007368e-06
7.492025648737587e-06
2.2037043897624104e-06
3.1131935176596193e-07
-1.2584796118698496e-06
-2.033104777242688e-06
-1.7607140881628417e-06
6.221381700271773e-05
0.0003738213241427252
0.0009394368547310654
0.0010646221893286852
0.0004250619993437597
-0.00019229957362632214
-6.256373778994659e-06
0.000557280913968552
0.0008625761878245207
0.0013416608136222691
0.0027538359406907814
0.005875345853963805
0.01140084656281149
0.016325581385151017
0.014081299305236645
0.013725449081948716
0.02027004078149511
0.01784264223835895
0.012315254507281437
0.012946347658523955
0.010868425908850418
0.014369127820642376
0.02325232377841202
0.020503319232404886
0.012713886354630879
0.012578322994759812
0.013071148043107998
0.006130831435284518
0.007313718527432871
0.022603223171143594
0.03024067180669233
0.026442196252431115
0.017716994147021076
0.005794516670249942
-0.005253307346343564
-0.015237503005198839
-0.02055862411872393
-0.018435474618077655
-0.0024371907973525816
0.02577001497862579
0.036495308833307635
0.025276797882703546
0.015290383070937915
0.013946700110492484
0.027361417315174233
0.04069954485231989
0.037637413331398833
0.03817975600789744
0.040077832344608114
0.010287765047610921
-0.0455156883942306
-0.06844757163262466
-0.008097187839864054
0.0674132147726275
0.10789940629728839
0.18134945780918388
0.1977667005554825
0.082903616376436
-0.030525157322568858
-0.05872863159526565
-0.031806728335613134
-0.027206601348333755
-0.06805578362194759
-0.1978164188908619
-0.39959279348901217
-0.47585943113786944
-0.3411542319236668
-0.13205070719536574
-0.0071664620434902775
-0.023147535252983558
-0.12184092601430849
-0.10936352103760917
0.06993704823025361
0.13965997583985768
0.01637819440664992
0.003248527090313873
0.16788382319490464
0.27661245277683416
0.21412976510614054
-0.0023597713579533637
-0.1668033472677391
-0.08660013686902669
0.07580436990378263
0.06340669127007077
-0.16531674327435922
-0.33659263646248955
-0.15672101010325798
0.18288696115436032
0.2771897035012297
0.12466319067385881
0.025788572616206137
0.06950971223075332
0.08110152629911205
0.0665300836234843
0.1025410430066746
0.05206008249072699
-0.04721296945007574
-0.028270273940697702
0.04405678187079315
0.02954665618395139
-0.10038900206146666
-0.22971324641411547
-0.2213997390195129
-0.11169893898000986
-0.020206321383550895
0.0955701269929611
0.265745004836733
0.24836635456276887
0.019337845506651682
0.003621180672454085
0.3576160614003476
0.5071691496336043
0.033920512184609494
-0.4953608093099948
-0.5166284367214671
-0.20942334926823683
-0.05753360223239555
-0.19413481852762454
-0.15875792144443887
0.1745115182381991
0.30497004190884547
0.08715690847240964
-0.04081676766937088
0.05680349460924402
0.045739894962407344
-0.06823678090915658
-0.09512958327853636
-0.008131421233516001
0.22651964866689184
0.4063289636649295
0.2707019816572931
-0.10007330050892604
-0.3846309176805893
-0.28031772194125326
0.08501255011365731
0.21731073327829345
-0.11036201385599363
-0.42181305217971277
-0.21012608335121835
0.09206986511264119
0.03341735634669072
0.0005769131534763357
0.22442859568614998
0.3608075833217699
0.2442581340416001
0.12350691719403264
0.10266239997620075
0.028808105497826864
-0.07889611792208336
-0.1561570112748596
-0.18251526616094918
-0.031754281898234114
0.1778304872217019
0.20567289826073867
0.13774820616489972
0.03228910670145368
-0.1599303383438165
-0.19344959465881467
0.033715273878019744
0.15638540265322193
0.04401736834991899
0.002025235147349498
0.11739472565095063
0.2048772684378275
0.20894421584188333
0.14742168769259792
0.07018725925188883
0.01947267616830214
-0.07742707160511962
-0.1558820801093385
-0.09008034939454879
-0.0202908486613972
-0.012146022048320004
0.06491989842381628
0.1203925647083046
0.09443790544900892
0.10078854352169851
0.06046979913985836
-0.0273364166040527
-0.002084683964853736
0.06891039901115589
0.05336587108248759
0.009200873550912309
0.07433322880168158
0.22875008014192713
0.2746694048614518
0.14683357724037868
0.040462193680267454
0.037137916668810056
-0.06510301204218134
-0.3182706050480218
-0.4562635760713743
-0.2848485233572456
-0.017663338426688355
0.10393066188002503
0.11966426944992059
0.055902061464756084
-0.027085088731664417
0.003358288059076616
0.0624736592318382
-0.007999437586967455
-0.11051052979473928
-0.13650064229493858
-0.09618993430821515
0.054364676542923186
0.23499973118380496
0.26012699827817753
0.09708530985646832
-0.02979941200893943
0.09046930664637383
0.24977468360847013
0.2218415177287619
0.14059681054982753
0.09488204260754875
-0.026636911446821912
-0.16010366491915834
-0.11434993867883919
0.011170035573040773
-0.021123816604126606
-0.19731030520642634
-0.2648022850672357
-0.1145230455490144
0.058157336873675525
0.08307966606709502
0.028444252211501743
-0.00194583246725552
-0.07768881570284003
-0.29239173285125136
-0.5622285510024625
-0.7055286564523563
-0.6009928663463283
-0.2924299864684158
-0.008604974033634177
0.0694689818137164
0.029026675197284267
0.11520597573285749
0.29955819768847963
0.3100351302117322
0.14808736684970703
0.01946218675322148
0.03499287765976763
0.1767431420125048
0.2793616663671027
0.02818815747578835
-0.6041042168178715
-1.0776937060250975
-1.0144977381770794
-0.626588435838768
-0.27709219047587574
-0.13338955527102883
-0.04631671441677517
0.12714187649354114
0.2278275405397815
0.18690012381231227
0.14351750876443675
0.09999347039334805
0.09648526493339644
0.17830202265474882
0.11303437088468236
-0.12562556173127132
-0.3040808747752225
-0.36356511177393414
-0.4551576169829705
-0.530031860074716
-0.3299094379728264
-0.07739874810634174
-0.13015216244608876
-0.26170268822994824
-0.04224834456158834
0.3864392080063226
0.4646161566413238
0.1634670798205838
-0.14192682139088006
-0.2704063621253484
-0.09275883557651188
0.19892126611475233
0.10628543450708176
-0.1549679020776886
-0.11034041836932534
-0.027006674723194936
-0.17387140568656217
-0.3821022524563814
-0.5384890344067281
-0.602215937895552
-0.32121151378916907
0.36799770950092137
0.8738175098851005
0.7973404913855587
0.5365768709855773
0.3431345423813751
0.10740327796113502
-0.01032412201357472
-0.024680948875611133
-0.06775013183075299
0.07097972173657084
0.13835721331307763
-0.2377958765641993
-0.625421051219898
-0.49251232861987926
0.03895498289268356
0.2714267218885307
-0.11795330356025928
-0.74060498644808
-1.2570388460729645
-1.2339705028443344
-0.2490429516250306
1.1268696586247458
1.7318871048335254
1.2382293909804691
0.5772288341950179
0.5000659466340684
0.35983319985548773
-0.20071365762554919
-0.4037718421720455
-0.04255566373715359
0.22639531103299634
-0.1216083926562028
-0.8101647295207856
-1.2274001556078966
-1.054778488847863
-0.14961248540902572
0.9648069462457111
1.4226913860678967
1.1365734608748674
0.6026951239657876
0.11036745179447613
-0.35310997878047906
-0.6557222891318366
-0.6673408107119854
-0.642453900218755
-0.5942703067180748
-0.3033257762044703
-0.2553604342749991
-0.7144024284623647
-0.7593692760058123
0.03151740091293444
0.7496789760721324
0.8462961869688358
0.5256730285817883
-0.06114189010018576
-0.4273799769664412
-0.2033291157428026
0.04457781007764592
0.008768743844890457
0.081732150912091
0.184185438829944
-0.16914458663967197
-0.9012939532376186
-0.9776834155583828
0.19393031996343726
1.2504391074128258
0.8880766018164804
-0.1695154193804598
-0.6888437747838719
-0.3224054859511835
0.45371449525878127
0.7472779305282107
0.33208825430283306
-0.06913868805061317
-0.15632121292495915
-0.6662244782779998
-1.5029012897871659
-0.9715755035698628
0.9617896387547394
1.738387932712355
0.5210169593243082
-0.5745360893977738
-0.5197548086738841
-0.18822768741286203
0.03352106971527904
0.2484867801537721
0.5912301465392642
1.1736175514428604
1.5359625973908966
1.1067855053012363
0.27865694404621383
-0.004237446345947483
0.18281725489513653
-0.026803229919689066
-0.3751456693371877
-0.25735185874887984
-0.18792615599390222
-0.524550857496891
-1.0524483483859133
-0.97779952579798
0.22787986373053784
1.3144618309520881
1.3551500073897154
0.9986238165656279
0.7467343845003771
0.44468326039384215
0.06834238185243757
0.10080161344475831
0.5245990873665446
0.5079430164578906
-0.09072817991794174
-0.7293917279068102
-0.9907811442160318
-0.39757576265550365
0.5406919923607264
0.5772025717102138
0.13927913921486887
0.2935910586507804
0.5687940760975065
0.5532273897477927
0.7150128554053641
1.0208385985410091
1.3783437611494251
1.8105648081822876
1.70379790429502
0.6838691969586957
-0.5519782195401582
-1.1572695168082205
-1.300501468328626
-1.1286196563279074
-0.3731703042007446
0.07042699482367032
-0.3860551247189539
-0.702418375365022
-0.21696823249818015
0.5560373376712424
0.8781577894954675
0.8605407416683704
1.121054623984514
1.4202096848284742
1.0078100467542745
0.1885460042475791
-0.18794808542543076
-0.27253479602492575
-0.2603438938444073
-0.01813872024124744
-0.00416080492433936
-0.2330015264363793
-0.19226464813625704
0.10969393179904653
0.3310074263939516
0.17446045332235863
-0.3931867971921245
-0.9783620813861783
-0.6639280736092884
0.41979624121193215
0.710038229306245
-0.1173737151064458
-1.090862974133073
-1.5673948649308576
-1.3131613375496263
-0.625914240184248
-0.13938968505518887
-0.10809141091118056
-0.18193409155741228
0.34724295740138833
1.1207373986965532
1.0150345394447051
0.505276596206881
0.2854954190972476
-0.13568248124888377
-0.7108632894104332
-1.0446883283401176
-1.1417933569216887
-0.7743028217200555
0.007850775515963084
0.4150598508961567
0.1842725232319197
-0.2069532722255919
-0.4993625710331651
-0.8750384524375268
-1.4143585090681428
-1.3036049949809496
-0.43605729759111944
0.048879007533740186
0.12546834945127416
0.030119594520844523
-0.5002873384040054
-0.7586092336342894
-0.41065522220258965
-0.285607428356807
-0.4061816616350307
-0.2870646512702258
-0.23735000131769507
-0.5468405305305154
-0.743568758997198
-0.3518170017823169
0.13669946111325743
0.1819592880325472
0.10092843109195494
0.16563753074563367
0.06631578576908703
-0.34304191072468826
-0.6833150711449298
-0.8683659442792113
-0.9802341204578943
-0.7672411118771381
-0.28767037556874847
-0.18821490327611726
-0.4353787199477558
0.01335855641469839
0.8205989175873463
0.5704055719356163
-0.5753486738785929
-1.3183832038799566
-0.9701732942447452
-0.11084220343556236
0.2699743868793162
0.07185985333886943
-0.032492658677781464
0.2345486730433588
0.5044819419935429
0.4610452730728488
0.23507489645001992
0.3949324134833989
0.9665125273058861
1.030169090215476
0.3343656869244256
-0.09801527735992134
0.0381542429274861
-0.09568241981982462
-0.5167920166856826
-0.4796138853782012
-0.14468951051105394
-0.2171037163547053
-0.25526325763324204
0.4715512733117357
1.1670890659244502
0.9570001458389443
0.4711657183411248
0.3170367757677778
0.3609153883750246
0.5747986958204941
0.6481613911241858
0.40500881324757443
0.19987199959378446
0.05961310992870775
0.06569295476379618
0.251104439822768
0.38006516710016475
0.6721428466841473
1.0477129832055785
1.0062312539225822
0.4735228377899289
-0.3476062678142328
-0.7805303569096623
-0.3572686961792635
0.5111361441278935
1.2754606733906737
1.214302505504021
0.20314250589385452
-0.4800691928195487
-0.08850329655103244
0.5018349314000446
0.5488446371910028
0.4488973607088026
0.52971031665819
0.4401952017722844
0.09463710383606144
-0.20625771775742102
-0.4419780394229149
-0.3490976274080519
0.36559773519364286
0.8754866166079603
0.660280023632511
0.2613771191580304
-0.0957271133518438
-0.044587876893416346
0.5428225488236902
0.7098706288846077
0.0977505935830364
-0.6544075223038615
-0.9974028272621289
-0.7568606588482999
-0.25945203703896447
-0.054109679766460604
-0.23482629606286945
-0.3291852892205031
-0.12147443664345972
-0.06834432410328606
-0.383971922743752
-0.6862555318582498
-0.44619197921272236
0.47227604672677803
1.0793526608578754
0.5788606181454765
-0.23668080790489085
-0.5818411990721515
-0.6833995607332155
-0.838077612586322
-0.8105817906854896
-0.45397309074578673
-0.13161790228171433
-0.19436861479611742
-0.5873950679105014
-0.8309329962892861
-0.6977788525666508
-0.2914587511266586
0.2667130896304081
0.3619213253219577
-0.2335362813779167
-0.7404101444580249
-0.5700829866817883
0.09046428859468424
0.5172804782924725
0.48444412138597814
0.3722855279804046
-0.1094549709932213
-0.9256737065323644
-1.0949994718274187
-0.49803376422104734
0.18854655848888724
0.4961711594192159
0.4235478731309864
0.4626048650806167
0.7081593746997216
0.5423370248431147
-0.3045926898007283
-1.0112374676441254
-0.7968228493911836
0.005199298175005436
0.6655952215814122
0.7237672841303286
0.14647747407416492
-0.507090506308005
-0.6885589465995519
-0.48367809512761806
-0.14865299968678009
0.19334506685611696
0.31358411167261324
0.09190845784868681
0.03306297730724294
0.27201371515905315
0.20621996558196706
-0.030676261782653032
-0.07603454342903355
0.004777662114139041
0.2947455303819609
0.6124927156219311
0.31312616265106413
-0.3539421425340337
-0.2943846212790698
0.32138502961978727
0.4198967056262862
-0.0591422633270662
-0.3256281955605992
-0.17023296492857842
-0.11504486521512301
-0.31187697729200564
-0.42073276530182835
-0.32628224462875594
-0.06894352040439924
0.22186093662306586
0.17217109630494132
-0.20689311135322558
-0.5471463483265274
-0.5908825618721262
-0.157399047762373
0.5780187626001906
0.8654464870512089
0.40766248156441015
0.06535999123408226
0.2452590395651838
0.29943751006282204
0.0423132602055099
0.030987657059059093
0.319981302507496
0.26770079877100994
-0.29115526107643447
-0.8594546940245393
-0.7927239021388203
0.037334617931774935
0.8035458526191492
0.7524640270769604
0.13305672892292572
-0.4030410579847849
-0.6863496182558603
-0.7238050257268616
-0.3598596658477711
0.07944633032947714
0.19374204581964807
0.16274869060045974
0.165655049919267
0.4395340833842493
1.0623042783530448
1.4414766907054397
1.1114351312507842
0.1976598946038774
-0.6079444967264546
-0.7199899503633338
-0.5656585241907047
-0.5757581462610267
-0.5484528644605595
-0.2974293162065085
0.0829692647574179
0.18681780163012093
-0.058699725467264784
-0.3607149034609138
-0.671744881978755
-0.7771795078573098
-0.2000456356223465
0.7667483806671833
1.0884411977992277
0.5420247888737599
-0.17476878066979826
-0.611160191888111
-0.779362075376074
-0.5756754603166738
0.16578605968659746
0.8801151224708729
0.8414008684320127
0.15566450870327267
-0.5553731808686014
-0.47908532470417037
0.338731937202502
0.5954980657185621
-0.0005790274072593384
-0.5223484350324072
-0.544794016683782
-0.24366639294824352
-0.0131054063904131
0.13464952511999892
0.29854512425614715
0.27080349287132965
0.0937506476929492
-0.07703186763716231
-0.10223120828928878
-0.016493401956508523
-0.03378088380136269
-0.06293651135738096
-0.09827789885112172
-0.1290997680867349
0.29033353723585265
0.9382254652239097
0.8294439445455171
0.2192919608884311
0.1856303490407766
0.563011269782275
0.5730454477780946
0.1115947950577539
-0.37992067128622836
-0.5022940808666473
-0.1649062318216079
0.3234725432990226
0.4514005308725763
0.08351707523438878
-0.419020914087815
-0.45495891848653497
0.038597277627469534
0.25572133968116606
0.10041282900435983
0.292245280297347
0.50755398632705
0.26546452913610696
0.06361625898103505
-0.005212880764805408
-0.04739673399223798
0.3150932615076828
0.7475441966613079
0.5128958864513111
-0.1033753025915252
-0.26565055846019214
-0.012940305059133864
0.1454188433268621
0.15175500301304048
0.01619685092833204
-0.06073715519114049
0.12215150545810904
0.2568418936885382
0.13351846737801967
-0.024887187339263123
-0.07024093982246166
-0.11530912764092921
-0.3608736846396787
-0.7658528666304861
-0.698922155009433
-0.02541599265885852
0.21305033405877377
-0.27591474222664936
-0.423397795317512
0.013471181084635868
0.15843362890595136
-0.08188553060247537
0.01483846749287394
0.4395499248240058
0.5186906316158284
0.05564573380984189
-0.6024064302313015
-0.8938299629279404
-0.5313729375673766
-0.004972837278318936
0.0910655748226812
-0.08686867306837162
-0.056459010313949044
0.11628893921520342
0.00925652494577736
-0.25845516333890545
-0.3161328939617162
-0.4743887407567148
-0.8974796366282489
-0.8138826713794303
-0.08505282411485124
0.2853245938909185
-0.01165520870517325
-0.3124223806083212
-0.28667537720518854
-0.07133951357159096
0.24227751798603775
0.47276884817572196
0.36944011230713425
0.11904196265897446
0.09689007261470972
0.16774910393370157
-0.07753121844093273
-0.5448588820583755
-0.7020425765726133
-0.33234116541326647
0.1394617873027525
0.21028923831657445
0.0619436287756076
0.034184481178697324
-0.06353333248630216
-0.2533366344505318
-0.2924760791696778
-0.24100177323014627
-0.17781749042647382
-0.1146812223070294
-0.10769533561693663
-0.17615666101196972
-0.3804067616296952
-0.5193970373692159
-0.21657523717990523
0.3366149673044294
0.670508931439386
0.7532998221463847
0.6233609556473001
0.27232033934480293
-0.0016250460478389275
-0.032260935743714136
-0.015458833570458122
-0.15037271501634497
-0.3430333556306347
-0.28489430696243373
-0.019491395649716133
0.2331028568174661
0.4436892638529248
0.42735365553949123
0.06382257886248453
-0.3324083482280468
-0.39533730310177523
-0.21159202771229438
-0.04426795827705251
0.11265479416846415
0.16388203426935674
-0.010396038018117873
-0.10661697254690457
0.13748929407473276
0.5849314501699395
0.8369990669121741
0.5864687133446725
0.08939509719899211
-0.21740973330549931
-0.19944102618283877
0.08294393095219534
0.37937363156882403
0.4166136738276193
0.23980108844194423
0.04965380821668882
-0.11563016415024963
-0.1585383724609392
-0.02339690037197602
0.05191885711941567
-0.03316901808978959
-0.11257381625868887
-0.03977270489734776
0.18098426449018556
0.2993114785072868
0.056396541713823065
-0.3039982162004581
-0.33960290033835205
-0.05315855041879064
0.2724679423954659
0.423499072327446
0.3418076069637871
0.18169001012543587
0.16887500549181522
0.2474898684808626
0.17607983708472694
0.004846893108964993
-0.050639589063650285
-0.026154072285533254
-0.10351083043770323
-0.3049604509931298
-0.3739764626135573
-0.14221441567919105
0.13402666129527221
0.19025359458140675
0.05219316277340963
-0.17387763748230425
-0.3259638387427976
-0.1747536707511214
0.19083536117506086
0.2953013305839208
-0.09148407168435013
-0.5527338901379257
-0.5182178321384681
-0.02798550592336542
0.3727710230885572
0.4204946897328287
0.2981041782060413
0.15565330950862852
0.03928058523540613
-0.027360727225404113
-0.13750509676426595
-0.3227935505042568
-0.37621988977384135
-0.15687527706252197
0.056114930834206565
-0.028852084556568406
-0.20527822395391235
-0.16023902047075278
-0.0016902794647450775
-0.04470848903815554
-0.2663238293168232
-0.3316200566066244
-0.11947272986835406
0.18432908540766182
0.34387365324555474
0.2684224226326635
0.0226044553166377
-0.28070065912651737
-0.41569978370628263
-0.2569022798501537
-0.0453690373809556
0.023547886512692802
0.0831507186124208
0.22858071853786432
0.3561296938764117
0.329607769452094
0.05587755937001825
-0.33111960742048213
-0.49480373858950444
-0.38549002991986814
-0.23369015450865807
-0.07095462315583308
0.13682425754804967
0.18822862639361845
0.038879595371382324
-0.05329767228886511
0.0068012483519179195
0.12869966454831264
0.2256665162110795
0.271587298651932
0.31646681846080343
0.290867337877712
0.10962113407988519
-0.04271186371416624
-0.08644388980598429
-0.19333980065970335
-0.24372002460521824
-0.06830006782072173
0.14696336487411657
0.24785883172784032
0.2770630729563977
0.28723507635175033
0.18000891508316508
-0.0779373282159267
-0.17189503154208893
0.004056918970720991
0.15660901930307583
0.18426103041121555
0.113566844907303
-0.055165818058506094
-0.23168889357291692
-0.2837647239140378
-0.0011137464130026664
0.46368821439825997
0.5397782936323179
0.24399841221640836
0.07832497778395468
0.07807780149848426
0.0007086196070964627
-0.15518464987159858
-0.2458449134028225
-0.2104085316115518
-0.12479967375700682
-0.027215651873062165
0.04849929167804417
-0.07734453028523161
-0.3193090188486172
-0.2784628801145524
0.0704140828621365
0.34894439121457643
0.36310089728828165
0.21212891973753392
0.009398728431268592
-0.18764171104316807
-0.2722101502076724
-0.17275153386350808
-0.01317396287596246
0.01587378103065841
-0.06563103663944399
-0.08411174468261014
-0.04619833494369381
-0.02979486910256307
-0.014160110542188506
-0.04793725984670809
-0.08764340091540546
0.0021753947618153983
0.11011885893140755
0.012431769480062463
-0.22518858027911695
-0.32142605421425463
-0.22861973991419715
-0.09335986715951011
0.020860536978842277
0.0958593553927387
0.1710918768939293
0.24118541524667791
0.1880955902445225
0.02091674122749813
-0.12487438964639849
-0.14357919184047496
-0.03252761238525585
0.07684626807381455
0.0538823351609386
-0.09569391821644375
-0.2305375005927797
-0.18709352556625225
-0.013151243287779868
0.05966728389213998
0.039388458579852924
0.1029478112632174
0.15161734631106577
0.0537846910756854
-0.024268926468919563
0.04767500501429899
0.1403881379088044
0.16911076242602976
0.12392058337844208
-0.015938313143511986
-0.11734687517817939
-0.08026475601759453
0.010691421889723607
0.03671541246187089
0.014024164431535261
0.10241768978377275
0.27202661700537284
0.23076423074624633
-0.03397872025596839
-0.19848997389050027
-0.21979088970073518
-0.1905416571123399
-0.04065487308155956
0.1513122401431943
0.19559067377181613
0.0875376605748364
-0.009285894332633014
-0.00987921746891049
0.03496839073170309
0.10532595681086437
0.18267842374402576
0.1535517534343905
0.007486669139946954
-0.08120201258848107
-0.04244931798406347
0.020382611328439555
-0.009834999796582564
-0.12499991153038843
-0.15130913122620993
-0.0859881960973052
-0.11494493360844235
-0.15541773824428978
-0.059130169429571444
0.03137699938100886
0.0326324883472634
0.05174839644548558
0.06883859935400335
0.005818780664576338
-0.02266910620153176
0.03019540238795101
-0.03015515209296144
-0.18959617612333685
-0.15763864464815044
0.07856373495254174
0.2040523210220988
0.1138981104396157
-0.004755842482030835
-0.07103530718871359
-0.1401562838116783
-0.1434417759627426
-0.03490769157870413
-0.0053530931510683165
-0.1353482795838233
-0.19877253149730073
-0.11711604147368322
-0.09135017581975462
-0.12057163682206952
-0.001112221371044394
0.19210003306190118
0.16416418701278815
-0.04728677464954372
-0.09146207050974148
0.05361308899033113
0.11633050797383236
0.05985821473361904
0.0610609049605132
0.15496872369101256
0.1382912236503115
-0.048776755276403586
-0.1743312715576513
-0.15444451276384888
-0.11421051742874169
-0.04197354353441179
0.0620540596806766
0.03464300855122347
-0.07708771127416612
-0.043136978690344385
0.07464423426206893
0.029012651229319026
-0.06511802367962248
0.03432348374841431
0.13068270686984876
0.06236961321221459
0.029756335134984054
0.05029893204591877
-0.0014012307587437792
-0.008733525187967524
0.1366285573979245
0.2837698381413838
0.229251014113837
0.008161524835519398
-0.1494302630295881
-0.16615885707888417
-0.11526233883301404
-0.020228125807122622
0.06501027510572016
0.05223587061229126
-0.05790774880212418
-0.13764312886848587
-0.08176480829817397
-0.006571902848622402
-0.013207296158206039
0.021166765554406972
0.11314027879148515
0.12169100203961579
0.05682634396464434
0.025631523307019094
0.045333015479017524
0.06120898077471998
0.02979574996072209
-0.0036827777646664824
0.03732269477408516
0.06742791623255016
-0.017808588004503245
-0.10777612906131355
-0.12057897444356933
-0.1186792479265919
-0.09246197865021506
-0.015193710829013975
0.04874288379379441
0.03915498138003076
-0.059600258715076036
-0.17264423587964078
-0.17012003994549002
-0.06472723116806117
0.031044995788259384
0.09562227257790398
0.134477408184091
0.09011032370231219
-0.03214448012512601
-0.10067832890485975
-0.03377423977172266
0.07780620473999954
0.11817056875424853
0.10121992626446727
0.04890197049743332
-0.07488794692104157
-0.19540702011265754
-0.20808863416772283
-0.12808401328756597
5.710297252057411e-05
0.08433338264500079
0.021365725606916353
-0.0836504947468507
-0.07352057138352534
-0.035908237998618635
-0.06105628979999042
-0.04204720549206921
0.06748300935519766
0.16971138093160282
0.15903596851930052
0.028678394993005483
-0.07472138065965145
-0.026225630286373324
0.07328603622729597
0.07107636166233842
0.021323924254913446
0.03338062798299079
0.06444460943472907
0.030122488871265726
-0.07362811926706811
-0.15689580663286207
-0.10617882340575589
0.038928499834372035
0.12766005371148864
0.09554352987450047
-0.017884168977226743
-0.11487969601734682
-0.11618559535890126
-0.02654312350027001
0.05486364382786247
0.07184685500351544
0.12312328891090077
0.18033513234686277
0.09576280138257907
-0.033421673793802814
-0.037503617482621335
0.03775326673989639
0.07800611219483805
0.04289677427344599
-0.011272406798193359
-0.005421152222062418
0.008441467382310561
-0.060128517035477475
-0.13699007425984183
-0.09383119144010191
0.01588369769672525
0.06386674359263575
0.045979338768055565
0.004840048503190837
-0.06548629158537908
-0.12292356680707366
-0.06334670879573458
0.06499572926502768
0.09049692332627432
0.04252518569909046
0.06684461383384685
0.08095701258630762
-0.032326878417979085
-0.13455433344346746
-0.08395489753376482
0.03756891851082824
0.08103473875753646
0.024630478663744366
-0.0349734978289303
-0.03839908656564016
-0.04858969841500708
-0.10637758565258366
-0.12453691504176383
-0.04326656841843672
0.06645258578924879
0.07147911353257475
-0.06604496423282029
-0.17754386466940697
-0.10197323317584826
0.05003599811461576
0.10359256840846595
0.06839344644007364
0.029560255520542016
0.03359125859377046
0.04229053432043728
-0.014392690270075779
-0.07643449618005368
-0.027986134602852965
0.05629911421298492
0.03806087683734296
-0.0251583745208505
-0.02466159169244787
0.0009284395903513828
-0.024137406466903013
-0.05469529012269447
-0.04888788764918674
-0.0327205395285418
0.023263490327959938
0.08806633904253945
0.04366793788913167
-0.06123893771837508
-0.061778171566569784
0.03877499962927921
0.09476142628930032
0.056715997682537635
0.007359692109751511
0.024775643587884408
0.0744058444315626
0.0328654300805293
-0.06299823115919391
-0.04157207535665339
0.06370578264020933
0.09122426941223122
0.03486266623059397
-0.004046488980961774
-0.009370270717993541
-0.0371082539292434
-0.07271391853186188
-0.042557191514659864
0.026500345079704248
0.0506765483296015
0.03975251891450344
0.007419024497700598
-0.044249585736755796
-0.03878765754754036
0.03941473009711645
0.08915380246298782
0.06535129928884618
0.009811392779026878
-0.024251711902840787
0.00013322396817525416
0.0300214474554282
-0.0021991270007772797
-0.036463953195484816
-0.008394688984929488
0.0341225262135513
0.025069922486223552
-0.03177580017977533
-0.0615963115199537
-0.033976756005738136
-0.013523020560737856
-0.021838508081671135
-0.01845532606796466
0.006355339289558594
0.027007762976214936
0.009452883859130512
-0.04894935157506945
-0.06923260936186076
0.006149433316549471
0.06583749612118164
0.010566720091785196
-0.05001371560946011
-0.017268689817938023
0.030446345069695745
0.011277329982512189
-0.03255893632864801
-0.029888439244995704
0.004269074193056117
0.017015924441238083
-0.00393765074816238
-0.0357840495746829
-0.04722819405007896
-0.03388887280485831
-0.025614368628538137
-0.0207692893385078
0.007601248172873045
0.019418076519759225
-0.004083107778850507
-0.006383092603553136
0.002640736919085074
-0.008740703656286614
0.002549650913454416
0.03885881431912646
0.0344305418542533
-0.006744442873022782
-0.01617941238740978
0.016847233535439956
0.032786983154153404
-0.0011398271937381993
-0.029029448502724136
-0.0017626547886718347
0.03250564418494805
0.02510369599696868
-0.004756036250320517
-0.02451552343976801
-0.012655045375696838
0.014830555917529407
0.019491989548152927
0.016297178676504563
0.026263632837670293
0.019877954061652735
-0.0029972918873858055
-0.009745295168027902
0.002974469999301659
0.026748020795966988
0.043091221665946096
0.03061434909787843
0.004748035813925533
-0.0007513472378815622
0.015409511710347771
0.02499242805131852
0.013946890086977921
-0.00027635340762821256
0.004842978006935987
0.012223391522725804
-0.0007839799713120239
-0.011601305385508173
-0.01209981543709605
-0.012998432657320088
0.0029639848322570786
0.01919256187361753
0.0023880199136844652
-0.017215237739362926
-0.010691380586424605
0.0049618270683807935
0.008013677748744367
-0.001490643219937795
-0.002725624117821695
0.008702850909818871
0.011358032219671363
-0.004925035011219706
-0.017008419273280773
-0.0013603437179482418
0.013896909760477034
-0.010497791539400721
-0.03935033506415197
-0.018914849194954442
0.013017918581995035
-0.0020043543365486356
-0.03162247916811039
-0.030591235568757653
-0.01938310767365178
-0.014202739323735643
-0.0081140149644462
-0.007961229223267061
-0.007599587363192539
-0.005120755496386887
-0.014053922105556742
-0.017780163198108816
-0.004791939691487947
0.0065914585009637485
0.00802654954480135
0.0019351250399696179
-0.006356131776048838
-0.0094675835951779
-0.007494726099629797
-0.002599880013389525
0.001567051960310684
-0.0013341498668503217
-0.0037413932374829673
0.0007597074254071191
-0.0028665902417764136
-0.01427181767835129
-0.012749721114336459
-0.0015097659974138986
0.006251375550525816
0.012108583422000642
0.009050226088322238
-0.004302460125329189
-0.006081952987697334
0.0061422555592540095
0.013187344484051677
0.01029008686616871
0.0070063134049394475
0.012092674554083107
0.01534288629998814
0.007061211102256788
0.0041357589706354425
0.013236494770893949
0.018615931175833322
0.01432676463646173
0.00746188779874215
0.008450391947653912
0.017784806051281916
0.01734317892021044
0.0035646469757711825
0.0003900419065037448
0.012693105370797177
0.01763550554788239
0.012360305562986503
0.010378955431917837
0.007886472266029088
0.0024871756276500833
0.00023828127813593574
-9.404414358877788e-05
0.000751941958358143
0.0036080432450082797
0.006958664504699707
0.007034544363675065
0.0012598362110360331
-0.003580806284327587
-0.002994834462821955
-0.0022916363101004814
-0.0017349134137709663
-0.001261965828467523
-0.0035045528195605867
-0.0024869792094585627
-0.00032691144854520487
-0.005450463346128818
-0.009165636427315707
-0.0056620266510930195
-0.004842735772540762
-0.00717681031934086
-0.005237227594979378
-0.002523240083254883
-0.0015789404829454358
-0.0013457849940421986
-0.008322383075892748
-0.01820726730604544
-0.018781179000178675
-0.013454728265009822
-0.00908992660654695
-0.0056395749999207595
-0.003781879045779368
-0.0040292144793712195
-0.007759477047621252
-0.017385022038954392
-0.02433575513375725
-0.015252037476618588
0.0034241330683117
0.010679563524817482
0.0012065969192653547
-0.01004055376296573
-0.015436081451732933
-0.021302638133353365
-0.026228554621551797
-0.0225489274819446
-0.009293396544673158
0.007246439345047879
0.014661457947064355
0.007741419684427336
-0.0030018710292023143
-0.006509894772626712
-3.11763960360156e-05
0.013019341147225819
0.02185673960773625
0.0169999516261868
0.0055454094576011335
0.0007276010057561995
0.0011723507654260773
0.002040536033907895
0.005939058879574627
0.012476681376080262
0.017680650143666564
0.017198251017588585
0.008478490514985684
-0.0038360511795457347
-0.011621788789000154
-0.008567989754854137
0.003606926911826203
0.013612505883327419
0.01623841886010231
0.015184158407888084
0.009776303532594262
-0.0005298012381787325
-0.00811922816490534
-0.005355206819171628
0.00797124762793302
0.022453144008307686
0.027129104983432403
0.022111930425329763
0.014202763451432602
0.010154946216283106
0.015007986548863844
0.026338369751758024
0.03410780829849496
0.03006500045320447
0.015471299243949485
0.00011103938032251619
-0.006448781598961346
-0.005547087527421859
-0.004304535384650166
-0.0018215316189228166
0.0034069514454331882
0.005055389739562879
0.00022578549453014415
-0.008689986037873658
-0.017870039080614297
-0.018659381936681107
-0.009889232218517244
-0.004345659203664203
-0.007927804932063237
-0.014767194318547693
-0.02122021681798183
-0.027791750115542083
-0.033908712796243946
-0.03535311594528347
-0.028149095735092954
-0.014914956868541994
-0.004687918054852218
-0.005309641759515727
-0.013709372501014982
-0.01817763103864215
-0.013389428739687795
-0.004430956929977509
0.002691163171410087
0.004460933774759819
-0.00027717445569246725
-0.006691533781952702
-0.010065561730948613
-0.012658824842848694
-0.013536993295606198
-0.008035183617369365
0.00020893046839500607
0.004521858741872794
0.0024454426145020026
-0.005858583368723115
-0.013407821168765573
-0.011401865423018452
-0.0020907674145253527
0.0074996806386051695
0.015393172594443782
0.019712886428157616
0.017916538192918535
0.010934168210425898
0.002493254954330498
-0.0012933315321141633
0.0031017851779167305
0.01154295701066767
0.017340224930306156
0.016427796986654013
0.00973627932577473
0.0037185713473803957
0.0036002987476974543
0.00882070151080759
0.015124065616457886
0.01658141631148573
0.010754823045265918
0.0025675634193810435
-0.0030193945140373733
-0.006501813534229556
-0.008932216090178182
-0.00895073806370387
-0.005214016040199656
0.0002876742008137591
0.00216224973786166
-0.002622367068371596
-0.009719866747607196
-0.012907141474603747
-0.01193581126634348
-0.009755307140444383
-0.006814039484976498
-0.0015492412446837874
0.004615433309236683
0.005813634448110562
0.00030206305867060465
-0.004757198097792812
-0.0030210669531780653
0.005483349993676241
0.016114783422123347
0.020606950650842632
0.01623153362592809
0.009411648249259457
0.005547633115620996
0.006149452687342612
0.010837571530809172
0.01605424330880183
0.01846166762131871
0.017828795066729988
0.013995451924249936
0.0072743570579250775
0.0019806849582443622
0.0023990626593037015
0.007134269697220886
0.01174449696889894
0.012559700782957282
0.008037268692990563
0.001015645982728504
-0.0032659010312315866
-0.002722828133044692
0.0002920581322574798
0.003380170372706445
0.007084650059478347
0.010049517974406936
0.007625247795608695
-0.0006601789281154007
-0.009700935713208098
-0.014291627235697917
-0.01208301985240322
-0.0061899735901014726
-0.0034441825190976347
-0.006578749752275795
-0.013200490998107741
-0.020161497934083547
-0.024542718787116342
-0.025365927610991424
-0.0247868041515099
-0.024035714086113703
-0.022204813355741503
-0.020597277643264387
-0.022316339247560508
-0.027247333680001314
-0.030945738052877123
-0.0317261879863821
