0.0
0.0
0.0
0.0
0.0
0.0
0.0
0.0
0.0
0.0
0.0
0.0
0.0
0.0
0.0
0.0
0.0
0.0
0.0
0.0
0.0
0.0
0.0
0.0
0.0
0.0
0.0
0.0
0.0
0.0
0.0
0.0
0.0
0.0
0.0
0.0
0.0
0.0
0.0
0.0
0.0
0.0
0.0
0.0
0.0
0.0
0.0
0.0
0.0
0.0
0.0
0.0
0.0
0.0
0.0
0.0
0.0
0.0
0.0
0.0
0.0
0.0
0.0
0.0
0.0
0.0
0.0
0.0
0.0
0.0
0.0
0.0
0.0
0.0
0.0
0.0
0.0
0.0
0.0
0.0
0.0
0.0
0.0
0.0
0.0
0.0
0.0
0.0
0.0
0.0
0.0
0.0
0.0
0.0
0.0
0.0
0.0
0.0
0.0
0.0
0.0
0.0
0.0
0.0
0.0
0.0
0.0
0.0
0.0
0.0
0.0
0.0
0.0
0.0
0.0
0.0
0.0
0.0
0.0
0.0
0.0
0.0
0.0
0.0
0.0
0.0
0.0
0.0
0.0
0.0
0.0
0.0
0.0
0.0
0.0
0.0
0.0
0.0
0.0
0.0
0.0
0.0
0.0
0.0
0.0
0.0
0.0
0.0
0.0
0.0
0.0
0.0
0.0
0.0
0.0
0.0
0.0
0.0
0.0
0.0
0.0
0.0
0.0
0.0
0.0
0.0
0.0
0.0
0.0
0.0
0.0
0.0
0.0
0.0
0.0
0.0
0.0
0.0
0.0
0.0
0.0
0.0
0.0
0.0
0.0
0.0
0.0
0.0
0.0
0.0
0.0
0.0
0.0
0.0
0.0
0.0
0.0
0.0
0.0
0.0
0.0
0.0
0.0
0.0
0.0
0.0
0.0
0.0
0.0
0.0
0.0
0.0
0.0
0.0
0.0
0.0
0.0
0.0
2.565310158408313e-06
-9.155242029012793e-06
2.014703569968812e-05
0.00036956748222599867
0.0006637225527136765
-8.316767991191858e-05
-0.0009062608916745969
0.000458393890600076
0.004355157419783952
0.006639357617054965
0.003162413890633092
-0.001520941583672694
-0.0015315559191659096
-7.64018444960185e-05
-0.0027363160823258054
-0.004871771753432816
0.0008860846833555753
0.006981038710662444
0.002915975284573274
-0.005042631781289262
-0.006851737109021663
-0.0022138290641249667
0.0012958485378424466
-0.004499797173728337
-0.009525928205035093
-0.003556254009919108
-0.0014260713988082565
-0.006508669304097809
-0.008567468890925424
-0.010259798443547524
-0.013810733740772886
-0.013724400732119661
-0.008313437952056614
-0.004199466896861459
-0.0028092296296979707
-0.0018598765313256257
-0.0014491529074090737
-0.00029348854470327007
-0.002634012061731833
-0.013256408070751784
-0.02331076813875209
-0.018734407748908076
-0.009787585958045353
-0.01003513779432473
-0.010096247395275704
-0.006120304799435039
-0.010396316983672632
-0.01601480680339465
-0.012970709052278859
-0.020563482225405064
-0.030858743233937294
-0.02399002731817429
-0.007266460495644278
0.007215784978422318
0.0014822022256505973
-0.018691794585737054
-0.02136709965071068
-0.008842474156870672
-0.006033178645600518
-0.012569581284242931
-0.01847626873699909
-0.019950822408422386
-0.0127169938992715
0.0037762575671010656
0.013640530952976293
0.0034865815218483864
-0.010255388405030291
-0.01037875481939135
0.0048502374621813005
0.01858223331512665
0.009513209707211145
-0.011782643352207522
-0.02714520841404136
-0.022951253752190398
-0.004648729846433858
-0.0052804455907082826
-0.014245958645940276
-0.012133381691975614
-0.014173003760074743
-0.013940207315248698
-0.0028198525022337106
-0.006665407550973834
-0.031142810112874397
-0.02938998624309802
-0.011624908793139155
-0.013639118613273882
-0.011804755099663333
-0.005602845344047314
-0.015083325100473388
-0.028156413201065766
-0.032308772969417976
-0.025549031976260905
-0.012644066961985223
-0.008265472865779555
-0.0167661586593309
-0.031226656357362603
-0.031108564765254032
-0.0226734522511155
-0.026297436479341574
-0.019458907225726463
-0.010249528109361972
-0.0224444826012134
-0.01978389124034091
0.007298687758287736
0.015505049340157728
0.0001260391735694033
-0.004343177761275463
0.013093127873334554
0.021492739746542755
0.004896185150379817
-0.008072535335863495
-0.002215049089778043
0.005602394434704339
-0.005914941566163512
-0.01901634405398267
-0.017742869372280867
-0.01169824948369147
0.016936718922298977
0.04643741868050166
0.033630964260409735
-0.00046748086352854656
-0.023772898048263325
-0.023689669145609105
-0.01074108897068754
-0.0033745877047954287
-0.0005087723048992632
0.003198459002011933
-0.0011893137878108417
-0.009320164469676595
-0.0010148687611267193
0.0025736363134710727
-0.012625288818389646
-0.023160180290036914
-0.007169422822752292
0.034753403324107424
0.056690553834034985
0.03488863906371514
0.005004653211629573
-0.009436737074322521
-0.04430600034694138
-0.09565652581818368
-0.059358071410808566
0.057199449803875646
0.09710345907594375
0.04093561957562181
-0.014041071567543084
-0.0762174522981286
-0.12993272718225368
-0.11537596857038745
-0.08604245824683243
-0.08272745401509118
-0.05297404953544127
0.05021384055676337
0.32557485853658763
0.9131973255287861
1.3621147586980493
0.8100055872674496
-0.351608185645929
-0.7883487996900422
-0.303524632580439
0.6408483434054427
1.558508244027877
1.590842686583057
1.1493530343545344
0.9383519217861189
0.8013493973528116
0.6667309723247077
-0.2650086201061441
-1.0680494329456671
-0.34531208206441333
-0.1459133481837318
-0.6691882540813485
-0.21099217423427952
-0.0669210641905873
-0.2963123944934538
0.5196539030690284
0.797953764087981
-0.49549426487189274
-1.0865340051011922
0.07209190602356585
0.7595229418142715
-0.020282164267575897
-0.9907714726251184
-1.263351576502592
-0.782599623474366
-0.237658805800957
0.21315384785586278
0.47578298055821167
0.1445336540918445
-0.37195150282182476
-0.7588716205895125
-0.7386343745482631
-0.17269270825422856
0.056964650543109785
-0.36073465771037283
-0.2935136469352848
0.0028572054650153056
-0.2771126640886633
-0.12341312929808923
0.44477265481639244
0.35718979430028835
-0.2101077813518904
-0.3894266530933703
-0.04259364726692465
0.0791905358071788
0.011709156051653902
0.38733136465111156
0.6737692045250857
0.1546614873354819
-0.4192634021413974
-0.06214450947082406
0.6203829197104185
0.4716042603728834
-0.17435521476004212
-0.5579814766013635
-0.6172169019804692
-0.2158322278208769
0.3536163804391578
0.45617603245024296
0.33410384449602404
0.22378557763914841
-0.43447674885061893
-0.8044013198082733
0.1315439829388242
0.7577997584640908
0.37151256573018887
-0.3275751927998267
-1.1296282416768952
-1.1102255842114173
-0.31002526606601655
0.3589092131420383
0.4216066099816235
-0.09242124994414547
-0.4158275596336344
-0.24641459892355322
0.08617873173447721
0.23175040400978497
0.1466336707494628
-0.3192807821276682
-0.7854619678498541
-0.3872092509352416
0.27663687166398443
0.7161278434588457
0.8424088055929746
-0.13518659242673503
-1.190995179504438
-0.7537725370457736
0.1208302234083094
0.11171433834714484
-0.22952704954849845
-0.08646792757144417
0.4295423430566757
0.484688558263045
-0.1500836719769697
-0.45223199263238845
-0.04596892420464638
0.3886161713604588
0.5022560751858389
0.43475160927644796
0.2376999464759124
0.25753601270860343
0.36732809547755
-0.23938026123819212
-0.379640198377345
0.30662053687081164
-0.2139026419456965
-1.1250429712706451
-0.2916243202031615
0.8645110833354652
0.572448965659986
-0.203357527654056
-0.6371206009009851
-0.5163673566966878
-0.03318071213407847
0.054604940263280666
0.026972190663652862
0.041903610171572736
-0.257451465465935
-0.21327924917234653
0.2609406525375685
-0.009190103829623597
-0.6103826910634821
-0.6231953802792332
-0.5095055615023931
-0.414285650276599
0.030269517544310842
0.8840987945461445
1.1815364771211385
0.3345366688042837
-0.27104294576321897
0.2526590382452114
1.0301258586787994
1.0678508183700948
0.08764381365138696
-0.7908167546546965
-0.401547697265923
0.0033196640187929116
-0.8272993565868019
-1.2199986497918156
0.15361990462786723
1.0868955786034888
0.5260230625306311
0.43367394113260105
0.49704435572405514
-0.33342980222723684
-0.5964396780384913
0.23531361223831432
0.7927656084535781
0.5219933470979743
0.32301749817178277
0.1740862896951733
-0.36141304394292306
0.30608258860748494
1.6937032872548823
1.2784145680667418
-0.15099197223529393
-0.8887112867471652
-1.042622904218184
-1.0556779426133358
-0.7569261032234736
0.15146309453934328
0.5246367664409696
-0.29683027176944826
-1.1177924492819253
-1.5421146638962338
-0.8591475454990413
0.917640489156233
1.290445615985573
0.28788366691040035
-0.01928796823958298
0.9051400981746767
1.8299793183815238
0.2567424347988173
-2.0785751542815873
-0.9362904239452124
1.6922592670711283
1.9289975762670306
-0.056012345621994974
-1.9534768886890714
-1.8611088012356163
-0.6677799313579993
0.10089264723064961
0.40229161489836435
0.2950600270224449
0.6697977640859742
1.6103830702312807
1.223723435803624
-0.1692710656939822
-0.6964808710569698
-0.1708533734813965
0.3776094589162434
-0.01055098776208152
-1.0828401516767534
-1.7951634980444016
-0.9274722812419589
0.725698219760207
0.9108113503921653
0.548530486212373
0.291987223234922
-1.1778905705677383
-2.015320325872884
-0.75454956593539
0.37170839662473965
0.4057274547089611
0.5234237317061976
0.5288534335934927
0.004384650609417173
-0.09486270042386946
0.1711073105004094
0.17112375187081547
-0.03755596407994022
-0.4721248990894022
-0.5964534432626507
-0.21091632449586084
0.23388476546043158
0.7697959166006594
0.8352507368275655
0.1029001533163949
-0.7091629132511477
-1.034071279419215
-0.44923698890625496
0.5523687596184899
0.6975197777567649
-0.0922738388811476
-0.5040577878105535
0.08014244365197165
0.6091667498867145
0.3353434976997597
0.05365646818511932
0.19590991156347515
0.17323617918763126
0.01138923154192173
-0.07999650870095146
-0.07505816076889371
0.13084402904245607
0.1778558405135776
-0.03996445533249954
-0.09830328657206575
-0.11536926545958137
-0.04589351768851033
0.5385527489827319
0.5820887598549163
-0.44309967608966405
-1.0257591162054838
-0.858092042718309
-0.6325652865379088
-0.17052773119272402
0.33286997610027647
0.4045080674794582
0.3857369717363771
0.5956670056256488
0.4756627094278866
0.022702421432894998
0.09634538099847001
0.21927051496236305
-0.3170964601051508
-0.6230919670382883
-0.26987203868009885
0.19474045657247996
0.7051220232445409
0.9828588328296158
0.6661766614856953
-0.2954979151504095
-1.2126461534618151
-0.8871567941197387
-0.28765433708067695
-0.4057226037442959
-0.04455147607275112
0.8785139560103722
0.961088424862156
0.017530721916659414
-0.48264954244623703
0.12186043011482789
0.4650293884748009
0.10017372194522686
-0.02464764693723691
0.38833329154232665
1.0620070278296445
1.067095863949424
0.4462233843626413
0.3935986341701738
0.5128148583425722
-0.04298892971704915
-0.94668763144576
-1.4987536879346945
-1.0435246015398407
-0.10997223335891243
0.05100282128440162
-0.21137141366456574
0.01517359005006938
0.42878105080618517
0.7277734613476683
0.7057206684151963
0.11850580813061995
0.008609876637625247
0.37507774348661727
0.01611913783073171
-0.23176780055510426
0.024735739260181022
-0.21977345907897794
-0.24453785830469643
0.39866152585663106
0.2843804343743185
-0.4211966318872491
-0.32256441523056
0.100225155094394
-0.2166974987977417
-0.9576527479367103
-1.2117673659170771
-0.7057208443196539
0.046814482242305555
0.27733207066796106
0.3402090177384188
0.8610769068338837
0.7906874093868335
-0.2873102189912959
-1.0421911541809137
-0.7740898473111555
-0.2013299097468988
0.18076339647468104
0.5014019417005393
0.5160360218133382
0.4299958755486878
0.523449115135078
0.18735326730068202
-0.7155378621741973
-1.3217476585028802
-0.9280303121285315
0.10651540478368204
0.7159665363376572
0.2412219273620107
-0.7733496002324565
-0.9444492773449911
-0.04097536041000316
0.40539132836027747
0.019457958870802816
-0.081574267440227
-0.11498185685108009
-0.4316126720619795
-0.2080462336214426
0.5246366797859875
0.7427331901275549
0.26733507872755036
0.04269280958069199
0.22057138834694717
0.1140883256934766
-0.016026124239700956
0.20045973511155302
0.29635831873899077
-0.09250469729559607
-0.5495339330009219
-0.5817958169713286
-0.5969212685100961
-0.7259229615043181
-0.2989854610398852
0.37076387091989793
0.39942950283989687
0.13551572755885566
0.2829340284242987
0.3989801797933108
0.1797047927770259
0.012634928671671153
-0.2170336338612927
-0.2871686652413956
0.08281609725269612
0.35472155953171336
0.25027683936803347
0.1016170775847508
0.2602545135075062
0.15819713504975963
-0.6395934389728841
-0.849004882740564
0.3212538543372574
1.1862090654029431
0.5233433534914194
-0.15934453731725662
0.13224092292398243
0.5816364821842874
0.5199017255626553
-0.140822552484628
-0.5973928308197284
-0.5429348053844768
-0.5149905070326626
-0.1803028624416086
0.5695127889501006
1.0677672390502355
0.6608778668935719
-0.40700620625831907
-0.6093002539189064
0.33778677304607274
0.9100511656126195
0.33915070471787034
-0.39734467114386707
-0.30851272368540605
-0.20392724188914702
-0.5395600298570159
-0.3741446337318521
0.14501521923609278
0.32075859092227527
0.16723197529109624
-0.20530506066312448
0.015665281191311664
0.9916127900590704
0.9659573785631556
-0.0041601878815871185
-0.39951834789805807
-0.509341762827882
-0.5077144890562906
0.0309703056622177
0.5585139954317585
0.5413689736748463
0.10848124520765512
-0.49781724773594627
-0.5781305443053288
0.22810191694921056
0.7446748230295186
0.36787444036212935
-0.04567291525448902
-0.2824136976154823
-0.41584142313990147
-0.1203342790618831
0.2244448156831096
-0.011860095021582695
-0.5510838034283818
-0.6407446597829183
-0.27794491860116777
0.21583874024926009
0.4618348629261148
0.10683778274819844
-0.053423472029834995
0.15580883731903916
-0.13964836438079536
-0.4602179353923105
-0.2764562393365637
-0.23516994706922517
-0.22797423628128816
0.03820482463975545
0.021193687359466556
0.04712236483178992
0.29491685459269895
0.1850668837074702
-0.0042620694662314496
-0.18549047216315112
-0.5042387753136539
-0.5831894945124759
-0.05844081391688383
0.6519066431601508
0.4246098733553196
-0.12907892451212116
0.1682355352967701
0.17502468570677165
-0.6276693914123209
-0.47155435368069737
0.7766742663103138
0.8339323388300826
-0.4020871734243609
-0.7460925285171707
-0.11482076933518048
0.1271479718779629
-0.016893392149444936
0.06498036894802994
0.20058068933861226
-0.04373201104894267
-0.5043066844729742
-0.6978495320635905
-0.40326971780946674
0.11428845328057724
0.1737075767359374
-0.16829733164661909
-0.0651529988654943
0.37467254090223073
0.5434165588570448
0.4433785221923563
0.29137140773094083
0.06066403049010592
-0.5459650019000165
-1.070801402297001
-0.44030517036016353
0.6754766299333115
0.7098894329693939
-0.057963152287798636
-0.540392747761262
-0.3618086523025608
0.23571757142247074
0.5225474150607385
-0.030082267689844566
-0.5798332976234011
-0.1473202655165633
0.31065527043851193
0.16673351619803933
0.15373649145927393
0.17944183717414247
0.09637853634705174
0.04168545906110116
-0.09280193671290649
0.03154477778619574
0.226821561549472
-0.11905392831114542
-0.6407801106147907
-0.37298874133947285
0.4925449375766928
0.42733334892996877
-0.3745270719417645
-0.28106852257172577
0.3687644920136954
0.44800225014118217
0.10962263479965834
-0.10599927459535269
-0.05784686567941136
-0.0795447135209188
-0.22516701927686517
-0.1176194766762646
0.0773405782877497
0.038150302668597036
0.056826844573360624
0.3536177598327749
0.2612275018803195
-0.22516820888485262
-0.10550689825185663
0.24859281432814423
0.09731368070931123
-0.022448408656704118
0.1844879192855377
0.2879751576074153
-0.022275611812956203
-0.466407239634903
-0.3016264283062139
0.27185434495052213
0.31961379477217605
0.11753474164891357
0.07655276312688807
-0.19211844154996555
-0.11927532160868176
0.4882606298067396
0.40176112670287945
-0.05458691141331112
0.04401523566658261
0.06457757003433223
-0.1255599839228571
-0.1590943674381451
-0.14384015935334632
0.03576420290038096
0.2502973987169928
0.2859986651277844
0.3010304655151325
0.18935158465631352
-0.16530083100472115
-0.3696447206562549
-0.2668473915771698
-0.03504916907808714
0.29357761657036646
0.23327871794496408
-0.3268153399075401
-0.506904005085096
-0.043960577177987126
0.35961441421647905
0.259892914865686
0.008006713035767998
-0.0010354080295544854
0.0603216858826745
-0.010383675113914359
-0.07557879370562959
-0.15544978326842668
-0.24839939926608468
-0.04454162650513038
0.17574480561326308
0.05397643646708766
0.011318865788530197
0.014332652639089505
-0.112302040473576
0.015262365462670568
0.17609199207825138
-0.019251285632657933
-0.16087437400539245
-0.03386877386891063
-0.09588314532429482
-0.3356849358845887
-0.20090295395096347
0.18578377063710952
0.16175649464083203
-0.11102216366377056
-0.07939390719830271
-0.004945492483839631
-0.04602008028784249
0.07642077472265711
0.042688304635082074
-0.18470552834342588
0.002742313954827283
0.32299199754324576
0.1053396190208575
-0.21675279346678727
-0.09844062270111792
-0.10495884380837847
-0.27872136241792145
0.030319255270346106
0.2734919740456135
0.012310119416272412
-0.11183475373762683
0.03773344798789484
0.18352040018249885
0.1380522580428905
-0.12773779121788315
-0.23180695922287725
-0.18513388119264562
-0.21669038642350835
-0.16361406306044582
-0.12087983704484961
-0.17361206888858255
-0.009960159510701283
0.3029060098197688
0.3722794111269426
0.1282852452798205
-0.12495370019808308
-0.14943515719799969
-0.0929418805956771
-0.05361232296590196
0.09039017896689433
0.2785298557353033
0.21500520916667626
-0.15049487669239986
-0.37571172186611795
-0.20921277476933695
-0.005810699596841551
0.04784204866140812
0.0479322736053856
-0.06203481299101621
-0.08794466366943071
0.1349590113779543
0.23503966236121754
-0.11298240361263362
-0.42469138508116044
-0.13338796697102434
0.24105633075777405
0.30571056962446086
0.3144388634148482
0.13520756828764155
-0.13509347256718746
-0.054937809514868485
0.1818338989961077
0.2382307952186727
0.1781957930969651
0.01336695019169451
-0.147725112974931
-0.15173827882358226
-0.13477233936203414
-0.16568769959412827
-0.11258948509546432
0.03983696619190005
0.0857869114414647
0.0017819486912091093
-0.004105012147241516
0.019445411057457465
-0.0018734140799004512
0.10624548873955653
0.26053946483414736
0.1777815186171664
-0.10630145687290546
-0.284685606196006
-0.18926455066336284
0.06632361367693924
0.26590176019378975
0.19698474523737805
-0.024536665106151087
-0.08255227987520553
-0.008058137470582608
-0.0048623368466104155
-0.06837842140666353
0.02981247050793158
0.15559629924657975
-0.034148625843250915
-0.2477652901737508
-0.2496363941035999
-0.1973759147836864
-0.06819272417425257
0.04680292314949738
-0.018852364726815285
-0.052751872453288134
0.1794592183907511
0.35284124703984754
0.0836315690943164
-0.2713043871416046
-0.15669881249696666
0.1627541902304651
0.15834875135953863
-0.06283263883165117
-0.34236643633885677
-0.4290153429774807
0.07004492416835617
0.5299778848108027
0.24454881570814013
-0.20078291756622155
-0.2607232554006849
-0.09272376008751793
0.09377458697171448
0.04307538760806073
-0.06818768246354226
0.14141742154629455
0.2701124293305157
0.033142972913473935
-0.17253733817994596
-0.22092674214767732
-0.16489997618721397
0.014735688175236072
0.16910250341369953
0.24444225064396605
0.2087258201692348
0.07743241330331092
0.08311739666684605
0.08474810740638207
-0.13615859800232788
-0.228193797337362
-0.07693007133444592
-0.00030693914996766936
0.022239039217554227
0.0606205747415416
0.00834765724868751
0.029915997697983844
0.1951872490095542
0.23180741578100614
0.06415377847712014
-0.13332833118289716
-0.1277088158728599
0.09435464319491253
0.09731057720878052
-0.1473301978221369
-0.12156877221018457
0.10627490908071274
0.09770865247214779
-0.06484463760389848
-0.08244753493646685
-0.021074708620850063
0.05898762103245156
0.22144542787984306
0.19415198430460398
-0.10486373182234396
-0.2544323818346913
-0.04662506481047746
0.19609701590472978
0.13971968006004623
-0.0827849172195062
-0.1591887107407847
-0.007754408757574299
0.037559806228882914
-0.13238524971977156
-0.06089282897255474
0.1603407384383418
0.14134674507967704
0.0024415576789197646
-0.09849580186464452
-0.14908314900927278
-0.14459695106817955
-0.021159614639664003
0.14335849650064622
0.079132607424173
-0.16966476703891661
-0.261126324999353
-0.13186596916162938
0.06634068467705673
0.24724078708215697
0.22664470109957038
0.034833205191582645
-0.039672673154675375
-0.045962672141285105
-0.16353635286095905
-0.2313143448292806
-0.0562835330409562
0.17587964326204866
0.17693468782618593
-0.03884294710896148
-0.21031924135021712
-0.15994231139252352
0.0009625514692878645
0.08026386464821834
0.008845104327133216
-0.08356020788595538
-0.0013205512511320072
0.09899950951477769
-0.057429420033363474
-0.257102792698959
-0.10610558220982447
0.1664912126563108
0.1922838038310406
0.13727396603871173
0.04358321860471774
-0.13714245421450572
-0.1469897145938192
0.05054782783384247
0.1321052714635867
0.017941958967807814
-0.004889205017803468
0.0617973365846583
-0.05573062324191931
-0.23363218529528734
-0.19054900404749814
0.010855138540122211
0.22683489245768818
0.3092413835928642
0.10522667330307989
-0.212972315450565
-0.29913035102950497
-0.11067742928374602
0.0708842893055695
0.17098856658617162
0.27026071579506283
0.18155406111388828
-0.033258034706645415
-0.054974879273917567
0.0051177627186328525
-0.05049438282093611
-0.06103854500845597
0.09902161996392944
0.2185699437183267
0.10228662646840299
-0.15364607738238423
-0.27768838095422993
-0.09736287471274589
0.1652551558907873
0.19447329987910175
0.02029138879652706
-0.09941584827823954
-0.03217902533624255
0.01734649753518442
-0.11180933831044187
-0.11838922666938474
0.18418191141724308
0.3741289595439985
0.1571070374299444
-0.14247027431690987
-0.22529388354872384
-0.10475376856521856
0.10808578467459472
0.15715096103901594
0.01948438970022026
-0.03356884683239833
0.012904835982548296
0.041044180128815694
-0.01631609017875299
-0.13544502319693336
-0.15102239072919776
-0.025606182018173426
0.12219018496557954
0.10850949626402875
-0.14275655517185115
-0.29890212228893553
-0.09390403619212113
0.14595734845477354
0.16543006275632527
0.13684073487866072
0.11125742937201408
0.007571826580706376
-0.08211217117999133
-0.06719872711891856
-0.06375292263368347
-0.07398986457113182
0.04382862447249885
0.10218453600414526
-0.08670441200441406
-0.2187452670714303
-0.09630313519448463
0.036742145678075426
0.0880688187265225
0.10123015490605922
-0.012253246349857845
-0.13064976915118037
-0.05593644404237416
0.03930803248882717
-0.056977242823225915
-0.13973807549476475
0.008790622386482677
0.1561333783863359
0.06592025109469904
-0.07730684597599768
-0.052581843465069354
0.06144414850699962
0.13743749873253425
0.11476137849593551
-0.03438149173395814
-0.10457305145987258
0.0028152749416223873
0.03755788663700889
-0.055671050998668
-0.09217493892802335
-0.07856786363101828
-0.10199087680690569
-0.03407294277968381
0.1050352860728948
0.05693432605015493
-0.08028753183483234
-0.034154043470155285
0.08671209334566102
0.0991130486905831
0.1011770532728928
0.0966460188204927
-0.020008845106922916
-0.08608835798572731
0.02178565270131681
0.08557951772133464
-0.05658691506157353
-0.14433896016778286
0.010050313866426085
0.10594788750048904
0.012741880115837607
-0.010736365427877571
0.052746623670850125
0.06690103295780155
0.07529481910739251
0.02163155804842068
-0.16155170538017205
-0.2324310719382723
-0.03341497634132329
0.1377372511302493
0.07072730331063619
-0.009687881314019821
0.0072794733408060915
0.009271816709195376
0.04809562720807776
0.13002433652824996
0.08283421452513762
-0.006077117340056976
0.031668212075025404
0.03733131421432592
-0.0938053171076156
-0.16994212961271543
-0.07047157674411698
0.061362472598493166
0.08859967129969924
0.03929383014710413
-0.04239242154228946
-0.1238226024445247
-0.09964399030384065
0.02003443972125408
0.06387609048423494
0.03638173221168062
0.05484320020283642
0.08463401264005593
0.026603722237508426
-0.08842392617628612
-0.10568512088168261
-0.025859418120111444
0.017847288995838862
0.058454732974957034
0.10040052428919004
0.019338086998780465
-0.07465982899882366
-0.05197508450763093
-0.028973686513471753
0.0006955579388555344
0.09051924215858818
0.1023316264168622
-0.022910889562213058
-0.14709517860852317
-0.16798745234213902
-0.1267974656156571
-0.045819474896079807
0.08669725877612709
0.16789856941353362
0.09733671652688257
-0.0032174072602537927
-0.021065696440940123
-0.04377146750169397
-0.056682354254423126
0.017726572424275444
0.07105648605154258
0.04967346487901317
0.02131960920851569
-0.039624617739775624
-0.1064696259915088
-0.08048680368672538
-0.007683791680035204
0.04119012705200285
0.09820115694773948
0.10753660252995098
-0.01938719620102837
-0.14740179378483503
-0.120053675476621
-0.011877983601624939
0.03413445157399278
0.051310731026282745
0.09765173676208005
0.06619937933809036
-0.02991382728260975
-0.08119459590781444
-0.09020261424525144
-0.02202118066464285
0.0912995634874905
0.12145286197653071
0.09244953516677351
0.040719370611637745
-0.059224044954068966
-0.10941135810329528
-0.0752675984405991
-0.023699139790130858
0.054058618445072225
0.08639230289488434
0.01996180340636936
-0.06521525267916525
-0.12168160147214638
-0.08699955457013647
0.04523112243663891
0.14043597295383659
0.11873062178656307
0.04254205338252919
-0.015186338319238178
-0.05905929057917288
-0.08243724066380942
-0.05545536506520793
-0.00198000028104146
0.057594434636907166
0.10693670758069052
0.06691082565580225
-0.04109224834243089
-0.0821280334477501
-0.04321431381145853
0.007151849138507745
0.03364974376580354
0.04984011131299066
0.05504766360156038
-0.007332556694727238
-0.0983537946544825
-0.12455522075970417
-0.05959049280098165
0.05712772368656477
0.105095334288623
0.04642344473903712
-0.00772352568878705
-0.010646910079639811
-0.012045244876102238
-0.03635351290174495
-0.03764117087634439
0.033007541152703906
0.09380888396720122
0.06324935114499451
-0.00675566230107031
-0.07524900883557833
-0.10716643610977786
-0.05186440797505691
0.017102921015481727
0.025157914741046346
0.04312670368622407
0.05999311594089351
0.003720011723744464
-0.058837861567067225
-0.0752777088569971
-0.030892218113883284
0.07355420613907175
0.11113231515965764
0.016751944586853074
-0.06862978919057956
-0.05417035274102179
-0.03569356109828129
-0.04059730621224977
0.011772017506184534
0.06793469494622502
0.06733540638140618
0.057350809204013455
0.002356906235312692
-0.08623332869691755
-0.07793202509957306
0.005276720343096425
0.04357854195737358
0.02989896337164851
0.004406795322661233
-0.021694998856186178
-0.039212270926860214
-0.046201372097152596
-0.029301709290985224
0.01115692413100166
0.05446895919841034
0.08520230525436251
0.03793643326671037
-0.05481551382755504
-0.043731894805822735
0.021496860687659554
0.0037685431076670012
-0.02286894784829331
0.01919417681089615
0.0455200199265519
0.012925169792989973
-0.02878356530344395
-0.053132206826101994
-0.05080264340098086
0.0031782641256324178
0.06087627440410289
0.04741463330659011
0.017482133168997403
0.005993928393028952
-0.025902401802855128
-0.043681893279519796
-0.0325259878671854
-0.0062077910254929695
0.04432831169160842
0.06216775228710468
0.00356484091917581
-0.05567233549844473
-0.04200019948953025
0.0022264341175670527
0.02369118293411526
0.03950316629636165
0.04057560469068039
0.016962724042242843
0.0025667256545801667
-0.02697380280051271
-0.064447114240199
-0.03365090826379253
0.028556042813684023
0.0348335532976983
0.011274738972841971
-0.004517023068947541
-0.024770616333972234
-0.016779355180968333
0.0063466860556947065
0.00042008734813342614
0.010133156137421736
0.03505124024685165
0.032887523070065115
0.001521981421428481
-0.04096737721336281
-0.03341447396693411
0.011194120063183967
0.005763706139921667
-0.016143467826282853
0.011493888613798122
0.033205471151485075
0.0011618699964452226
-0.03187509560677965
-0.026080587797591953
-0.0057792235471972675
0.014329873274244072
0.02745305697685523
0.017716478011321795
-0.0008021504377037064
-0.018630405609484164
-0.035661502855705046
-0.02574186479690215
0.00020690728116658924
0.013294964508827828
0.02550936980959581
0.021385270694938438
-0.005965640218795016
-0.022123148929998837
-0.021825159309783147
0.001846328903441127
0.029545551911063946
0.016477732280995125
-0.0053936639888460805
-0.0017748241859438427
-0.005211453076431487
-0.026987109201446847
-0.02791641005720495
0.0024527916750787353
0.02090228152780815
0.012496732977101056
0.003156745081912874
-0.003187041291004113
-0.009004880705920437
0.0009286384932614446
0.005579827268196915
-0.008816507289723325
0.003138068098112302
0.022249314069747457
0.005801760133157266
-0.01012872746755886
-0.012537680465445742
-0.014200865713204947
-0.0008864784724829204
0.0136511103818821
0.002261250328465912
0.00026968176404412736
0.02434876969777803
0.009855941894840547
-0.030077653059498083
-0.017240949591516966
0.013486387711110137
0.012685258827611061
0.0078104078825936485
0.0037953398814350933
-0.004405652455247874
-0.008900043839845362
-0.009871391147722706
-0.0021917393768230023
0.007422810510962758
0.014102507763320608
0.017605991415833553
0.0065016307697866324
-0.007984425820029749
-0.007672035746010007
-0.0025008227828790842
0.002015128068096358
0.011449914700944946
0.0070503385301219496
-0.01188611028059924
-0.004665545861060741
0.012119364281144799
-0.00739275127444654
-0.018147441623062623
0.008632899238856365
0.01746107700733647
0.0013431359588553203
-0.0038504249798537275
0.0014407998775778242
0.002222523577319304
-0.0011216237081414192
-0.0015822766157712557
-0.005647740927346168
-0.0032238643659741797
0.01251927692277283
0.0064161711802689664
-0.010695859983907733
-0.007195675647295919
-0.0012425243056713485
-0.001296687710608358
0.002755518583585196
0.00721524055154418
0.0008778299552261032
-0.0017361070115812244
0.0033883390245348314
-0.009201018875184529
-0.01760435283172428
0.001341098846273388
0.011746271588920953
0.001689326518161957
-0.005547331036169564
-0.0052345893323555845
-0.004402922929578305
-0.004635054765902192
-0.00019179697420350621
0.003848055160369304
-0.000102782390629524
-0.0005646771092213628
0.0027472563113999796
-0.005427399520714235
-0.01152820561802953
-0.0016548226455190733
0.002864214133907382
-0.0015502693821607665
-0.0006971873657091732
-0.003063266619754885
-0.005200595659565927
0.004699471650768805
0.003926508580970935
-0.010544065607999368
-0.0054748643753899096
0.010989807488969558
0.0050586451958462685
-0.006847869042513565
-0.0003454107025784251
0.004442821463374248
-0.0008324700895051933
-0.0036087995266673497
-0.0018388994261373161
0.0021633383147840086
0.004958556886845218
0.004804956800923722
-0.00020434394878518503
-0.003987430561119413
0.0012024254719645421
0.004157705605487062
0.001652458508841135
0.003800915585635885
0.004563963386841379
-0.0006003609094185755
-0.0018505111745839306
0.0011068167203447821
0.00042631898982375266
-0.0006140292326756924
0.005072784001187195
0.007636732706558275
0.00017737915860803239
-0.002688980605467549
0.0017493723523756097
0.0033466235635182104
0.002591291553868472
0.0028714827331412732
0.0031642884839286857
0.0006086679188572093
0.0006737154750892718
0.003949359044582363
-0.0005031017706414453
-0.0017482746180632266
0.005397893315478911
0.0033114797267177615
-0.001985602473906483
0.0002793674421089163
0.0017487251118157889
0.0005665038904012071
0.0014918175027675493
0.00038837110176820865
-0.003048916933830109
0.00013540744180319704
0.004690984965309061
-0.0009112470657589803
-0.004832034668820422
0.00018751519274714905
0.0005855908249716643
-0.002937931038504307
-0.0021391623008622986
0.0007486530751491943
0.0007835577144972884
-0.001741528752867703
-0.0019741761379829734
-0.002032726151634629
-0.003654560373363005
-0.001489274212466681
0.00012182040181019788
-0.0023404117347488205
-0.0025794884530450845
-0.0020585497729035205
-0.0034090924053584723
-0.002723317875002149
-0.0006980635699083233
-0.0015936195409174553
-0.0029685992241732357
-0.000610472808954543
9.401398697529489e-05
-0.0037828426340686693
-0.0028998425357412735
0.0008849490223595746
-0.000842074777566623
-0.0027218136068760668
-0.0016985703593957683
-0.0010625550220244948
-0.0015820159303278885
-0.0010012731726534232
7.17248496865941e-05
-0.0022921477336435396
-0.0023577210949536354
0.0005805997315603446
-0.0012042011743246643
-0.001935026258164942
0.0005257056195715707
0.00016061366694511935
-0.000814256706770421
-0.0001357457804128208
0.00044844482837986047
-6.245030198301187e-05
0.0006997085988661583
0.002059837635310719
0.00027876875538997495
-0.0001349699246581508
0.001900733391793941
0.0014551986840361832
0.001179354661457006
0.0022301865654758297
0.002423583922384268
0.0015188397454217566
0.0008543225982526924
0.0021615569352701506
0.0021423685633520234
0.0011238077718167014
0.002798816771030466
0.0033096303924384954
0.0016410020370483083
0.0016147348285083804
0.0025183634679196622
0.0026532713842510776
0.0025992333953519255
0.0028862070097627813
0.0021926686468031475
0.001790418370464405
0.002981239580612644
0.0022671916546769238
0.0005594290344183728
0.0015315153862239927
0.002176751220204302
0.0005948883808438391
0.00015689582428848534
0.0011490955747181578
0.00124989686013343
0.00034003407280859196
4.4467292686629564e-05
0.00015862575220964778
-0.00022243189108131153
1.3463574944617973e-05
0.0003283215837702122
-0.000214959447440358
-5.267456677640614e-05
6.576661378354318e-06
-0.00118712515198823
-0.0014966219160648265
-0.0004672720667753087
-2.418025172715166e-06
-0.0006624998646879397
-0.0009335291324023137
-0.0009126902864119036
-0.001748779361652835
-0.002233721601670213
-0.001964556356659087
-0.002145794776860022
-0.002332375906941177
-0.0022066639992469684
-0.002253467626366319
-0.0023796591410684084
-0.002256301478488417
-0.0018691887933409835
-0.002170529051026675
-0.0025674555065951232
-0.0020044860309261724
-0.0020241385035843565
-0.0028021613844472232
-0.0026152250480509977
-0.0019235427181497101
-0.0015830374473158266
-0.0015133869868850097
-0.0016260807088732017
-0.0018244281816171375
-0.0017638261621074052
-0.0014574562609095537
-0.0017942112964284933
-0.0019945676917962774
-0.0011385825716210378
-0.0006852455077315522
-0.0006683463847704449
0.00018812472047614534
0.0011299533572650053
0.0014286230815062292
0.001497127649788885
0.0016986288102013043
0.001598322454925324
0.001010072774354217
0.0004898140478198035
-9.818038850211742e-05
-0.00031947287155407317
0.0002569636133833847
0.0005149719724682929
0.00018857628282627215
-1.1411848567328617e-05
8.154515438458208e-05
0.00042899301394897123
0.0009460920273493025
0.001731726729114957
0.0023347403454689053
0.002497767482330308
0.002639517995478173
0.00279993305641781
0.0029807312302024425
0.002759188970934688
0.0018510726688178406
0.001093528777509813
0.001018218609417075
0.0012629456040223613
0.0014129787343985555
0.001486411321444718
0.001891896321568564
0.0025877171805791886
0.003150651975056069
0.0034536417377767255
0.0038284668063687938
0.004257261270161414
0.004418115818298974
0.004276457697127553
0.003394908109198097
0.0017278591887207005
0.00028994451542080704
-0.00044523008402092
-0.00101765829869983
-0.0017906655481142383
-0.0024302193694407982
-0.0026188866026717
-0.0024998924879146237
-0.0019967968109812478
-0.0013585151795140298
-0.0019341748077765768
-0.004608169241756995
-0.00721555765235814
-0.005964231956399094
-0.0008780186554163652
0.0035583307731835564
0.004290004339168772
0.0026120805073923453
0.0006514185344531579
-0.00036988054895679273
0.0004929607452978917
0.0011463075857417616
-0.0020289410688460125
-0.007196231067181191
-0.009330770429223307
-0.0074064183076439395
-0.0031130980017734793
0.002373071791296015
0.006942946821454323
0.00789181695307603
0.005070936031822803
0.0003774948615229909
-0.004910430696481824
-0.009478239952449107
-0.010900252313145365
-0.007270734088662432
0.0008924546900273191
0.00862820193315883
0.008923841131079111
0.0023597489906256974
-0.0023145452293487777
-0.0024588179408419264
-0.0041971655249784905
-0.008274647275703331
-0.00897573265979643
-0.006164975223732995
-0.0043614685369428394
-0.0040357170846875914
-0.003308823726264832
-0.0024924579663994605
-0.0020394050846281077
-0.0001588934636125236
0.004935683658729786
0.010023702618526248
0.008793012225951245
0.0020974024613070776
-0.0016329130276812338
0.0016787468140883263
0.008052219300749524
0.013124314649223754
0.01492247866161654
0.012114187032724905
0.005344905797261816
-0.003527279547482394
-0.013009434175837154
-0.019634804466033755
-0.019245180098928973
-0.012508244924728096
-0.003306497059152518
0.004386104017489557
0.006779270698141743
0.007301855647247698
0.013431981627046547
0.019593217540525378
0.014345966453909259
0.003835432276030724
0.0021656167915212274
0.004778837202021024
0.0014090304300822566
-0.0005936571888965313
0.0030653664504810482
0.00041227329280708533
-0.009256135283801864
-0.009974353314949511
0.0009673871788661945
0.007220326423112029
0.0012226973059972883
-0.005395099968217581
-0.0035590751333026797
-0.001424945515439792
-0.010680145174396067
-0.02650575643841263
-0.030546919932825937
-0.016788223187845046
0.0008096999823221616
0.012678528953331648
0.020902649093942585
0.022010660989395532
0.010367267736056448
-0.004735674324946785
-0.009048047088781246
-0.0026899678493450653
0.010212404111375282
0.027047824821076993
0.03605135119942677
0.0288807729409976
0.010742297242984887
-0.007240329892053726
-0.014345752646018485
-0.010014434461030286
-0.004596146018769422
-0.005580110740868612
-0.00806315859131895
-0.0028539897445034254
0.006157290391120264
0.008381513272679282
0.002435274716013007
-0.010100144011071538
-0.026402703585919986
-0.03640665629590091
-0.034666057905800796
-0.02857879501664777
-0.02157537768978459
-0.008517660571271575
0.004100747464894826
0.004766690198306375
0.00028346213298836853
0.003943101331478946
0.014232699391411759
0.01971289746051814
0.015871005659398123
0.011669447576569021
0.014170693414169206
0.015176872933078268
0.0075668868149534035
0.002244776233622296
0.010720566736756714
0.02246023558021307
0.021763002445124868
0.012797214219744748
0.006178277196780914
0.0005207899342259334
-0.008750697291284117
-0.016684185778658624
-0.015349146015349802
-0.007664240558891509
-0.0007073998471242293
0.0030555467386940184
0.0009392521473511883
-0.008938470999047434
-0.02423879725357996
-0.0347580008369119
-0.029055367585364377
-0.011651960474501316
0.003108290968992365
0.008529418286903002
0.009188156136405449
0.013308736809641281
0.018050437495951983
0.013553402600516408
-0.0005271727033213615
-0.01646244213653743
-0.025546527477580107
-0.023634654583523842
-0.01452861943392043
-0.003963482380437734
0.006949585418873264
0.017172568566570387
0.017467000605509587
0.0030306798738094845
-0.007268084550302577
