0.0
0.0
0.0
0.0
0.0
0.0
0.0
0.0
0.0
0.0
0.0
0.0
0.0
0.0
0.0
0.0
0.0
0.0
0.0
0.0
0.0
0.0
0.0
0.0
0.0
0.0
0.0
0.0
0.0
0.0
0.0
0.0
0.0
0.0
0.0
0.0
0.0
0.0
0.0
0.0
0.0
0.0
0.0
0.0
0.0
0.0
0.0
0.0
0.0
0.0
0.0
0.0
0.0
0.0
0.0
0.0
0.0
0.0
0.0
0.0
0.0
0.0
0.0
0.0
0.0
0.0
0.0
0.0
0.0
0.0
0.0
0.0
0.0
0.0
0.0
0.0
0.0
0.0
0.0
0.0
0.0
0.0
0.0
0.0
0.0
0.0
0.0
0.0
0.0
0.0
0.0
0.0
0.0
0.0
0.0
0.0
0.0
0.0
0.0
0.0
0.0
0.0
0.0
0.0
0.0
0.0
0.0
0.0
0.0
0.0
0.0
0.0
0.0
0.0
0.0
0.0
0.0
0.0
0.0
0.0
0.0
0.0
0.0
0.0
0.0
0.0
0.0
0.0
0.0
0.0
0.0
0.0
0.0
0.0
0.0
0.0
0.0
0.0
0.0
0.0
0.0
0.0
0.0
0.0
0.0
0.0
0.0
0.0
0.0
0.0
0.0
0.0
0.0
0.0
0.0
0.0
0.0
0.0
0.0
0.0
0.0
0.0
0.0
0.0
0.0
0.0
0.0
0.0
0.0
0.0
0.0
0.0
1.1093629029961978e-06
9.450851220370993e-07
9.287015413863265e-07
8.830735188721206e-07
9.407184802125604e-07
8.949993406943671e-07
9.501845752348026e-07
7.594518196045917e-07
8.783229474487191e-07
-1.438076839780577e-06
2.289995006695127e-05
5.037449871198426e-05
2.9868377584784612e-05
-1.7999046450226208e-05
-7.903115017213837e-06
-5.585737757361139e-06
-1.8832612706274597e-05
5.788457317973231e-07
-8.307363964188511e-05
-7.29813607980685e-05
2.5043720214775726e-06
2.9578151083118483e-05
0.00015652253520367297
0.00033986087664548796
0.0003246831485626939
0.0001247277657272746
6.971144015790573e-05
9.807018030875823e-05
-3.3264695202299427e-05
-9.718618503146556e-05
3.5627015966952305e-05
2.2023970487174413e-06
-5.109825929986217e-05
5.3883913651080206e-05
0.00015949654671488194
7.160353359774533e-05
-0.0001032906831834957
-0.00018233563262822562
-0.0001751868095150155
-0.000127920989686885
1.820199350237969e-05
1.4127395452433041e-05
0.00022672289507004998
0.0005805790344968773
0.00027041243503260134
7.684621517971862e-05
0.0005385645288923739
0.0008638633335966196
0.0010913085239121726
0.0011887870921333148
0.000570784732550167
-0.0003358229451005108
-0.0004308830869966886
0.0003524760322448019
0.00045345171762124786
0.00035093892145843513
0.0011691055450399454
0.000977042223136304
-0.00010359690490568793
-0.0005758332132933233
-0.0007519297871833721
-0.0002615674351165837
0.0009408265596925719
0.0016925635431273309
0.0017239183967283087
0.000876761686484145
0.0002817348926317542
0.0006947843131821654
0.0009193985794109738
0.0013568899550220207
0.002705975113689527
0.003012307901887701
0.002233850962974515
0.0018986909584281903
0.001954372850475846
0.0021827563284971658
0.0024362356115569125
0.002615875258271908
0.0031396288353629006
0.003634676502834785
0.003175169678052664
0.0026733123119252393
0.0031483257942620086
0.003219489379028735
0.0035543995941405746
0.0046139431232532545
0.004215913331073178
0.004458329885016602
0.005409860200245707
0.004384023678567171
0.003003726597496645
0.002401298943264336
0.002492592228071323
0.003857394617734532
0.004587149284775891
0.0026825234749076345
0.001672006743719022
0.002268196310345779
0.00020708618388756258
-0.0027440992460997225
-0.003297552274372204
-0.0022021969459646244
-0.0010908250134620285
-0.00337853076211686
-0.0061632330133980255
-0.005187968021799609
-0.0030227660803712167
-1.6183450529480538e-05
0.0009180085590043474
0.000747968025904534
0.0008638967980064337
-0.0017410393032088085
-0.0035796607481909013
-0.0009479907948778122
0.002905710609877106
0.002806124465916275
0.0050583274882457525
0.010631259187921797
0.006550243387025239
0.00030735534076159276
0.00382710984464656
0.009167681876273736
0.013084832889585249
0.015829119470272896
0.014620887205600348
0.012802178609178904
0.007098196128669448
-0.002724566901584308
0.001784566586717961
0.009874310554329292
0.004511822562161475
0.0073303236967760576
0.02229178676883199
0.02127207173545009
0.004335712715908558
0.0025434718856745067
0.014499902532947494
0.013873656355800573
-0.00011870268974775495
-0.006281900618708104
0.002975091836718773
0.01287349082698987
0.02182185701793449
0.02244154740669923
0.005875446285348395
0.00014405285178399656
0.017591285957605063
0.029789844223002824
0.03536210052968089
0.04295070937194115
0.0363686785986724
0.03735895382189421
0.03971677134144106
-0.00799089825523032
-0.05922119330515866
-0.039232075058127355
0.027091463731216892
0.061454264927113936
0.04562369491530004
0.024148293002233777
0.0028956352162912767
-0.028077939168813636
-0.04706299354110635
-0.03170144845451014
-0.007575756049506148
-0.008265146936957622
0.006944594071192459
0.043909206824176275
0.03153781592319042
-0.025476385664187536
-0.029974843271399963
0.03422645805734453
0.05262340722885588
0.0281782945572067
0.028377950535545985
0.00804024947090979
-0.024698564837480532
-0.04067969264242963
-0.03438378156585154
-0.004479143512621323
-0.010494395013922006
-0.045764524201768575
-0.029869274363068174
0.011112914484497222
-0.006975446220612927
-0.035397849494847776
-0.03687545758585369
-0.04225692245894835
-0.026529437489493192
-0.006226693104971244
0.015012002060459221
0.01997730803800057
0.002694230070082626
0.023444311163165435
0.05536877577759284
0.06673379176199233
0.05213850972137482
0.033509045482229945
0.04656097718937592
0.07068207836409861
0.05940225370796053
-0.004187790974373821
-0.03220044660434035
0.00762501972406201
0.0332240023620587
0.03714074932591103
0.02790770370130803
0.008850378373225712
0.016298748185465364
0.03635196365310084
0.05096905011117617
0.06037696673517592
0.0357729378156281
0.025312040672258798
0.09619767841074847
0.1429685538964728
0.10272312324844425
0.08569873396104064
0.10587928502171501
0.0917204095577337
0.08023122388177045
0.10653344203690236
0.11734470722808989
0.10051104151218546
0.06983023616190741
0.04487131272121369
0.0598684463145531
0.07658939024327989
0.06631279430878995
0.062406161848257556
0.08501429715978476
0.11359363814589181
0.1141408992904315
0.06676664532518192
0.015828715136574918
0.023081655038592646
0.06291638929960552
0.09984062346456925
0.10962679048191641
0.07148287657602977
0.053444568637163584
0.07389696452080556
0.08752207055069394
0.08696953208615044
0.06755171103767778
0.06185718922276196
0.09970306030119475
0.15148826945486435
0.13884021393797702
0.059192987972138116
0.020763816511196184
0.04904624247051885
0.05547997263794728
0.024157006941623028
0.025326870880430726
0.04079220366258143
0.016298380006887516
-0.021178930735370898
-0.036328909678632545
-0.036967625279736446
-0.032899739500009184
0.006395627064984016
0.06905786187914842
0.0853786674856777
0.05565065433342287
0.03090393511940114
0.013441520610445127
-0.020238034048462427
-0.03736425604489648
-0.007160516768672354
0.020462301459617565
-0.000175294759014929
-0.02292389335144459
-0.016508584038299
-0.04565295832237132
-0.08723658082562016
-0.07460158077692405
-0.05800946877455876
-0.07742178924152548
-0.09516565783107685
-0.06553854094783748
-0.019605416697297765
-0.010099813522777095
-0.01951919058216444
-0.039327010858200895
-0.06702216595427214
-0.07216167115282192
-0.06390224148394089
-0.08089502868608808
-0.1055593454685955
-0.08972333955876605
-0.05669714865486005
-0.07212173285433403
-0.12305966436401945
-0.11277996738007387
-0.040935559910894086
0.006893813294156835
0.013685654963765595
-0.00336265289212019
-0.022543431983705245
-0.01326314937040976
0.0033738748861239514
-0.01383907230592775
-0.05468889121098859
-0.07042021506600803
-0.03761918677519996
-0.00880018922871693
-0.02177030019869532
-0.030759550052463173
-0.030320507025838328
-0.04053269644526029
-0.035346946284789134
-0.02642146377895882
-0.036191586452440076
-0.02768649736970821
0.018264979436420754
0.05895788420639242
0.061626934208378975
0.02953713579909224
-0.013383782190229001
-0.015428101206015222
0.017309851743548193
0.02787444586845083
0.005907956024116487
-0.020494660160013667
-0.018130757197005038
0.006208360495600495
0.005644689389196616
-0.025779275910267213
-0.04429258331161247
-0.026819883318884328
0.02278395021842381
0.060686370237577905
0.04648068222178507
0.012957114603731251
0.005977736025752966
0.022678526523868866
0.03581935075553644
0.0412386779023029
0.02772010798670953
0.00022181375620512335
0.001302322871042865
0.025295684323854994
0.024934948346161355
0.009133089603120316
0.0068192982413858945
-0.00219161748420488
-0.004836721593624478
0.02140372244313539
0.03927980855973923
0.02933898836333965
0.0007882335283360374
-0.02539287890714104
-0.005712659411276764
0.024332227961748245
0.012197964279400121
0.005179594826206639
0.015477746311379123
0.012837162843133675
0.017215739017018918
0.01647884696178268
-0.008055160499308607
-0.01116728299991966
0.020026390927193327
0.03491392913567566
0.010625593910894977
-0.0217979968898028
-0.03786972785970983
-0.04331724044651643
-0.045459532736918634
-0.037130729823873485
-0.027470052896033367
-0.024285030199254383
0.0007261125116251669
0.03184698117016703
0.023816056050460895
0.006290775009696771
-0.005159617582511875
-0.03816901839176176
-0.04072110672396556
0.0023563546959063336
0.027131301093633934
0.013750659747239545
-0.0032273961021728483
0.004914808030369038
0.01949698355747057
0.038703560818511146
0.03390260402805981
0.004561532634951779
0.016233937971209526
0.04302500400924335
0.025101818023720038
-0.026023075976522744
-0.0494172515352635
-0.031169055035163297
-0.0035328702667186845
0.023021891410268634
0.03410051223034367
0.027711960095977293
0.015250052650454574
0.007365852455901867
0.02198149277974116
0.04086960942187329
0.022604579741836606
-0.00622847454272115
0.01344686323264599
0.05148338189912442
0.04679028284607316
0.022524343521054768
0.006711631698467807
0.006114299011335083
0.021224207210772218
0.020989851220950987
0.02006198537376706
0.03542881987090975
0.027748735044504796
0.017338764905398932
0.019648338673417802
-0.025072224936437723
-0.06809354744301765
-0.0455260662801962
0.011894182637589514
0.06284798580341934
0.051257366038181845
-0.019041032909421773
-0.0664586362802054
-0.050482037021291525
-0.016289151935622432
0.0023524592192049475
0.009766462495785302
0.004966211170532034
0.003282618635345898
0.019434648053503704
0.015456624192666657
-0.012475979522678165
-0.008165817468196133
0.02236255251410162
0.03863073494104717
0.03689734050931439
0.02202146336328325
-0.001967639493366489
-0.022326057349834335
-0.030824641506739445
-0.014826755323948747
-0.0009495099725107722
-0.03062629028547699
-0.05112177342434624
-0.01731518638828506
-0.0009948825100175608
-0.025230830230867207
-0.038352062408169886
-0.03302428313083014
0.0005976413902759563
0.050295756571559595
0.0694074549946964
0.044302314680237306
0.002394875690727934
-0.023220027633341224
-0.03048273229410677
-0.019356419574939172
0.005547763264696945
0.004417369122226549
-0.00755052034134737
0.02558547821505253
0.047211673642931405
0.0020429707218973755
-0.05132347002841545
-0.057542347802683344
-0.020224072160344917
0.0016542406907920305
-0.007044902624792553
-0.0025896058119979767
-0.006220455576018858
-0.031154595159345183
-0.040101868506224415
-0.02198504337737866
0.001246535030106831
-0.00582803488852475
-0.028303759267983137
-0.020367366017596214
-0.0043655362051765794
-0.014763568395485246
-0.02407218721267141
0.0013886342441182952
0.03281293905165228
0.02763274824343121
0.019028748670112762
0.029726267200552527
0.02157288099356937
0.0016807558543592627
-1.2990093714747052e-05
-0.004984775332670699
-0.02584576800842744
-0.03722588906184784
-0.03087027282866079
-0.01922057824500639
-0.010071607721427822
-0.007468798869675642
-0.007307968746238865
-0.0014344556500953125
0.015059519889144965
0.0144711844011185
-0.021580203667491756
-0.040710692385430895
-0.020251881867706625
0.006383785640357291
0.0024233497428441777
-0.02970977207356371
-0.03956898510090491
-0.020365468450379134
0.004333591634310096
0.02342394088996833
0.01596222542995111
-0.011158837342517065
-0.02009088359922936
-0.02534781318581898
-0.04292903685297221
-0.04123074911208991
-0.026523058951206012
-0.022832044772410104
-0.0373976691443179
-0.05347823311076841
-0.05066327577741171
-0.04346805229186692
-0.03521450149393198
-0.007222234667401119
0.01701576160514402
-0.0014637446305768966
-0.03347313564295829
-0.04007529395385878
-0.03305850164113808
-0.02603664745627079
-0.01178200169759841
-0.007524018335464593
-0.026747421787000413
-0.044024214886781314
-0.03189264407988484
0.00010112513997954452
0.011493329900672913
-0.0010906674152399048
-0.014251840325320083
-0.006148733229656696
0.00736716725599021
-0.008226682109097362
-0.024411907599048526
-0.01866324669059638
-0.013748076942448891
-0.022901609037536748
-0.03983405983382478
-0.032156186861125806
0.004181899273766375
0.02052592655261034
0.009987901914855707
-0.009926073824125577
-0.03475108244495266
-0.03996372095969399
-0.019320527956984922
0.003581594155784511
0.020000269396113088
0.030214219680355054
0.011973052335018062
-0.027392113392782594
-0.04573921333723619
-0.0318660859357337
-0.004347114121966663
0.01642005691581641
0.026920225392067978
0.016620459928514495
-0.005086580347235019
-0.0002853887808364677
0.015645970671865187
0.010441555161842978
-0.0010353670736840067
-0.002260631557680791
-0.006339760340069067
-0.00968080164954067
0.006714593240920161
0.020044990482846838
0.009983497759151251
-0.0008933686817753179
0.005034376557999085
0.01182379915249142
0.01227479398238086
0.012652790132415536
0.008749045937356707
0.01020893427535228
0.0025942199981073915
-0.021130651462469417
-0.031062529778718914
-0.02277613159631435
-0.0029840287451747645
0.019434721114281735
0.02552529132105124
0.020811045779858078
0.019521477396761765
0.013213880087466129
0.008246437702629212
0.013284768785631739
0.022687814479598837
0.025578476692951237
0.00630751741448366
-0.014394315078513874
-0.011869556515996535
-0.004707088294441704
-0.009162345064963785
-0.013104113809753196
-0.009902212582337078
-0.01033665437120909
-0.018474985751077925
-0.02619726649084065
-0.023749680800840476
-0.013547178896048414
-0.010327030457456804
-0.011647718790335796
-0.008095256256334064
-0.006269784199020936
-0.007797107149366065
-0.010553509822325757
-0.012502284024982952
-0.011663213324924527
-0.005125319010610871
-0.0008029547136504672
-0.003310810744485699
0.009273096074235588
0.026602754127938878
0.016055368368648994
-0.009343177937989458
-0.022291287861071738
-0.027953446396706615
-0.03553660524151064
-0.03776547004027214
-0.03445772711430735
-0.031005844011233383
-0.0314472062659786
-0.03764672579257005
-0.038832058653607046
-0.03490820517355731
-0.026988118074278495
-0.008961677288360923
0.0039174836605224235
-0.004338107294549772
-0.011676237631546757
0.007123406626104487
0.014961017676611545
-0.004789491797573352
-0.012906498647002966
-0.0005763044476646662
0.009821094575031851
0.005078365279500999
-0.0005402783959051102
-0.0019810933470869054
-0.004898168132634347
-0.005835238353494024
-0.011139709994123807
-0.01921412816658384
-0.017326217039861855
-0.008340146909353174
-0.002313399302856037
-0.001746156246402605
-0.002101186442536548
-0.003173403697169836
-0.017684344912855265
-0.02815314520309958
-0.013108454478051052
0.004066489787439138
0.010329204695868682
0.015154318275910154
0.01668587416649274
0.014756528975581702
0.011121894804627693
0.0029753403134596306
0.007369363533212471
0.01844199154215305
0.009853248592627841
-0.006862721598006638
-0.013655605092825462
-0.009277536793887162
-0.0033534733562237554
-0.010637821508635662
-0.023155529942442993
-0.01592214369055125
0.004447708844928711
0.012961517106597265
0.00500769572854873
-0.00500641508396734
-0.002531847476525544
0.00553768483302653
0.0031104409159888125
-0.004144734956415945
0.0016512662363118887
0.011578480707214253
0.01288932643882198
0.01073691849410582
0.009244602866149152
0.008301551001628932
0.006905893401415329
0.014186447048257089
0.02287487927682375
0.012109825071021681
-0.004134582991086481
-0.0025512541740082073
0.009813066918684435
0.013486997501608573
0.005059808465861967
-0.00024106699146539672
-0.001526250040867791
-0.007890640246574935
-0.009215270473690073
-0.0018080932893383408
0.0030930422188794934
0.007906433378734149
0.019417965840045025
0.02608593432568833
0.02504897904380681
0.021488467071904785
0.012539914796273475
0.004196233030966955
-0.005557347113945562
-0.008525626426211262
0.006350540317873539
0.013582428889946688
0.010262093619883474
0.016644340458370988
0.018887555917314103
0.005979104070184104
-0.0027262534733061934
-0.004745020810860394
-0.010405635913979765
-0.004427127227565069
0.01873135835074999
0.028182451336561082
0.01028203965473088
-0.007886156225200136
-0.0029729677221067307
0.011133503879139191
0.008744435133414021
0.0032238164810764417
0.00732234092439591
0.0074839323604313016
0.011090333857865883
0.02009054451081393
0.015210114567487318
-0.0007547519029445499
-0.006790897093869625
0.0016645178202871372
0.010696687100002399
0.011667523952630205
0.0055156623303165
-0.0013438307068707473
-0.00042166166086509533
0.005676359723673003
0.008873985761395963
0.006611561806876676
0.001303477006851309
-0.0005377694518609145
0.0030449988771187654
0.004047140472649531
0.00015980904463109037
-0.002443101500950825
-0.0022628888577672698
0.0001598228330569614
0.006250026241612114
0.00837665639953153
-0.00040803699705786874
-0.0055760745374075875
0.0010718370415904973
0.0065294739989334525
0.006080595489841697
0.0034651692018037384
6.983258684744422e-06
-0.0011381747586831988
-0.00025447591873305555
0.001948233476465202
0.001959613640160728
0.0006086016209808936
0.0011652193547627768
0.001028836081131953
0.003060073241419632
0.004472991868936615
0.005030148789223134
0.005550528129315423
0.0012811312587005371
-0.004430686617718187
-0.0066827275187296845
-0.0026288797221643
7.449557209991846e-05
-0.0037659234146636186
-0.0013424933056364523
0.008287248099191109
0.009718232090603357
0.004259760967025308
0.003661066700304418
0.004901364075787156
0.005224961558466952
0.0068930202299149
0.0077716875286716535
0.00796786233966673
0.006077695887994988
0.0016690839419240783
0.0026506042231440076
0.009723131569204345
0.009416457235183813
-4.0743125350186624e-05
-0.004283612019876469
0.0029440845685828297
0.0074491321601989026
-0.0006410924229217145
-0.005172618504220924
0.0029176423851515008
0.011833311483252614
0.013772193364836526
0.010794808940485349
0.005663872648848357
0.0023990742282589193
0.003013383641907078
0.005990466671776662
0.007736241815928484
0.007746287684221271
0.008719784359792558
0.01119801859420357
0.015830766298604318
0.013598367660531432
0.00477341839458519
0.0019868666086021937
0.002860855722626614
-0.00013973450535267884
-0.002946002285545232
0.0017606292347050853
0.007612627350044231
0.006103637918271572
0.00027579889664437323
-0.0019728957819254234
0.002444939615742646
0.00404291808517626
0.0006447789621305567
0.002315833767195464
0.005665832638904612
0.004686484850551987
0.004699285266087991
0.00721741907006524
0.008202226230227233
0.007275277505850737
0.0068820271485350165
0.005904598390911892
0.001107722427104758
-0.0046276925099441365
-0.0059371504810634195
-0.0022741728284203008
0.0016375109845753488
0.001988181704121047
-0.001167836279640486
-0.005831627967144668
-0.0060119161685434986
-0.002371895233106096
-0.0014678192600652976
-0.0012863107443014832
0.0015322064405295663
0.002313430780138185
0.0003748475270582946
0.0006514717805286833
0.001300896571530474
0.0005088840398613445
0.0017417935351120284
0.007087452214672906
0.008306163409563373
0.001564942011198334
0.0004976092821187868
0.00596384286855596
0.0013821903109714553
-0.007840001663756358
-0.004145177404369391
0.0038139475100330824
0.0010239023290733722
-0.004813421801486756
-0.0017204359196664987
0.0013743111204266986
-0.002775022736698502
-0.004513362095985891
-0.0011706601097664867
0.001958741295659756
0.00541743123054495
0.007452499053585069
0.0036379298356403436
0.0008033978111010056
0.003114788750929855
0.0063488919846854865
0.009195749236608836
0.008726946959679106
0.005238727376158144
0.0022514234380945864
0.0012185723177357926
0.0012557258415607905
-0.0002516088930207785
0.0010826315422766699
0.004682299224298994
0.0009769453093250776
-0.0035300797077339554
0.001121621215786504
0.004986891805037049
-0.0010086049758189844
-0.007404133382238159
-0.0019173296066309102
0.007201924261737901
0.007657585513057984
0.0028250551575655578
0.0003553239270741956
0.0028821482748901716
0.0054661720101092945
0.004962866059313288
0.0032808744270299236
0.0035008339481779347
0.004787160565564225
0.003968864194276887
0.0004126998577662147
-0.004483619666639408
-0.0038530737822544446
0.0013547972444341739
0.0014928552472868743
-0.0028120646324400213
-0.004311016688994311
-0.0016040418885700217
-0.00029775267307745573
-0.004044873229578485
-0.006238197416940888
-0.0010166801397094828
0.00462600001918233
0.0025948754660891516
-0.0025434666606419082
-0.0030081718058381224
2.5516286722057722e-05
0.0028001608108358662
0.0033506989797188295
0.0012711803455243969
-0.0010368329967496293
-0.0015545935677928843
-0.0007252000764003929
-0.001239220508278063
-0.0018095939978561642
-0.001261569224067263
-0.0026859039921518406
-0.003906700526849084
-0.00388760081984212
-0.0034956230758472653
-0.002099022981362051
-0.002636446358934557
-0.005405017247347863
-0.006120546405770799
-0.0020603456957588987
0.002598823264250226
0.0022581920807896337
-0.0011320710090090512
-0.001652956901401691
0.0008868348155052652
0.002254697456047258
0.0025684955836619673
0.0015190603873513385
-0.0006750958890697464
-1.7073835726026893e-05
0.001269199390037224
0.00027401636260448867
-0.0014375483158189366
-0.0022910970285820883
-0.0010968768576124941
0.0004567738245547319
0.00024689484531309084
-0.0021878199576676914
-0.003302802942116038
-7.548941547061038e-05
0.0018757450552506982
-0.0005178352645145251
-0.0011845705558553297
0.0021926728191596244
0.003953717587949058
0.001573145698846687
-0.0004620017958249573
0.0010259194208223055
0.004785411692571655
0.005702404471815218
0.0011800500801525857
-0.0012153366226367328
0.0018328489824632028
0.0033989466120864426
0.0011158766340154857
-0.0004978902705072318
-0.00042684461471751773
-0.0007306498346675331
-0.0001234722865666212
-0.0002668657268250601
-0.0024586974067910203
-0.0024903942754161976
-0.00044010701161724305
0.00018691061640839664
-0.0003749390483083459
-0.00016970459191560858
0.0010557992763588003
0.0014162901969997377
-0.00017802067013082955
-0.0010539525644254989
0.0008709277920363677
0.00267029427294204
0.0019357809504047185
-0.0004911927034784586
-0.002613721347342928
-0.0016527294548338812
0.000275366757253179
-0.00020302057443627317
-0.0016035691164631093
-0.002605117456699547
-0.0025160532867108234
-0.0018279928082646972
-0.0020096484733739986
-0.0030026054970612643
-0.0036604709440656194
-0.0019099468686676001
-0.00030528554015212065
-0.0018316891731124617
-0.003032959441573265
-0.0016883469859068014
0.0001739465178506252
-0.0007677978022644962
-0.0024052164080382425
-0.0008591921135018949
0.0006714942305828766
0.00020244681401816318
-0.0009842605366369344
-0.0020228085613987574
-0.0017749812900657075
-0.0012315360880591412
-0.0014775844692081568
-0.001697100107779016
-0.001826217460600102
-0.002213653378838291
-0.001910855302778361
-0.001575197880044922
-0.0023890885886190365
-0.002865994103485849
-0.0016074988611168913
0.0006956208717353348
0.0010850547210851588
-0.0009347755257132067
-0.0017775549609672903
-0.00017843641229344867
0.0009151798335995378
-8.083657692411139e-05
0.00024174109840217659
0.001872079381624504
0.0012515592547711152
-5.3205208090156146e-05
-0.0008600301876681332
-0.0010225159021780175
0.0007834105464704966
0.0017240373823539572
0.0002938982090837002
-0.0008882273888355653
-0.0005691014816491164
0.00047656929490263956
0.00041544958471596377
-0.00047302359355180714
-0.00042237187626468386
0.0005836045271442406
0.0014058753678413741
0.0008077617847066856
-6.501529602530673e-05
0.0006077471124755886
0.0014277673331138572
0.0011196950359958705
0.0004460535868087288
0.0007794548710833869
0.0018679935842057884
0.0014600264829443717
0.00014856497510888763
5.483921082296808e-05
0.0001064404808063317
-0.0004470739051794206
-0.00026947331816372665
0.00012268705893622408
-2.4746620452280126e-05
-0.0007700459478947618
-0.0012223213705370975
-0.0006568247554209261
-0.000941090370410599
-0.0013951734104519704
-0.000639835100581987
-6.155836942139901e-05
5.2964038413653677e-05
-0.0007483657301589408
-0.0018936548408668224
-0.0014120159163893444
-0.0003139833822967691
-0.00032516476240534244
-0.0010807771496688435
-0.0009184827202818036
-0.0005841204411625976
-0.0015279204041782441
-0.0018793300944451273
-0.001511951661335038
-0.0014930136319649555
-0.0011305248245823834
-0.0011339389755509592
-0.0019161554479578896
-0.0021812517402147345
-0.0017061056492973295
-0.0012990014802631115
-0.0015535303384894557
-0.0018823121408608216
-0.0013764601347048518
-0.0008506032625591349
-0.0009202000252104424
-0.001033835780637957
-0.0010081137908893208
-0.0007552783162614571
-0.0004805664900037933
-0.00042501693285232854
-0.00032994307124884094
-0.0001687652969919556
-4.299433575239645e-05
-0.0002973289376884672
-0.000571252071630651
-0.0003132711342798959
-0.0002883470902389813
-0.00030044140952655663
0.00021285690430558707
0.00029109312190966224
-0.00013978438416570847
-0.00025651388296930297
0.00012181666372184153
0.0004923895536999207
0.00024853999322152194
0.0003586302674347352
0.0010038164419498056
0.001005901231146096
0.0006380606227092425
0.00043639364739590846
0.00058429901747686
0.0010940220197460469
0.001275577615057605
0.0010197154510270998
0.0008849669462066373
0.0010019036053773422
0.0009272304940188949
0.0006096457453579657
0.0007330340380327877
0.0009784036989199274
0.0008123061159116493
0.0006804829089287516
0.000661670097776372
0.00043665896183416486
0.0003590874851737073
0.00047146232317597043
0.000446799194825097
0.00036530211489771165
0.00030721191078346237
0.00042910237476035464
0.00044521368798039576
0.0002848331862954452
0.00028198804921856406
0.00021631877231615218
0.00013492546658701302
0.00020331242449437182
0.000176360095629077
7.404237601140437e-05
-7.868292670251394e-05
-0.0002292842692229315
-0.0003265126190301738
-0.00042984081905028
-0.0004647396694582204
-0.000550532813138811
-0.000562889541062688
-0.0004883516257576954
-0.0007066225570797655
-0.000953418969661933
-0.0008736663897942394
-0.0007000479567476543
-0.0006965459193381315
-0.0008340851521929754
-0.0007558515432141104
-0.0005842050407046858
-0.0007314589017048731
-0.0008780044744503084
-0.000804389821960274
-0.0006468408795736432
-0.0005433543049572384
-0.000592418468095901
-0.0006686448060939763
-0.0006810778898704549
-0.0006696249320210275
-0.0006985947259508053
-0.0006977032779667676
-0.0005745763963720609
-0.0005235624921910802
-0.0005943255766044816
-0.0005694234420959987
-0.00047451606688017156
-0.00044090576087719595
-0.00039501393319125663
-0.0002739251730712867
-0.000160086929893528
-7.215704731296398e-05
9.660054024059075e-06
0.00012942366778634327
0.00022273182572279067
0.0002800810015261649
0.00037157160947725627
0.00043021450836636577
0.00048418162746358037
0.0005846481697542665
0.000649462720621034
0.0006550471957015339
0.0006801485527854394
0.000721375845845497
0.0007523012859398687
0.0007824587741699532
0.0008232174210387544
0.0008732586297250152
0.0009396468097344972
0.0009795374468441875
0.0009313599677007044
0.0009070022366075139
0.001004524414757881
0.001065551472671333
0.0010421641931720128
0.001040981827989503
0.0010609116650939741
0.001055472115861787
0.000992526450989008
0.0009654431093845362
0.0009829510019382535
0.0009688466468962691
0.0009188955694660193
0.0008206031586370534
0.0007299568596615519
0.0006705642928488668
0.0005942380757446329
0.0005190087109504851
0.00047147822627784135
0.0004235203234402483
0.0003388751258277814
0.00024656545777370216
0.00019547929695955507
0.00014448386710638945
6.991742303609116e-05
1.2161865407311992e-05
-3.8015901181156575e-05
-9.335343778807473e-05
-0.0001520988259959374
-0.0002095558181467202
-0.00024504989306504596
-0.00029171323325959407
-0.0003502000513479885
-0.0003866943693213741
-0.000419534615586542
-0.0004443722040464022
-0.00047941373746744907
-0.0005291382987374777
-0.0005660286391096326
-0.0005795696963230595
-0.0005705998075758653
-0.0005677202932490677
-0.000560520523911017
-0.0005454984488139246
-0.0005348512227612804
-0.0005127043509398949
-0.0004947086970477737
-0.0004850203610914861
-0.0004489202216041696
-0.0003852934350714256
-0.0003317661013752539
-0.0002981630013407383
-0.0002487249413899614
-0.00018662355109306522
-0.0001365740846180602
-9.558276112868621e-05
-4.7908552546236815e-05
4.19877749515968e-06
5.020287333567004e-05
9.298783108618813e-05
0.00013501104948138366
0.00018221025743995605
0.00022929156984424597
0.0002755380210598291
0.0003309475924390346
0.00039848842209484325
0.0004592476961851691
0.0004984890175846625
0.0005397633315820446
0.0005898896728480178
0.0006342381444981689
0.0006757722011305365
0.0007175699377776404
0.0007528780862139722
0.0007739723241076257
0.0007881594508962358
0.0007983996017066433
0.0008060186187628983
0.0008144244770098369
0.0008178710265164316
0.0008287512135548805
0.0008410299636783214
0.0008405281858097952
0.0008352287182409048
0.0008306517845767864
0.0008319802659224688
0.0008314541603938403
0.0008242279270940306
0.0008034451680831241
0.000768980037409876
0.0007410648351100157
0.0007180011739264448
0.0006837710742157182
0.0006349676879640665
0.0005821790791666518
0.000540827664895159
0.0005121231005102247
0.00048313531141139633
0.000444735998729379
0.00040168330652130737
0.000363964420115224
0.000328136481311924
0.000290493427260283
0.0002558787940503222
0.0002177113293246456
0.0001690819721342946
0.00011053541808101784
4.036732383855312e-05
-3.173267916285334e-05
-9.971032358638805e-05
-0.00015830131446264151
-0.00020201504166390892
-0.00024061021384766716
-0.00028134066623168087
-0.00032380861051541446
-0.0003551576070137845
-0.0003735629828810918
-0.0003895422240581242
-0.00040090651727529077
-0.00041781638963028333
-0.00044320766092447085
-0.00046030977648208637
-0.0004711261952157064
-0.000483976542879464
-0.0004945171232654003
-0.0004944018200329744
-0.00048556446758071385
-0.00047603552953231375
-0.0004674313565309978
-0.00045469061104888515
-0.00043166745938469055
-0.0004007180262655362
-0.00036596516187159056
-0.00033105736457590934
-0.00029699512037307765
-0.0002559393748999467
-0.00020953085464916454
-0.00016799458466446705
-0.0001304809456887964
-9.070480121159664e-05
-4.787006340331064e-05
-2.1552431358063966e-06
5.021793839540623e-05
0.00010989266152826539
0.00017454676121115328
0.00024244094526385538
0.0003064760612003446
0.00036423386847599234
0.0004203306108941256
0.00047272675379307383
0.0005185936191139248
0.0005582008901148981
0.0005877646477564483
0.0006094562887044007
0.0006321449435158532
0.0006607507581762219
0.0006958173717754331
0.0007274623160285614
0.0007503392319108649
0.0007712347265450918
0.000789502368814663
0.0007986320129441162
0.0008007804151738148
0.0008031314787573815
0.0008024563107490885
0.0007950878368301384
0.0007828398015665343
0.0007573980133497384
0.0007160425004130742
0.0006720318844564193
0.0006334347684221018
0.0005960287811644644
0.0005547140284517689
0.0005095502432788466
0.0004648523672575836
0.00042576902125259083
0.0003896339388022589
0.00035024810021046465
0.0003040430936762964
0.0002527685922125281
0.00020507941009413814
0.0001591713963419173
0.00010273791035900671
3.705165872811304e-05
-2.4245929403999202e-05
-7.225663009101262e-05
-0.0001113840307229216
-0.00015567842388798306
-0.00020756120343321186
-0.00025419515001995563
-0.00028840399676671697
-0.00031362977092596836
-0.00033629877111807663
-0.00035815413878416077
-0.00037743687331424057
-0.00039418680359044265
-0.00040956043118383576
-0.0004295759959039614
-0.0004563885120997963
-0.000480323395340913
-0.0004949189816495484
-0.0005025226529553438
-0.0005088212739293314
-0.0005144062517109332
-0.0005087271708537858
-0.0004883313087761175
-0.0004621688169705341
-0.0004346491718702443
-0.00040761996752239696
-0.0003827269770620065
-0.0003551745708178729
-0.00032336945215989633
-0.0002969326125142204
-0.0002815779344094166
-0.0002694294810617418
-0.00024864363841499984
-0.00021757557660453868
-0.00018364881719970606
-0.00015121504725905006
-0.00012280703598230536
-9.472205500913876e-05
-6.105763987851776e-05
-2.497635987875303e-05
1.335033379209209e-05
5.544608979573729e-05
9.949144808714248e-05
0.0001448914619660594
0.00018439612909799835
0.00021316989836112746
0.00023702288534290037
0.0002614647625076634
0.0002891970022029579
0.00031635625971377827
0.00033680614534328487
0.0003553204532839555
0.0003786420968381682
0.00040642677784661507
0.00043589798808186994
0.0004630533215193895
0.0004865658437246357
0.000508730451320361
0.0005292709240014414
0.0005443674892502042
0.0005499043570739092
0.0005466401774417448
0.0005411758764534743
0.0005321651043578275
0.0005157842999028423
0.0004990707386342538
0.00048491430808316675
0.0004686730037296745
0.00044911488453996647
0.00042832527610408655
0.00040684029566496387
0.00038353241386520384
0.00036022045529596387
0.00033621403027784554
0.0003061335377029419
0.0002676204859284455
0.00022364831945417417
0.00017843314977944647
0.00013202890115292826
8.241751584726686e-05
3.107029887105778e-05
-1.6233827454762497e-05
-5.765717287545062e-05
-9.704918545685491e-05
-0.00013692345989438012
-0.0001755956855171881
-0.0002080307646752696
-0.00023607634128075728
-0.00026554643624202305
-0.0002963450416419463
-0.0003275127481247535
-0.00036064071842234187
-0.0003955706377846852
-0.0004301943554409815
-0.00046393514506001566
-0.0004936643685583054
-0.0005153432081036942
-0.0005305889679600566
-0.0005437132624513229
-0.0005549425637169813
-0.0005601491367930511
-0.0005584687555906794
-0.0005490201021656508
-0.000529131361240187
-0.000503767659536642
-0.0004780130302418695
-0.0004520272771918482
-0.00042721977690464354
-0.0004042695672771409
-0.00038268568833092596
-0.00036251797005256673
-0.00033949772968408493
-0.0003089408530705192
-0.0002714075555783541
-0.00023125184997077283
-0.00019520245227395983
-0.00015971790869154551
-0.0001175743526560788
-7.117235802050653e-05
-2.191879575502766e-05
2.821983072033706e-05
7.405373939817236e-05
0.00011299054706775487
0.00014476676660007455
0.00017424445915266277
0.00020339939414607642
0.00023147497448608095
0.0002630515106430539
0.00029502550649640274
0.0003211195537387977
0.0003438688913177246
0.0003643792929987424
0.0003827418791732947
0.00040328730774261926
0.0004251237671193218
0.0004436862452953873
0.00045818166456824256
0.00046846025235454207
0.00047569409097538063
0.0004779465255548822
0.00047073064535577125
0.0004580138972797251
0.00044553831875519806
0.0004367426082360816
0.00043175096138710274
0.0004233466113812054
0.00040601434383242705
0.0003804265074203201
0.00035466604557651626
0.000336723442389687
0.0003229766330022113
0.0003049814828446527
0.0002791644992341877
0.000245780157676644
0.00020802576722319305
0.00017006010230019214
0.0001319706181449156
9.497882758898508e-05
6.124588898986606e-05
2.9833891758015054e-05
2.2832405024121237e-07
-3.129673867987537e-05
-6.578623288101693e-05
-9.441177054217381e-05
-0.00011185428470541727
-0.0001222009952518915
-0.00013435344973087464
-0.0001552742337704147
-0.0001800501046868398
-0.0001995420327649566
-0.000215645830954593
-0.00023672752230451618
-0.0002639298740320572
-0.00028885591426171204
-0.0003032276190631982
-0.00030893662464188254
-0.00031731007878218754
-0.00033419486276035394
-0.00034884550382369595
-0.0003475666285036222
-0.0003350895133778834
-0.00032650647658607725
-0.00032420272124519865
-0.0003217991900358064
-0.0003169879352707336
-0.00030779096488232037
-0.0002927483078477879
-0.00027721720635246405
-0.0002657890319254083
-0.0002506756455395203
-0.00022547399946676414
-0.00020087201679994294
-0.00018353276743867378
-0.0001627907032452563
-0.00013051018142399087
-9.169171294317882e-05
-5.6654568698492225e-05
-2.6335875642565402e-05
9.962823523269496e-06
5.187234089584164e-05
8.515219420839648e-05
0.00010491548513656637
0.00012005096344436836
0.00014312988936824816
0.00017766748544369068
0.00021091776786796835
0.00023236744885166214
0.00024798953641738604
0.0002689333719233703
0.0003001791150348106
0.00033677153932778944
0.0003691753750746562
0.0003941721149955169
0.00041405447197036797
0.00043149949852432307
0.00044733666592707125
0.0004599528781606604
0.0004683049273174163
0.0004738749488757177
0.0004806219177170561
0.00048715834589099755
0.0004849770454949849
0.0004729558883524041
0.0004635776959524045
0.00046424870241974813
0.00046470229450802934
0.0004536917917393792
0.0004361330606911891
0.0004225865127068573
0.0004108785052662977
0.00039272717040530786
0.00036381381397380155
0.00032516586632092893
0.0002863325576612022
0.000255306092997105
0.00022555662930672714
0.00018599231612222354
0.0001383308312504668
9.39090156340069e-05
5.987007957429686e-05
3.054537439400691e-05
-3.704372613297815e-06
-4.233646461157187e-05
-8.011049468341015e-05
-0.00011465427853259443
-0.00014676521130686215
-0.00018105295989708804
-0.00022171390352022355
-0.0002617564816927838
-0.00028948560527334563
-0.00030975705394647654
-0.0003378233269289308
-0.00037526809613428857
-0.0004076458068933812
-0.00042577679309204164
-0.0004362712882106474
-0.0004463332096230164
-0.0004530353273145695
-0.00045032383310289687
-0.00044070264855032207
-0.0004340003871281959
-0.000435972000034757
-0.00044099036834473117
-0.0004383769710326951
-0.00042399511395686346
-0.0004038000997548184
-0.00038879087933721727
-0.00038187863180238254
-0.0003719858755724276
-0.000346131696965358
-0.00030788485626385124
-0.0002692759619891464
-0.00023062002793467466
-0.00019138848433359874
-0.00015743246344610993
-0.00012486742741118706
-8.95132444975288e-05
-5.848923265044391e-05
-3.072311844642662e-05
4.514043160226843e-06
4.773426368368986e-05
8.529183811913444e-05
0.00010895624890739863
0.00012948697115745773
0.00015902249301373434
0.00019172265923699582
0.00021623639863050035
0.00023720844070766232
0.0002658536568481233
0.0003019981917594751
0.00033480248548760957
0.00035543318695559456
0.0003653035631449443
0.00037154164511477434
0.00038464999989563725
0.0004073824716425066
0.00042430434286268743
0.00042408258786110745
0.0004165085400738076
0.00041378221374470744
0.0004130715212687299
0.00040918092478041304
0.0004063727164603591
0.0004056652522989368
0.0004014800040022759
0.00039514496267172234
0.0003862368154273379
0.00036828502572267425
0.0003470050306593488
0.0003344636548491521
0.0003300489354102177
0.0003200541428997795
0.0002972098969917577
0.00027052925642275617
0.00025013812854228674
0.00023388947820847972
0.0002133385393040938
0.00018519059581823815
0.00015562771100404636
0.00013303483848913902
0.00011679240405739623
9.98526631350428e-05
7.493559868699654e-05
4.184638464657669e-05
1.3162055382208797e-05
-6.636872044126204e-06
-3.072675335246539e-05
-6.408284302779987e-05
-9.8976863188855e-05
-0.00012678866660110607
-0.0001464204975988201
-0.00016285510850728866
-0.00017451024603441483
-0.0001800936437996582
-0.00017970822019753007
-0.0001728563059419708
-0.00017022038087089253
-0.00017956640976294917
-0.00019086214649333694
-0.0001900254914886716
-0.0001790786570559615
-0.0001724044483298114
-0.0001735879228359188
-0.0001713949688623378
-0.00015902801882999564
-0.00014655736414293563
-0.00014337335304898056
-0.0001466794673663206
-0.000147529434724427
-0.0001374722041146428
-0.00011983016662451429
-0.00010583729649579939
-0.00010192842353121558
-0.0001019120771301943
-9.717578654889495e-05
-9.01071156383926e-05
-8.907935392166578e-05
-9.860110953205244e-05
-0.00010726094143894488
-0.00010310436812960743
-8.692473712351955e-05
-5.9440746154212994e-05
-2.8006449963623743e-05
-5.954421425981674e-06
6.9532912099347176e-06
1.7334020550590547e-05
2.3186331044239775e-05
2.107230635436357e-05
1.7708965902728938e-05
2.8646446596924386e-05
5.838587174314756e-05
9.418703577524918e-05
0.00012890523179147595
0.0001705042111025352
0.00022328282553795578
0.00027838686227495504
0.0003268603640794614
0.0003658512111634644
0.00039529188444931466
0.00041925468861067936
0.00044251026880699057
0.00046107217668638767
0.00046862538288445723
0.00047275334445617774
0.0004903404391775449
0.0005227408548603501
0.0005527297359161106
0.0005680077770858965
0.0005668047187768707
0.0005460913445333401
0.000511378594100161
0.00048730749703286054
0.000490745863725023
0.0005181835708795093
0.0005584089363170537
0.0006003816197079296
0.0006347656155764962
0.0006434748518151215
0.0006240603114533337
0.00060476121928199
0.0006028546546443688
0.000603756947718141
0.0005730871709726351
0.0004846877434397425
0.00034388811777306505
0.00017865665750129892
1.6282820355259964e-05
-0.00013017366229874894
-0.00025979991986921683
-0.00036720541543207823
-0.0004380198173174773
-0.0004720097492161012
-0.0004767143786854484
-0.00044674652768114415
-0.00038254659929964625
-0.00030611673347319613
-0.00024444631208781457
-0.00022692862379107638
-0.0003055823853047352
-0.0004999350711032769
-0.0007409534247854831
-0.0009467116763477244
-0.0010970271297054716
-0.0012129593600238098
-0.0013110303982827383
-0.001380021150176563
-0.0014031428627555706
-0.0013892525807598177
-0.0013386702131404171
