0.0
0.0
0.0
0.0
0.0
0.0
0.0
0.0
0.0
0.0
0.0
0.0
0.0
0.0
0.0
0.0
0.0
0.0
0.0
0.0
0.0
0.0
0.0
0.0
0.0
0.0
0.0
0.0
0.0
0.0
0.0
0.0
0.0
0.0
0.0
0.0
0.0
0.0
0.0
0.0
0.0
0.0
0.0
0.0
0.0
0.0
0.0
0.0
0.0
0.0
0.0
0.0
0.0
0.0
0.0
0.0
0.0
0.0
0.0
0.0
0.0
0.0
0.0
0.0
0.0
0.0
0.0
0.0
0.0
0.0
0.0
0.0
0.0
0.0
0.0
0.0
0.0
0.0
0.0
0.0
0.0
0.0
0.0
0.0
0.0
0.0
0.0
0.0
0.0
0.0
0.0
0.0
0.0
0.0
0.0
0.0
0.0
0.0
0.0
0.0
0.0
0.0
0.0
0.0
0.0
0.0
0.0
0.0
0.0
0.0
0.0
0.0
0.0
0.0
0.0
0.0
0.0
0.0
0.0
0.0
0.0
0.0
0.0
0.0
0.0
0.0
0.0
1.9242571283992785e-06
-1.496814187295784e-05
-6.533949669924635e-05
-7.036124394443869e-05
-5.626599076630408e-05
-6.18730504978438e-05
-0.00020678357645365428
-0.0006286290160566902
-0.0010217572148687216
-0.0011467541245827606
-0.0013122613759219753
-0.0015512484842592027
-0.0016303137918892204
-0.0016057940064550264
-0.0015839355993438307
-0.0017329959715539894
-0.0024241652447657
-0.003041661443783497
-0.002824437173525067
-0.002438678663869011
-0.002088492693373937
-0.0009181327562682775
0.0010575511521422375
0.003577388781555604
0.006369421287119402
0.008889013745085432
0.009795524151117242
0.009944665293557475
0.011586778147512584
0.013801460696915496
0.016662698227990005
0.019278102112015465
0.018833953190954083
0.015522885070247593
0.01290255574847745
0.01541329511566232
0.036000488627106905
0.10297640047983568
0.1862488828464264
0.17798980783481053
0.11445337693915747
0.10534818809241009
0.11884140849012012
0.15269989882665452
0.21922893825061557
0.28510054695146786
0.30766429786602384
0.2541640874549885
0.18553495646030121
0.14151200106740383
0.03174781546896726
-0.17473587859140158
-0.3037718050334274
-0.28186654784996523
-0.23893227330143993
-0.1904732204186378
-0.20282414186441747
-0.3604550846656823
-0.5511531511078465
-0.6705259664721182
-0.6562965156437938
-0.5233761700550337
-0.4374273410997052
-0.3552751148290452
-0.16115517959714673
-0.09303653418759728
-0.18286787458536008
-0.19833738413185278
-0.13774580277799142
-0.11710436309238073
-0.14338718141832746
-0.19373922047322895
-0.20065510551477533
-0.12409017091134253
-0.02343275336833223
0.05385995920657414
0.09751098605444479
0.05011705663785902
-0.054801704452536786
-0.12576245652485882
-0.1541046254198028
-0.10156468492728328
-0.050822565197902424
-0.046830138146443476
0.02134769342437408
0.123739620147432
0.16105832885535828
0.18172412594877926
0.18019676006561555
0.10999613071979712
0.030756017633491003
0.012230336949517926
0.1427892787783978
0.34949116774544625
0.4094806794035811
0.33253971927278675
0.2659755294029989
0.1931169405040326
0.1222136957874292
0.17774082522687842
0.27020649986116685
0.27461285278488895
0.2443589410880705
0.13844963428305948
0.056992159467065144
0.1633656080624591
0.26036152057276
0.15215561739844277
0.030285662139395552
0.07530964341332322
0.09607094822737773
-0.006294442536782397
-0.04565309354700007
0.063435951212295
0.15476771715986096
0.03632603173401665
-0.21295583354044492
-0.32146811020492094
-0.24664436956933494
-0.1818721285597175
-0.16368214749354035
-0.14594052648045946
-0.14510056689633
-0.17157453487160013
-0.22057877005716886
-0.22652807058235505
-0.18690738980315494
-0.1752100045175596
-0.2295201940179971
-0.32863802073133574
-0.3406062375463634
-0.19593009498381525
-0.09555119702261466
-0.13912267126581504
-0.17121142929862698
-0.15692997127989028
-0.1778502809154082
-0.21299937260933965
-0.17153008292255886
-0.07506075079120741
-0.030679492357143172
0.0019027553413871543
0.10439842067713652
0.21423156417554645
0.20199569797130132
0.1380411467741104
0.1814412443162396
0.20739082567685246
0.1232696264343237
0.06898002298201075
0.09185554345488582
0.14665169972373812
0.2158918512662375
0.25015756914912135
0.1898248174697934
0.13456690265858026
0.13800086766357036
0.1051656400303639
0.0729446471419018
0.07712744662203075
0.08415064961941
0.07211859378899813
0.003207469003836562
-0.06869416130200182
-0.03304155490474271
0.09674313420482661
0.1861251746419812
0.16329399819551427
0.11314722673856352
0.11405272700747852
0.10781048289654199
0.055150702151436484
0.01600723917890187
0.015495519703390496
0.010153652744119394
-0.056620309483550804
-0.13932400905214234
-0.07733312571143605
0.07795401736809297
0.10380472063420973
0.03621513186391776
0.051059495964494495
0.08376711040024527
0.022166418800097894
0.007656977299969989
0.09947571753356063
0.1279908898980748
0.04181140231962454
-0.025802655394702313
0.02961318017724092
0.10736371304608931
0.07795337753253286
0.003984832779708287
-0.004418499908955564
0.04807731816524545
0.06409505550541561
-0.0014196445825361017
-0.04702963715418904
-0.014854282226163251
-0.0030429308704326206
-0.0327682222584315
-0.046776746862366256
-0.053506823196509214
-0.014745794417360169
0.0044533362727616176
-0.08206881360621499
-0.11209067567183136
-0.040262000785061404
-0.032102576095134595
-0.06262954276639889
-0.01523354913865646
0.027543613659642294
0.031768970999063374
0.048042124566050746
0.04962774717005306
0.05277568755092863
0.0439486176803335
-0.01837899501233202
-0.0617321533038957
-0.04205063717941949
-0.029900040560382195
-0.024116733557632983
-0.008672771136955448
-0.005812978841641938
0.022908006366288366
0.04375988327954595
-0.009619711256572981
-0.04627725023214225
0.009013497880624161
0.04349273151887579
0.015588306907237774
-0.003825421856851845
-0.005374053435689027
-0.03157930469174528
-0.06559080450701185
-0.04794862077122263
-0.01930176191507638
-0.04238257920615197
-0.08523027943605616
-0.05826922334507325
0.006910823988537789
0.02145043352284592
0.015232384275289265
0.03370563143038411
0.041096498910530486
0.00941830780217415
-0.02497041245603823
-0.04071779620298252
-0.03581791168286094
-0.03778302216837457
-0.0680739335214794
-0.06761054304207635
-0.023070533458355004
0.024378071457444958
0.06555487224431744
0.05628705542376721
0.005031274321823737
-0.0018762437315029145
0.01479474983639571
0.0015139286638873306
0.012256861053903842
0.03557120963216344
-0.008310081009470525
-0.06536400771335825
-0.08119957904243023
-0.07775731342195508
-0.027591391415558057
0.02479663808456629
0.03715867620110675
0.07333151335395309
0.107474686503204
0.0644878966188112
-0.006775558366336781
-0.040547787676885196
-0.0717884084592672
-0.10535106067179992
-0.10419901986054443
-0.09482139560477051
-0.09856166750047869
-0.07720565332071253
-0.058158166724626426
-0.037735345481642285
0.011071730912209999
0.014887361334530778
-0.0233868317658133
-0.023678351030843866
0.0034525411379921554
0.000775502378092076
-0.008730804909187376
-0.0022855095564105463
-0.0013164894603811465
-0.03698101313613843
-0.07752637901811699
-0.053642504639655864
-0.020476312852238297
-0.01971769719591467
-0.01723913848274307
-0.028582626205484175
-0.028764560874594242
-0.0031677737697273817
-0.010721348717116025
-0.04871432633350366
-0.08243627373627256
-0.10225098312854686
-0.09351966495933485
-0.04796620059265774
-0.00400726692627609
0.0055467293547784985
-0.010009618629943866
-0.021872821709630272
0.00725735913188258
0.04229212184792507
0.0557003285047622
0.07133467253998034
0.07776382657222326
0.07325010620842506
0.06602030208832436
0.05601224944203496
0.047815716427356034
0.03695711977910309
0.017110601157358272
0.016770487601751313
0.04284141832584898
0.0635261603555549
0.07108466348233317
0.062140314431910613
0.06350503200944088
0.08803998211928092
0.09100327033451082
0.08949313531105592
0.11736141138328661
0.13309799673753908
0.1058626366661044
0.07471847058109556
0.09828144156114292
0.1269638887550316
0.11085789207147084
0.09850768387145986
0.08269109777463779
0.0602921247478053
0.059414379361290966
0.0533558376419746
0.052978052395872124
0.07354003331482328
0.046588223512627674
-0.023796868905534917
-0.054177812127130465
-0.03346955779820417
-0.021753444168943904
-0.021994318944731642
0.011823934684929057
0.049937565763170245
0.0566156649707934
0.03581961242419109
0.01690191038737619
0.031729072107868427
0.05089901333617931
0.05397891492332142
0.052268427426388035
0.022267043078733104
-0.011586518984861172
0.008641467095468711
0.046981674043275766
0.03931489510440565
0.007922355167822805
0.02581822147533497
0.052798515611267485
0.0466894199917727
0.04879151118914018
0.05761179819036387
0.06344952978961078
0.0505921207736546
0.039937890399117465
0.04376413438659834
0.019119982497766183
0.00634949367526537
0.02969091517349476
0.0327174903062954
0.022157890536811855
0.04322000845034618
0.06979004123700977
0.036251602096923234
-0.03982943522968029
-0.0736166170873293
-0.056823344504282725
-0.07430246227196541
-0.11517913073143869
-0.10480828461456078
-0.0710865647190593
-0.061306077177025776
-0.08412681944771193
-0.11920164026011792
-0.09212175574440822
-0.02027691798484223
-0.010800057405013743
-0.02476125787035406
-0.003521898370316323
0.015577355095239156
-0.003334694097121871
-0.047266461106372726
-0.0513391078961609
-0.014238526591356446
0.019621626507932723
0.035842584663185566
0.026723842807369457
0.019390998449436703
0.04204956337471738
0.04649231923782611
0.019404586272942132
0.01549854842220903
0.030590242668501893
0.03399799010689399
0.024420910475896434
0.016816159583490004
0.0037115325502186523
0.0020648449738034412
0.029689675384584717
0.032684562066548635
0.01096673419904351
0.01274670528973644
0.03737201822782218
0.05028283618090989
0.0306317823517342
-0.004080949182480067
-0.017927740795439878
0.0063783843849138785
0.01661037501597206
-0.020474198452858354
-0.04107174511299887
-0.03499289237156738
-0.05620260542295813
-0.08341835484445163
-0.0789450875605874
-0.05405882468529603
-0.024015533063109093
-0.02813715004955548
-0.07501634363765947
-0.08810363603420097
-0.04313469796351776
-0.02385449294624172
-0.06134607066654812
-0.0780904485085042
-0.049321493009432955
-0.02789881409445396
-0.019863200176100163
-0.011072056573483039
-0.006123346052447349
0.010101727878324106
0.014732706132760362
-0.01515436060901028
-0.02174339191866866
0.010441347960874803
0.019640861466115298
-0.0070550439537000065
-0.022529268832563138
-0.0212514953296716
-0.01206832321510956
0.002390426492280157
-0.0015333086262256461
-0.013952891359391921
-0.011251717741804869
0.011486509917023262
0.027048653531280036
0.025893044188162698
0.03983043953694455
0.049527726163510456
0.01874930136405066
0.0003934662884552769
0.03340924002576523
0.05272522724866535
0.030569113314306198
0.009209432260195265
0.009616356361900705
0.0037252305080712907
-0.011008264504332722
0.004901877825746486
0.014413655372823783
0.0018215188285757137
0.00987289076047331
0.014397358372832103
0.013323700633745054
0.019713577901570686
0.009437554418267683
0.0022562300054737136
0.014834163804928835
0.022673411190007237
0.019201046932263835
0.020142869215325394
0.03913253094179895
0.05621402602825123
0.050346470168347715
0.055111946242164055
0.07983550394704261
0.08353017727497045
0.06840247451397595
0.06628581946611627
0.06583668841698712
0.04968855198012839
0.04747193556340629
0.05474002759700177
0.03271917199363657
0.012277200147791089
0.022984207601452124
0.030000096302994307
0.03339128015825168
0.051822378174058416
0.04827271983157178
0.027673334494149056
0.031103395937350346
0.050545207773451485
0.0536042895216256
0.03027245040316803
0.014415373016101525
0.011811223492732387
0.006965521728740894
0.009707640259123998
0.009699224066220752
-0.0013015172145967868
-0.006853854997977514
-0.00512718867002986
-0.0016418086498099073
0.006939124063468632
0.011021709273653287
-0.0029533867048661664
-0.01431690478338724
-0.009267052023701417
-0.011091619912233562
-0.01713067232487804
-0.015349247712264685
-0.015730938770361996
-0.014844280368772379
-0.003981581293320653
0.009845980253846575
0.013232510237192567
0.014353557043219882
0.026315125970534158
0.037932623737535684
0.0399764348891809
0.03886485208530555
0.03342493278947835
0.011583374784325891
-0.011940135693512648
-0.01737704626539842
-0.012745301922026397
-0.014374376234658764
-0.029292052391145712
-0.03505433892308001
-0.020400143848336435
-0.003885859065352101
0.004376831511361675
0.0008536771428549765
-0.0006081802941051869
0.013874603585015672
0.02155893186082492
0.008260996391008047
-0.005542152181776429
-0.014379555089768186
-0.02534266111034868
-0.018362276399265902
-0.0002895083038558535
0.0005570042455994692
-0.001819358896867702
0.010009145852908052
0.021597968552415314
0.019704453704654713
0.016262292231139213
0.015048144211399519
0.006130255697746463
-0.006153345991266369
-0.006005489355062113
-0.01195464453279899
-0.03030700198963072
-0.023511304037643246
-0.0031964420143665547
-0.005770829771750425
-0.012808365066678887
0.0016893771157930782
0.016662349334628054
0.01023112050550806
-0.0029982351049945882
0.00037214722103087104
0.01237496267783376
0.009895003864983981
-0.004243818038720732
-0.01707332317295592
-0.026206609716484013
-0.021147501263982516
-0.011746336598353706
-0.017025901410925165
-0.022728043237716832
-0.027204326022717752
-0.023852811887790846
-0.007876572725715594
-0.007100193114337349
-0.009657644153267564
-0.004585963345323118
-0.014348986403195116
-0.025466510197836963
-0.018376697679201682
-0.014773712717457763
-0.040081137050284314
-0.05650511288054438
-0.038886379680494756
-0.030001336478331826
-0.03616674252326077
-0.03543218821046721
-0.022887860886917993
-0.002052566197473006
0.0029180005804946025
-0.01704243743400863
-0.02788322428175242
-0.012866483782348467
-0.005842068428691735
-0.029582528451572214
-0.04709926614761457
-0.032155561720868864
-0.021581865044030625
-0.025736483431863896
-0.017907559929531625
-0.0034821264504356665
-0.0027205498464084143
-0.009814710544445536
-0.0045828363271336004
0.005102863876408485
0.0035713436287852563
-0.0025479152943448796
-0.009520417115830179
-0.015268726111230499
-0.01646283391115095
-0.017008988144149244
-0.015407408756931681
-0.007423979622006963
-0.0006671057039144686
-0.0017569399599388958
-0.006989011148463585
-0.008413843651381847
-0.0011488308057485193
0.0048481813353416356
7.24109341846304e-05
-0.007125552076472288
-0.005804016434481715
0.00201414384470162
0.009425159554146108
0.009273301719410468
0.002068610404508485
-0.0026302319045906864
0.002184694164886888
0.011399765573353359
0.0152656297411592
0.014335830064923814
0.010928895710497703
0.013290147032670728
0.017883984257792397
0.012351140746210023
0.008600698002261117
0.012738663222997852
0.014727276076634465
0.011615525614332042
0.0047222539094462996
0.0012733275396453266
0.00724804604507565
0.016400751578381507
0.019602846658166993
0.015121974845812266
0.012410367123494477
0.018817733828733245
0.026645576618185778
0.02516756087078644
0.01619630616800555
0.012622530672746159
0.015254216479359366
0.012736008268565779
0.008130005479709393
0.007563163516722133
0.006867814004868651
0.010068995917932835
0.017477325506871418
0.01417814811225933
0.0072100636467745905
0.008814606900546085
0.007020473309129463
0.00335612639818964
0.006097899083151046
0.007915622176104687
0.01003022558519379
0.013955313585409988
0.013323824393753349
0.008872073477937047
0.0063932182430149675
0.00852531770409237
0.012360818267602902
0.013564822568245045
0.013627864267982254
0.013470277058796895
0.008681112957189546
0.0008324729426752829
-0.0032349586012482483
0.002709705691276562
0.010376992249057464
0.007088167083929734
0.00177589463999055
0.0020698949029226625
0.00023989463368166497
-0.002297363178558129
0.0004516707101893174
0.003580003771257007
0.005178014008600882
0.006846080117634561
0.002765212597664856
-0.002904436276482761
-0.00041878885637182416
0.003117570249020899
0.003644302740319218
0.0062277143695144005
0.00641425904437792
8.18624400973244e-05
-0.0042879282815974674
-5.5422461910835386e-05
0.004201147406637187
0.0008347788216998814
-0.00383137919916224
0.0015814311823912795
0.009531552795530236
0.005333781676971709
-0.0011815442627499196
-0.003353792837909237
-0.007160571579744111
-0.006385199738744718
0.00023820383919179227
0.002431051622138101
0.0006628031903020909
0.000501610059713773
0.001451840289793262
-0.0006560188987574968
-0.00042432961705618966
0.0084714876237932
0.008778255393396871
-0.00100270820416342
-0.0015230240249619
-0.0011617485117516343
-0.008513282271041825
-0.00962545899915327
-0.0020040425240142406
0.0033563378319038215
0.0032368424544666078
-0.0015893578707890197
-0.00720298913071341
-0.007263439408794727
-0.005070258994707243
-0.0034463553447594037
-0.0007828124300780873
0.00030088175958914226
-0.002698377516349512
-0.006929472309265195
-0.006441867790292562
-0.0024640068421723973
0.00042566218508192157
0.0016616535991013472
-0.0006765772402148039
-0.002678267608679213
0.00031467685220778856
6.834376051269276e-05
-0.005626896354620316
-0.004565518117579302
0.0007676848970248023
-0.0002998888799573825
-0.000674672957896097
0.0010255694489979227
-0.0020721419504977417
-0.004712980172260564
-0.005525806730299134
-0.00805860215906617
-0.007568697194321257
-0.0042971132698871725
-0.0014300889754827197
0.0016851715936988456
0.0037849865004140402
0.0020076704125362083
-0.0026103306072642347
-0.0030282734429919896
0.0009999535706740558
0.00020630734480969696
-0.007883010788376176
-0.011912364868069264
-0.00803959344537765
-0.003929323622078684
-0.0023075004810602334
-0.000876235990313637
0.0035370715839787505
0.007864070492620619
0.004850743063512738
-0.0001549829881410032
0.0021447855645976995
0.004049281127275526
0.0011278475065420977
-0.00011334669993769843
-0.00011904918903381789
0.00011216807470476145
-0.00046147856822465876
-0.004347830780496053
-0.005599986933376979
0.0005705639389478497
0.0067876659302690085
0.006443433048117911
0.0015861570188851963
-0.0020918380236538015
0.0007616970950945954
0.00791027375104735
0.00936034215665101
0.002988724476006338
-0.0022800750233317956
-0.0012466591996197806
0.00034759210321062963
-0.0012606727571237452
-0.0010258783343933778
0.0015703433367692853
0.0033285361250980495
0.0026434646747302707
0.0019292009440792562
0.004670070476765428
0.008789801545476875
0.010651816049190275
0.006852550375616906
0.0011289644755174816
2.1363120041051686e-05
0.0006750500892951079
-0.0012424736367023577
-0.0042451398860413065
-0.0050899437376901915
-0.002886479345427826
0.0003355848525212806
0.002179031562416107
0.0029804008241529558
0.00541247878329738
0.00637140078893545
0.0006831218928195199
-0.004585384351646205
-0.0032870432865108492
-0.0016795544131770577
-0.0044942090745178605
-0.007205363331764587
-0.00595865892921952
-0.004067966684346576
-0.004415591872829771
-0.005694967702584928
-0.004350040307603263
-0.0001742308969597182
0.002656092160306396
0.0017365053263252485
-0.0015765295170700893
-0.0036317759269711585
-0.0038123294344720405
-0.003870059493858058
-0.002254985326723971
-0.0012753440661375543
-0.004679426669176167
-0.00711431543785215
-0.006403136679765922
-0.00516996076696835
-0.0017863048626866275
0.001234885689062452
0.0007254484355402085
0.00047180890944227436
0.0010391391447534648
-0.00032001266050962686
0.00022247520556946092
0.003267000825687977
0.0009304597327503094
-0.005577803597185557
-0.006943874382225825
-0.0029755591117475826
8.691877652968445e-05
0.00020260915395552769
-6.5616604828135885e-06
0.0022868172289657756
0.004796675576172324
0.004641209314586261
0.004940061328443632
0.00533485811682642
0.0028439065940593588
0.00012600063636592312
-0.0020605712573127754
-0.0030596983865403956
-0.0006736170475704061
0.0005957696930169923
-0.0012716638463546367
-0.0012042593402704117
0.0015701589878355279
0.002662645207534376
0.002782663690596224
0.004327536716712532
0.005058577376852955
0.003973625972564816
0.002211124929796029
0.001408109819107232
0.0004978338756633944
-0.0008516219422379925
-0.0009223537154258095
-0.0005655417660001329
0.0006254895456668327
0.0005429134792894161
-0.002130110838495704
-0.0017682179100930345
0.0014423363098217804
0.003140179523390112
0.0034730891873650995
0.002629102764519782
0.0005819155280291737
-0.0012704916553092048
-0.0017250122094346603
-0.00203015710973677
-0.0023958397548970297
-0.0010451947906454913
-0.001327814118909014
-0.004208713828430389
-0.0038056129852825585
0.00022814360689517486
0.0021935014873620336
0.0013335269850909416
0.0006980432542790946
0.00011132758001598338
-0.00016173604996066248
-0.00045490532637660854
-0.0014647731270699845
-0.002145621627968178
-0.004052342256096736
-0.006354532394151231
-0.0055786935789353224
-0.0032529718269893714
-0.0009417095494838842
-0.0003458446602510971
-0.0019605207427785677
-0.0013291440186588021
0.0002651181863758611
-0.0006160623486891356
-0.001353958533875393
5.242501345815776e-05
9.776728938345601e-05
-0.00213804761548608
-0.003970741700052624
-0.004304436034428145
-0.0030750968208658786
-0.0017995533912970978
-0.0014084619996950496
-0.0012500814433252553
-0.00041129885575014576
-0.00021655311680157823
-0.0012948847698499078
-0.0004817010792622888
0.0016938755036456181
0.0018812726506541987
0.0011293949097753234
0.00031799747339241184
-0.0011987291904693663
-0.0024624899296324713
-0.0017679773396772971
0.00030462918926387774
0.0010479940469789977
0.0007663399009916198
0.0009096345576526482
0.0017001677025249029
0.0021477698995829896
0.002160996524785232
0.0024663852278193855
0.0020511979114792847
0.0019856123474078537
0.001810789997714231
0.00018479394500711617
-2.8361279962902197e-05
0.001121723291784711
0.0007396608326982308
-0.0004781308697215674
-0.00020933346590073512
0.0015403249643645511
0.0024051069889491805
0.0024041068558413132
0.002493688062134445
0.0014704410687798278
0.0011155683591216597
0.0017962039091621608
0.0010057024023515965
9.735039320759559e-05
0.000669478456196316
0.000665384639476937
-0.0012082775517469402
-0.0020427721199697017
-0.0006069198389755165
0.0006714146651627136
0.0009679077008667385
0.0010004540103513446
0.0010043797285763695
0.0008650708238581704
0.000398118930678555
-0.0006536927217150474
-0.0010151761600929849
0.00012030469998936852
-0.00010576185958451212
-0.0018120730460870584
-0.002270636699513382
-0.0021113701824655223
-0.002286454763802992
-0.002389799763587915
-0.0013746506741905968
-0.00011157886818180204
-0.0007124830950952891
-0.001725372454470888
-0.0015551981806242125
-0.0009625246226023621
-0.0011567034054755297
-0.001768347121691807
-0.0018979554567212075
-0.001976326528206272
-0.001995267476177154
-0.0020563990664436765
-0.002147171841061548
-0.0013507380168750582
-0.0009189271369068344
-0.0018484837213414015
-0.0017917091367268033
-0.0004896548568351769
-3.1662136087306676e-05
-0.0004902813520944132
-0.000894915383688703
-0.0012222096972282325
-0.0014010797756069632
-0.0010986598251443351
-0.0008493805969190362
-0.0007707521639925344
-0.0002776256504406544
0.00012290332622357734
-0.00020009930758761277
-0.0006390936041772974
-0.00021868554407263637
0.0010401019211611132
0.0016143029421652989
0.0010754235411230492
0.0005658596661103527
0.0004959350980152671
0.0005356670175190329
0.0005381148550904859
0.0004122444439421176
0.0004485330979393006
0.0008061953873903802
0.0007049475908762427
0.00031893797027409635
0.0006005111041656242
0.0012494155992286034
0.0015548852255526015
0.0016343484739193847
0.0018283492597437018
0.0016379763066085697
0.0008937046958297419
0.000593610373276764
0.0007190053321104547
0.0006887585943063191
0.0006334905254738728
0.00090350940878831
0.0011629477368046927
0.001148489509342893
0.0010993168664630215
0.0009493648861091188
0.0009652425204105109
0.001180276310991254
0.0010007733257524163
0.0006072291224173537
0.0008561702535801538
0.0011631496230387172
0.0006959927668504805
0.0002758660883349789
0.00016903108644885747
-6.209241948143054e-05
-2.476667937453858e-07
3.9198499666579955e-05
-0.0001364151873168434
-7.276666172172357e-05
6.853228531155183e-06
-0.000263238335563119
-0.0006656412923314823
-0.0006891313953504396
-0.0005036503907243316
-0.0003768862326928004
-0.0004748181838980435
-0.0009466668931413539
-0.0013671378886925263
-0.0014617609390624071
-0.0014832412140046935
-0.0013605272305257385
-0.001161983114638356
-0.0011338906910562513
-0.0012117549819708757
-0.0012887245037371195
-0.0011653356315758253
-0.0008775020997388402
-0.0007893086967890998
-0.0009645270889047108
-0.0011175279276980769
-0.0011209417557553805
-0.001207250224032885
-0.0012892331575864108
-0.0011631856654288186
-0.001095220307450391
-0.000973552160256647
-0.0007272391961746001
-0.000507493025717538
-0.0004036903578356918
-0.00043091373610090896
-0.00033775882084776076
-0.0002924415539627206
-0.000297906341057433
-0.00016987456542278515
-0.0001528671246775959
-8.038798479719316e-05
0.00017194154243642182
0.00024540916447462953
0.0001850555427713729
0.0002651299013225589
0.0004348577952302943
0.0004930632530930625
0.0005776027351433442
0.0007360819504138836
0.0007919002208299571
0.0008161792973233428
0.0008369072878959882
0.0008854104755427081
0.0010085431379271155
0.0010680764198689376
0.0010737531106417677
0.0012493151460677906
0.0014044948368938989
0.0012327786151182579
0.0009904910754210685
0.0010036837518436245
0.0010947319312011397
0.0010972654425547878
0.0010449698547679636
0.0010115985103106941
0.00110531332458463
0.0011487292487218704
0.0009886059122514424
0.0007946109019128075
0.0006888513569088834
0.0005850396945307959
0.0004598508424152556
0.00044120958153797047
0.00047883266273642216
0.0004081945387580371
0.00030811767610964327
0.0001606012244088
4.172977580078705e-05
0.0001044669233771625
0.0001594925330514116
6.684064053646326e-05
-9.501534460882563e-05
-0.00019947369252489505
-0.0002754028375508984
-0.0003914013532032158
-0.0004970395323525636
-0.0005616141033185798
-0.0005389302774280565
-0.0005550325045717149
-0.0007208354484748717
-0.000775058982769594
-0.0006617138519251392
-0.0005895753020439178
-0.0006489017003815688
-0.0007134258278332483
-0.0006909036582605109
-0.0007134185971840163
-0.0007638143026779406
-0.0007763929163027914
-0.0007503581468056551
-0.0006212959053750987
-0.0005303558087610054
-0.0005739680175780518
-0.0005403705467966191
-0.0004354868564968404
-0.0004491437619194109
-0.0005399140866875624
-0.0005835434986417379
-0.0004959940759048284
-0.0002882301001297768
-0.00016062561581316567
-0.0002007772139335449
-0.00017745028420726656
-4.214911726735676e-05
-5.424235640947994e-05
-0.00016739254203977226
-0.0001807590377256641
-0.00011871255292931216
2.7938775326975818e-05
0.0001854317497657299
0.0002256794099198178
0.00023028889873808804
0.0002453506415924561
0.0002485307726394223
0.00030588337675076054
0.00044368761164156466
0.0005430130807722008
0.000552336501737612
0.0005423540306836533
0.0005361338418066557
0.0005413074025790508
0.0006016255494592039
0.0006993775189604991
0.0007663052690452124
0.0008099727099953724
0.0008610882032030577
0.0008948893192612152
0.0009270843887892072
0.0009892284245442671
0.0010400108952386498
0.0010246989331143617
0.0009475817691677962
0.0008769244646176529
0.0008944985791068297
0.000948826132179326
0.0009115939756293758
0.0008406650034662302
0.0008152394600105452
0.0007984292011357941
0.0007753076806654196
0.0007206937971706768
0.000629724669709766
0.0005546418120815157
0.0004934213738940486
0.0004186422314353589
0.0003531100610629714
0.0003152263683601879
0.00029853830205444395
0.0002776860559537714
0.00017731546135563126
1.5968088535252084e-05
-0.00010718446015100145
-0.0002211618998646412
-0.0003416327402411491
-0.0003914405667524924
-0.00039277689798019455
-0.00040165647045970246
-0.00041732776999146734
-0.0005070973373907676
-0.0006516966308913833
-0.0007104324768675795
-0.0007093191292431745
-0.0007332497903518814
-0.0007681543538050335
-0.0008098336502079327
-0.0008807011992583784
-0.0009586097190651471
-0.0009816786696305617
-0.0009578675745434035
-0.0009293693691503933
-0.0008917348581711786
-0.0008805832657608434
-0.000920636521830229
-0.000936505631034734
-0.0009050782863394445
-0.0008725980218182761
-0.0008343414990712583
-0.0007703296816261388
-0.0006956983111105235
-0.0006277200844166784
-0.0005663629520979935
-0.0004961606294652922
-0.00040682651222515427
-0.0003572818237575163
-0.0003591865507053922
-0.00030728343971350974
-0.00018981490229909767
-5.98877522395618e-05
6.49723307943477e-05
0.00014519250895839113
0.0002031715148112006
0.00028142170473856033
0.00036340256085116025
0.0004431049521768588
0.000518359565905127
0.0005666670310754902
0.0005763494912242296
0.000564769238498957
0.0005533970204177281
0.0005760440285160261
0.000642224896143289
0.0006913293978455075
0.0007092079143111777
0.0007334694414781383
0.0007407561475952142
0.0007199827011876453
0.0006999856837717828
0.0006726054799527777
0.0006608216743749587
0.0006961291893868754
0.0007175356875873947
0.0006851039571235629
0.0006409923469277967
0.0006015060105932161
0.0005641193878226439
0.000543457667862353
0.0005286515062637878
0.0005098116545448334
0.0005001146518048114
0.0004859259132858901
0.0004377389871973178
0.00037333930411170255
0.00034294321758675787
0.00034391928272476795
0.00033420504625346863
0.00029503276564237164
0.00022908402384557182
0.0001656659472116289
0.000125338230904215
9.151494921441275e-05
4.6604023559684405e-05
-1.0935525944433553e-05
-7.984179850979404e-05
-0.0001355000894406801
-0.00014682583046378759
-0.000151316988046544
-0.00019702867816196666
-0.0002721907600991946
-0.0003412502847620113
-0.0003717479926637091
-0.00037650106979612917
-0.0003877913090695138
-0.0004031060390100153
-0.0004229193936607147
-0.00046255201520460675
-0.0005092151894457022
-0.0005391642988927346
-0.0005610569845082043
-0.0005769434268002172
-0.0005729856888394604
-0.0005538070941402834
-0.0005343046235270975
-0.0005245823898154853
-0.0005321837829252205
-0.0005440449105135633
-0.0005390793250289534
-0.0005225277710628859
-0.0004883180129992844
-0.000442909908115175
-0.00042709595657219705
-0.00043495641280085666
-0.00042599631088103125
-0.00038954292010030133
-0.00034458169969458184
-0.00031934564400797256
-0.000315030254763452
-0.0003109807911445664
-0.00030096524921299116
-0.00027433203402552254
-0.00021328660961604653
-0.00013133297803310888
-6.317385007365142e-05
-2.3434096995225626e-05
-2.0996688016211816e-06
1.2214859837794832e-05
3.0686493927834726e-05
7.054889782459184e-05
0.00012963775999175184
0.0001904356005781397
0.00024143957145648164
0.00027494215806412274
0.00030911279646677665
0.00036704601946070914
0.00042296621097343364
0.00044941664279649703
0.0004680673043822954
0.0005066335355346394
0.0005549888246553216
0.0005769205692526136
0.0005597237755326281
0.0005355653624625253
0.0005345593223715488
0.000549611380860652
0.0005563776939583754
0.0005538510136908868
0.0005520250288065657
0.0005457651155224978
0.0005491536785964654
0.0005730541284639576
0.0005999698761456874
0.0006055072855213511
0.0005798631674087566
0.0005418798787253675
0.0005094039186992725
0.0004763105304571983
0.000422187067088565
0.0003468869806040316
0.0002719134392401386
0.00020880354737575372
0.00015734494277442414
0.00010894501341906192
6.328444707077765e-05
2.3163137288260938e-05
-3.743795794113124e-05
-0.00011991092734486577
-0.00017213694736481705
-0.00018352360487695107
-0.00018971335005503077
-0.0001992740049792899
-0.00023232120800146448
-0.0003095291861630923
-0.0003918944950425516
-0.0004386343982226299
-0.0004481177908319864
-0.00044571837455424743
-0.000457739292250868
-0.0004843709746992803
-0.0005077193225217207
-0.0005071481423242881
-0.0004877056163899949
-0.00047314649169827994
-0.00046347729118495143
-0.00046460903506110967
-0.00048325193492824444
-0.0004808093102227897
-0.0004450198286509547
-0.00041090750029881156
-0.0003943355908751034
-0.0003790922737473916
-0.00034086419861697494
-0.00028058885262387495
-0.00022642046205661965
-0.00019498274528489577
-0.00016315529865789202
-0.00011667322297812583
-7.93247235183987e-05
-5.6080026563440336e-05
-4.3726727721692905e-05
-4.7595411887191164e-05
-5.093518917251973e-05
-4.0176124024114305e-05
-1.6289194617035445e-05
2.1240554881676533e-05
6.743383551433329e-05
0.00010915523489745498
0.0001447346941582626
0.00017893316827384805
0.00019956507722799645
0.0002035377513792268
0.0002112152854671484
0.0002362840710787691
0.00028058965983531077
0.0003219174942169951
0.00033522043090747003
0.0003457211833909459
0.0003550788805527864
0.0003236725037104451
0.00027395645732255505
0.00024584557444394815
0.00023293467625737303
0.00023092152801844291
0.00024927738579329055
0.0002864200673720845
0.0003110522423215296
0.00030437315465315284
0.00029364389530090796
0.00029408225259786773
0.00029102702079067215
0.0002749402679237895
0.00025993003691574467
0.0002607555321231785
0.00026570864652748343
0.00025981249166475725
0.0002555721049155137
0.00026523815605647807
0.0002724727400111652
0.0002599595647472044
0.0002298944241607887
0.00019150786958224675
0.00015237170397515453
0.00011527927904290844
7.483763225302966e-05
4.329661001912079e-05
3.642778672083404e-05
3.487275427863707e-05
2.8231846513865066e-05
1.9617161239716927e-05
1.590206776337164e-06
-9.883526939368836e-06
-7.6118740099975464e-06
-1.4472554257099343e-05
-3.4248116679645114e-05
-4.28809933137092e-05
-3.446578554632312e-05
-3.2819090031048275e-05
-4.663400513739481e-05
-7.193509406583992e-05
-0.0001018980827860638
-0.00012206401817657872
-0.0001351435606985208
-0.00015095536567156427
-0.00016407280738017267
-0.00016831977283555542
-0.00016530428532606477
-0.0001612889960413098
-0.00016146523184128292
-0.00015880659859755854
-0.00014951933499439342
-0.0001409098288714059
-0.00013494671222429331
-0.0001312152880955939
-0.0001281685497589307
-0.00012405300678106342
-0.0001170515168988274
-0.0001047635827248737
-0.00010218199902603848
-0.00011178056473323185
-0.0001041745190061297
-7.726238632659598e-05
-6.124886408696999e-05
-6.837513988171807e-05
-7.815688703150542e-05
-6.671263849268606e-05
-3.8684480427479196e-05
-2.047229680753605e-05
-1.8128385106762136e-05
-9.369321044608773e-06
1.0638882967580557e-05
4.0829005157541906e-05
8.940271689637463e-05
0.0001327317081563048
0.0001449942415555072
0.00015189345021156852
0.00017360058542847107
0.00019445263240325692
0.0002080010822088615
0.00021118627756054717
0.00020980075726701776
0.00021549084246622844
0.00021305402563921022
0.0001885210975289345
0.00015731845463672363
0.00013832335688465953
0.00013290843008655
0.0001394156619900236
0.00015316317889932095
0.00016354054756869007
0.00017315674520203207
0.00017815015551302303
0.00015847595998737477
0.00012217122018445183
9.764545707638862e-05
8.624818468951338e-05
7.428866182033702e-05
6.250349217830866e-05
5.287631003494287e-05
3.461351194649145e-05
2.733802988621319e-06
-3.428801705723232e-05
-7.251436386878065e-05
-0.00011178247028488972
-0.00015027271679453233
-0.00018553243621354795
-0.00020603081895023318
-0.00020988514736588698
-0.000215178564656097
-0.00022611210948077256
-0.00024355697762331048
-0.00027205391098444426
-0.00030159804399274275
-0.00032492641709057536
-0.00033920213939211117
-0.0003425586631839073
-0.0003357289288576936
-0.00032398535173993454
-0.0003135685652456909
-0.0003017589281026141
-0.00028845266026485003
-0.0002805789059702834
-0.0002843094877189443
-0.0002915570863095407
-0.0002765034107945615
-0.00023964369155725942
-0.00021046591276798493
-0.00019299940196110192
-0.00017038887785439255
-0.00013869517510285283
-0.00010344506021178256
-6.706299293954827e-05
-3.22668413523778e-05
-4.497284362667803e-06
1.7563473788007617e-05
3.948019562999806e-05
6.04087927579435e-05
8.004417668292551e-05
0.00010308381777534747
0.00012037175522525152
0.00011507689972961944
9.712427010501796e-05
9.310675587604196e-05
0.00010294618652015745
0.00010872045137031309
0.00010981419766491195
0.00011155870721303094
0.00011311574134349263
0.00011712704473405921
0.00012847006694692817
0.00015004675687219066
0.0001733998376096059
0.00018301630458305516
0.00017770725178116773
0.00016728688033785537
0.0001591940605535254
0.00015577451331196
0.00015154183913556297
0.00014409333683325945
0.0001408276420301486
0.0001410679164141863
0.00013247605344134697
0.00011242447154876518
9.757958434978581e-05
9.153103205184959e-05
7.540850232910551e-05
4.8997933474215344e-05
3.123516326233588e-05
2.9256732531845995e-05
3.2539091535574776e-05
3.2022399679100125e-05
3.420270144686929e-05
4.0429387222721094e-05
4.417985935945324e-05
4.16452086334846e-05
2.920190683467717e-05
1.1443788997331604e-05
1.1752081232992315e-06
2.795106619012518e-06
8.897961588110198e-06
1.3199510318722937e-05
1.137037645487518e-05
-9.253795012857893e-07
-1.8107052683733554e-05
-3.418672926969677e-05
-5.367164759221963e-05
-7.585098520502288e-05
-9.208982986094002e-05
-9.968373426270962e-05
-0.00010181332364327111
-9.9571442429297e-05
-9.214578726527167e-05
-8.432136182891838e-05
-8.79616901415769e-05
-0.00010843769545537224
-0.00013557050327726725
-0.00015403082150341796
-0.0001595929534714027
-0.00015788976255324858
-0.0001533696381107743
-0.00014858269913846605
-0.0001426366239371414
-0.00013830242645487551
-0.0001420330143079112
-0.00015123694249039903
-0.00016006519766860244
-0.00016340840706436123
-0.00015646339501505758
-0.00013917093356147477
-0.00011433022679246907
-9.097761654462438e-05
-7.598938005793854e-05
-6.361398035347306e-05
-5.56140309168977e-05
-6.091992415490102e-05
-7.046028752844214e-05
-6.973575672886182e-05
-6.240347930500068e-05
-5.893829986328531e-05
-5.7034552574933635e-05
-4.8272992596586e-05
-3.489803076119185e-05
-2.507025710478441e-05
-1.7128924278419757e-05
-7.248623442101979e-06
4.145203901811136e-06
2.3453718281253612e-05
4.936828360418445e-05
7.065484240896038e-05
9.217484470599816e-05
0.00012373098927677176
0.0001618467114459436
0.0002002820754384856
0.0002343951355044592
0.00025785492237766173
0.0002731310812508764
0.0002887878382533755
0.00029842692264214977
0.0002968927355544087
0.00029730998742481194
0.0003028045945915184
0.0003011850272491039
0.00028796298542404776
0.00026914601481212836
0.00025172980342940966
0.00023463460636815854
0.00021088817892094743
0.00018035219072680758
0.00015022238061381983
0.00012102255127823543
8.902886534673882e-05
6.031877249202625e-05
4.3995235277333174e-05
3.4779651997831254e-05
1.520721505733848e-05
-1.811931975011101e-05
-5.403965365501487e-05
-9.203535118136595e-05
-0.00013528747929515572
-0.00017833144870045168
-0.00021506145451745715
-0.00024265825394194568
-0.0002630353609588408
-0.00028614820278800737
-0.0003145454528422859
-0.00033970232404102345
-0.00036584948688201746
-0.00039670361703372954
-0.0004236296700079265
-0.0004384578218709659
-0.0004413974696193165
-0.00044053429454419667
-0.0004335445014289033
-0.00042043097958122783
-0.00040995837937347153
-0.000407740473468811
-0.0004144766221712665
-0.0004189084479510825
-0.00041480358145476606
-0.00040639399585831157
-0.0003915472579520765
-0.0003672999706457756
-0.0003371004725986807
-0.00030429572028131804
-0.0002732529017575059
-0.0002454786420258565
-0.0002243172976432017
-0.00021278399983161819
-0.0001953839836545628
-0.00016463931845957537
-0.00012803629558451522
-8.545540953849483e-05
-3.801246749218157e-05
4.272135048090618e-06
3.23542060956493e-05
5.157126262914884e-05
6.88175652426386e-05
8.285424075989511e-05
9.391117521557445e-05
0.00010386433089956577
0.00011678688619985313
0.0001331418441607376
0.00015110278924215288
0.00017025615173381573
0.0001843323532618281
0.00019211539778884705
0.00019920389208215973
0.000203839650040547
0.00020343499075212255
0.00020162846540286046
0.00020492896570809273
0.0002149516580438547
0.0002279877886756189
0.00024416386759477623
0.0002620378324356537
0.00027027951755812787
0.0002617664683447477
0.00024253868666835338
0.00021923700194343852
0.00019596142371947964
0.0001787014046719488
0.0001722961739952625
0.00017220257448217192
0.00017060710995100186
0.00016607948251582444
0.00015607351563395397
0.00014382244702954342
0.00013536784952581887
0.0001270465782974745
0.00011392254764739026
9.631307122760504e-05
7.957631613396831e-05
6.958030778706616e-05
7.215314840939054e-05
8.794172054078771e-05
0.00010330153510012441
0.00010702382187862761
0.00010158356416928008
8.977993275501839e-05
7.463096961504591e-05
5.97392065719935e-05
4.7240497449978746e-05
3.750806464101632e-05
2.809835361029783e-05
1.890607022280041e-05
9.263715939820736e-06
-2.67778766083964e-06
-2.062087078587551e-05
-4.8307888594812014e-05
-8.347090263503236e-05
-0.00012098740721493104
-0.00015402301857255974
-0.00017788792443708602
-0.00019699995866673752
-0.0002137858233262621
-0.00022869393814449574
-0.0002481503960154757
-0.00027116410341146576
-0.0002934181777351988
-0.0003209552259006649
-0.0003588831839806813
-0.00039762100982330956
-0.000419894148137944
-0.0004221838577665221
-0.0004140426402582156
-0.00039911470286375646
-0.000378818300027391
-0.0003609883525189655
-0.0003523595048894466
-0.0003524262785200759
-0.0003528165244810204
-0.00034628272343146946
-0.0003343604710943985
-0.0003170975529489111
-0.00029330918086065784
-0.0002638339675379206
-0.00022830447270232946
-0.00018925114334777623
-0.00015001965126931752
-0.00011275103223509524
-7.615354543092003e-05
-3.4253060431919437e-05
1.410623126116274e-05
6.55068130507912e-05
0.00012323765871247638
0.00018955248032102422
0.00025626918029248254
0.0003170721299220952
0.0003777892032906833
0.0004425450620185125
0.0005056633461345668
0.0005647145052713587
0.0006241985256212314
0.0006830078895395046
0.0007318255449619028
0.0007690528945629306
0.0007978607275114888
0.000815093644840511
0.0008184041048247464
0.0008072630450553485
0.0007801850458080073
0.0007388926521736245
0.0006902220107290662
0.000636626026048068
0.0005781231540031514
0.0005202369804804467
0.00046567918834911363
0.00041547134274940345
0.0003680348955064775
0.00031219247043838024
0.0002446061720876638
0.00017636155500005542
0.00010889060410334819
3.2205989351001054e-05
-5.246814370219919e-05
-0.00014144134223039215
-0.00024284433052249998
-0.0003496270924365194
-0.00045041464727815095
-0.0005499265708670031
-0.0006404967516055146
-0.0007083142482115788
-0.0007594918413744051
-0.0008062434487422149
-0.0008373401454616383
