0.0
0.0
0.0
0.0
0.0
0.0
0.0
0.0
0.0
0.0
0.0
0.0
0.0
0.0
0.0
0.0
0.0
0.0
0.0
0.0
0.0
0.0
0.0
0.0
0.0
0.0
0.0
0.0
0.0
0.0
0.0
0.0
0.0
0.0
0.0
0.0
0.0
0.0
0.0
0.0
0.0
0.0
0.0
0.0
0.0
0.0
0.0
0.0
0.0
0.0
0.0
0.0
0.0
0.0
0.0
0.0
0.0
0.0
0.0
0.0
0.0
0.0
0.0
0.0
0.0
0.0
0.0
0.0
0.0
0.0
0.0
0.0
0.0
0.0
0.0
0.0
0.0
0.0
0.0
0.0
0.0
0.0
0.0
0.0
0.0
0.0
0.0
0.0
0.0
0.0
0.0
0.0
0.0
0.0
0.0
0.0
0.0
0.0
0.0
0.0
0.0
0.0
0.0
0.0
0.0
0.0
0.0
0.0
0.0
0.0
0.0
0.0
0.0
0.0
0.0
0.0
0.0
0.0
0.0
0.0
0.0
0.0
0.0
0.0
0.0
0.0
0.0
0.0
0.0
0.0
0.0
0.0
0.0
0.0
0.0
0.0
0.0
0.0
0.0
0.0
0.0
0.0
0.0
0.0
0.0
0.0
0.0
0.0
0.0
0.0
0.0
0.0
0.0
0.0
0.0
0.0
0.0
0.0
0.0
0.0
0.0
0.0
0.0
0.0
0.0
0.0
0.0
0.0
0.0
0.0
0.0
0.0
0.0
0.0
0.0
0.0
0.0
0.0
0.0
0.0
0.0
0.0
0.0
0.0
0.0
0.0
0.0
0.0
1.829842348059574e-06
-5.335549239526909e-06
-8.760528436923347e-06
-6.175025625041957e-06
-4.33253714875912e-06
-3.2998630735059164e-06
-2.6485613260604515e-06
-2.162646534857089e-06
-1.829556203694865e-06
-2.0709833212411987e-06
-2.395053085804428e-06
-1.9947383171525664e-05
-4.0747442978621356e-05
-6.769863762410423e-05
-0.00010079485982403785
-0.00011199775926549805
-0.00011549097921156182
-0.00012721973412681284
-7.303734654127174e-05
9.549321823040572e-06
-0.00012939501637209842
-0.0005574547273268098
-0.0010926318967081619
-0.0014833412204345205
-0.0017328020196344697
-0.0019036214485644639
-0.0019197425940139356
-0.0018347484362782672
-0.0019910047310827883
-0.0020276030930384994
-0.0019809091447984574
-0.0021028680958913673
-0.002114792902280183
-0.001977346353958574
-0.0019221637882811916
-0.0020814540277372933
-0.0019447386503434344
-0.0016309583852200822
-0.0017408116853020565
-0.001985583470256484
-0.0018365065373172874
-0.0014523074790244637
-0.001452490870631381
-0.0018220399835276657
-0.0018764356249456775
-0.0015091120021581514
-0.001368620044326239
-0.0016342509196599605
-0.0017017501481205548
-0.00154182460917781
-0.0016327871651944928
-0.0017692432308330601
-0.0015501963331229836
-0.00127047214323687
-0.0012644731073569032
-0.0015247159662378162
-0.0014643628866145544
-0.0017333012470781757
-0.002386528748387815
-0.0024900000709141717
-0.002275516998723311
-0.002325986415157731
-0.0023325422645475344
-0.002864433321009018
-0.003918650713230476
-0.003993098536203582
-0.0030400737701094757
-0.0026875069293640337
-0.0029950206851356437
-0.002595655767847878
-0.0018747384730408328
-0.001792829408854045
-0.0018644326402034548
-0.0013786302604191932
-0.001000858661046372
-0.0009470611302470427
-0.0006248507776889726
0.00017447219485185878
0.0012796886510048344
0.0019800389317565646
0.0020283768643930573
0.0022506241320179973
0.003238701146507523
0.0047174079518980455
0.006157204745420135
0.00729100351226944
0.008031356244726744
0.008165956469092024
0.008080739159315673
0.008699984473604429
0.009479417163236931
0.00952478315520892
0.009374112243556944
0.009765968673402013
0.009873593068048593
0.009701032055903882
0.010520181771801926
0.011754860463992375
0.01175963325360243
0.010891864148732186
0.010483915020042034
0.010078014933020202
0.009615364201730252
0.009856348749955916
0.009730888712159057
0.008617757626885856
0.00816332233175003
0.008462788741694396
0.007871946443074158
0.005610706501002897
0.0013840155468475162
-0.004329586617323163
-0.008538941834850593
-0.009186013745582127
-0.008225477281413023
-0.008851309287783982
-0.011224812505721526
-0.013099913370347384
-0.011092849905918831
-0.006468390977268543
-0.005528547658504005
-0.007441900091260468
-0.009011106808044922
-0.008096747432831062
-0.001775535943762526
0.006674021938263895
0.01090866715193069
0.007251438525875033
0.0005832849893518723
-0.006234688280434089
-0.00908925174929062
-0.005191386526010345
-0.001963429617839393
-0.004811579696274125
-0.025098282252588446
-0.0647942639604235
-0.08523864361812344
-0.07343419296490916
-0.07448005389978096
-0.09276796714212597
-0.0969438528755266
-0.0757496575114421
-0.04746578062253758
-0.0457588576377534
-0.05381053247632365
-0.03849982575081492
-0.01336633826569286
-0.0024569864893194565
-0.002806053150003909
0.0035414688779308646
0.01669061406656448
0.02287124038489916
0.021757479642489256
0.020931118589499538
0.023318288521012805
0.029818023242580528
0.03670706528756099
0.03175133157201199
0.019248411294770326
0.010535422048445785
0.01331566327493929
0.030022458680717238
0.037020362058237694
0.030970826719505275
0.02418040213010914
0.029081847901728023
0.048586742934230695
0.059299535132140285
0.06323079913993453
0.06585545324807872
0.05605483742940867
0.04483195786788122
0.05227884244520822
0.06159670595489725
0.053704732867386175
0.04961972631127494
0.05246466340735611
0.04957054521297195
0.049608355105292906
0.04467249704893995
0.026205260989578035
0.015091846536692538
0.003538331328426386
-0.01599441882621848
-0.03336018443328778
-0.0429342817981136
-0.024464094248156536
0.0013035010267058455
-0.002461560485364266
-0.005184445234131535
0.029872364379795308
0.04585523986030558
0.01546812012532892
0.011644366931723575
0.034132498865584046
0.0190000527616005
-0.006479199292027375
-0.0012729514722025067
0.0006562967775998604
-0.013642635525964373
-0.02974170399470605
-0.03236185222538019
-0.024026746466490716
-0.025685220674470363
-0.02061667173127891
-0.007075541821689375
-0.004028984849666823
-0.005817934080995559
-0.013315397472103249
-0.019463216832651058
-0.007190468278028226
0.032731138004794894
0.06560886219064231
0.03969152106378477
-0.0062308264615865035
-0.014755969568261798
-0.007300645448446771
-0.0054137055318872005
-0.015730256839394184
-0.041778885661176414
-0.04667315267682155
-0.02994897992826125
-0.02091516331666796
-0.011746696552941301
-0.0028932683567190094
-0.00994011354842705
-0.02848145623492705
-0.03356474229565248
-0.01688831423715906
-0.013930508720515745
-0.037001238877718376
-0.04795261804292683
-0.03392631141656661
-0.021154716335181834
-0.014364211559192349
-0.0006510318662411974
0.008993294306299159
0.015360439732760614
0.022191889251839184
0.023109877381733604
0.02985315565934027
0.03119355757451127
0.01796510789089417
0.028742926678191973
0.05619621753600781
0.0700795366572018
0.08915502610029624
0.07612351775723616
0.01911256907862543
0.001843379946082048
0.014455847745575777
-0.0055824214636963345
-0.03522101994918123
-0.05381924837619069
-0.06639529012780783
-0.06291725206169396
-0.04906478348925979
-0.04454043495060216
-0.05168429518822846
-0.043875630094419235
-0.014448391500470949
0.009771035849211065
0.026791618847384176
0.036102363207582776
0.03834871101792245
0.0434430655344022
0.04569429227628281
0.05354568670997557
0.06952948114845271
0.08735187645491736
0.07113154124315581
0.02843389279516679
0.03696180192584829
0.07730923550561038
0.07708161538186936
0.06353336583048168
0.07600224142786031
0.08017105714837014
0.06712537646252895
0.041118375106589534
0.021072247198551372
0.04120489165054845
0.08542394410815868
0.12102593150356306
0.12182694342587394
0.09768051272582824
0.08223641594678482
0.054261710686094214
0.026661321142038032
0.03944670738304118
0.05078626072174178
0.04091985086778941
0.01957406159014474
-0.013442435030393066
-0.014465442088864971
0.029091331783192374
0.03941878816015191
-0.014150878391380859
-0.05566144109336389
-0.054765660930626056
-0.0337607917129451
0.013880525145688319
0.041149576938130414
0.018540910550648337
-0.004609937221121546
-0.023429380532864936
-0.050741217123512816
-0.059445438601108555
-0.04961600302831849
-0.0469921233292702
-0.05256191880033002
-0.05275658105380918
-0.04230137023319027
-0.027819362578625752
-0.028205503554614177
-0.0408508721976928
-0.01999449058447304
-0.01848266713278917
-0.07275244013401565
-0.0816301833883032
-0.05218736385266041
-0.03550963910185233
-0.029222214188750806
-0.04812253951855719
-0.03959430802314227
0.016790035782456664
0.033009203108721324
0.001592321770439108
-0.003927690678957498
0.010037311527644446
0.0013406711028445205
-0.012219823995166664
-0.020778643405525637
-0.035606345311654235
-0.04301632317207256
-0.04491876221828054
-0.04680423444381116
-0.017390244491203424
0.019852723600283215
0.017941181911712924
0.0005218764400692707
-0.03615872300387836
-0.08790484335682733
-0.10305586721996425
-0.07973876575092792
-0.05616958992889999
-0.04498747238135915
-0.03966173287952405
-0.05665680341240847
-0.06727596982949151
-0.04767707609698702
-0.03996481166492376
-0.04653781994050692
-0.04793807646789975
-0.05695484151205729
-0.0675215016592519
-0.05342184673660971
-0.021237418614393343
0.010946937779121865
0.034903554300808375
0.030747056300592525
-0.011750126457964354
-0.033379705549982985
-0.025937632667723122
-0.049186029296642814
-0.03911731920807637
0.01386234183252723
0.014853772153703608
-0.01367275277359373
-0.00869300503281741
0.025584056211267945
0.03696235155179078
0.018089707879129245
0.03167056568686493
0.06565609522898734
0.05601149897466911
0.026222054099964563
0.020811686723832594
0.04178753274051581
0.06564981663420272
0.06548132708170196
0.0727733120843063
0.09407159213921856
0.08093891506425935
0.07385454067428283
0.09204794821267397
0.06876943599509905
0.03236075414571412
0.0458873760058033
0.07331694601463008
0.06261989878695029
0.03764460321414491
0.023732865624871254
-0.0010419668952933968
-0.0262467518696199
-0.022019744781525543
0.011055158680958304
0.03519904478030584
0.027672319447534097
0.007650846616184816
-0.015696940353772115
-0.016931637446156896
0.020026791126999403
0.050857985851235
0.029681656670303286
-0.027386729621227
-0.05365904362962626
-0.03101494094995909
-0.015529356303272682
-0.023298918220271983
-0.020563952064500086
-0.009262562984154102
-0.007264531487750368
-0.01904906437258316
-0.022691400291160787
-0.005626084866654489
0.0031734724799968857
0.002110494698939683
-0.004954942090082697
-0.012125499610019137
-0.006274491714912548
-0.007667160710027869
-0.026904529462017823
-0.03754845225709123
-0.03485707415768207
-0.03509823439285085
-0.031153051034193947
-0.025508271743298627
-0.022802070083066228
-0.012189774023671562
0.008950429342741808
0.02027152698584104
0.006552075745719925
-0.01658641367114668
-0.023410990933252065
-0.017898138626090614
-0.016550303932610533
-0.009363084277124454
0.006318506548040432
-0.0008410226712543822
-0.02100472323869504
-0.002568827501370943
0.020002257072308925
0.0042773022424471415
-0.0282452133123261
-0.05230901714896433
-0.03953880896359068
-0.021578281498644863
-0.04041628363516393
-0.05944358802009513
-0.05886478208619904
-0.04826298672250509
-0.0300076582520049
-0.018705186443290035
-0.03208980065590848
-0.051302432641647404
-0.02864669694329804
0.002719443048039017
-0.009051126230934932
-0.03133986781408912
-0.04265655313804182
-0.05209288575222666
-0.044012676486125245
-0.022116139428920604
-0.01600383259032394
-0.020636410150340893
-0.021568097761600975
-0.022702816356077567
-0.02452383550321422
-0.0300255116054513
-0.02854581936409044
-0.013929416777794993
-0.01599284468576007
-0.029783808828726017
-0.018864980274933843
0.005276679936617634
-0.0020825174904498386
-0.03308003951369613
-0.04245286547804128
-0.03125504451005978
-0.022985247615511156
-0.026429042314454202
-0.04057360101153276
-0.05763702654850104
-0.06456806803964055
-0.051797678347956275
-0.02502065388020243
-0.0139690355744237
-0.028816555163165076
-0.04335758242114037
-0.04109538104679838
-0.020877806097458936
-0.009335409391835595
-0.015978448188598414
-0.021425536259680113
-0.03326506505553479
-0.04636242179311871
-0.046852332252872
-0.03764648453017082
-0.020941271302371448
-0.004903968739882921
0.01034726017457968
0.022120559423930097
0.014105819872734801
0.0021756751477576557
0.004024580198261836
0.01286295958946449
0.02964966692245956
0.03476379160985983
0.018076667511724025
0.0023903889849444353
-0.004727266872152337
0.0004286753595832838
0.01826396676843168
0.02977789106849766
0.027345154788023424
0.027634647100908523
0.044360776753883044
0.06580208961417493
0.06959484961735178
0.05370472263408709
0.04393672713775421
0.04280858847662353
0.04272636539640517
0.044299445222287064
0.03209104169683118
0.029920741235505095
0.038117738368949064
0.02518074880871123
0.022243975883878345
0.049069316540760285
0.07245660072078519
0.06618475015480882
0.039527549017199744
0.010337971432266436
-0.007747996078237942
0.0013707710434687685
0.014867957975263
0.0033794884870376267
0.00025663609587362433
0.027734551540840882
0.04681599976129006
0.037421484998121306
0.015953907878880288
0.010463821535992766
0.029118254606688827
0.039002246321119816
0.029059555990829905
0.019406208364951053
0.00876742578865626
-0.008646167801886923
-0.01399840021112216
-0.007659547175794147
-0.005254298430941052
0.0032401134943895807
0.005828715247594627
-0.003844164464114342
-0.0016091999921235562
-0.004266318286899738
-0.016945338825558435
-0.017292711215976246
-0.017903270602169945
-0.019205752414793026
-0.01661402721339813
-0.030412534021794186
-0.04668141013405138
-0.04021736268714071
-0.02352544986702618
-0.01003120714453124
-0.0017215541041122554
-0.0025881170740893553
-0.009422456185820811
-0.017304790640209455
-0.023465622819452407
-0.02300243130015286
-0.021860553565811798
-0.024248082570278766
-0.022157536710467964
-0.0227695536102724
-0.030086653656802617
-0.03161950396044504
-0.025088172461632592
-0.011073147726671376
0.005173516138788875
0.010535375070071648
0.0040248966772277895
-0.005605865524808477
-0.013480263373356824
-0.0186972868030502
-0.017940865072180703
-0.010489849757733509
-0.00407275312139836
-0.006617509773795438
-0.011690924042289878
-0.014015757592553406
-0.013834996091070334
-0.003453259352682976
0.0073033641473417175
0.0078018853950196625
0.005626001778863506
-0.0011343774898987546
-0.008580355612214513
-0.007203601129342128
0.0014606766740314597
0.010161958511985538
0.011783583560897575
0.009449707139068671
0.006383636275005619
0.0020898981701332666
0.0002301253163106162
0.009159278899739793
0.022302921179071716
0.021546088073186986
0.010901600831821245
0.0037910106665662944
0.001598596388255339
-0.0007909350518968688
-0.005135649263608163
-0.003814081154321438
0.003309026214423054
0.00423028874764446
0.0014003386718113957
0.0034693168941687396
0.0023418145064367686
-0.005826321864630915
-0.007041513869262434
0.0026011858231453286
0.013379780476665184
0.016633793818250513
0.006807716441151798
-0.006140194307618305
-0.011931048404255958
-0.01284725656103414
-0.007312402929598973
0.002882405762000577
0.009643052496655211
0.015204581054600179
0.010228883786591673
-0.010160724657411389
-0.017673422100441497
-0.009510758236254791
0.0021186257723576508
0.010987203411781716
0.0015748629725076478
-0.014835060507310026
-0.021202977025672576
-0.01885679605494561
-0.012906674784161248
-0.0027544420636151363
0.010038421135622725
0.012843783222992988
0.006002437986992495
-0.0008641341464308265
-0.006274952027701004
-0.008121120979669359
0.0001482409345008208
0.007546453088904174
0.0019580528277068888
-0.006088352398214033
-0.008551382843741722
-0.0041951588864584865
0.003014791882463112
0.008183647470178192
0.010672173052914265
0.010918803770347724
0.009401669918335
0.0038413590261180547
0.0023151364309204454
0.007029368116546007
0.006921978276613003
0.006993574177753764
0.014300126593424757
0.023599682530571008
0.025209013691199798
0.012587046577466903
0.00024846827755911676
0.001739278899327156
0.010003000035215717
0.016127358206232303
0.019105080591517994
0.019939050321129168
0.015937118459089076
0.007063022564561623
-0.003953829087966563
-0.004821771834937043
0.00975933878807309
0.020416335393606024
0.014070682259511552
-0.0013490963126150516
-0.007463140589163055
0.0007710051841399592
0.010366579065099857
0.01670733933658606
0.02126717761735915
0.016478187573124
0.005272138372532477
-0.0008937704338188347
-0.002453497228108462
0.001065092996202515
0.0059562010528405405
0.005030919547073557
0.0001388949009548418
-0.003776938378876793
-0.0012684288365405359
0.0027222492439274736
0.0008445963853614486
-0.0027643734829987552
-0.006243026415192539
-0.010324578859551363
-0.01052702322067636
-0.006201152139047148
-0.006225914210787802
-0.009561550802855416
-0.007607209534022174
-0.005061441300039884
-0.0044134973486821966
0.0007717416621657278
0.007812075417320009
0.005249369344176352
-0.006976538328208228
-0.017110099551218075
-0.015410983373085494
-0.004433321663924797
0.002003368556795174
-0.0011506506906276775
-0.006428506360762256
-0.012285543546915736
-0.021876037379319473
-0.024967768096090023
-0.015734079035693533
-0.0034347760075373827
0.0040856098500164995
0.0009060048933306201
-0.011478921252548615
-0.018316004149409974
-0.009714647264090043
0.0028538080880255307
0.005967159232058378
0.004493262017313902
0.0003940866757184818
-0.009137861552147656
-0.011703598682646121
-0.0050141998242656674
-0.00023135326164789436
0.0005211828038214357
-5.7936583455746366e-05
-0.0008123695433265039
-0.0033454235707870345
-0.0054666129190920265
-0.005203208123349094
-0.0053786658623680445
-0.008666742781127463
-0.012685307435081207
-0.010982442174033352
-0.004286805124324691
0.0008408352610673433
0.0017356435422378276
0.00045560090553245535
-0.0007655141744889776
0.0007517266135060383
0.005030092400320106
0.008643301131907626
0.010562026412767399
0.008826745201569718
0.002557183765334656
-0.004263167389281867
-0.0048724371729695825
0.0027401435175684564
0.00808977835688469
0.004104510954906674
-0.0019519374290675148
-0.003935198659793429
-0.0028479149616353998
-0.00021747278641516053
0.0027679449634820746
0.005439101170195448
0.006316078367425633
0.004310616005745235
0.0019497443396289142
0.0018824098384550593
0.0045903754186949015
0.00722796630421348
0.00601237839420275
0.00408554155011448
0.0052099744860113545
0.005328519578519462
0.005865069808471601
0.010281696796923995
0.01152301566141671
0.006838548154128276
0.003230783447249389
0.0026050029220197196
0.0031937084636763933
0.0035351833138804107
0.0004554247846253161
-0.0039722693128035474
-0.0052692692468994445
-0.004872424992464823
-0.004482885880852717
0.001618074067770197
0.009075517238876684
0.007072103425310004
0.0013938544195966811
0.0006067083803374287
0.002716890144765138
0.004687423360406912
0.006462216283793362
0.005223208404773316
0.0015449358201324414
-0.0006466705794001622
-0.003752706254787124
-0.005781895093258361
-0.000950622342945366
0.0033025673268942774
-0.001135936837300409
-0.008013062892285351
-0.009570386020231265
-0.00724241711306374
-0.003884893846727688
-0.0004557109287262017
-0.0017000950724553915
-0.006717971856282767
-0.008909318973133098
-0.007756791655111378
-0.005675148646193417
-0.0034966524824623767
-0.0011361119210012355
-0.001260302900150998
-0.004137713945383174
-0.004929007475295567
-0.0017867366673807539
0.002000320697607962
0.004345615363500952
0.0042624815395147075
-0.0005532416946513656
-0.0058556507504748554
-0.005647291264132195
-0.0029813829407019546
-0.0033931627370932024
-0.004736438417015105
-0.003924280160712161
-0.0036018637635889055
-0.004630168908749052
-0.0037356305427341187
-0.001259315218357329
0.001959766283450405
0.004830685463971595
0.002065601723273666
-0.0022003561529468267
2.454178280171915e-05
0.004436645722681667
0.004905561576520837
0.003639327977158299
0.0029983969582968117
0.0022066358367791978
0.0021445463972162167
0.0022421995256442064
0.002140948227749123
0.004239852408397104
0.005963289273349414
0.003284550393468317
1.890015388473234e-05
0.0007917672071576498
0.0033918790368114462
0.004447803389106533
0.004457332365816517
0.0032338473501595058
0.001026241358146824
0.0006445411333630661
0.0015634871181205176
0.003595961184414734
0.0058237858560054945
0.005758605673586731
0.004949472675184151
0.004492220311945049
0.004168765804983337
0.0037906110591465324
0.004099745631563426
0.0051687392514064776
0.004496383885341284
0.0016764516819303028
-0.0011141194949767753
-0.0009423396434897261
0.0011727282180163533
0.001251223263864666
0.00034144980239467763
0.0005686872443522985
0.0015973059402765988
0.0013695195894051781
-0.0006005959483975909
-0.0010856237611705899
0.0005158500254761274
0.0019806429986006014
0.0011795172333701896
-0.0008459773603581961
-0.0005217220734770204
0.0007635745820952555
0.00041064661694362284
-0.0003789086053432552
-0.0005304451488417777
-0.00041685903790848446
-0.00015970807375733192
-0.0008197620053676887
-0.002389950559308567
-0.001794927227007754
-0.0006652786891456647
-0.002000388982741499
-0.003457012296900546
-0.003332621572069979
-0.0030841737995572255
-0.0035523524479443213
-0.0033926044775272816
-0.0031141693487001494
-0.0037911627330643504
-0.0032631260367631493
-0.0025352259903212554
-0.0027804129704982303
-0.001404950775281521
-0.00013600567505998883
-0.0005933574615370149
-0.0008416997774388809
-0.0011374226202739562
-0.0019869458848063987
-0.002327571890181592
-0.0014848267270245082
-0.0007947982878478702
-0.0012123938577422832
-0.0015605520632422764
-0.0018029017493886618
-0.0014972478620852287
-0.0007543791806140033
-0.0008125268521064027
-0.0005804159605028222
0.00022743611193229722
0.00045911264894684246
-0.0003301636829704493
-0.0011998863943827563
-0.0007522615855539831
0.00037814680516455194
0.0010997665683533336
0.0008646925449867539
0.00033526172881492904
0.00038275033150907877
0.0001713005190572974
3.796430135141507e-05
0.0008270355080890167
0.0017587783821457078
0.0016990552122423195
0.0011935442937393425
0.0008849124333255197
0.0005710126675756847
0.0009889122567476407
0.001509106525068051
0.0013065259289407971
0.0009910402212747484
0.0007687015145759661
0.0007033380062715421
0.0009946872386538562
0.0017148857412575156
0.001963612151807382
0.0016363747389068599
0.0017624799985666306
0.001736411359384113
0.0015534779704034938
0.001916929526842954
0.0019121418752971815
0.0013688646886680473
0.0009368805156163295
0.0004014480864362108
-0.0001550491373543203
5.321549532108956e-05
0.00078909451665133
0.0007288427571165646
1.2248091888601187e-05
-0.0005403163225067694
-0.0009716162064570325
-0.0010369986374462183
-0.0008052435182485952
-0.0007740371008694336
-0.0007287254517962802
-0.0004890128533268539
-0.0006776954654672937
-0.001327856512992573
-0.0013792254897573642
-0.0008336200542713863
-0.0005542304714179767
-0.0004425554968235696
-0.0004445219077710911
-0.0006320175770984729
-0.000826568823661334
-0.0008623052775770758
-0.0004741853045116343
-0.00016712999489674365
-0.0002010259691941108
-0.0005551087932850863
-0.0010380836115050395
-0.001046679704408349
-0.0009761408387090281
-0.0010175203191881961
-0.0009524496394760402
-0.0009522634557880991
-0.0011094145459477414
-0.0011646793624635675
-0.000621867622182929
-7.453624391067292e-05
-0.00017119833241552245
-0.00038621620629811817
-0.0004382998410201977
-0.0003608018146806667
-0.00023085603995922325
-8.707582139934988e-05
0.00011772739228320232
0.0002779107705232123
0.0002881459773541794
0.00019048185245345873
0.0003279670597807994
0.0007556761476570241
0.0010213322778074038
0.0010041404272395395
0.0008940554052489485
0.000787811930609777
0.0006386583766680917
0.0006342872205550356
0.0008404286056407581
0.0009889243278813741
0.0011933079413512094
0.0014040211852844428
0.0013590128957401517
0.001152403495788913
0.0011677368263979483
0.0013737950333839338
0.0013187530006669456
0.0012805803015579218
0.0013886895790058786
0.0012369534479378089
0.0011016891410262405
0.001100613821953198
0.0011784324106466095
0.0012675913887325565
0.0010351717866930977
0.0008267907410908528
0.0007858286320253116
0.0006420727148619184
0.0004957524840966829
0.00039447681993865223
0.0004355644686613717
0.0004398384111559855
0.0002814693400776254
0.00017848550298064935
0.0001523838925702983
0.00031860059873444754
0.00025122246774062407
-0.00023017715464085416
-0.0004699369466264143
-0.0005732523555894873
-0.0007994450977021176
-0.0009285195405210349
-0.000901833158528812
-0.0008375398992042567
-0.0008438162438505173
-0.0008406030370835911
-0.0009027664497080122
-0.0009772019812335025
-0.0008381174626049694
-0.0008093482542869941
-0.0010594985461061556
-0.0012442418894782982
-0.0012439197887894062
-0.0012980337485488463
-0.0013149078718902839
-0.0010829297990607714
-0.0009332310351843202
-0.00091465945331738
-0.0008596063202675599
-0.000857781998669042
-0.0008723192141448396
-0.0008994785438578291
-0.0009738932301035685
-0.0010190614904796178
-0.0008962325938457469
-0.0007213104324267392
-0.0006990162743560372
-0.0006182618019769481
-0.0004951913045902871
-0.0004861475149644888
-0.00044719374111833345
-0.00038692526624296787
-0.0002767522760127791
-9.370028445396176e-05
-1.8318389574097567e-05
-4.7091066307669235e-05
5.712698076332206e-05
0.0003225975888606754
0.0004075559449552372
0.00028101844646070365
0.00025847438305864927
0.00034846827933351714
0.0005093499625046538
0.0006090237603151918
0.0004983857603119861
0.0004899820208156265
0.0006893609584673802
0.0008099426203123039
0.0008019750610415667
0.000892126585825783
0.0010803757605609323
0.0011297820008601654
0.0011233268014444195
0.0011146620533746417
0.001039382683794908
0.001018459261126563
0.0009162352137791628
0.0006418043756625541
0.00047210573779762026
0.0005056242624214479
0.0005240524868823282
0.000516263597059393
0.0005764113265740939
0.0005369882926159228
0.00038067133502843497
0.00021920860831478814
6.4379799851512e-05
-2.173137032878485e-05
-2.912717725130456e-05
-5.934733923368092e-05
-0.00010025346735949812
-2.572231073419034e-05
9.774178430852935e-05
0.00012670257157219885
0.0001314920322803333
0.0001148264960958517
1.5255171814948935e-05
-9.997105914961157e-05
-0.00017935544528402238
-0.00018460211953386056
-0.00013954417693070247
-0.0001534526663011351
-0.0002682657603364164
-0.00040370019032750473
-0.00043366562598671306
-0.00038428568175625366
-0.00041913765426709095
-0.000520966749373112
-0.0005362903876554722
-0.00049066718173355
-0.000491337034801575
-0.0005399862315235872
-0.0006103865461706015
-0.0006699271605289721
-0.0006699546702883279
-0.0006513293078818873
-0.0006858008313402332
-0.0007391716041065279
-0.0007527763268930745
-0.0007643883513283903
-0.0008133385350751357
-0.0008605140660035379
-0.0008798518836393893
-0.0008279653709812975
-0.000741302629120798
-0.000712326797522902
-0.0006580021240249524
-0.00050483546674278
-0.00033380518536655756
-0.0002625845703126245
-0.0002668336017427431
-0.000244257550941228
-0.00020682905047403295
-0.0001392114646284191
-3.277933346709392e-05
7.02320338136166e-05
0.00015588961692080837
0.00021641116144824812
0.00028301066032572963
0.0003364865929006989
0.00034122766250460596
0.00034992523181585146
0.0003330341575329778
0.00023431325488839402
0.00012247410444217577
0.0001164661348400331
0.00020833893357687222
0.0002769345935181352
0.0003258640420707121
0.000354528893535338
0.0003236752671249629
0.0003083860590519124
0.0003408823599133575
0.00038400442014081495
0.00040034764239074634
0.0003643657648434885
0.0003426920091495017
0.00038517555147182575
0.0004227820144268683
0.00039734977111699114
0.0003727450052033664
0.00040884957323559384
0.0004567390941931409
0.0004676183989325399
0.00041313853077212776
0.00032230140644192503
0.0002977871421009325
0.00034893928663858303
0.0003715980001219106
0.0003290327089239202
0.00030687976868081597
0.0003177784438811163
0.00031729448294719285
0.0002923905267060177
0.00021390482144529262
0.00014642288092251503
0.00011694606487777317
3.399871746577056e-05
-9.247635716748436e-05
-0.00017091877372723578
-0.0001894123982609924
-0.00021920961859040762
-0.00028637119238061735
-0.0003524802032904417
-0.0004086954184839796
-0.00046258280808314105
-0.0005093738490547623
-0.0005560715337054661
-0.0005770291915779308
-0.0005576446547163395
-0.000548877759210518
-0.0005648668864517823
-0.0005399675942522817
-0.00044623053092652593
-0.00034243256606081697
-0.0002831528458825283
-0.00027377914474720986
-0.00028270841568302517
-0.0002822246955314749
-0.0002533718722425457
-0.00020725790320643236
-0.00019342922168433878
-0.00021256314139068925
-0.00023139460928479287
-0.00021683779049787175
-0.0001271746354555471
-3.40888079195522e-05
-4.25703803859723e-05
-8.321552781248713e-05
-6.814929597969255e-05
-2.51265946547907e-05
1.0233306347544791e-05
2.26717080940192e-05
7.661595045541746e-06
9.907980145464913e-06
5.260180881226858e-05
9.214162480380284e-05
0.00011854036813213091
0.00014650916259171718
0.0001534918001181753
0.00012960435540571383
0.00011305999615824227
0.00012343042097196614
0.00014355271681784106
0.00017974367882552208
0.0002134974195689801
0.00021682052590821991
0.00023027705174433427
0.0002683341003742183
0.00029490565954015105
0.00030561382338340143
0.0003234120668422773
0.00034997851985645257
0.0003629289551801555
0.0003519557938468604
0.0003201704895154894
0.000294594354393546
0.00029082494970426994
0.00028092319065076257
0.00025860584950968484
0.00023316454320644858
0.00021182952612591244
0.00019442123362761523
0.00014774526809773408
7.642428816702384e-05
2.58303244973239e-05
-9.358008980742342e-07
-1.988199010682971e-05
-3.269138826242974e-05
-5.615783421859243e-05
-0.00011140922839969976
-0.00019063551968401615
-0.0002512645279905545
-0.00025291884975331
-0.00022825486686027172
-0.0002280086059106885
-0.00023174954467505412
-0.0002229573200953631
-0.00023311005951418568
-0.00025460315896158354
-0.0002652216370991091
-0.00028843044339151426
-0.000306107603622968
-0.0003018679328256075
-0.0003121498933542879
-0.00032701987141381985
-0.00031484066383467206
-0.00028663784308048624
-0.0002702035525971691
-0.0002695806544660852
-0.00026985343894009935
-0.00026545518994846624
-0.0002681049435544577
-0.0002806988751620606
-0.0002960676700866643
-0.0003137986476742368
-0.00031493291052261566
-0.0002971137889886627
-0.00027808388496975903
-0.0002483983145499101
-0.0002132140421125294
-0.00019944627912189147
-0.00020531778100509515
-0.00021027247034112
-0.00020670104624190193
-0.00018304530282649498
-0.0001370242163740743
-9.519214385705008e-05
-6.786676359078373e-05
-5.1008488084087825e-05
-4.2863613303674284e-05
-2.5798839050384e-05
1.941798365117231e-05
8.581377669666973e-05
0.00014169509319707037
0.00018631613613059617
0.00023628892040898262
0.00027357939411150144
0.00029243777904420967
0.0003225668665469938
0.0003677642682984231
0.00041148623850047574
0.0004602657599784465
0.0004989304823544727
0.0005098505367733399
0.0005094408709346558
0.0004977526303437118
0.0004707717878611406
0.00046706066308010584
0.0005095686754105036
0.0005534947073658064
0.0005715435354693299
0.000569175557591543
0.0005409918794449911
0.0005022054116399133
0.0004620827810416086
0.0004049389682035887
0.00033904908118052006
0.0002888766348662609
0.0002562861459003157
0.00023209571601364291
0.000207869951034297
0.0001691856669704644
0.0001197995243589979
7.380389646318802e-05
3.6250695616409974e-05
1.0147991424085367e-05
-2.7256920658254475e-05
-8.017321997194206e-05
-0.0001240145176291601
-0.00016978220369357445
-0.00022276991798362864
-0.0002526613281882783
-0.0002479609869627698
-0.0002415376081110215
-0.00026237200117542594
-0.0002966095517782479
-0.0003196812352026354
-0.00033986496426386884
-0.00037000387532176124
-0.0003899369219343992
-0.00038361242381438053
-0.00037058457136726993
-0.0003818554827716305
-0.000409182136403565
-0.0004292677498005998
-0.00044069945047944494
-0.0004359694114995877
-0.00041942784136105406
-0.0004151896719054869
-0.00042458280059975707
-0.0004233129511961604
-0.00040694992978905183
-0.0003872102715772408
-0.00036367637601664095
-0.00034634649371359305
-0.00033874593731584364
-0.0003160789212629784
-0.0002755050851986857
-0.00024672096205327366
-0.00023023714127391463
-0.0002017717158533932
-0.00015854436627883107
-0.00011476488008261766
-8.123441543977282e-05
-4.977125162296379e-05
-9.094034330968267e-06
4.387177412317748e-05
0.00010536132327162865
0.00015012432266056343
0.00016930280762374783
0.00019369843767186288
0.00023707599053794022
0.000287334981236151
0.0003357966123207893
0.0003726076886378305
0.00039802761343730965
0.00042009537377865304
0.0004372894524686167
0.00045311304377289785
0.0004689073623104349
0.0004706907957256428
0.0004547370370670046
0.0004332627135061475
0.0004240312569431691
0.00043170861357918013
0.0004329758771877771
0.000408071093894812
0.00036644619603413715
0.0003319299416818735
0.00031074593134527225
0.00029427343376650785
0.0002774792397630561
0.00026400055745069446
0.0002665392876567511
0.0002799971076272361
0.0002836989121860415
0.0002616276557570661
0.0002117704507504625
0.00016586049632614372
0.00014666428480146864
0.0001342132861135492
0.00011606544244014761
0.00010158520517464855
9.046900061255606e-05
6.833982862532787e-05
3.0086575426435884e-05
-1.0109887457224405e-05
-3.7855502441567284e-05
-5.372048592227024e-05
-7.223793428527246e-05
-9.893827918548165e-05
-0.0001264282307474379
-0.00015889704614831452
-0.00019833341037778408
-0.0002368509773031824
-0.0002683816548001841
-0.00028621782967400453
-0.00030058269172700215
-0.00032328458364945414
-0.00033843283322852123
-0.000345327368603966
-0.00037208216720488306
-0.00041273756777469856
-0.00043522068616929846
-0.00044560723176862376
-0.00045972521497929285
-0.00047010016586942783
-0.00047512827042201893
-0.00047696664740419845
-0.0004787745843991819
-0.0004823793258008051
-0.00047832224097551736
-0.0004595114051107305
-0.00042618113512463303
-0.00039008073847792676
-0.0003629173510551874
-0.00033822829990702997
-0.0002982087421444061
-0.0002374898947005934
-0.00017960689286570305
-0.00014396579020823185
-0.0001201826419696086
-9.427314320480576e-05
-7.030246167033006e-05
-5.1685633723434376e-05
-2.55114469081531e-05
1.5739017999463536e-05
7.342465671885006e-05
0.00013471657230322508
0.00017151170148659476
0.00019075194022057573
0.00021809824740001653
0.0002497740228528838
0.00026713060550578903
0.0002715526849680269
0.00027996459216923536
0.0002956338454405877
0.00031741634733504516
0.00034333870396478425
0.0003673329592804841
0.0003972052791458603
0.0004324549452931599
0.00045343855156857637
0.0004583329804203821
0.00045702585905598944
0.0004519161681556254
0.00044432742232642595
0.0004398647291977132
0.00044224320435458717
0.00044170496880747994
0.0004333875177814246
0.00042537757923504123
0.000420850776650658
0.0004107073730443077
0.00038364620194299923
0.0003466555017099986
0.00031269347489165135
0.0002870166649574806
0.00027227417334985983
0.0002587194253142259
0.00023702594272765934
0.00020901741872685206
0.0001781747787031217
0.00014454222509704978
9.934273768262562e-05
3.959363319435246e-05
-1.8155648694269153e-05
-6.252464888546683e-05
-0.00010706830688837926
-0.00015886367529160378
-0.0001993469115560462
-0.00022397220730851358
-0.00024622815260145987
-0.00026646982415299934
-0.0002823810096928018
-0.00030165999437114664
-0.0003350714219963204
-0.0003821452242871164
-0.0004287529817501949
-0.00045900169998074926
-0.0004690785523485036
-0.00046860323912059214
-0.00046369650554669277
-0.00045810426285700827
-0.0004512958715302004
-0.0004410596012163967
-0.0004393182421340709
-0.00045103307704908737
-0.00046241700906813206
-0.0004576329527160181
-0.0004360110704692293
-0.00041347993621897617
-0.0003932015567629895
-0.0003686424526620326
-0.000345978151720707
-0.00033085749760321617
-0.00031460375833094496
-0.0002847424189336268
-0.00024873433658509044
-0.00021907504445865158
-0.00019083538568524973
-0.0001585168921923062
-0.00012177677833882615
-8.622600159446437e-05
-5.7836063222412995e-05
-2.675524056344292e-05
1.7367249407238302e-05
6.555830074755532e-05
9.105911470604873e-05
8.510744442889097e-05
7.84318505278585e-05
9.264593077203398e-05
0.00011975686712877805
0.00015102815113620473
0.00018918002596311973
0.00023386629218028377
0.0002701872025304318
0.0002944079944196161
0.00032038694447146694
0.0003537540361985825
0.00038127437939392293
0.0003952614073767846
0.00041006388653500167
0.00042887298834491785
0.00044940129495650783
0.0004790149206151985
0.0005102124435913829
0.0005282291889187983
0.0005330804069446287
0.0005345726090834593
0.0005293165538844331
0.0005104679872974457
0.0004887293186700063
0.00047521049326126354
0.00046450759794828937
0.00044511704985085616
0.0004200360903161773
0.00039431463404191895
0.00036191156524895373
0.0003236761395608509
0.0002887655719367651
0.00026104152307099277
0.00023475253985210103
0.00020065680217637785
0.00015950470004896753
0.0001224503564921264
9.521106285935171e-05
6.227635615026715e-05
1.1218904505531428e-05
-4.098511477630845e-05
-8.245600441260366e-05
-0.00011625982034988805
-0.00015169616361265944
-0.0002005665973512202
-0.0002486772751893071
-0.000279933096749773
-0.0003022862204436101
-0.00032036802627369315
-0.00033325400842010864
-0.0003449518360939166
-0.00036325515587612206
-0.00038238756870561074
-0.00038790048476591767
-0.0003886886049232557
-0.00039774866703711707
-0.00041275124588111673
-0.00042807961843721647
-0.0004391077312902487
-0.000445074701098452
-0.00044897190878028415
-0.0004540782436694614
-0.0004603063072296035
-0.00046655811998761414
-0.0004715370364996764
-0.00047430222325633357
-0.0004724174376649705
-0.00046021684964842974
-0.00044083542900799687
-0.0004201474124102126
-0.00039505072333502803
-0.00036269367585404236
-0.0003293838734440298
-0.000296510793225327
-0.00025648444828015856
-0.00021274862530090976
-0.0001674880094929266
-0.00011775167265785593
-7.283658950265464e-05
-3.767152333856778e-05
-3.567779927524359e-06
3.7225160966182884e-05
7.880844181657244e-05
0.00010870508249245123
0.00013157972668026668
0.00016345037798876148
0.00020370640881711444
0.00023606399195090158
0.0002598715418113888
0.00029625875746741484
0.00035093415056041755
0.00040544858715655085
0.00044325330433185746
0.00046098586322108925
0.0004692746889459239
0.00047747060203174175
0.000488929048574209
0.0005015288006150661
0.0005022571945437983
0.0004884712154727127
0.00046891743870894917
0.0004483031161909224
0.00042965154060336315
0.00041141986784312955
0.00039176072615006554
0.00037046216807948317
0.00034552505320941816
0.00032034169699531316
0.0002943726163396801
0.0002627625285295674
0.00023573246006588721
0.0002207113730860641
0.00020542117287495977
0.0001826998652201276
0.00015830336645085912
0.00013426331487267643
0.00010440247654926803
6.89838632360946e-05
4.4957647540780054e-05
4.21685466538932e-05
4.6879008313850106e-05
4.5322298759005e-05
3.543755264265082e-05
1.6744076831851815e-05
-7.014014528789118e-06
-2.704182682232464e-05
-4.572449195055889e-05
-7.684072010723812e-05
-0.00012026382348603024
-0.00015873405398405583
-0.00017790879364918257
-0.00018385080237807376
-0.00019449206550842645
-0.00019894576441139932
-0.0001780515213120874
-0.00015897500412198666
-0.00017802608822842437
-0.0002278264325831763
-0.0002848553976471418
-0.00034199753294234994
-0.0003955951217436675
-0.0004384846988804996
-0.0004662897863289653
-0.0004836728997641015
-0.0005003434550725299
-0.0005102822015246559
-0.0005079327193434043
-0.000507667129390439
-0.0005214466095804973
-0.0005495454820919357
-0.0005808110993821601
-0.0005889546536766845
-0.0005572632571685991
-0.0004931924532876423
-0.0003923327895520423
-0.00024100507471977727
-8.019999456747889e-05
1.1709711397853514e-05
2.4362924930397014e-05
9.478680048548174e-06
-1.1856427077581292e-05
-1.9072826821371822e-05
3.983848950973058e-05
0.00015305202232063775
0.0002491680356029162
0.0003099977586532505
0.0003489652206855194
0.0003402752817674638
0.0002629517801740961
0.00013691371176097902
-5.973774225628088e-06
-0.00016016002060695428
-0.0003310848859274956
-0.00045484994989514264
-0.0004594651621584399
-0.0003863310055278681
-0.0003034573695182249
-0.00019679175811362044
-1.819312883991267e-05
0.00022168035820315074
0.00044471720991769165
0.0006215895924757398
0.0007973154007205034
0.0009769356848993527
0.0011146765535581576
0.0011657123585410165
0.0011462120566338386
0.001150896509083363
0.0012265098828736875
0.001327673623682921
0.001382055529054099
0.001309620743393052
0.001104381046017874
0.000840634307581405
0.0004901849608512656
4.61387105095886e-05
-0.0002598263716173621
-0.00035572009682762623
-0.0005847270029725902
-0.0010749858642440824
-0.001520316087259327
-0.0017338547153439646
-0.0016778660056886467
-0.0013121763351914514
-0.000811795241923113
-0.0004819476710139645
-0.0004042089742826946
-0.00047029368944188107
-0.00042893742949409594
3.149267694966598e-05
0.000839774069490141
0.0014918314451489746
0.0016971229831594379
0.001973332009518113
0.0027722697777811368
0.00359059622155112
0.003992530582624789
0.004119224466068302
0.003858552595241191
0.003031731808918641
0.0020113985439639253
0.00116504280855434
0.00041923446409786674
-0.0006870552062225045
-0.0024250329291665472
-0.004133853993778085
-0.005130394855758007
-0.00582454847590132
-0.00693428799536067
-0.008207141530738775
-0.009032072535017551
-0.00943539986759902
-0.009440220778783984
-0.00871889555700529
-0.007315144476613782
-0.005729772528334521
-0.0042197829234996076
-0.0027741052333678513
-0.0012766589698836016
0.0005140687875439696
0.002569457643500494
0.004530220777325226
0.0061106423785380354
0.007377364663694277
0.008493255315916137
0.009341786187462382
0.009835422159562672
