0.0
0.0
0.0
0.0
0.0
0.0
0.0
0.0
0.0
0.0
0.0
0.0
0.0
0.0
0.0
0.0
0.0
0.0
0.0
0.0
0.0
0.0
0.0
0.0
0.0
0.0
0.0
0.0
0.0
0.0
0.0
0.0
0.0
0.0
0.0
0.0
0.0
0.0
0.0
0.0
0.0
0.0
0.0
0.0
0.0
0.0
0.0
0.0
0.0
0.0
0.0
0.0
0.0
0.0
0.0
0.0
0.0
0.0
0.0
0.0
0.0
0.0
0.0
0.0
0.0
0.0
0.0
0.0
0.0
0.0
0.0
0.0
0.0
0.0
0.0
0.0
0.0
0.0
0.0
0.0
0.0
0.0
0.0
0.0
0.0
0.0
0.0
0.0
0.0
0.0
0.0
0.0
0.0
0.0
0.0
0.0
0.0
0.0
0.0
0.0
0.0
0.0
0.0
0.0
0.0
0.0
0.0
0.0
0.0
0.0
0.0
0.0
0.0
0.0
0.0
0.0
0.0
0.0
0.0
0.0
0.0
0.0
0.0
0.0
0.0
0.0
0.0
0.0
0.0
0.0
0.0
0.0
0.0
0.0
0.0
0.0
0.0
0.0
0.0
0.0
0.0
0.0
0.0
0.0
0.0
0.0
0.0
0.0
0.0
0.0
0.0
0.0
0.0
0.0
0.0
0.0
0.0
0.0
0.0
0.0
0.0
0.0
0.0
0.0
0.0
0.0
0.0
0.0
0.0
0.0
0.0
0.0
0.0
0.0
0.0
0.0
0.0
0.0
0.0
0.0
0.0
0.0
0.0
0.0
0.0
0.0
0.0
0.0
0.0
0.0
0.0
0.0
0.0
0.0
0.0
0.0
0.0
0.0
0.0
0.0
0.0
0.0
0.0
0.0
0.0
0.0
0.0
0.0
0.0
0.0
0.0
0.0
0.0
0.0
0.0
0.0
0.0
0.0
0.0
0.0
0.0
0.0
0.0
0.0
0.0
0.0
0.0
0.0
0.0
0.0
0.0
0.0
0.0
0.0
0.0
0.0
0.0
0.0
0.0
0.0
0.0
0.0
0.0
0.0
0.0
0.0
0.0
0.0
0.0
0.0
0.0
0.0
0.0
0.0
0.0
0.0
0.0
0.0
0.0
0.0
0.0
0.0
0.0
0.0
-9.30207013173502e-08
-2.8677035100364263e-07
-3.15922942529068e-07
-3.8865071103178334e-07
-5.167515810093265e-07
-1.1734827127883982e-06
5.142925908401292e-06
2.9508881456679554e-05
4.005247879243037e-05
1.0727504719025445e-05
-1.5093039058261526e-05
-1.535037067410465e-05
-1.0354014246516264e-05
-7.446838085043824e-06
-5.611036428883418e-06
-4.374426444711027e-06
-3.5044167819487612e-06
-2.84643575833511e-06
-2.266987379282448e-06
-2.0221242166619455e-06
-5.730585973863283e-06
-1.302689280684085e-05
-1.256026563674197e-05
-5.239818225023415e-06
-4.152967718183678e-06
4.862035910865322e-06
6.143895885489895e-05
0.0001430570720673427
0.00020253956665265086
0.0002805734370488675
0.0003233610057128597
0.00022293864721194335
9.04405791556159e-05
5.140770907402455e-05
-6.262104913359722e-06
-0.00013939088123378514
-0.0001603633970242745
-4.429440755002174e-06
9.630859549596395e-05
6.013165175933327e-05
0.0003468933051128431
0.0010558841746877165
0.001365784132121077
0.0008020326347789827
1.1397389998513182e-05
-0.00018614230456801513
0.00025525043815875385
0.0005253572232636105
1.5832165203302868e-05
-0.000981588500144734
-0.0018298367906447502
-0.0019198900112110235
-0.0014727699893714796
-0.0011956095753483506
-0.0012243705848110648
-0.00157368532546855
-0.0016847659565044745
-0.0010996687648314608
-0.0005375438534423965
-0.0006187509674152761
-0.0009897062751534375
-0.0006975982433750299
0.00017862827953408334
0.000593759204024948
0.00018644301424382598
-0.0003868727355552355
0.00027054521975989287
0.0012550871668403963
0.0001949770188348107
-0.00048451296344350936
0.0015309795156190798
0.0025055104772060597
0.0012048572945083734
0.00029094199712733254
-5.531823160888951e-05
-0.0002403418600497233
0.0006032117606751943
0.002040517744456717
0.004166688032264131
0.005515880104200669
0.004875649814390879
0.006257138319921266
0.007969289170669842
0.0059211316006794875
0.0028899469494758872
0.0002677748339903989
-0.002047507631619219
-0.0022771081212924985
-0.0003738032489761427
-0.0002388337601828919
-0.0039060696196544804
-0.007536481103426578
-0.008208060842987239
-0.008330198098940861
-0.010206757883380149
-0.013324630827497729
-0.016456043564281646
-0.016725670732058273
-0.014146630025745219
-0.011345776922623776
-0.01059652743365246
-0.014491556662540764
-0.01907299902946444
-0.022284514054829938
-0.026345522795141116
-0.02609177358948538
-0.021936371577493844
-0.02104414506528154
-0.0202212515051323
-0.015448339243497068
-0.012769189893107174
-0.015288365037890345
-0.017861790816049133
-0.015471930821853991
-0.013872132157876674
-0.019919438226269688
-0.024754772444201927
-0.022381865999092615
-0.020807909684950547
-0.022377092119740073
-0.02296594316103956
-0.022374906159829074
-0.023322605821525153
-0.02529101796829373
-0.026629923504943444
-0.026438392273859156
-0.023482322013727117
-0.022478226219184518
-0.026293934035753794
-0.029241571634647356
-0.02942200950481157
-0.030321189487869653
-0.0324819743495896
-0.034756250440926575
-0.03512310173250825
-0.03420863166059495
-0.035272857851412175
-0.03486209244738591
-0.031288501644025
-0.0296699279434491
-0.03083052468545661
-0.03181738147660165
-0.031635990533053375
-0.02874732744977048
-0.024258887950570587
-0.01939939215499547
-0.01672082550320151
-0.020500755861779695
-0.024514871148809354
-0.02480579894129842
-0.025757865750810717
-0.030402273374926868
-0.035267551780987325
-0.03283455057796728
-0.025604863194092265
-0.021045944666563333
-0.017731238151990136
-0.014245740534873489
-0.013969217878602593
-0.014756906313831312
-0.012815548014705759
-0.012378108871612323
-0.016619864748712018
-0.022466731818359575
-0.023697045681684493
-0.021118953357927305
-0.020980192669518942
-0.020659792129535934
-0.016754346391871535
-0.011494712131587256
-0.008774847196940796
-0.00817792684950925
-0.0054116759077866535
-0.002179284457441795
-0.0005173542162220514
0.00015891373088659688
-0.0003857754480355632
-0.0020278915332407918
-0.0031938956914595927
-0.00011057361632129435
0.00661211833428642
0.012811423999700668
0.017844478392571406
0.022101356227950786
0.026290203065362165
0.03053976758718528
0.030295496330625903
0.022485846652709716
0.014681434651798726
0.01683433377727133
0.0274531760860711
0.037769922729316646
0.04310401353661522
0.04720725999612078
0.05283488165650576
0.05759228666014525
0.0620937469028768
0.06642573417893759
0.0633650506210675
0.04836445958575238
0.03274794463659848
0.029484275297029662
0.031862558788967744
0.02579389200083059
0.011730581210357
0.002509190625535123
0.0051246302246551415
0.013648398566271737
0.019534284455352893
0.021340982021892038
0.02005105990936609
0.011441414414650831
-0.0007383138011723247
-0.005712861842977074
-0.0004036847930139024
0.012542241800818487
0.02440488905529839
0.029389845353869817
0.03613317623240234
0.04771583094575932
0.05131840254023313
0.045703493135860425
0.04170772048423109
0.03769429274433258
0.02827088304753133
0.01921012013541392
0.018690492983193165
0.027051311977074655
0.042236083447263276
0.05725951720203215
0.05464358704161392
0.03136934304419749
0.004479021418289646
-0.016065592588197345
-0.030905951987899468
-0.03874130405713531
-0.04035158088662947
-0.04200560227101871
-0.042214019822441
-0.03952331115341139
-0.038585039167749385
-0.04143417928351384
-0.045539479722739
-0.05147066823703746
-0.06362844337753412
-0.07570788709396713
-0.07761032387757488
-0.06904162950727986
-0.06174054117740796
-0.06522969259451489
-0.07165238351884144
-0.07034843349851366
-0.05740764337898265
-0.042489697227832086
-0.035486878472621074
-0.02850334702790042
-0.018627514209203073
-0.00862577433977741
-0.0003441438251939852
0.009878449550695776
0.02764527766450149
0.04066925396824639
0.04157339306427195
0.03642039433962634
0.030042072783692652
0.0261711677833305
0.020758037936368122
0.0017404951144715662
-0.024545309584892414
-0.03914380330588291
-0.04277481624781943
-0.048059025782027025
-0.06121622653267441
-0.0684605819126317
-0.06583209226800801
-0.07597337254925296
-0.09514990210701123
-0.09814560689727612
-0.08868279288155176
-0.08301473640381651
-0.08455025315586645
-0.08602387421157523
-0.08293838164470776
-0.08091399889848772
-0.08046179218484026
-0.08327229306313065
-0.08169773396418593
-0.06281585291260904
-0.044630058468182326
-0.03071121817161175
-0.005009829242608034
0.02152269039039735
0.03008093541620881
0.018171793681935697
0.01119658809482229
0.030232346043116445
0.07169574423027769
0.11329970443074902
0.1301154140502309
0.12655279878091422
0.12029078814773356
0.1254918988857468
0.1260862774641168
0.11511275058752228
0.11594308161863663
0.11958822797955321
0.11606458686980152
0.12327426963565244
0.1443518236062297
0.14693769710153295
0.1164918422792087
0.09085403402367764
0.09312004576718433
0.10064479383525089
0.09739658488383626
0.0943918302732902
0.09357238292298255
0.09657408363408139
0.10152036404052531
0.09443857533877763
0.09459589207395136
0.11127740033754843
0.12430740479656656
0.12839411639723958
0.12367161833389008
0.11257301772351341
0.10725397661504114
0.12252427389508172
0.16320061278879913
0.19573240587779225
0.1799309012850003
0.14165095946860495
0.1298053303713331
0.14276125162293005
0.14922492390327613
0.1479464504843387
0.14542043403537194
0.13731267221193968
0.14586175644460225
0.18202607103571994
0.2216937649746483
0.2413061171722885
0.234460646357914
0.2063113656950145
0.17301980889552215
0.16484858213870282
0.1896122692603877
0.1959593270144776
0.155011687663736
0.11842691053377634
0.12579376567598258
0.15185041934485366
0.1550530124032811
0.12795643338915338
0.09427782209666331
0.08136476951581971
0.09649548895567019
0.11029619169060187
0.09491223134621839
0.07566650417403584
0.07181972630666714
0.05289679522120795
0.010669677883692
-0.009812671512719287
0.014695476723077664
0.03036399847720657
0.0034450480494739267
-0.017334760289510517
-0.007551040810678913
-0.013788392009997843
-0.05000837532747765
-0.05965182609174924
-0.02109606587355693
0.0010467109423466727
-0.05273399828313988
-0.1331825710962026
-0.1528959526906449
-0.1313122264684645
-0.14105887669290068
-0.17542477821190688
-0.17984932981448276
-0.1452117165565316
-0.10436719783574577
-0.07657381992863284
-0.05916385349235357
-0.06519894284479728
-0.10410563310010189
-0.13738551252818818
-0.13497883270957467
-0.11760561907977649
-0.11031624217285338
-0.12193569035267872
-0.14226690313378282
-0.15503324311967823
-0.15968083275150557
-0.13870791457930937
-0.09985108751855874
-0.10274564777513336
-0.14649802330649028
-0.16478283425772083
-0.14526154470036182
-0.14580919741430665
-0.17146442012240898
-0.17484083103496426
-0.1778832274655615
-0.2096116585741583
-0.2351296923633303
-0.2290464575126272
-0.2075114161985243
-0.1852820905045435
-0.15956448443565752
-0.13624584038686527
-0.1324170486522304
-0.16827364680757823
-0.22669272457538364
-0.2608368688683087
-0.2689052719078789
-0.2556130427904481
-0.20888367828379756
-0.16587759002637778
-0.16029703461050243
-0.17475384557541584
-0.20435804562690812
-0.2269710776473304
-0.19512059865144982
-0.14215859619976018
-0.11257708629667247
-0.08184656042584483
-0.03924749829234289
-0.01538349054075525
-0.025230834604764392
-0.04138526922240572
-0.052204601069850864
-0.052394567270338685
-0.03217118834175329
-0.006723255572127336
0.009422701474156962
0.012982944360875576
0.01976087400262805
0.057459766251526476
0.11860347155786097
0.1466017896701141
0.12872541352044295
0.11916983528652814
0.13819470096253555
0.15583636904107104
0.13409403291577496
0.08605949529257229
0.07080709280516337
0.10613999926809987
0.16106523894244573
0.20649455921181376
0.235951001992612
0.2509259213833124
0.2502460677361763
0.2477868286311367
0.24688752988653048
0.2303944920237907
0.19919585180428426
0.15366563180213041
0.11838040866270062
0.12340144900488471
0.1440676977571501
0.1657499010709922
0.2004936376678315
0.23234224556076652
0.23516593028520352
0.20233614515563786
0.14589445882320615
0.11522252646308909
0.1375839072452044
0.15714627832359188
0.12863935103931987
0.07797210950005028
0.055472553960108764
0.0735285670132064
0.0935879987233734
0.09500504673574114
0.0862402212503838
0.08340927038333697
0.10640507944280145
0.14487252449766475
0.16900112438228784
0.15532680335296378
0.10640338868256806
0.05073236344868856
0.02341204123092956
0.04263858008751449
0.07061322801486707
0.054082680830357804
0.002883310151002896
-0.01666229634531193
-0.0036520024090349774
-0.022393422162258984
-0.05829752043977682
-0.08276861065842506
-0.110402660186904
-0.11622146848979642
-0.09959254781612832
-0.10641844935592136
-0.13005459514582696
-0.14542638221503637
-0.15081683527348827
-0.15823436144742486
-0.1774409617461061
-0.18302315084533363
-0.17712435567145873
-0.1813934524303258
-0.18118969216499228
-0.1713984970953944
-0.1625008801425178
-0.1520673102252217
-0.1426027216292742
-0.14932327291371225
-0.16652765792344143
-0.17208110843828817
-0.15422723839507607
-0.1212554902856954
-0.10016692056674101
-0.10099603980133086
-0.11802154723690579
-0.14518203739468902
-0.18032240591323004
-0.22275630474782032
-0.23094877498913308
-0.18161230713856907
-0.11836011539296003
-0.08435822286150052
-0.09928742204486178
-0.13790752757630192
-0.17216693582257173
-0.19434476586443175
-0.18457704748799114
-0.1545572957926543
-0.11708338693585896
-0.08455928294915001
-0.08674573196873323
-0.10710990043612995
-0.09932833795063638
-0.06852957201600386
-0.05536144288525577
-0.06181116610199193
-0.06802429406536684
-0.06316177153082674
-0.045174662817215404
-0.03578551498941628
-0.040796897112122456
-0.035778260851944056
-0.0201429177136054
-0.011688818320526989
-0.029387040516171595
-0.05738815372629434
-0.05274971178356028
-0.012709793469983317
0.04143429686427353
0.08878750963965874
0.09212678259817729
0.05944951400304251
0.0636857922546289
0.10163365604092592
0.10927698646633913
0.08786125057270681
0.0648119230002034
0.07551986795420314
0.12884688093650334
0.16790572629983072
0.16087313320202443
0.11655580439828206
0.0679352694434168
0.0499811409477568
0.06931038262126643
0.10618690597137596
0.1270494682006347
0.11953339535122709
0.08409537804711253
0.05700663166511418
0.08651780052121755
0.13999170854061566
0.17180053587444827
0.18075296946506095
0.17780984545074424
0.19342409640388625
0.21340997615299095
0.19201204960406237
0.14394697418378954
0.09864115158857228
0.07295296878567104
0.06875257921198918
0.07429777885232994
0.07937961869052514
0.06924506297896862
0.05638058809381405
0.05502247736662844
0.06368381487464975
0.06694723487953319
0.05941983075407139
0.0488757940386622
0.03133453178524265
0.02998380026680436
0.048626016783191985
0.053707702078321914
0.05331323033825563
0.058374910276854174
0.048103751690219215
0.03760142410261079
0.05554403951631528
0.10183910360677169
0.14112562565917458
0.130555993502042
0.1009462068876466
0.08996793742422135
0.07788130428551239
0.055497134054446916
0.02633588557217836
-0.006736233170644474
-0.02237241192854717
0.00048594004322848424
0.03948916071979546
0.0670305551130579
0.09047896865258899
0.10228818253678927
0.09113245445708426
0.0715158706506982
0.06646866014447977
0.08107337201728314
0.10256661765654128
0.12218964523812084
0.108988763813
0.0475500179294747
-0.023975590915144018
-0.05491876101257979
-0.0321815664742947
-0.003489150683425351
-0.009463207386550819
-0.04032442777722693
-0.07064562302137481
-0.08062928552262943
-0.05608168368453602
-0.019188865490535823
-0.009537801912309475
-0.021831562930646232
-0.030017092693658192
-0.037523369826108835
-0.049032331520356735
-0.049162266015989504
-0.0338345575735779
-0.005745767300152917
0.021227847182068906
0.04571779158604073
0.07312785672869306
0.07115511579002341
0.04530421143068597
0.038501891813011675
0.04857406068175715
0.04429338009802748
0.027504950573800226
0.027559959716961194
0.03912791170055978
0.023665441437067038
-0.02347660194706943
-0.048349134007045595
-0.030708005910153685
0.00013851471574916546
0.026646629574152373
0.04099850576486891
0.04331488046282787
0.037317397218458226
0.03529772662454527
0.04007670603949277
0.027842628603764425
-0.009269641962723533
-0.044914548587625086
-0.05981598935683034
-0.07442054737222578
-0.09360346401124622
-0.07344787385403455
-0.02228915019972516
-0.022862057239611135
-0.07544785823684824
-0.11365638957784842
-0.132517012654928
-0.13980459429764197
-0.12637011566292836
-0.09896841817989319
-0.09456003019108393
-0.12211194748164098
-0.13916714995828466
-0.12840422582585703
-0.09428454432190209
-0.0578794456416356
-0.04532426909706874
-0.045898070000899883
-0.04473830942989785
-0.04353717308925036
-0.054178218005325574
-0.06053872243585855
-0.03491791806469098
-0.01892998279462036
-0.04319822969641949
-0.07407106737602677
-0.08929608599063067
-0.08775653877653689
-0.07352365874273897
-0.05876569260052701
-0.05827749861020169
-0.058163403605189234
-0.02706767845690909
0.020906962434205315
0.036961422192682544
0.001752696460381404
-0.03794357842601421
-0.023322544689869426
0.034292507592641804
0.07257569469768584
0.05948628178215359
0.029247678436820915
0.01224378383094968
-0.0003341369699667009
-0.0027816395328816783
0.020876280518386657
0.05277836460116655
0.045371128134508915
-0.005597684546814967
-0.04638767214725997
-0.051151061859646275
-0.04005250819679644
-0.03752177842061661
-0.04024449601592505
-0.035169912616893714
-0.01832181715180966
0.008253650389793516
0.01782861461053857
0.0036186987951400606
-0.023281949471981072
-0.04413338271103956
-0.027543738975406264
0.001166578942159942
-0.0021381981898243624
-0.02017486386254173
-0.017117870141889358
0.0014540673123326089
0.016872625793434393
0.020658050258628633
0.0049099853174641985
-0.02869682971629573
-0.06806156332710649
-0.07756549696214249
-0.036613733226177614
0.005440641397222107
0.00930577730466119
0.005530600218944237
0.031178740737943408
0.06904739006521221
0.06686829295052334
0.03219179819449404
0.020266934265195095
0.04467523987809092
0.08521002258648705
0.10376149930047367
0.08014601821772899
0.046930346412212234
0.03266945774580603
0.01933690807886861
-0.014207911204372712
-0.05768849244574048
-0.09030855645983613
-0.11252600379057973
-0.13129792273736432
-0.1215779908358058
-0.08719018224290968
-0.07151765132160948
-0.0767203392356184
-0.06526283244637177
-0.0363964763532924
-0.030444383523145917
-0.03591396811675072
-0.021069031216029734
-0.010196691200992883
-0.025653797197389475
-0.04639611093005229
-0.03355747684306742
0.017859744905481135
0.02757843001653979
-0.025207609974610957
-0.05934895116827691
-0.06797610308466655
-0.07098486076828178
-0.052706144902566546
-0.036742617243828296
-0.04338861263123121
-0.04457017603075567
-0.03839769878815987
-0.04048511820160051
-0.03814998863251937
-0.03342091645157016
-0.03780756617469182
-0.033400557211416854
-0.006857217792431141
0.021089320061724978
0.03470986421551308
0.03370254311518464
0.026629800258530904
0.02647659985929006
0.036831559604945094
0.05381485003452848
0.06142596572919425
0.045599969003598244
0.007673594224268893
-0.029870445298209827
-0.039556610273162804
-0.024931547155740606
-0.009676839249629247
0.001497911269720435
0.011021603334607225
0.011920857924630405
0.012466930237331829
0.0174395762461133
0.02064508278337421
0.022753146614840566
0.023731875575464363
0.03187755572644298
0.04931307480185963
0.05435366104263746
0.03567765868879575
0.010832911733170154
5.2917645462997655e-05
0.0065855873704039215
0.017961695049549413
0.016681816777788905
-0.0010276049967225269
-0.018346612904777248
-0.021383230652167594
-0.014813489014317359
-0.00014696044357065234
0.018234249550003426
0.02948030922734737
0.02931872267039943
0.015149434386479357
0.0006330501875039538
0.00010274685914686794
0.00657313580916518
0.01245063148643192
0.021843100216153915
0.038665304179400554
0.051144938900907294
0.0427593465513123
0.016654745648964627
-0.002587969310020232
-0.005563946596304572
-0.007554113121628306
-0.010894079908727561
-0.005732146208370445
-0.0037010335406570537
-0.023883359273821198
-0.040626927252895004
-0.02655531748199914
-0.0013114536253236756
0.015582900429725932
0.02363146516487493
0.028844618985453468
0.03299365865474909
0.03236232661803009
0.03353888111545025
0.03372865662954942
0.02397743792247819
0.02101044346369363
0.02989938659750862
0.02424799894846123
0.0003269906774754652
-0.015086087566267642
-0.010075685183307969
0.003466294574876019
0.012653453869447943
0.017690243570808704
0.01636718212244352
0.005755847381235501
-0.0022079649182064555
0.003254215229456966
0.0092008291779061
0.00399472891870918
0.001970555469335449
0.010010635001524451
0.022365172205719864
0.03602137119767051
0.042329559759295594
0.03231403524718489
0.013786405800032512
0.002205923662611455
0.00708173268055291
0.02168983654182196
0.02267639118473213
0.007031140368594213
-0.01647013243025111
-0.046937677685536874
-0.061327075500064686
-0.04196987318374965
-0.011975192339021137
-2.303780676857833e-05
-0.00734875877105547
-0.014105179035588972
-0.010166507200270559
0.0002671022427704546
0.015334105388905787
0.026069832616706493
0.023650888737933074
0.01612574822117116
0.007918234926661745
0.0009069972130860242
-0.0021517508631991237
-0.0035982885553982728
0.0029232877062019733
0.013403409067961558
0.011243134378086566
0.0015435002317659692
-0.004228367393132226
-0.010796118227266926
-0.01879775078003737
-0.022879897531781077
-0.024132433709890398
-0.02467256089509501
-0.024817871924580927
-0.02027453774645143
-0.007497627268059951
0.008625095510133065
0.024190070107131003
0.03556779148262105
0.035927198352469714
0.02805814393559032
0.0222693447281495
0.01864344984635978
0.007957253709342808
-0.005683805904508635
-0.00911263355454894
-0.003656268334893786
0.005966904595276952
0.012768835944766658
0.005646790802242065
-0.009034814588707075
-0.013607230858842925
-0.005561117063633855
0.00753546430820888
0.01685976587793879
0.010244755767717387
-0.012275912746462279
-0.02653850044506451
-0.012154332544602466
0.014195877019106011
0.028774142125676933
0.03228734121116724
0.035616645354572506
0.037597401723287176
0.030208168401809343
0.01976324344530217
0.02135188704916588
0.03358619476276254
0.03955002833546306
0.027994230930682765
0.0039408588190412265
-0.011428458553337522
-0.010256548942630025
-0.007633698880598623
-0.009510946649842873
-0.006787872825270395
0.008199525243531309
0.029818161919685258
0.039277743070787845
0.0367691064629951
0.03908689523592333
0.04480907014325966
0.04341021639326262
0.031041333325040277
0.014579629381280835
0.002762968696028411
-0.0030780405454116735
0.0016317138275613362
0.022160776611461982
0.040129343721372786
0.03756547830196807
0.027494000722574376
0.023633741830277746
0.024585438614841304
0.021382735928567903
0.011018358171185854
0.0038727174026994865
0.0021026369142374234
-0.004419010117690042
-0.014313551787184006
-0.016222242798741265
-0.00601606623122587
0.010594488274571934
0.026252116378906596
0.038472029742806876
0.04071885634484524
0.02924648135998138
0.014250401211790286
0.0030769305912053675
-0.0006326146093225148
0.006596629937755164
0.009912840443022635
-0.008363396160005195
-0.03381840842829442
-0.0379832956261519
-0.02262538223434667
-0.007296233023656834
0.004001864117164272
0.011519832067496953
0.009572485735007125
-0.0049316963631022255
-0.01803576826041986
-0.01482774158430721
-0.00610967928689708
-0.0024993975180293685
-0.00557053735909625
-0.017605649529393773
-0.030667236427220246
-0.030711112988128515
-0.019689917483939955
-0.015461234186899039
-0.016146910461072524
-0.00667340757143727
0.008898913241062048
0.01641364442813771
0.007005544555984788
-0.01590234208909349
-0.03370842536729009
-0.03657539058635863
-0.032590246242112514
-0.02569783464229084
-0.018205638938084263
-0.013712990614216014
-0.015941514267823562
-0.023700015688056145
-0.019216827682069327
0.002738541737541553
0.023334713080756478
0.02954780554061973
0.02298239675221537
0.0076239903760658
-0.012385702655646778
-0.028303190463108755
-0.0324412378036309
-0.02319288625197148
-0.006312251644375858
0.004934768949406945
0.002160400907580468
-0.004392371289785264
-0.0003552102661950651
0.007085974160762098
0.006506246328299724
0.006087552178503151
0.01082550366112047
0.011435596998687245
0.0011988913083243416
-0.009725972204243535
-0.00961236934799139
-0.0035217801154990435
0.0037387226231887128
0.012584712280691107
0.01850149649312208
0.016035515648532176
0.010388070256336994
0.007022637859293171
0.004934870625386034
0.008198444573764358
0.015173199039176891
0.019082851793902428
0.019677525846028113
0.012461205791398719
-0.007782572170070995
-0.02368149523790016
-0.017106680346200515
0.0005083885383405028
0.013587563417522276
0.018392878865586257
0.019253424546739156
0.02168511155372486
0.02105931237805962
0.019225792030852458
0.020396219646095056
0.01702883239987565
0.011837943621963854
0.009174377258896629
0.0004183801914113514
-0.013058095392744983
-0.018594782572981854
-0.010538425074925499
0.0047320050884244414
0.014670579090058821
0.015247168940741053
0.01152291414676917
0.0057419502394754525
-0.0008052622832991396
-0.005235150181882389
-0.0070833699447000785
-0.0031265857006246888
0.0059742063607980235
0.009064714640825889
0.0016485528255683237
-0.007690842940559723
-0.00892994261985461
-0.0021672185429213145
0.005467778409931477
0.008016145508939925
0.007280069933938696
0.005290321630008102
-0.001930320295662226
-0.011053720661619306
-0.014917389145059873
-0.012003597098653052
-0.00702091452460653
-0.005085992056982879
-0.007898483023281895
-0.014565619385797441
-0.021659507123836522
-0.02488390472869875
-0.018754073237752755
-0.002236173493133375
0.013457331549195883
0.014019382956889656
0.005253094969786149
0.0025474412426600384
0.0016405646219837407
-0.00457695321388839
-0.009168499567944022
-0.008144736151506342
-0.005549988873568138
-0.004317516069711866
-0.005327942914105126
-0.009267791856283167
-0.013572944402759135
-0.01211470824626072
-0.003235458703044682
0.005161462697850118
0.0061212702840647
0.0002452103644464288
-0.00756470733595836
-0.012419527754382405
-0.012387516069022362
-0.007496756199404405
-3.832592733567841e-06
0.008428366358074948
0.013955128562090299
0.008769254605066208
-0.003167898732192477
-0.0052042330323025035
0.003464561825528094
0.009845837720659088
0.011550050535390613
0.010828945493648556
0.007513633437259574
3.1304070958612444e-05
-0.0070252064454994325
-0.007437209919346019
-0.006498098215197961
-0.007475813390508295
-0.006021291105983741
-0.003013322124729869
-0.0025749116814021552
-0.003455808633223776
-0.0036942474935226814
-0.0015980552841900915
0.004835127452521499
0.012760516322698288
0.015126690032328837
0.010782757418381679
0.006255933532889626
0.0016851888716755263
-0.004679125133102456
-0.007026285369703959
-0.0029212478638685644
0.0022843152885192214
0.0035854383675949816
0.0012451694870617175
-0.0017275345389900897
-0.0031230730480965615
-0.004181004291566728
-0.005574533873390081
-0.0041863363198173
-0.00043007538808486555
0.0006076793137503764
-0.0038553048655937156
-0.009285990159314009
-0.009742560217688321
-0.005425236475440444
-0.0004959934563929804
0.00187908287159505
0.003386782002039017
0.005695877207659706
0.004145886897490469
-0.00036878104853395967
0.0004115069772334621
0.004206023294711815
0.003960888602751576
0.0004478325402621305
-0.0028268309938928498
-0.005317938688020077
-0.00796994371526381
-0.009314794771803856
-0.010846129152175001
-0.013844664643973438
-0.012812825821859471
-0.0074679381064178185
-0.0026977648418291325
0.0006519967199774787
0.001975678163486444
0.0011416307621209478
0.00031782073541677345
0.0008909684383396767
0.0022492656267461358
0.002412216690483914
0.001851345443975998
0.0009006721847916252
-0.002475649356186299
-0.005602571543711703
-0.004365080790854046
-0.0003837240013750858
0.0026379375292167008
0.002935315361801368
0.001369890924047671
-0.0003531678650335197
-0.002037579381704936
-0.00432593020224065
-0.006140305485772889
-0.005975279463432111
-0.004265731454137975
-0.0031271197545408263
-0.0036526945380413937
-0.003495306881008374
-0.0014055491518433338
0.0009904801457857695
0.0018405004214429328
0.0019004316088386674
0.003907283520301134
0.006526166944025226
0.006790167986259107
0.005796118922994451
0.004402407030887305
0.001000768473442943
-0.003315906383189493
-0.004866858191660838
-0.0036872284814667288
-0.00340597717448903
-0.004416530119613934
-0.004344732846960244
-0.004464966816812131
-0.0052945791377543485
-0.004005821194491792
0.0002153343846526074
0.005696171701972472
0.007753853759661675
0.004241141982132807
-0.0008665196768148932
-0.0030179226426758007
-0.0018373466971676445
-0.0009070770049384191
-0.0006301564337258955
0.0012939466575568723
0.003174752602550514
0.0019247994080246968
-0.000848316701108445
-0.0007694628958395196
0.0017691031099761054
0.002921864173135447
0.0015009030897131556
-0.0019879482805968017
-0.004473798731655073
-0.0034523903248293085
-0.003133165838639719
-0.005534563902952076
-0.006476351071294159
-0.00421917461667268
-0.0012217192942914907
0.000498589026958209
0.0017653503167779096
0.002593097542199688
0.002471717011953388
0.002319496780959494
0.002573259470486585
0.003642645907951169
0.004795943492068979
0.005008344075954487
0.0034968260993441546
-0.0010248725320339655
-0.00591865688264353
-0.006049577798924092
-0.002343999277378101
-5.427636298413924e-05
0.0002720633961597453
0.0004082866734574576
0.0005712404920487363
0.0007789301507865353
0.00030312211693832113
-0.00021202640451818678
0.0015706869525273393
0.004306592172438962
0.0037607371714747577
-0.00039962082226220104
-0.0034039196105613515
-0.001945056798302436
0.0009197532287805689
0.0027918219874476257
0.004430906121451241
0.005276296469339691
0.004810805714798166
0.0033102542889195605
0.0016643410852368735
0.0009688060635362558
0.0013310460842052335
0.0016796825706520508
-0.0001270875933203844
-0.002905286728657082
-0.002779985312323619
-0.0010122543445824845
-0.0008478228299868744
-0.001876050523051703
-0.0021001817959690515
-0.0002704177545188306
0.0027177164897619712
0.004768597898412193
0.0045490477737272945
0.002646242432864042
0.0015143184868222814
0.0015884283784629112
0.0014959755071367613
0.0016472424713792804
0.0016047852451162002
0.0005289403783346826
-0.0009890350676283273
-0.003128666883564137
-0.004589766712925741
-0.002371974544316991
0.0017597435809133858
0.002407476722503279
0.0003448961384519882
-0.0003708357210292609
-0.0004854593519571103
-0.0013773927798728907
-0.002554660159157753
-0.0030448120517531088
-0.0015566423462044948
0.0002888419218312181
-0.0005945208742914956
-0.002746295698075584
-0.0026530682452790264
-0.00023398403384147123
0.0017356169084897274
0.0021300713676522085
0.002037787129277091
0.0018585102260176322
0.001146865442091195
-0.0007367724852844921
-0.002171424178101141
-0.0018818487578277998
-0.0016624139056170587
-0.001873474905957778
-0.0022221693538215766
-0.0026708432537626116
-0.001789139622335228
-0.0005428812529460545
-0.0008709921966393734
-0.001412941018883817
-0.0005736375038198915
0.0015129064681232674
0.003192038609718263
0.00266272218717246
0.0008244364811456702
-0.00038563397434046077
-0.0006501842102526018
-0.0002683302781588633
0.00041792995073532515
0.0008265002355123774
0.0009576382782748134
0.00048390050251661474
-0.0004041475557134278
-0.0004404279466867854
0.0006960385222028538
0.0021439332762157527
0.0026789656480463494
0.0019148304957494772
0.0007007167583301355
-0.000138279897454831
-0.00043221393774874316
-0.0003738042310795772
-0.0003451288975086109
6.295326172881097e-05
0.0009745244476771321
0.001789683122840815
0.0017949953436040584
0.0011784412808704195
0.0015452632833477158
0.0025019250096545535
0.0026881383438420456
0.002301551255383125
0.001554110266796099
0.0009830546203526238
0.000683923365367928
-0.00033463362848131954
-0.0012952429226425204
-0.0011719847565747057
-0.0008377016563567725
-0.000622238074069907
-0.0001221325317664445
0.00016717559467982964
-5.399498620416628e-05
-0.00021956738237308664
-0.0003594322216724892
-0.0004459311627109798
0.00010527997378439496
0.000885611720848762
0.0010082310536761146
1.1468993849696941e-05
-0.0016777830745637263
-0.0023011701449801203
-0.0012544560065954199
-0.00020267251413959766
6.223865389859645e-05
3.0497816002258293e-05
-0.0001487467927530883
-0.00036267884303860535
-0.0007829132131981216
-0.0010072259083885346
-0.0003477942808039753
0.00014751441576383648
-0.0005607394032376038
-0.0015813922701525822
-0.00195513995340286
-0.001900674761736716
-0.0016882136904533473
-0.0012723670844322077
-0.0009369253168226234
-0.000553367617205353
0.00015024156131809087
0.00044759176956059223
0.00036215266293147585
0.0003892278592227598
0.00041729189318611884
0.0005507286302984544
0.00038854990785119415
-5.490322981590844e-05
-7.011256929172336e-05
0.00019346656355779683
0.00024294207046295769
-0.0002286939825935854
-0.000656781101384616
-9.506228099520556e-05
0.0006763054319324838
0.0007772401919325691
0.0010111559633207113
0.0015085803841545758
0.0013158783991008677
0.0005301867953887934
0.00024007952220202335
0.0007085793447087247
0.0012853961018913587
0.0015400047988767796
0.0011994847637536114
0.0005126417262201701
0.000348709433677506
0.0006357490906825028
0.0010682775359895523
0.00173290480543919
0.0020274497010467915
0.0017638750272708868
0.0013170681329076831
0.0010046137117202798
0.0009575184775942947
0.0008632148788744515
0.0009555824991961183
0.0010900119951369933
0.0006027337340962822
0.000224696706706875
0.00044767107411688674
0.0006796272667183391
0.000755525103303303
0.0009800728001712173
0.0011719342332310258
0.0010206835814521719
0.0010852161239810457
0.0012059240018418523
0.0008190042970994789
0.0004833198872126137
0.00030410013078280767
-1.3860819654651458e-05
-0.0002365206831935751
-0.0004310414359910456
-0.0005707124480015306
-0.00040503917476407197
-0.0002623334261300755
-0.000637837141534024
-0.0011143802278825458
-0.0008995667472203353
-0.0003164310311502265
-0.00020297554194907835
-0.0005834094685216254
-0.000699831726141462
-0.000585606170711402
-0.0008677778273655927
-0.0011135840089210817
-0.0008609514629514828
-0.00045387644920082544
-0.00020940065803910063
-0.0003208705020362895
-0.0006637879447713515
-0.0006288913182006958
-8.749103757653518e-05
0.00023224773925535643
5.0321175768349855e-05
-8.337338436471953e-05
-0.0001686822545311141
-0.0004156150673364529
-0.0006127848100900716
-0.0007549351067911156
-0.0008295822459187055
-0.0007130010761800746
-0.0005159336897046992
-0.0005136343362725354
-0.0005688146529795005
-0.0002900991344724222
4.953800685933832e-05
-1.6823362478920284e-05
-0.0001751378008312986
-6.28544961666801e-05
8.753702023481899e-05
0.00020952350453310118
0.0003597319201907471
0.0003373100720223958
0.00026712110754034636
0.0003570089944017746
0.0004174361689700239
0.00041212373163202224
0.0005396251891171244
0.0007016849892040937
0.0007709408210580294
0.0008870616393023119
0.0008947978304802648
0.0007408948574573648
0.0007621321920112761
0.0008723174827911555
0.000815682456153343
0.0005557208144187377
0.00026027791605669155
0.00022944577312980076
0.0003292330276618126
0.0003513476079258274
0.00039740580479277174
0.00047583932830176445
0.0005005325295544216
0.000416237276232847
0.00023659670957683758
1.2218565945024784e-05
-8.291769469221424e-05
-3.870861623207964e-06
-2.722765682573169e-06
-3.336544419035628e-05
9.628164023094714e-05
0.00027859361537127514
0.0003621390833823883
0.0002804268960731138
0.00013038286992104155
0.00015079822745142608
0.00037403363947386515
0.000583595104203126
0.0006105741747627907
0.0005995843629840965
0.0006605823332974184
0.000649253205596539
0.00045090818620022806
0.00022335626006608322
0.00019512555872964066
0.00022119764019567682
0.00013727240635077537
-5.2696554160711946e-05
-0.00027055621723144987
-0.0003453587695303426
-0.0003664951122355814
-0.0005673324212712625
-0.0008906328640595633
-0.001172049332743106
-0.0014113988319125863
-0.0016935761123203004
-0.0019505797859250941
-0.0020923941556617795
-0.0020922839413822013
-0.001965119764514977
-0.0018660192612653746
-0.0017904195560624477
-0.0016888196352500054
-0.0015496578246463443
-0.0012973302904772746
-0.000984288518509842
-0.0006495185691589005
-0.0003038811255198786
-3.527120518560743e-05
0.00016988551037649458
0.00033919937499404904
0.00043932379172074325
0.0004970580694688604
0.0005950478280980406
0.0007187702129978455
0.0007673741798971105
0.000833267919936655
0.0010066976998601236
0.0012361093764368639
0.001504619294048834
0.0017045394336565648
0.001750171731268474
0.0017216359794059266
0.0015960090625044806
0.0013797209416609067
0.0012182337088053766
0.0011794575762615772
0.0012209642530848098
0.0012260639947276122
0.0011546267129401951
0.0010998762739855919
0.0010912912570305378
0.0009883021179372571
0.0006516409851692943
0.00011957103164515755
-0.00044447433549651754
-0.0009034979740776014
-0.0011116198566646204
-0.001039659581983807
-0.0009838440917266885
-0.0012863876565495254
-0.001959752324040625
-0.0026819304122423413
-0.003088094733977061
-0.002977747602950804
-0.002423622001898965
-0.0018207352931235894
-0.0014884766713819623
-0.0013719487267939594
-0.0012718574533633828
-0.0009692754023226839
-0.00048563059284758436
-0.0002884964556831024
-0.0008322426137437581
-0.001922089147405388
-0.002715804047178361
-0.0026050214536776847
-0.0018153215312113088
-0.00091509579279375
-0.0002245103923087683
0.00019308601994480983
0.00044433317999032754
0.0007173685038739829
0.0010721965450200396
0.0013364074782455963
0.0014317607257594842
0.001481764468560386
0.0015136488828542843
0.0016737393733062482
0.002218289420926924
0.002849792911690888
0.0028879048073858944
0.0021586606256269944
0.001108664224255695
0.00022563176787133873
-0.0003088022172547717
-0.0005693252768179125
-0.0008827637364127109
-0.0013454739191193653
-0.001383840054266808
-0.0007387374507284279
-7.378771622918001e-05
-0.00012695950823497256
-0.0009106484659561658
-0.0016495590548607003
-0.0014804068455291299
-0.0002411809544619568
0.0014408963907406706
0.0028447859268004314
0.0038309671367554162
0.004603307710162472
0.00521996260962564
0.005563855522079797
0.005517921774061813
0.005116322249657512
0.004343897797434548
0.0029417003715230218
0.0010740536897999883
-0.0005137613055732848
-0.00142803516050099
-0.0019005760723154977
-0.0024812549347862614
-0.0036418179273942403
-0.0052826185899244715
-0.0068042276173352146
-0.00762014489407381
-0.007713905197992904
-0.007620530767783744
-0.007535030841428577
-0.007003234397599728
-0.0055843323279385244
-0.0035170741894277064
-0.0016240020197749168
-0.00044551697011530305
0.0002325310802404937
0.0010233773298564664
0.0021920871168106823
0.0034725786265505246
0.004601797659063797
0.005532298113117102
0.006320913373171148
0.007016879108002313
0.007598737425600474
0.008028443206356036
0.008209829211253827
0.00786972081018208
0.0068440579876492885
0.005533272104413746
0.004586829615028301
0.004259597985070928
0.004295553858162021
0.004103402806527228
0.0032167561442680926
0.0017336276722961844
0.00016720281751576136
-0.0010060808122800556
-0.0018224701380792328
-0.002652768135443268
-0.0035152793202645896
-0.004070964496390232
-0.004082212127111563
-0.0037293411282739116
-0.003442054397913577
-0.003467157073830027
-0.003667431519439304
-0.003672969142375454
-0.0033414820591617807
-0.002850624294236622
-0.0024463747280506053
-0.002255413866436351
-0.002261839251905807
-0.002386729317718062
-0.0024514477175141326
