0.0
0.0
0.0
0.0
0.0
0.0
0.0
0.0
0.0
0.0
0.0
0.0
0.0
0.0
0.0
0.0
0.0
0.0
0.0
0.0
0.0
0.0
0.0
0.0
0.0
0.0
0.0
0.0
0.0
0.0
0.0
0.0
0.0
0.0
0.0
0.0
0.0
0.0
0.0
0.0
0.0
0.0
0.0
0.0
0.0
0.0
0.0
0.0
0.0
0.0
0.0
0.0
0.0
0.0
0.0
0.0
0.0
0.0
0.0
0.0
0.0
0.0
0.0
0.0
0.0
0.0
0.0
0.0
0.0
0.0
0.0
0.0
0.0
0.0
0.0
0.0
0.0
0.0
0.0
0.0
0.0
0.0
0.0
0.0
0.0
0.0
0.0
0.0
0.0
0.0
0.0
0.0
0.0
0.0
0.0
0.0
0.0
0.0
0.0
0.0
0.0
0.0
0.0
0.0
0.0
0.0
0.0
0.0
0.0
0.0
0.0
0.0
0.0
0.0
0.0
0.0
0.0
0.0
0.0
0.0
0.0
0.0
0.0
0.0
0.0
0.0
0.0
0.0
0.0
0.0
0.0
0.0
0.0
0.0
0.0
0.0
0.0
0.0
0.0
0.0
0.0
0.0
0.0
0.0
0.0
0.0
0.0
0.0
0.0
0.0
0.0
0.0
0.0
0.0
0.0
0.0
0.0
0.0
0.0
0.0
0.0
0.0
0.0
0.0
0.0
0.0
0.0
0.0
0.0
0.0
0.0
0.0
0.0
0.0
0.0
0.0
0.0
0.0
0.0
0.0
0.0
0.0
0.0
0.0
0.0
0.0
0.0
0.0
4.093735992735174e-06
-1.5940361680959315e-05
-5.133419207619427e-05
-4.2781829191551246e-05
-2.9397341243580637e-05
-2.3587601723214193e-05
-1.907406170530589e-05
-1.62728388289148e-05
-1.399217029055025e-05
-1.2335386646169462e-05
-1.097534470315604e-05
-9.62434715356779e-06
-9.5556401333835e-06
-1.639767899665784e-05
-2.5634138639656896e-05
-3.136192589648528e-05
-7.255461768975393e-05
-0.00017568558647435318
-0.0002785942589614137
-0.00048440120916400407
-0.0006979570933467657
-0.0006704063260908233
-0.0007544911048843434
-0.0007248726315534272
-0.00041625843663003586
-0.00047570167554298297
-0.0009656535816909314
-0.0018204640784019075
-0.003294145756755754
-0.005035375613524166
-0.00689190602414508
-0.00865594813763966
-0.009792610574976142
-0.010498635804038975
-0.010840216388491105
-0.010494982476470367
-0.01025953802636075
-0.010595601530722814
-0.011459477846642436
-0.011404723580636537
-0.01095178612495089
-0.010930996857134927
-0.010667894939635063
-0.009567689062034439
-0.008942018804313829
-0.009865471760825681
-0.009892658805873816
-0.008984553131675684
-0.00929773508265289
-0.009879755356454755
-0.009650601648183951
-0.010097152509819993
-0.011249844933675052
-0.010999596230415267
-0.00946547880137347
-0.008540957405588488
-0.008817404185403378
-0.010255210168268815
-0.011394796988028569
-0.011262320253666276
-0.01094355868342085
-0.010050963641256785
-0.009004830254083973
-0.008921628971937065
-0.009120261341760652
-0.008747396747469752
-0.008594036297684163
-0.010026385269443449
-0.011126908623715778
-0.009292651208935175
-0.008386225255012314
-0.010680763739751001
-0.012774447509614284
-0.01242123630905279
-0.010862688866583554
-0.009591474535400001
-0.008758501600291936
-0.009755907317910007
-0.011296224962710027
-0.01157645095268988
-0.013606268965934825
-0.017033185728111872
-0.01839956954361128
-0.018470102435426645
-0.01861111435039217
-0.01824626903936614
-0.019245412654279096
-0.020763397587541477
-0.020160613571451408
-0.018625194322958193
-0.017056360989941562
-0.017144470996151455
-0.019048132032933894
-0.020160779681832153
-0.018828359767039393
-0.01679523429928464
-0.014799605886882844
-0.013006149757447495
-0.01273646767624961
-0.014269562472388714
-0.015335196554709558
-0.012891066071046599
-0.009747442095192767
-0.00716041741602245
-0.005396971582524338
-0.005102796948714645
-0.0054848810080002225
-0.004357688691262956
-0.002079342634348879
-0.0010875277395888702
0.00021108945170952932
0.002304053574399026
0.0041447831821606615
0.0051467025514283895
0.004378025095475459
0.004047258033855253
0.005518682693367262
0.004786279275065391
0.0003697073933227391
-0.006110327505191005
-0.019047686107013472
-0.037555582437733985
-0.048878141443812716
-0.04943818228052806
-0.04443137929287452
-0.03894873325374965
-0.035110711738030244
-0.033149463909609184
-0.02991969567837578
-0.01845795623726921
-0.005647970060925226
-0.004857618582929422
-0.012194684390002
-0.013694597253146031
-0.00532697602573762
0.008323484211326108
0.027428599541400412
0.04564438735044888
0.04800513979832861
0.037061538593977414
0.02419279182683221
0.005676212352546136
-0.005354721221876943
-0.005728018921313008
-0.009233546385425874
-0.012414237820812827
-0.007971254399335987
0.00813948008511912
0.018350585800427838
0.004178494827395705
-0.011502205754464659
-0.0028330158512174714
0.018355636728358854
0.033409804487148795
0.026914741155899008
0.018912684982448597
0.046112624084191145
0.09213719752329778
0.12795059355296703
0.13579690567324784
0.12997072171532173
0.14325624652182495
0.15464142183404614
0.13581391684216612
0.13091268833898062
0.16480270850500311
0.17724790984119818
0.14515060586390072
0.10747182660993464
0.0849348211661751
0.08666784512481884
0.08868674317012624
0.048454881161338156
-0.01898166356553151
-0.05683983569440044
-0.0356442445922831
-0.006502805087561832
-0.0039918724816212356
0.022874379372358394
0.06656182620362837
0.05925232265903083
0.011774797449775961
-0.02352035547764731
-0.014034208756126905
0.03811232297657847
0.056917172824587664
0.027243369720945643
0.030389765534514553
0.09254531864673886
0.16925424064044134
0.19999360306853758
0.18485841844837045
0.1803064729357638
0.18025742711946388
0.13856454483265102
0.1006069040954119
0.13062049808146697
0.19688393260078152
0.23392506280025868
0.21599949427707427
0.20347313095849387
0.23971695336985752
0.26530569621976313
0.2571107318748688
0.23662313392342285
0.209192511734642
0.19376625335276648
0.17986371809772575
0.13899970770666395
0.1285045093020067
0.18467901645857127
0.23162724835574808
0.21736802081389592
0.16863143273228304
0.14010994401047497
0.14145855477712257
0.13056823608109683
0.09317557256519185
0.05630390093760162
0.04866579021847772
0.06572233384205445
0.0823631212157507
0.09019962060767557
0.08498968914905917
0.08487282350854203
0.1023952858962922
0.08654969089807368
0.024058042555745424
-0.028330768102971055
-0.03201737381815341
-0.01971425597448709
-0.03700287095730971
-0.050973547135338006
-0.03489195161314469
-0.023911420209552742
-0.0296637633431543
-0.032709453626378004
-0.0367255139553439
-0.0280768876209746
-0.017613032418907625
-0.05499218164435229
-0.11089823944431061
-0.11937606837967743
-0.07294173047703739
-0.02298558215821764
-0.016002913278694807
-0.03456966281697914
-0.03712273093011232
-0.021777175072270904
-0.016645761642518485
-0.036936180349483066
-0.06359475309994803
-0.0952089549824112
-0.13062956581221968
-0.11743292603316702
-0.08795414181834667
-0.09468081940336048
-0.09622507418154376
-0.1036530410634736
-0.13725793574909673
-0.16744415499842852
-0.1722342649539067
-0.1515412802329971
-0.1380164966580032
-0.16062861483148252
-0.20066830842699426
-0.208255747583447
-0.16523040038253858
-0.11286605306996517
-0.09673335095636586
-0.10194413924103499
-0.08942758249233979
-0.07230774357929706
-0.07909909267244561
-0.09933479733358479
-0.10657465749331119
-0.09131232878572934
-0.0795778163730563
-0.08162434688224508
-0.08518270207753287
-0.07577910023207729
-0.0454517440974544
0.006868214831270557
0.0711051391272056
0.07877214581206332
0.003655262037803343
-0.05247502656758022
-0.015863952344459097
0.04127531067384722
0.044289837920288726
0.023464234284595206
0.02028620692052393
0.029999291769327703
0.05950718332593922
0.11567387636648964
0.13981252992670815
0.10707440234634671
0.06675860192513587
0.048714476996572144
0.05478018433270737
0.07274077717055734
0.07792797211520372
0.05537761430139534
0.03165262452522149
0.025194894607211145
0.020472632969008937
0.029033015459079024
0.03705169375510339
0.014046502756582998
-0.0028105560122879928
0.03245303410029943
0.08962431407404312
0.11078677856012974
0.09767442306912925
0.06851678698795807
0.052058235200002446
0.09201494671563425
0.13987183249587276
0.1400140261188251
0.1171014260491182
0.1002213787096185
0.09835021783920907
0.10153521804635073
0.09945666907461435
0.09156297382954737
0.09138070445074647
0.104925040310653
0.11514211365846766
0.1106376805306447
0.08733211235135194
0.06658962469558058
0.08456535908572854
0.10862776558819996
0.07587214336194743
0.01349764122725509
-0.0007182406209641436
0.04232872425039813
0.09101546462256419
0.12661655338620986
0.15199207216634253
0.15914106992496466
0.14185734099797268
0.08663027292971413
0.038812778767837515
0.04775689574014181
0.0651911897863266
0.05745122316030292
0.0522616848385754
0.04689159023158601
0.02522913808265397
0.002420706482935275
0.013267410310720906
0.04607571161949344
0.04342163637610169
0.012307945137791178
-0.005360882317420009
-0.01993062670251432
-0.0505749137575251
-0.07614951505350281
-0.0831000496918466
-0.0710219527830849
-0.045219329845507465
-0.040840611733501925
-0.04741417266965701
-0.04455217199378318
-0.02832810568661511
0.0043452815784770895
0.007677400757963903
-0.05412601799473396
-0.14501774970590062
-0.17036276101347742
-0.12404355101747776
-0.0832506036337912
-0.07729749863485534
-0.08731795543005269
-0.07561944799767402
-0.0475551623698033
-0.03382002153882786
-0.029116924916863907
-0.0318388680814286
-0.05586558364611209
-0.08631657324378204
-0.11686585200444742
-0.15261529244608574
-0.14788038027409214
-0.08607114206940887
-0.03751857025973377
-0.03816472728924421
-0.05041172709674005
-0.049720894779944486
-0.045755159273482636
-0.03238794738094772
-0.001523238546511629
0.0011233215832759948
-0.04876905539399377
-0.08524511040982133
-0.0603279085721318
-0.02562446776150134
-0.03225436680264934
-0.04956726448164114
-0.040777767494236006
-0.026626449856188786
-0.02007496468163135
0.0037565768241478253
0.0200158120665393
-0.002546777326634246
-0.02786554967529666
-0.025316084037171834
-0.005266231981167752
0.009416108177005044
0.023412647373396857
0.045585740479233326
0.049070946042280586
0.020993189788868067
0.008117997226853173
0.04999034206783056
0.09275869005606997
0.09936824859035738
0.11553522289939877
0.15723392436984396
0.1902086686272768
0.18642504244153124
0.1672705798697787
0.17002709087596474
0.19415798175498158
0.20603346664306676
0.18482902154107475
0.15166524770364898
0.134380106078143
0.12786303011204248
0.09922278304741795
0.06197293861052625
0.08019619381065898
0.13948093199259548
0.16433772799805377
0.1454866776614116
0.11409487409954858
0.08860803323767248
0.07310395220488905
0.03819834694432157
-0.012398648946385074
-0.015056238790426802
0.027371854517659954
0.05256553213553592
0.02873870514308231
-0.0014130644791096297
0.02424939789960486
0.07845686713517422
0.09642649306223287
0.06669988239074433
0.014137943625192866
-0.01247330173581359
-0.005897985911755252
-0.009608543187659243
0.011315088039525563
0.0708318196599611
0.09926234229648115
0.08366239222787994
0.05452228161571911
0.02931370274197
0.03641055705203837
0.06179551328373652
0.06524587060629829
0.07076018564976946
0.08626417883939407
0.07695052592467731
0.04380756520441798
0.029374998142173682
0.04863274216602156
0.06298587401991768
0.05572831958985152
0.028339413309094244
-0.022534573019049056
-0.05072179964610574
-0.031539337671818664
-0.008436405786356873
-0.0013422972813246488
0.01130985289204573
0.0192995564901591
-0.008897128559736454
-0.05219486806058324
-0.07103666255239127
-0.05107087832825195
-0.015347570459405251
0.011736096901772715
0.014693398587505933
0.0060727897553376625
0.019540398803314686
0.03691658708300929
0.047634931882605605
0.05749161520652956
0.06524183341553387
0.07769805462421187
0.07499454355737419
0.043780708636605964
0.015553995495134839
0.02528653171812456
0.05457762711030118
0.05772729863335866
0.03926468309520275
0.038819807352515306
0.048103252482147474
0.03551834635841189
0.020777001893632477
0.008343168495922152
-0.014547418282135158
-0.016570825457047092
0.01778946243183685
0.03449955661408879
-0.0009364858128061617
-0.03625508731093158
-0.040575359338534484
-0.03713489123766763
-0.03720173037057974
-0.029416310760591133
-0.026891256411039375
-0.035735132442120045
-0.03950704447403303
-0.03826881912318295
-0.02659670587958106
-0.007816233209979007
0.009880117753326775
0.013615381850268962
-0.0072936721893170665
-0.03772692849763818
-0.0652729599629082
-0.07276266119546558
-0.0576193051991812
-0.05074792060720267
-0.05253141708554182
-0.05490282677101245
-0.061774861274972996
-0.054737693158671163
-0.0328464030385441
-0.026287724403706234
-0.03516527679974137
-0.033233921753393895
-0.02673238979590508
-0.024301780170571115
-0.014550964110801113
-0.01627213460479629
-0.03741304273378995
-0.032221022615661885
0.0031193658544118263
0.01984160836912932
0.021303682041190736
0.02856312902426724
0.025705552207794653
0.0002839550149202055
-0.028090580544823926
-0.03737079616550523
-0.03541412848363873
-0.031607332975256676
-0.04018814068334386
-0.05594762789741593
-0.056024242297106785
-0.056820729325840015
-0.07037591790816183
-0.060498895198245486
-0.014595032514212097
0.02179559577685238
0.02790117592168691
0.021052662902042676
0.005368383363596688
-0.02164400715382443
-0.04121863207597167
-0.03958388370235221
-0.036818151610884114
-0.03952289536474318
-0.026206859740419034
-0.014465063999769342
-0.019640649572802652
-0.0037794544084289723
0.01076696483476184
-0.015037698717040226
-0.038729819694329835
-0.0356270970029363
-0.027999029396978178
-0.03184845050733551
-0.038432494821468426
-0.037660892410719495
-0.02214920714549751
0.015872100737116687
0.05544337075888308
0.06373678119190387
0.03452622631232084
0.000964731578335389
-0.006462411221651582
0.013512246948777855
0.0337069463206658
0.028740720645670206
0.008568381748403572
-0.016541510617081683
-0.04437921127587917
-0.06884967152914112
-0.06854834709016187
-0.042279424679440375
-0.03810496832652075
-0.0584589908866235
-0.07175026463667773
-0.08853873200295723
-0.10117928783889807
-0.08158406067577538
-0.041692111014171786
-0.02315411466057609
-0.05171407662854641
-0.08285869170582058
-0.0672604550253858
-0.044480242665728476
-0.04292375771737384
-0.03803931906142038
-0.021148113138098563
-0.014196678290085979
-0.04276482017140706
-0.08806935251873188
-0.10296862774443247
-0.06110119035395878
0.00811957248272828
0.035077845327403386
-0.014458552087942939
-0.08155699478926007
-0.09489957526718043
-0.07685713886929753
-0.05849979421012026
-0.029462737856225437
-0.016312075222589425
-0.03201350744607119
-0.030440489090407308
-0.0029940387168366726
0.008820250706364592
-0.0042323469343819526
-0.011682982576144953
0.005910478300632804
0.03901732615646806
0.05089952297095198
0.03669732207466787
0.032206650155006934
0.03649122179262636
0.030400352643080625
0.01139460199533772
0.005305557817841877
0.03297787011753894
0.05477708309081199
0.04509069304128616
0.028814398625173824
0.013900984307620311
-0.006324723198481755
-0.006276945246354151
0.028441847985254416
0.0496714779315678
0.04041152988973754
0.03702843161261221
0.03453079332978824
0.024212611709008944
0.02085199308031983
0.01576559109462472
0.017442846264106582
0.044943367951700036
0.06493272508756692
0.0458270860261916
0.015370388427274477
0.013238966050325342
0.04233677761370966
0.0688982409852788
0.0719345177753793
0.0686289356331182
0.07397429708230724
0.07526496426307355
0.06025931857328264
0.0393635359503597
0.02634067703521159
0.03570433778402881
0.05413061616974639
0.04861051636607199
0.025492115621616514
0.01285701737673079
0.02101581085899564
0.03204879593415317
0.03612407747726429
0.03791247004400474
0.03101989419120299
0.017815783139161975
0.004739632745144977
0.0027836891470087322
0.009513318297982637
0.010405772924206677
0.009897715897902058
-0.0002860977733170552
-0.024749953324859904
-0.03670893000258151
-0.022905541733306452
-0.004257044241028548
0.012997285508634939
0.028100061744999308
0.02003663685005023
0.0012075865097727545
0.0016614027823686677
0.01041070876838558
0.003337911577258281
-0.011230341757479445
-0.015691180858555854
-0.015818986992905324
-0.020457375088673173
-0.021978397050317126
-0.023836302027027648
-0.03023389573129366
-0.014971737911027641
0.014467319680595999
0.015745667982398057
-0.0002934282862004416
-0.0047704592526647245
-0.007284940506589606
-0.015044688238367295
-0.018596347882041477
-0.01675318914707316
-0.008321770492718336
0.0021890927160423106
-0.004421745829528075
-0.028334937071849697
-0.0405553277764321
-0.02286433453150458
0.006326289702318622
0.023522692177870293
0.02052405025997906
-0.001339100538895677
-0.02136457895339391
-0.01619916300540073
-0.007768465856796709
-0.015983766297752326
-0.012719629299371859
0.002347812674536802
0.007639024181130331
0.0065973101722274
0.0051252450252503474
0.007946129163074543
0.01987212251419119
0.036787869553857655
0.05324356977692726
0.05227699748249307
0.01896841581280824
-0.016390686845817126
-0.020836969760347105
-0.009841991540750362
-0.00919964667393331
-0.013079200458807654
-0.00696280236979834
-0.004425371528401679
-0.009929412208460367
-0.005209294952238175
0.0007029392142308843
0.0005825655936490849
0.014268316270974047
0.02627378638984315
0.009115018698750886
-0.011485527973093556
-0.014059713864941557
-0.01215387685386619
-0.007727132433580531
0.003948623668571267
0.01413393758001546
0.019674709887706907
0.025734148482275503
0.024844651267698317
0.017068433872794015
0.021147751506044758
0.03485988840205622
0.03445061213454821
0.024207006604370564
0.014314632659399267
-0.0060614546794430174
-0.02634611803137103
-0.024993351672225037
-0.006120072079460858
0.005414050805216775
8.464881275675196e-05
-0.0024097275515569784
0.008760662718100205
0.018622190135424793
0.020750328260971194
0.01843079353464926
0.013124540349175044
0.013175759238510904
0.016770534988987968
0.01556829135750124
0.0014823936255591653
-0.018285035577372835
-0.01628905969620911
0.0017884825254034723
0.012597415877676073
0.02041005714057396
0.021908958552401464
0.012349242019071126
0.007181828940336214
0.011210125190788513
0.013843801731424547
0.011694103648623352
0.010578390607109975
0.003660726104627524
-0.015916938068677215
-0.024837101137531514
-0.009498665337414608
0.006747468951169393
0.018472400718833232
0.0319392649008086
0.03225538647392824
0.02189178301964108
0.020649535257124617
0.022971404405257977
0.015208447644897427
0.005529058655174716
0.001882084018601885
-0.006161263178942511
-0.017325110482476827
-0.017050654372875475
-0.010143661157060448
-0.0072098486017233825
-0.006627615961887435
-0.004277676343382693
0.0023022577079498587
0.009219326663795935
0.008718296440355912
0.004610927974896292
0.0018808323441795612
-0.001982927483371257
-0.006784969088704662
-0.008015597133469088
-0.0011612764108805585
0.004528382809605777
-0.005265820839968686
-0.017930933912560166
-0.016099256993633522
-0.00612738555178641
0.0019071187398724625
0.0072953684745208965
0.013490826994116824
0.01578212050291489
0.004673593883566498
-0.013674710402038716
-0.02446045299566312
-0.019314295705349146
-0.007096073434946577
-0.008187260325869396
-0.01921226853492986
-0.02232285151011933
-0.015696938969562806
-0.0026621327934832515
0.014149556836044474
0.021291962592230294
0.013842319325093501
0.005092580483673167
0.0009494780655853689
-0.0021896380402353613
-0.00272132450185081
-0.0023359792341792005
-0.00887889460007727
-0.017971257022328577
-0.018036710559423016
-0.00963936626373774
0.00014756531119362482
0.006908106422332697
0.006061349974271491
0.001917998612116344
0.0019958283457630036
0.003098137827680278
0.005331504593493102
0.008551433041328611
0.005326160664349015
1.4493846483125029e-05
0.0001904518762949864
0.0023607804536952283
8.746850618548961e-05
-0.0033612608026812943
0.0037309092776442406
0.014289817812973685
0.011629822495506027
0.004236334043980083
0.00630566595306058
0.013889347172904033
0.01626625446448961
0.01023686793306572
0.0033911014173751224
-0.0004636645607288303
-0.002268507478556711
-0.006963670474440492
-0.012527609956438947
-0.00399194607729202
0.009762169976015636
0.008473233605919374
-0.0005356984067572421
0.0012097370126674975
0.011622246637108034
0.01735002025460088
0.01659691396190926
0.010537458823156605
0.0004627860562174872
-0.0031471215603271914
0.00019800247715316132
-0.0008631727440279526
-0.0017372536349400964
-0.0003226950101440182
-0.0025760707855436325
-0.0043316457337941395
-0.0009975747833199707
0.0050971731410546115
0.008264789896906334
0.006676649497347116
0.0010074225562657455
-0.004950118835445877
-0.003016904838441066
0.0038017611338142725
0.0028396527029845332
-0.0035775693228208027
-0.0070061549231226075
-0.00557624588014878
-0.0004948805672696311
0.001229581621808658
-0.0026980314638192465
-0.002122450873043982
0.0035716548407677884
0.0033280040917319574
-0.001279830718404971
-0.004259321249341347
-0.0040196111180453905
-0.0028651700898959334
-0.006431441374755639
-0.01088544338872249
-0.008412422319818305
-0.0043633956917234545
-0.007342889141191781
-0.012925185555474297
-0.01106786190371422
-0.0019086462413492888
0.0025736656094992546
-0.001765039259647994
-0.006198472431694378
-0.004648236327243198
-0.0006607575775030276
-0.0013627104901040895
-0.004972635327447404
-0.006367654597574555
-0.0069010798739149075
-0.006699304220393518
-0.005035269716723073
-0.0034755005601585153
-0.0022264542879755194
-0.0038729315063931197
-0.006821287281581977
-0.005098907989268198
-0.0008878281415950659
0.0005691025089094686
-0.0013521409691753077
-0.004339737413128252
-0.0069175290590394395
-0.007066931393757013
-0.004536450134542372
-0.0015434797848202712
0.0005625456201074007
-0.00021504119110525192
-0.0031976351893951466
-0.002290092609384327
0.002925968258908355
0.0027317813621811457
-0.001969322255764949
-0.001404609027237428
0.0025878836133369147
0.0031125030386982846
0.0007503436823421852
-0.001636137280182378
-0.0026002685840254705
6.423171080237803e-05
0.0021088214297854857
0.0004995748288346287
0.00212007537022361
0.0060917405135781
0.003810007912986085
-0.000687171335763879
0.000811756686902098
0.0043382073410654235
0.004733216136625322
0.0036956702088620443
0.001948544739699895
0.0007529609349429942
0.002216984807108268
0.0031653394255991493
0.0013099879662399638
3.4785934740130194e-05
0.001524483114241836
0.003080442538864729
0.004072155996575792
0.0041251568303087936
0.0019940726299919487
0.00010061996769995861
-0.0005093280532028968
-0.00022530873952511616
-4.105047195173783e-05
0.0005031791555006303
0.0014589080266754905
-0.00037406313662497636
-0.0025964626515466932
-0.0013877847388446484
0.0005471230625493177
0.0013760695315033257
0.0019325287680488359
0.0021136104948073064
0.001220667012645239
-0.00018640527167806205
-0.0006636401169097618
-0.0016542444492717537
-0.0032612842328391973
-0.0023937161222203473
-0.001101663610281213
-0.0018755895656329797
-0.0020003312953571157
-0.002238088277806771
-0.003652177896174494
-0.0035769847323329916
-0.0022746124817985673
-0.001774876261851939
-0.001679461610852799
-0.0019356474466076423
-0.0035254575403629593
-0.004266679281679759
-0.0028340335593862905
-0.0022436105990401136
-0.00342744473424849
-0.0026647674445667876
-0.0008047382801337257
-0.001757142877685841
-0.002794334073869372
-0.0016810633109426351
-0.00037707381110677827
-0.00040482872212262134
-0.0016970867851875601
-0.0017037550349684174
-0.0002962044362131798
0.0001201308705989989
-0.0016116271851269392
-0.004121641535318349
-0.0033371562245962517
-0.000772359359731302
-0.0008500848864196303
-0.0016828772693517427
-0.0002122617150412237
0.0013894385733184305
0.0005818453122205418
-0.00042369278492879474
0.0003616236453951154
0.0014721276615811815
0.002053092745702999
0.00205894442150021
0.00072948394523955
0.00017841021740363122
0.001086939482509082
0.00032745932726497076
-0.0005884103603586241
0.0010518791198696495
0.0028037902853636563
0.0023000769911888925
0.0010581797101439122
0.0014789793148593086
0.0016401933176709803
0.0010745630722148454
0.0014129952715557727
0.0012061859441438486
0.0013060383106033339
0.001890206074444439
0.0010176533047473587
0.00027564243926346
0.0013463659055364756
0.0022758663415277237
0.0011153387656990805
0.00020817041165398882
0.001517680098159117
0.0017918949772050812
0.0006120028013830616
0.00042427349814611184
0.000540312468366213
0.0004201527106830695
4.460308146074333e-05
-0.0009446154074426949
-0.0012212948373115072
-0.0004154700405771274
-0.0002928026709498836
-0.0015423951112568572
-0.002261084972063877
-0.0009756863721146461
-0.00014378777188582702
-0.0006180985414692025
-0.000510939907950203
-5.835684952948059e-05
-0.0003076270818199103
-0.0011047150297908155
-0.0016528367491113261
-0.0016614002851783743
-0.0011751696053834784
-0.0008188883934924212
-0.0015894155885846782
-0.0025510882535199645
-0.002095334877594847
-0.0015191837422511842
-0.00203907358658447
-0.0019604515809549888
-0.0012128215419802794
-0.0011127318076910617
-0.0014865888924381692
-0.002102156428328424
-0.002253024584141462
-0.0017667326453100175
-0.0014718119964758506
-0.0016530652495361218
-0.0019363885729047818
-0.001685213773033812
-0.0013904192897361757
-0.0014687657352957916
-0.001234526170975971
-0.0007701679620331516
-0.0005078597879094213
-0.0006611883249613441
-0.0008208255869114918
-0.0005189083386596625
-0.0005703754218503814
-0.0008388898933063097
-0.0005814911517437876
-0.0005329586811268632
-0.0008010016362553097
-0.0005745225443006432
-0.00023183633149503427
-6.794697770721139e-06
0.00023223160306909442
0.0002610761063077267
0.00010943247708036627
-2.013686701304273e-05
0.0003206011694467744
0.0006036922230150147
0.0004741003858759384
0.0006554140141011405
0.0007524158435751085
0.0005635101240490712
0.0005747349785463551
0.0007036255357191212
0.0009248950380962424
0.001299042289020084
0.0016159726491995438
0.0012756699891886363
0.0007856336590034003
0.0012588238503378018
0.0016971921626733695
0.0014754604760884504
0.0015450599569916657
0.0016050269367002194
0.0013726739060372275
0.0013080994292580933
0.0011314091232898053
0.0009422230273775564
0.0011474439223723666
0.0013776178378971755
0.0011733086345983512
0.0008850846497525077
0.0008778141571290242
0.0008386009427502951
0.0008058331469447659
0.0008854745953840106
0.0007762296077734196
0.0006418094590954373
0.0005457258635290723
0.00029022629241178666
0.00014188510534482142
0.0002536776621080983
0.0004031844781087051
0.0003893019595668782
0.00023996896843649893
0.00018869007705298423
0.00030745810419042087
0.00026289796954990515
9.143906187308724e-05
-1.078910314963833e-05
-0.0001155689643300198
-0.000181300929112761
-0.0002704549251598868
-0.00024374765242303925
-3.6033294162137507e-06
-1.1644660942982618e-05
-0.00020669260728822385
-0.0002510956712360302
-0.00020870919348668103
-0.00018488024304674135
-0.0002671896200679156
-0.00032733574381909225
-0.0002985077060235389
-0.00027168661004446334
-0.0003734394950861053
-0.0005663434198283036
-0.0004618759899850739
-0.00021305535777125644
-0.0002470423211479611
-0.00031005206701262034
-0.0003451975540646196
-0.0004214353242434644
-0.0003712547272340301
-0.0003163531255764952
-0.00023304397700227324
-4.1146926791190025e-05
8.537725384846675e-05
8.369269343492805e-05
9.927601877953427e-05
0.00030738755784464196
0.000535612367326115
0.0005704315896707909
0.0005956736365952531
0.0007146192594854656
0.0008432474449922761
0.000897424705364709
0.0008729854710273457
0.0009209621979570962
0.0010605387044974647
0.0011315268277994498
0.000999658624065982
0.0007700901941649804
0.0007651643506055976
0.0008421496291602919
0.0007304622194619766
0.000709916537871907
0.0008280285325380001
0.0008684084552483045
0.0008830884199373334
0.000846681168513372
0.0007617151994219431
0.0008163680101934025
0.0008939849773701016
0.0007549130367493126
0.0006026356929536447
0.000656796957574676
0.0006675515278180803
0.0005253316668324851
0.00043971242140263125
0.000395081045055501
0.0003547376501914124
0.00039920467538293725
0.00042807142460390615
0.0004351804513678959
0.0004992707224076265
0.00045203090628275763
0.0003306680860885055
0.0003084519314477928
0.0002760688048793865
0.00019499257335543453
0.0001806237886786264
0.0002564362814841137
0.0002893313376874363
0.0002299673344165515
0.00016796905337034915
8.35010837131795e-05
2.418421147877789e-05
4.571292619229366e-05
-5.824221039530818e-05
-0.00027808054605277195
-0.0003565597303975431
-0.0003416786926877241
-0.0003968431006480423
-0.0004755779513117396
-0.0005280122960512741
-0.0006053257317816589
-0.0006757107695917821
-0.0007270353281857107
-0.0008291822900634043
-0.0008348443260031156
-0.0007019722499296741
-0.0006852080425800849
-0.000709215715163012
-0.0006088119171236331
-0.0005566071136137898
-0.000617141678032457
-0.0006287558690623941
-0.0005709064749861619
-0.0005425212395403948
-0.0005429694899893045
-0.0005647178755323213
-0.0005780675133393137
-0.0004868842528760241
-0.00037663632436480993
-0.0003201807566468435
-0.00023773351801146408
-0.000177415394358605
-0.00017741691361301002
-0.00012870919050178052
-2.428716805945866e-05
1.2411715458118565e-05
-4.820350311458245e-06
5.179095912646728e-06
3.0696325423657225e-05
0.00010487746957727097
0.0002514999098890993
0.0003422853689925658
0.00034326847067296635
0.00038617527994611555
0.00045450841319326655
0.0004425519649620808
0.00040330132104395326
0.0004112510291146679
0.00046554437145799005
0.0005497655271881505
0.0005932203017630916
0.0005821042923794432
0.0006011280773664484
0.0006438035342266328
0.0006581760403925432
0.000663242895310557
0.0006793976844194072
0.0006832290975070606
0.0006795798701201705
0.0006930892702490315
0.000697164239749545
0.0006958398697062125
0.0007103629072469298
0.0006936796901177667
0.0006439237454322663
0.0005933990253487551
0.0005226160685329797
0.000433393211002282
0.00033206579692560676
0.0002265947134465656
0.00018491109389002047
0.00023166115859094312
0.0002596445527750247
0.00021111915558465227
0.00015732434327382245
0.0001026391253896617
2.516881049205591e-05
-2.907810055716996e-05
-7.623613533468224e-05
-0.00016342110115451474
-0.00025414801098544714
-0.00027132352784759193
-0.00022501110961606528
-0.00020074245118787017
-0.00022744715430159638
-0.0002741178918222646
-0.0003004089154941015
-0.0002948633323449899
-0.00030068423502398504
-0.00032632421899046635
-0.00032826815901248915
-0.0002984281459309315
-0.0002683072271213952
-0.0002616857116293916
-0.0002789517510259928
-0.0003030138164264396
-0.0002929581256106236
-0.0002561616512699823
-0.00024235074288603113
-0.00023942689004060523
-0.00021856005654724735
-0.00019896932011771766
-0.00019160746506989573
-0.0001771800138715459
-0.00017124945149876847
-0.00019371087642182884
-0.000212560241033771
-0.00021692133056328334
-0.00022030654996411093
-0.0002142561127738014
-0.00020662849509235065
-0.00019985926450719472
-0.00017554272514653263
-0.0001572550557065249
-0.0001476624676221786
-0.00010015922498436346
-3.882259779122477e-05
-1.6210471346514837e-05
-2.49631363001578e-06
3.5785367362258334e-05
6.24841676418517e-05
6.147428181244583e-05
6.253530623523065e-05
7.219606409174578e-05
9.253274897313021e-05
0.00013283866946432995
0.00017271330251344763
0.00019065650681932266
0.00020092683843354192
0.00021751990649814567
0.00023962846586549636
0.0002735742218450129
0.00030642073823728766
0.00031924329966937426
0.0003252882878031622
0.00033338173403413583
0.0003319810853538094
0.0003250392551050217
0.00031602137792611666
0.00029368681322920976
0.00027053629459873396
0.0002704950550666045
0.000285834196580298
0.00029436133442707174
0.0002874851703440683
0.0002712061308494372
0.000251123583570815
0.0002193790556089579
0.00018047223120337352
0.00015206181986395832
0.0001374439126772306
0.00012981556095440137
0.00012145100215147266
0.00011054684654344997
0.00011318546305061144
0.00013291035419947465
0.00013339109551933432
9.881133474929684e-05
6.273334721238749e-05
3.9786558379044176e-05
1.0685003209880046e-05
-2.824916768797702e-05
-6.297217275378012e-05
-8.90585137892389e-05
-0.00011521272111697656
-0.00014883448791496335
-0.00018194385667320417
-0.00019820867652762912
-0.00020309613156716067
-0.0002117380158505442
-0.00022429238095183517
-0.00023835984202923293
-0.00024644366256056056
-0.00024147128351713145
-0.00023093091143613827
-0.0002255001312660619
-0.00022433423409974214
-0.00021764605231549183
-0.00021058604560806135
-0.00022477935878075612
-0.00025537595921671193
-0.0002685182738499566
-0.0002553994773046795
-0.00023685572925283665
-0.0002200868032331416
-0.0001967566936890372
-0.00016312495841444596
-0.00012994037111494394
-0.00011249403711678709
-0.00011092287958625354
-0.00011555776924369804
-0.00012142199916798174
-0.00012771498489768545
-0.0001218871799374557
-9.282075158691096e-05
-5.2447061486313295e-05
-1.863794393344574e-05
1.0095889201422127e-05
3.874447488197102e-05
5.580755541819595e-05
5.3938756446073014e-05
4.0102635454822066e-05
2.750694885553912e-05
2.9362985442026087e-05
4.2428149263145654e-05
5.1692440816047394e-05
5.430239190686224e-05
4.770408116721891e-05
2.826008181843981e-05
7.028203045747524e-06
-1.960490446947535e-06
5.155537384505207e-06
1.558634051932801e-05
1.2396552145169792e-05
2.0681447936546306e-06
-5.61142008890629e-06
-1.7490991589485584e-05
-3.4131272764854203e-05
-4.330032932039695e-05
-4.258681936951019e-05
-6.0352484060276875e-05
-0.00011038850540032627
-0.00016095096463884532
-0.00019252878239625675
-0.00021116213586392936
-0.00021013123947206675
-0.00018670639385520656
-0.00016810652503684934
-0.00017237792202776483
-0.00017756218634858094
-0.00016363298842650862
-0.0001410333346785276
-0.00012032670663519709
-0.00010844288496913575
-0.00012086342154084985
-0.00015016331951659843
-0.00016849589165547613
-0.00016405267950573288
-0.0001483103501936078
-0.00014597748422692872
-0.00016103803899659703
-0.00017877226069146096
-0.00019108198486359276
-0.00019112229228340798
-0.00017931499806459825
-0.0001678956538439044
-0.00016956466349039804
-0.0001797716046888594
-0.00017313150164613935
-0.0001395574141756706
-0.0001100295393567699
-0.00010927029094378195
-0.00011755509054927651
-0.0001080435454689348
-8.052220724440432e-05
-4.350964196474572e-05
-3.568908817073917e-06
2.3813701140199543e-05
3.931101535713481e-05
5.728647167386109e-05
6.995820486213047e-05
7.084719385489831e-05
7.09194125031419e-05
8.006018559231321e-05
9.898719644867997e-05
0.00011803934423916448
0.00013117340353914746
0.00013708884981778792
0.00013093033764340626
0.00011343467257856906
9.649485475163038e-05
9.465775393913183e-05
0.00010551933400749907
0.00011405878087716334
0.00012494051439821202
0.0001453944709321074
0.00015403343380521452
0.00013288614177319665
0.00010370528822438317
9.283805831836889e-05
8.693593298271059e-05
6.782189638892003e-05
4.552374497758534e-05
3.519281397972532e-05
3.846417986329248e-05
5.031616482085762e-05
6.446606870514344e-05
7.488295991810513e-05
8.262845477673493e-05
9.4031722633365e-05
0.00010627694858551447
0.00010714670973114604
9.502002729841886e-05
7.900768721382542e-05
6.178565017197085e-05
4.072444214136204e-05
2.5348207136985768e-05
2.3858641430967166e-05
2.6897422016285853e-05
2.3295144082230477e-05
6.874769489013022e-06
-2.5425188672343893e-05
-7.004661110432128e-05
-0.00011771839288451646
-0.00015509027807433353
-0.00017565147485832828
-0.00019491409317723597
-0.00022260231998405251
-0.0002416416048712239
-0.0002456797760692962
-0.00025018228954886334
-0.00026248304843642966
-0.00027549356142132666
-0.00028747205946574384
-0.00030744334195150234
-0.0003254206248777725
-0.00031589283897039995
-0.00028436209015639887
-0.0002635757482315852
-0.0002629587304303013
-0.00026567623412833327
-0.00027547550784337354
-0.00030781305580292824
-0.00034169319864004827
-0.00034708888982384314
-0.00032983992809736574
-0.00031216765520097173
-0.00029909407645530023
-0.0002808156065433447
-0.00026001363919197785
-0.00023997017663433375
-0.00021672372731138177
-0.00019913182878259078
-0.0001866554441316474
-0.00016783277855084226
-0.00014323371039918844
-0.00011179738657552678
-6.767342485162435e-05
-1.668368517505599e-05
2.531636174154011e-05
5.025671819962869e-05
6.916941593691429e-05
0.00010076022933038682
0.0001438473606360726
0.0001812472091909399
0.0002084598143481036
0.00022466821643392156
0.00023048526195384588
0.00024011719308234374
0.0002607863175435249
0.0002882611476308706
0.00031642973975597714
0.00033684334412581175
0.00034240685972879685
0.00033715831325628213
0.00032987824870793866
0.00032392403638652613
0.0003254970678243435
0.0003291575043504457
0.0003199336239427242
0.0003054876153405398
0.0002975057910108087
0.0002813520981506986
0.00024654135209514815
0.00021734327654132234
0.00020917466013085638
0.00019648265149582923
0.00017005084528090347
0.00015733836505421714
0.00016316367877080386
0.00016371039722010822
0.00014754910084403076
0.000122965163279337
9.786778421008956e-05
6.847151362438744e-05
3.397066895769352e-05
2.5068656625092233e-06
-2.06992950245897e-05
-3.643563643313703e-05
-4.8416241586960925e-05
-6.450795628542377e-05
-9.517061150683287e-05
-0.00013979475308212766
-0.00018556439264851224
-0.0002217554606205372
-0.00024314397650829932
-0.00025401272919044817
-0.0002678809951640889
-0.0002908495925215749
-0.00031435447520810754
-0.00033332552059529033
-0.00035468160154307113
-0.00037849759778758684
-0.0003973056668756653
-0.0004056779197003061
-0.00040347051770023485
-0.0003972141747567961
-0.00038980555088136804
-0.0003819771946275838
-0.00037055830292057545
-0.00034998829632488414
-0.0003272336968426302
-0.00031340496338689726
-0.00030907635360431334
-0.0003041004905071281
-0.00029273388602223116
-0.00027622704518311586
-0.0002535044333425751
-0.00022519146151331334
-0.00018919677688203273
-0.00014112732767865838
-9.13615994922872e-05
-5.253487261952159e-05
-1.4695982675233976e-05
2.9961416192684547e-05
6.525660426671838e-05
8.941762245246394e-05
0.00012111074280225746
0.00015769436062808097
0.00018668983752190293
0.00021284827769934656
0.00024043140912836936
0.00026178561208323945
0.00027020102863096004
0.00026770845716486794
0.00026269345307103
0.0002558877261502074
0.00023420226079775696
0.00019459958715785844
0.00015049570277836927
0.00011244864303010138
8.900355414938762e-05
8.459261107352951e-05
8.849440389311583e-05
8.905801396435192e-05
8.607778790219593e-05
8.869716214032907e-05
0.000111750182955748
0.0001590066449268834
0.00021907620587796524
0.0002814551552568691
0.0003366874028075158
0.00038134207354544893
0.00043593980078848087
0.000519494563417356
0.0006167394272164653
0.0006979927273026272
0.0007458535296145699
0.0007511157960466468
0.0007145703448301999
0.0006564380787504726
0.0006002004458947031
0.0005507240594504514
0.0004901112374434988
0.00039151106569833234
0.00025574940330520005
0.00012712035466769004
4.4669569486800045e-05
2.5028246258182316e-06
-2.4570104209418286e-05
-4.571685189495369e-05
-5.104246506270603e-05
-2.484118675698736e-05
3.262191865047573e-05
9.464785369155773e-05
0.00013182466574136552
0.00013251339885719262
0.000101941635735537
7.506481857218706e-05
9.469012665676608e-05
0.00014222012316419808
0.00014423548616361427
5.911464395788985e-05
-8.094095622742724e-05
-0.00021961670962920894
-0.0003419149079570464
-0.00047133476749732964
-0.0006216008694391726
-0.0007748559557791863
-0.0008955939961696654
-0.0009572866843505852
-0.000972148412278249
-0.0010138985882809665
-0.0011860292916650588
-0.0015127880442736181
-0.0018797279196989733
-0.0021137160817531033
-0.0021154001081185843
-0.0019276234781774521
-0.0016822330284558598
-0.001466690280882248
-0.0012551477530746982
-0.0009675947004908452
-0.0005732451380244637
-0.00015165412636580336
0.00015630256307639363
0.0002787995104573229
0.000276813118902515
0.0002894000446480449
0.00043460262846165107
0.0007047199194574202
0.0009388901353609261
0.0009864294685286614
0.0008505944671054714
0.0006203328485666141
0.00038730023873410354
0.00024359178561986623
0.00023723523587749988
0.0002982822542653981
0.00027227624897065644
9.044455439920096e-05
-0.00011443444523492912
-0.00019447323370171336
-0.00020784332033997496
-0.00028331130268005166
-0.0004144061524105653
-0.00045201487455333414
-0.0002128738952036023
0.00034564999794238553
0.001041945862184475
0.0016174116529332953
0.0019586188793070305
0.00213820566676057
0.0022831950763183696
0.0024889387941488383
0.0028152250899325655
0.00323816472430979
0.003630595381531154
0.003911166181618501
0.004120914389600102
0.004262426767136308
0.0041981599328655
0.0038036764723416196
0.003148517763424955
0.002412026744501032
0.0017702571005906744
0.0013581522317385223
0.0011014388727594452
0.000768031443904484
0.00019551268161426642
-0.0006346746131231664
-0.0015585877736371868
-0.002335619483856215
-0.002849356251800127
-0.003169300917645184
-0.0034278604200867198
-0.0036221459563721037
-0.0035936736123380396
-0.003253473182572896
-0.0029429012521111336
-0.003217778791827013
-0.004061426229921
-0.004899265192751609
-0.005317359800694073
-0.005349929347366459
-0.005037416568164859
-0.004176823359912969
-0.0027428263882821745
-0.0009249345390359866
0.0009306683136513753
0.002228060795084955
