0.0
0.0
0.0
0.0
0.0
0.0
0.0
0.0
0.0
0.0
0.0
0.0
0.0
0.0
0.0
0.0
0.0
0.0
0.0
0.0
0.0
0.0
0.0
0.0
0.0
0.0
0.0
0.0
0.0
0.0
0.0
0.0
0.0
0.0
0.0
0.0
0.0
0.0
0.0
0.0
0.0
0.0
0.0
0.0
0.0
0.0
0.0
0.0
0.0
0.0
0.0
0.0
0.0
0.0
0.0
0.0
0.0
0.0
0.0
0.0
0.0
0.0
0.0
0.0
0.0
0.0
0.0
0.0
0.0
0.0
0.0
0.0
0.0
0.0
0.0
0.0
0.0
0.0
0.0
0.0
0.0
0.0
0.0
0.0
0.0
0.0
0.0
0.0
0.0
0.0
0.0
0.0
0.0
0.0
0.0
0.0
0.0
0.0
0.0
0.0
0.0
0.0
0.0
0.0
0.0
0.0
0.0
0.0
0.0
0.0
0.0
0.0
0.0
0.0
0.0
0.0
0.0
0.0
0.0
0.0
0.0
0.0
0.0
0.0
0.0
0.0
-0.00016484745144976305
0.0010018875864728812
0.004882107858892135
0.004574854625060631
-0.000482849393182989
-0.0023106082994153775
-0.0015867388232723328
-0.001048978592231197
-0.0007527485628857885
-0.0005420987049440614
-0.0006864615103877535
-0.001689914379541531
-0.0018847992046794899
0.00034608847748620063
0.0018779690666068777
0.0007451713609174188
-0.00040144879378034397
-0.00045016731978207583
-0.0003031388179215824
-0.00023272759837505752
0.0009820544969199405
0.006051902182801632
0.01114529909733433
0.011089378477993187
0.014830131998569548
0.019713658729727777
0.01482893146531565
0.012106835392896495
-0.0060227623948104925
-0.059869549543832626
-0.06914152376868538
0.003185887090865363
0.052634849388740995
0.023232513322764294
-0.03611859934720286
-0.041680751993640706
-0.009399093830728173
-0.05840291442747336
-0.05458995058037096
0.1053314064088944
0.18389263951088924
0.1004642413308125
0.005678727523113606
-0.012788749369207484
0.03929987565990731
0.06813116602432878
0.025770117715407354
-0.031654907591989134
-0.04217646176008502
0.013268065642064114
0.08096333231978606
0.08550167731491862
-0.02576821892106032
-0.09701636372452532
0.057057501365747935
0.20758449831736997
0.09531880890815456
0.06383392122337248
0.4590478314654608
0.6984423455846628
0.3987268269020661
0.2217323124434392
0.2540825592584306
-0.048052559229638206
-0.14394817891148146
0.7706404504627087
1.9566505898826825
1.8523557865807847
0.4047453419402399
-0.847211855550372
-0.9271480790340225
0.534046623508391
2.943267292974864
3.462871731371873
1.4314783108476195
0.5585685387684365
1.4093470855603354
0.8723639163330762
-0.7353938988595673
-1.3539132842208983
-1.3910916707084455
-1.5476925338181393
-1.0787366431098235
-0.5003654585941493
-0.942497243782047
-1.2523478693721004
-0.8858186176276188
-0.8258177294092409
0.1855698509908149
2.2687134670796216
2.1453152825955857
-0.1711640969819803
-1.5525354623556942
-1.2016082315172911
-0.44899175592939045
-0.444883107753947
-0.8362153318359559
0.16555411887350155
1.8560382256624304
0.9588451267021071
-1.5960401747042054
-2.4836401712441103
-1.8125333109540795
-0.3096969850815016
2.3032395813561783
3.88745771265065
0.9606641567917603
-4.052130788630896
-4.840053835774929
-2.768255002343802
-1.8664694766996426
0.3594644970134599
3.269918604263005
2.687243626145172
0.9793656847079686
0.538157867836013
-0.06815793767775329
0.3817490934173851
2.5653650283120593
2.3424878679719225
-1.5650197710208404
-3.671191189378027
-1.2158232708841268
1.1848658399512801
0.7010523244566562
1.3408958542749567
4.014270497623224
4.624447967360664
2.434605273689322
-0.17624018666589028
-1.8576755445946715
-2.326424031662049
-1.156997049798514
1.7552325028256786
4.513579586534742
4.26718058058788
2.6328688846204082
1.517834913711624
-0.4311660265652463
-1.920050368719746
-0.8201100233969694
-0.15226045616232287
-2.289279958096067
-2.0526193578345833
1.0982859408489323
-0.3658339152256737
-5.093875297603039
-3.606368669229782
1.6544420500361843
2.323438234873841
1.8686111112664923
3.028237629673136
1.0670971538171043
-2.7295808439631473
-2.8980211335037636
-1.146029765993944
-0.5375398693961503
0.7746599694344133
0.7791959660053948
-3.4466213176856173
-6.032040886309326
-3.0968232168648973
-0.5341949817174171
-0.5128581326033166
0.46131777643212857
2.150958738178383
2.3037146410399183
1.389279149466042
1.250329236461711
0.519852583634084
-1.7193560926868585
-1.563367605856777
1.9933160904874776
3.3444433526843484
-0.306732873468862
-3.18126738405229
-2.9422644819081567
-3.7716066388696947
-2.7886632079837854
1.8112452398680106
3.3442712210850005
1.809116105469457
0.879505279452249
-0.7803614452617186
-2.4561555280396408
-2.4436565604010196
-1.1878455187326578
0.3856045598151678
1.498483135231162
2.2326200287130264
0.7483684256879359
-3.6039935949886193
-4.401030756024767
-0.05972823404640205
2.1493439272939208
2.251108906359958
1.9934692829054446
-1.6946143129477633
-5.767451464082861
-5.532913501816392
-1.2669664422736646
2.590631258507341
3.0439916323120797
1.9276102216188906
-0.07701847124471244
-2.668781681972164
-2.1755555552597263
2.4446861383397267
5.868473667806706
5.276068648870992
2.7829999017096236
-0.716404570369821
-3.277235473911457
-2.3801578283890654
-0.05576704809148692
0.06931489496990835
-0.8918056387738008
-0.21933539712861755
0.5778020973519749
0.0031761942696727635
-0.48773092374834304
-0.7766605353999557
-1.633716188685911
-0.507315877994548
1.8224482033392435
0.7767279939976841
-1.4793680922246946
-1.9941705894909791
-1.9685212066349054
-1.040616236416408
1.0121799928903716
3.2584742838181917
3.868509426238545
1.330149760071025
-1.549712170858759
-1.6206322324704285
-0.17764829514996008
1.9323347117181358
3.639165046666125
1.0310126451235446
-4.4908018462176855
-6.981711111499957
-4.269591123872229
-0.1813712619307742
0.5571287596723828
0.07281486927852379
1.1618597303048839
1.9449473828185815
1.9833359993145714
1.7448331420841188
0.1824536255145434
-1.0583021235938816
0.2600153485312581
1.3519317500400856
0.012984147315735677
-1.6465195238611319
-0.7027565156242532
2.261817270381007
3.057628869036579
0.9285857332051902
-0.9571817155717088
-0.9178222324916423
-0.32883125215502707
-0.6488675454028608
-0.8347314970024469
-0.4150971438836422
-0.4096668180525256
-0.300501113348443
-0.20427733170143605
-0.7570269329781479
-0.09739381081017127
1.1970609969668207
0.321812067723416
-0.7246820401342008
0.08209795284550744
-0.05183442407087669
-1.842069645297488
-2.467716991917724
-0.5214957108939302
1.7755676295836746
1.6153272535385947
0.0004532259964748744
-1.2333267240106114
-1.0698528066407849
0.5906467873371363
1.3093252897223429
0.9924171542718017
1.379495079591341
0.9388816445136232
0.0998320555058673
1.406279981776027
2.119993219573191
-0.6622365977808611
-3.9112775466423315
-3.956854487211738
-1.1313379496677167
1.5263655049283071
2.286464679100175
1.641657693642808
-0.22010546415690685
-2.064289833214596
-1.1718726674078592
0.6655022621416021
0.22230553074002526
0.4273596808827858
2.39728701479878
2.192808943428784
0.447489660384135
-0.06933155241537584
-0.5200707677617693
-0.687170788970236
0.9761160354975463
2.4601167229691625
1.898235021458743
0.5384231090420456
-0.3526717771454891
-1.4781443900171636
-2.16707909978947
-0.37268078997410786
1.9877462195189888
1.6707563947127642
-0.3045512380810279
-1.6741300606719836
-2.1388606649519697
-1.7081916399761636
-0.6173199713600579
0.025444848392640874
-0.008960568178170866
0.46532395422971046
0.9385630402915625
-0.03358960367151094
-0.9806413746197212
-0.19238800156793523
1.3956624667403932
2.198956919237194
1.3421298054115947
-0.7876065411332726
-1.5853255261154209
-0.07150877958005207
0.6315765702486971
-0.36529191922648624
-0.9954070535993473
-0.47359081479835863
-0.0158225293909673
-0.9087652028984531
-1.43795915154164
-0.29014404219974116
0.6993350200497982
0.11804017930999171
-1.159626237991364
-1.301465640913724
0.20989291790691117
1.7721690824294034
2.0106579466505994
0.9939961149826416
-0.25486206636723496
-0.1155864975776123
0.803221867177633
0.7720218582569282
0.553753592911815
1.1560257761545687
1.6846167777107257
0.965801316527439
-0.5443282161916639
-1.2468398694880054
-1.235993924890243
-1.128148000130745
-0.1398950092516312
0.6667957888117397
0.08415245024689023
-0.08253226347847722
0.5206118767209849
-0.22150830685908407
-1.64164336936329
-1.246590130217902
0.5313607707837306
1.5213130495408924
1.2942409622466453
0.8271048395626227
0.06871696757362823
-0.5407978034164778
-0.21329776195648317
-0.11993082947131738
-0.5219006782350007
-0.5786058489914163
-0.7974344486126252
-1.2188660118850707
-0.7362656781856018
0.7423726424556382
2.0136654243421206
1.5088843944568997
-0.5700984388282619
-1.7275941865552313
-1.1349490670228555
0.23373839679815464
1.638931201064157
1.4170366230063687
-0.6678886478715916
-2.43036586883396
-3.0903176606019804
-2.4754011848988338
-0.14691276502364656
2.092775194561402
2.3644501920802496
1.0458927654742656
-0.5272402526533501
-0.6895362236336829
0.36626673560183526
0.828527714463548
0.947660311645887
1.4550625673184412
1.3945224389249204
0.2440329210493175
-1.245060785616596
-1.6170455493173306
-0.5423906820866912
0.8441013293681245
1.1474885736745788
-0.6823355900473835
-2.284448467709935
-1.2842252616106775
0.39444605994353404
1.1024182620946767
1.0033577609724087
0.5719357392972529
0.4133808495486456
0.00815329411873835
-1.2296994308247127
-1.8105758740872355
-0.38856055268457
1.727994598245473
2.40515438782585
1.3680919974747436
-0.026003667762741857
-1.0232263178182368
-1.865863638269495
-2.533976581577255
-1.8895261129277099
0.6232710780594082
2.8085654387463697
2.6723274992187322
1.167021480908087
-0.09705652098070419
-1.4408202781439194
-3.034669492346588
-2.4473386444903205
0.8696761640534642
3.2352104144663074
2.4617909320539217
0.43798696563013484
-1.0610348976781165
-1.9259564838742045
-1.557983844144429
-0.5942102518457661
-0.6116751582567133
-0.617014752513245
0.6193046011430658
1.7660048125489691
0.8513805306806173
-0.9547669515127858
-0.9099600437459738
-0.2959579006728883
-0.838326704889459
-0.6680517460487084
0.7738987264447262
1.555413098758043
1.315019084743219
0.9182953267428102
0.014222281468150275
-1.2326816111787722
-1.6280256863864642
-0.9058114998197817
0.10800524610986388
0.673320732512061
1.1231566740905365
1.2937950607643223
0.10268446488571643
-1.6310206494576598
-2.031710698084404
-1.2031252840093178
-0.0037066802375278927
1.235941571455903
1.7058325876381468
0.8249267544402195
-0.4079665253452818
-1.1926229708676312
-1.1747692610100728
-0.03374670517830175
0.5448832420833208
0.13894475828518618
0.7572202407862608
1.6517307115283015
1.0511657808812456
-0.12035087016398872
-1.2731637507020168
-2.230209159149447
-1.490158800504037
0.3187955397611391
0.9897858324008987
0.7482937115455086
0.16059920491111576
-0.8609397184680374
-1.1742147660428288
-0.30808975778676195
0.9334132891858796
1.7408230871361254
1.482575765139823
0.8241644888498442
0.8147488415269535
0.9055398542112665
0.3778331811824788
-0.5482814817733609
-1.1193167219314593
-0.43166663045270404
0.4953443141427455
-0.19895472777841516
-1.3026762429053196
-1.198788951124887
-0.5902105704366566
-0.16993904377701183
0.011200283223071426
0.5337689181653985
1.1626617181739625
0.4987702324495151
-0.3082511202530785
0.5121487898508955
1.692070050582341
1.8012161615465416
0.6495740162773487
-0.7189384515212497
-0.5704630124486665
0.3348479055183161
0.47894938760866285
-0.09531166555549683
-1.123581619991136
-1.5322891787049688
-0.699167970649438
0.025043637111540513
0.17052198867741117
0.7927019887226927
1.6340503123488388
1.2669746899122638
-0.5697181962793193
-2.005698107346465
-1.4927558111331563
-0.6327405445732853
-0.31773176808765496
0.7166591023471742
1.7328266117984839
1.4328509692872797
0.22438907441551498
-0.9312626321812488
-1.6974918103925767
-1.7261821630149958
0.029319258526293093
1.8572074838663384
1.0861009708610696
-0.5614179139745035
-0.6794818497256769
-0.28919824964529334
-0.6094019838219006
-0.6860847624359118
0.0803870378427767
0.9145249408381653
1.0941511356446594
0.619835917797373
-0.055819994152229
-0.5952961551268762
-0.41457690890792737
0.17154354550215484
0.09718557134084743
0.02201721855082953
0.6316943225968948
1.1470768110727816
1.0651377793202663
0.684808805053191
0.035880586960449865
-1.0869486317703794
-1.4172245269650356
-0.02507724683129074
1.0910676193156839
0.22883425935031118
-0.7620347040627495
-0.06097620063529249
0.5416445553154255
-0.7762015932921897
-1.684921713053862
-0.31476012596343
0.5099638095782119
-0.00535229437607243
0.27769367532735717
0.49382920765846805
-0.5670880325598374
-1.3499017448891655
-0.8248304500137237
0.025328583045414483
0.3725243061529614
-0.001985861686569579
-0.20966199458972917
0.4366959882426093
0.7515730343417645
0.292152491315296
-0.35948827345813344
-0.6109961883804415
0.014095115330252341
0.8482080146649204
0.6636334993650052
-0.46699491776574775
-1.253766522687451
-0.962900046968997
0.16368862849152874
1.2242525573882908
1.0012786561917069
-0.3503143329949407
-0.6566627652862961
0.8141864155946323
1.829860602384243
1.2375508411316962
0.5568741748152121
0.35365400789047663
-0.4072139893122088
-1.4418665418948657
-1.4623847897448365
-0.4753849315409622
0.23855257373312813
0.2529969820149501
0.01090179942042017
-0.2502006463758458
-0.4122903961946601
-0.6842624117280137
-1.0135772991549805
-0.49557792156138186
0.787459644418709
1.1479684137843702
0.5352139775096635
0.05947914037944623
-0.37242796092776953
-0.2938040747906591
0.58250903242389
0.5376632451378799
-0.8036307355390921
-1.3585622185117248
-0.8236139269180419
-0.10301856690779077
0.9399656541208508
1.2182700395768296
-0.27833655994077966
-1.7115697404922687
-1.4282569444226685
-0.5338741010957722
-0.008975472440639991
0.23828611745214287
0.3896650848359405
0.9721799474443721
0.9950884424041059
-0.035152747627192546
-0.3724446260910737
0.051820082278955494
0.19612370714464877
0.1717952557963045
-0.10039714851001312
-0.5019946455447883
-0.2144094921211471
0.30642731348674324
0.13751369945636185
-0.43073594385778874
-0.9095771444960977
-0.7191707682377388
0.22283908673766703
0.5017695813815342
-0.3814516116820312
-0.7223964761348478
0.14819494961413046
0.9421019883170669
1.097424969124069
0.7197085715439668
0.09778201511105669
0.206571729673118
0.8092960826594569
0.5734772768862547
-0.2196326900520197
-0.41811685471997767
-0.16170498724135982
0.21460659416012107
0.8248800311138148
0.9562012979103627
-0.10574425369797875
-1.1010671685894071
-0.4672834932870307
0.5273458303485999
0.06027173254803629
-1.4596926511093533
-2.114137371615928
-0.5862928541315702
1.1057044087836994
0.6987991467652279
-0.49988830824943753
-0.7176241906398849
0.24468480540667806
1.3131267815540535
1.3003712997174122
0.33211601922568723
-1.3413846557838756
-2.476670857947695
-1.232369207547648
1.0241597224626398
1.6117488960710005
0.8553142173134286
0.2501692050391763
-0.17310134494111848
-0.47250551097969906
-0.41164503858688567
-0.6720504758331529
-1.714180645451326
-1.5095174006565901
0.5236432057733901
1.1069231375668036
-0.10699950702851815
-0.4407513990846177
0.2892636552963449
0.7567654828220483
0.6243410574715342
0.44405352264443854
0.4278502739302638
0.3822205882133164
0.29932869251759275
0.43492311228113384
0.659492144572551
0.2820267668814506
-0.5421480262561617
-1.1332844344767794
-0.9194825121746256
-0.1605690290285364
-0.048768732429573525
-0.5556982217204363
-0.8564846412755939
-0.6558669535464826
0.1320992225954776
0.9721074935765309
1.1524165696576483
1.1348293379772791
0.938831000667587
0.05275715003371506
-0.478907583844422
0.052222336694992946
0.5434925460085468
0.17169503530866445
-0.1346335106936931
0.37840554850804115
0.8110256477587527
0.4731600355680877
-0.2505353378851492
-0.5453033223870712
-0.226111186697816
-0.14791439838330542
-0.3552963951353036
-0.23657648521335575
-0.22120415801847812
-0.45803056394236386
-0.4206537454642724
-0.43039788037996063
-0.7326461724582831
-0.6327107496917272
0.3558558390419432
1.4748503228700982
1.253520123087404
0.0056556869780460565
-0.49264959523669155
-0.19717911050245032
0.05826441192771016
0.20938728077373267
0.09262809666569188
-0.11900898489026639
-0.022337889721891095
0.044932059874569864
-0.300325499497791
-0.8678617656544843
-1.0069159716897071
-0.3440381412817472
0.21181358901977293
-0.1510180026385453
-0.5438007361137615
-0.2527260103560403
0.027580884449446466
-0.033908642679479614
0.176954841295091
0.6578176775310736
0.684926584895512
0.45189104092434235
0.45014116713039987
0.06568635009621639
-0.9129184207606832
-1.3424553970096573
-0.39574176785029724
1.1034391750379302
1.4723281154881578
0.34821931460847877
-0.7978786572739751
-0.8726714076443651
-0.4256634314426478
-0.22883535224080637
-0.13798225995745173
0.06767236543343112
0.29390229948709745
0.46884145050280673
0.1799094448114736
-0.23465944151896445
0.09983407604263818
0.5582421303890874
0.3925399814951245
0.03281963985014381
-0.06004931883468187
0.06572315475225485
0.04403335812994351
-0.31107023691247737
-0.6030292056355739
-0.48411941698478655
-0.2957097662969323
-0.24738418706219614
0.0027916957984318513
0.3993193883848891
0.25836441499970647
-0.3724200475213322
-0.3514407292477979
0.37975720750545194
0.6259404624992002
0.3458399601776803
0.15508248507334788
-0.11267095378564417
-0.33996834925422015
-0.05629986764297574
0.10146580630782104
-0.40915196229913386
-0.29915515084697136
0.7987983914626124
1.2139993865998446
0.5090009389713565
-0.498094993087435
-1.1955602703035466
-1.2342917677022962
-0.8407096520891083
-0.28665001325997247
0.3352321443679994
0.6656006323337544
0.41135976811308783
-0.15514389888797603
-0.49634188032447046
-0.23715574045606774
0.2704450255864733
0.5329956020939586
0.7499311720569963
0.671160595653827
0.24922573336791665
0.13810830887376974
0.09252807652331897
-0.15598006101493572
-0.16725188341114539
-0.1693575145185677
-0.45713602935108866
-0.44670638970815246
0.029401121934165005
0.31000166740162455
0.33698561749827427
0.47748351240423303
0.2779375491082979
-0.5417202337337882
-1.0125133815053151
-0.42577233226818034
0.3716729413317713
0.618413751551951
0.5830946646340274
0.46982247342230105
0.281566816150721
0.2869690944316588
0.7119025551885056
0.9365492147194252
0.383177458684638
-0.3220105013534248
-0.5148848686652151
-0.3958196822357328
-0.31382013268300035
-0.2879875152930974
-0.3565948477604489
-0.56444670083657
-0.5377190783948629
0.019994487160076943
0.4538025836182813
0.10599363998404455
-0.3415626810859075
-0.235531609485975
0.0773177943420197
0.31271231558072926
0.40566162063680716
0.19928555519387953
-0.18401482692337395
-0.24728362227015607
-0.020452236341728155
0.20626935369606073
0.43216113455548155
0.6226789111062099
0.7681403312292875
0.3606242314594085
-0.6508569641704162
-0.9817065544463341
-0.3047582402491437
-0.028735913830138276
-0.35587670902231205
-0.17852120145237185
0.06934800996229769
-0.19720351607346415
-0.26735405267087453
0.03130676632389762
0.2244922454397599
0.3235405367861687
0.6092860879625771
0.7488667455119628
0.3090298905893346
-0.08653195938176649
0.27284087252142114
0.6759221894810692
0.31753362918390887
-0.21568827366333385
-0.4346551192115536
-0.4300321914882118
-0.03768325336851195
0.14915383465356585
-0.3225849737868236
-0.5280660174383305
-0.3059992799747183
0.014418208152789089
0.6780806463195094
0.9425384883923515
0.11500674026929976
-0.8540848658600902
-1.1084154810943694
-0.8342954306428375
-0.39154615893864325
0.10218624545410517
0.6737342788633742
0.9880693066835419
0.8295583388487099
0.48568427587326274
0.00962086223871019
-0.41715702808821087
-0.32349166187309647
0.169033019151149
0.3635751610722754
-0.065797989813135
-0.5606618890483789
-0.5348806539071669
-0.271826384242137
-0.22846962100322993
-0.24738386890352718
-0.08372050753035963
0.09702902394013403
0.05427172006739941
-0.13155418679671582
-0.20458504281422155
-0.038167546620355
0.254026381424745
0.36110205844620613
0.38542630499863517
0.5367496107915692
0.3829617468914954
-0.11116936638053021
-0.35507006710029926
-0.45269202326955105
-0.5709059124129098
-0.17958470032851873
0.5170058220617937
0.6583630336397334
0.12547904203928786
-0.4234218180883177
-0.5620738467122519
-0.5196204925656475
-0.3079402200322622
0.11749440145792435
0.36805225726660223
0.2942440064201634
0.07277714062537112
-0.13690576770020843
-0.20935900574564248
-0.13374082517246624
0.0642107277718946
0.3218377375871321
0.4332432577998444
0.37714104598083836
0.2108005529787582
-0.10763302481594511
-0.22003204932661505
-0.008645761564965096
0.010102226795972257
-0.14376163753962093
-0.055439920903299765
0.1654470606292227
0.13562736832345565
-0.08882122877475791
-0.20039544483894842
-0.23825435565144928
-0.21749321003845745
0.06988969893361828
0.31458325062983583
-0.01522466459901405
-0.4347603554804263
-0.22172889616903452
0.2908873490741855
0.4973053143020661
0.3386959033633263
0.13441531975345597
0.0941585574221033
0.09363498589354596
0.004470075402690903
-0.19029713547918553
-0.32869326707184604
-0.2318876483144142
-0.05308263217310583
0.07964310777211833
0.15286509660567357
0.07129919020986641
-0.08798381935886966
-0.1880155816443936
-0.28251381035245743
-0.2215729119996129
0.15039013207850171
0.3280681077439647
0.04444122526952372
-0.1329183376927008
-0.005188270339389952
0.061193387507405037
-0.012508596238632232
-0.03034131331086146
0.055607791377698605
0.07713029753365655
-0.03961924973869997
-0.10161854059510562
0.0045526934008383885
0.06643241464984628
-0.02475582802498067
0.00850863084013973
0.17555604100313796
0.051426114504995776
-0.2614304840010276
-0.3576767859035611
-0.24143635116582773
0.02880636178980443
0.15998714387407528
-0.0378217967234291
-0.16202737683811302
-0.06601851522627504
0.12732046365546462
0.28864761207075135
0.20892391371646235
-0.023124707213739295
-0.18906160443403147
-0.09480182201174348
0.18777682890001932
0.14757816219663733
-0.1653231377279344
-0.1972001110288496
-0.019150284055384013
0.03750440852677449
-0.007251146990739895
0.003932941360727243
0.09646984415172255
0.050995251848698075
-0.0798259594773359
-0.016665959177131894
0.07231153305364486
0.03013067280696408
-0.026933248516413277
-0.053864747720328066
-0.012772567632703045
0.01464930042310535
0.005108870307653332
0.0832089474874083
0.1099018783276467
0.013136270644899962
-0.02191425765624614
0.01542030335186336
0.05398073413840285
0.09641113372488515
0.08817525843963446
0.027098471593099707
-0.03213617961785194
-0.06251649835374412
-0.07135839461982034
-0.0942515707825064
-0.04670125160153775
0.03893263822842159
-0.02025185666839262
-0.11800948548846714
-0.047780699100072176
0.14186395271062174
0.21984485621408129
0.04091063111602084
-0.14120626373322748
-0.04209848054173158
0.10415422798063602
0.03893545665378153
-0.07349893338127843
-0.07925856104576375
-0.04312410626105258
-0.0180821480621652
-0.043268179389308006
-0.08591919276457856
0.012299305528084668
0.16318709420238603
0.09001558705339842
-0.13134904587120222
-0.17253551261892905
-0.02539698849608077
0.04955382944229018
0.030095310358839004
0.016601824471827523
-0.02524098024085365
-0.07312544356381373
-0.08261244572206654
-0.07311226822219313
-0.027705192681881458
0.039789284834503176
0.09230191775249368
0.09003482221661029
-0.014281530685284566
-0.10209111243149796
-0.06613907816282717
0.036303284254716975
0.10748539066572967
0.021361427815256562
-0.10128555336749945
-0.05837919731176128
0.006783699553446166
-0.036345879465526934
-0.07087319832452425
-0.013822996185353563
0.05321429239746534
0.03718190648462142
-0.0287464789623594
-0.02532730968992987
0.08421931326046689
0.11976321794589438
-0.037936077818829454
-0.1559400289892317
-0.037255379211848426
0.11188242151360737
0.08598024610632982
-0.007847770221972418
-0.05709136497861527
-0.059392660586463294
0.0026899236326552198
0.06082628292086365
0.025623010746743967
-0.006976554470060794
0.04492171629625777
0.06977314474034942
-0.007010515731613532
-0.0823448528754546
-0.050118696357973565
0.026868302896129955
0.0491555439011741
0.037390552286494766
0.026678091892436143
0.0009788158879716782
-0.042074944340644835
-0.04508850737563025
0.010654069205158307
0.05055357217314885
0.06340737326476346
0.07041808384916949
0.022333469412941703
-0.06143070946983356
-0.07632058012981216
-0.011736891873255122
0.054664556180978555
0.05119535524799655
-0.022646384836709364
-0.046946282598634786
0.0008279669076667643
0.006550954010831662
-0.02768787316004488
-0.02466190589708308
0.02705521147112697
0.049602601067361266
-0.000963750580176232
-0.03236736657289213
-0.0005202068504618578
0.013991588387911423
-0.027692795311999103
-0.05646156785195702
-0.010435675533060454
0.03688713999552734
-0.00022713622323666707
-0.0387185473739415
-0.01808857404028981
-0.012995702490268083
-0.02422856171230351
-0.015358684740615134
-0.0017572605284147857
-0.0033280668617356847
-0.025042150358549984
-0.011747005761630201
0.015773186706587526
-0.020104002451149267
-0.0611009235744797
-0.04684507630903851
0.0026285214374002536
0.038994322470008835
0.02011941201639492
-0.025007046335486113
-0.04828311781992668
-0.023320388341308968
0.00932990146736988
-0.0006503285941390271
0.00554809133569182
0.034291426977435174
0.016433156476259606
-0.03591198637246299
-0.05548904207297228
-0.011834156198743652
0.0369045953799124
0.03993188768243947
0.00785142563643266
-0.02219503969472295
0.0011615923873355453
0.026421136632070255
-0.002880474311503554
-0.008014135467980864
0.032900023159260466
0.04807516809058706
0.013343910833386626
-0.01972350275154596
0.0005577761309524345
0.02645864179886391
0.012283605585961463
-0.0023544712088451954
0.01185579441353316
0.03383448110533342
0.019567509612024553
-0.01005828902388351
0.006723958422121741
0.03215328630193149
0.014683374881489858
-0.0031371544826278284
0.003917777095264185
0.014655908051794923
0.012904412024549932
0.0011379928641887852
0.007837706472085168
0.01102848761636685
-0.015757572893176947
-0.024788524614095746
0.0017896024622163934
0.02844075856255032
0.021004946253199475
-0.009290115046673342
-0.015891391946934605
-0.0051750479832349166
-0.0021401147240470704
-0.0012749509198994508
0.0002571177222182862
0.006812124891160833
0.005550234720472198
-0.020189951858557563
-0.032126065931310975
-0.009728448866732502
0.005655149318393266
0.0007245088488894765
-0.006788941864264035
-0.009344165051747596
-0.010965862908379522
-0.010988009125279795
-0.005573750413503754
-0.00977129754819175
-0.009150685412388318
0.005774951765985563
-0.0032380658374888452
-0.02181991719276263
-0.014702330563527332
-0.0008055625716226554
-0.0008235692334096351
-0.00770745718811403
-0.0060398710193947155
-0.0035888298533141025
-0.007073885605346145
-0.006091018669289451
-0.006161921880653776
-0.005112336294703459
-0.0019460279199940626
-0.00732451420700519
-0.008419878763212438
-0.004643501118640259
-0.005136579257748366
-0.002181100449903317
0.0013138362714961542
0.00283702826235141
-0.002633961058636609
-0.010228528679493403
0.000489165728543843
0.013395157191740443
0.009202424139338077
-8.222719848036251e-05
-0.00010186663211619584
0.006641257599520529
0.0027205488635453725
-0.003081247414689627
0.005453546493824569
0.011946661293616679
0.007712477950413536
0.0012362568671284253
-0.0019954683286546515
0.003929031789355189
0.011215966979979744
0.00993604927298224
0.010159573107984435
0.013950041733597528
0.01266383731742214
0.007527420143133947
0.005988722254883275
0.011893895002448423
0.013403632652619152
0.008373165602094406
0.008946886043532306
0.00818945268346946
0.004268582534223679
0.00650026917188318
0.010191779095234804
0.01160944447439047
0.00966796139960212
0.004716434499750037
0.0027802353779989818
0.004424757548277675
0.007877873572219174
0.007163752265115438
0.0008904683257652295
0.0012938953245780194
0.0046127848199584605
0.0012476016819607334
-0.002483425433014062
-0.002329262964507726
0.0015497770469335907
0.001169229651693324
-0.00583968320040469
-0.009336623479426688
-0.007824617394447682
-0.0020036424513029095
-0.0009391148301911736
-0.010148659623083088
-0.012323180740532833
-0.006312098249905035
-0.006549742889423418
-0.011590791013814652
-0.01134136304191977
-0.005585116864619742
-0.005674494117403341
-0.010879927714514567
-0.012753574826293256
-0.01196379478487301
-0.008696426551555813
-0.007488222445582482
-0.010056160061223795
-0.008200927012362361
-0.005630282802771999
-0.007723063187967312
-0.009010909175305714
-0.006964362789308502
-0.003753496522265698
-0.003248473927210214
-0.00449027264665979
-0.0037217747386344147
-0.0030545444749330904
-0.0029500262640315875
-0.0019574151051581366
-0.0003572480324977949
0.0014792713006126787
0.0010514269237252545
-0.00034369844307330236
0.0007606422688468706
0.0028956114371603107
0.004581532368701496
0.005232757556729604
0.004715665366810707
0.005355613336638808
0.006380515157985258
0.005729530781472449
0.006055234297591704
0.008445023794775911
0.009630741747485646
0.0074916151326649355
0.0052240525719014445
0.006443554673438408
0.008377851294602733
0.008939148859923026
0.008595344390150493
0.00683666834814086
0.006727679527434488
0.008192485967311827
0.006735870471216969
0.005187127003514145
0.007258910530115956
0.009106579010650418
0.007048991572624638
0.003944382932337197
0.0035683659389794216
0.004496977509477512
0.005247402935337607
0.005373575950669863
0.003848737169528306
0.0032711354579454794
0.0037236853978584753
0.002392309180530517
0.001306245212643943
0.001455454581384265
0.0012873556470079132
0.0006861069289766609
0.00032386922058456305
0.0006452197024147471
7.036612269033811e-05
-0.0013014525174840027
-0.001588071817757315
-0.0013493482714304291
-0.0012948567371907783
-0.0020846980288068717
-0.0030840618776465448
-0.0028675165070192925
-0.0027788076592259103
-0.0032601003157657353
-0.003878218969603024
-0.0047768951358455785
-0.004916002651771959
-0.004455915580379367
-0.0044208447919914795
-0.004978873338556956
-0.005622262900564261
-0.005619562435657414
-0.0056630755228376925
-0.005905452934917234
-0.0055295264961777515
-0.00505678326266917
-0.004863812974380134
-0.004918360799315356
-0.005394910408845205
-0.005641237968155547
-0.005318970747930537
-0.005065386877883762
-0.004895062658871495
-0.004468777323149642
-0.004500601790042723
-0.005469234211878351
-0.006096471774259223
-0.005453769002961861
-0.004531026375737916
-0.0041125658696649844
-0.003628921509249994
-0.0028479300664654996
-0.0018870872171980414
-0.0008529717816093033
-0.0005764943120161621
-0.0008864781173978836
-0.0005502736097038218
0.0007655948486311356
0.002264335236614568
0.002616738893489141
0.0020266883420346094
0.0020032271648315523
0.002919420105565188
0.004039857177884549
0.004497450706624894
0.004759938790314416
0.0056876406191171975
0.006456899144465184
0.006371686711646506
0.0059243425609258405
0.005825068018827716
0.006265462887953358
0.006915932084175273
0.007669433428184651
0.008089861601811835
0.007741906713464326
0.007229670362693629
0.007191153414938591
0.00753877759587654
0.007515772758002904
0.006752336489689469
0.005926642790317673
0.005516846735561379
0.005393983970411915
0.00506960072003624
0.004333193924427992
0.003808690523089547
0.003812093478811375
0.0037439443132756627
0.0030249967273140374
0.0019271605491611203
0.001121169777587187
0.0005556436254861942
-0.00022249319432914773
-0.00118369895974142
-0.0018653401448076956
-0.0020898290264263044
-0.002345551342576938
-0.0028754865862936564
-0.003464964709306093
-0.004182477514178953
-0.005016905722944504
-0.0055264296946019795
-0.005524682801872299
-0.005583794379140865
-0.006196195296709774
-0.006909396771352151
-0.00715769060450809
-0.007147307624276508
-0.007252927513693649
-0.007258469661169579
-0.006929214192422151
-0.006425022029684429
-0.006083759410825161
-0.006288640104194209
-0.006784198248744328
-0.006847687798478733
-0.006173969694765795
-0.00515235994354421
-0.0045423569431429995
-0.0045030468046716714
-0.004477613918253007
-0.004140804292878387
-0.0036698531089435003
-0.003040402989315455
-0.001874923158773944
-0.0005353263878286886
4.546400720241339e-05
-9.029901917858428e-05
-0.0002427284603160649
-0.00011912301022780938
0.00028210620163394333
0.0009211460383506219
0.0017467082005636135
0.0024711124030913035
0.0027022820110364776
0.0026620402171584558
0.002892074338992495
0.0033455400643543237
0.003648960240942731
0.0037671248422835807
0.003925665274338923
0.004193860941337551
0.004409902537552277
0.0044846593571440255
0.00437520815006264
0.004196021791729076
0.004440901635632857
0.005040451924054775
0.0051901437910811055
0.004832452197421525
0.004537270966196874
0.004329339755894351
0.0038864048812665775
0.003302591459840213
0.003253386158247401
0.003857522595638948
0.004204251702052355
0.003928482749069179
0.003521963280889562
0.003084643906408029
0.002415238533583296
0.0017273310262999506
0.0013902285893882243
0.0013699832778938735
0.00126103731512385
0.0009108381196429054
0.000617084047003225
0.00046396739465562803
0.00030148388778255034
0.00014041039149046574
9.5569925121819e-05
0.000286877810833059
0.0004294888389250255
0.00016225006822127906
-0.0003966087704784498
-0.0009710208487531538
-0.0011274130337732098
-0.0007941893226029078
-0.0005773185122041352
-0.0007230595370751285
-0.0011099434773265292
-0.0017785809279920847
-0.0025881248979778017
-0.003131866305407572
-0.0030283812022392546
-0.002527202194468662
-0.002511175124060556
-0.003100076072117637
-0.003477034231616698
-0.003436317510352798
-0.0035592417375689706
-0.0039701917175844715
-0.004216586226591018
-0.004096743008632589
-0.003832243747495828
-0.0037969797457222914
-0.00414716167212338
-0.00456160203298374
-0.004668050949139463
-0.0045187165652960555
-0.004375715195634393
-0.0043086672490937625
-0.004121608094143314
-0.0036656931102405023
-0.003170309752394904
-0.0029704201176629836
-0.002988793088784723
-0.00285231863164909
-0.0023596456398728215
-0.0016822605608297861
-0.0011929445787814263
-0.001216269610862892
-0.0017659811455186809
-0.002164748355543307
-0.0016450636209398917
-0.0004920770390871179
0.0004004654111110803
0.0007617564866007003
0.0010232970696860185
0.0014813037282901459
0.0019238071427982919
0.002186113243133886
0.0023881844817222127
0.00268818569239836
0.0032359625389029698
0.0039002218358042007
0.004320065474605297
0.004486558710792144
0.0047212960762633574
0.005152088196733434
0.005620657101621493
0.005836029561430461
0.0056605852071807215
0.005388563084544033
0.0052865465323735945
0.005340859533472687
0.005412896555851137
0.005374416260791981
0.005376696801904685
0.005504477389097845
0.005510728448484375
0.005140648670769259
0.0042474126831277825
0.003186165582617617
0.0027512530459699977
0.0028510938479284096
0.0026468929722419632
0.0020130579762868738
0.0014377237636201128
0.0011157739906155996
0.0008012442120829849
0.0003257387061468131
-0.0001713976006986631
-0.00047357085393057776
-0.0005736390382383192
-0.0008384895037639789
-0.0015051996392977487
-0.002258494881726898
-0.002877922553030089
-0.003485046939751085
-0.0038750152146454437
-0.0038913803073730574
-0.003961491326333806
-0.0043631228236036814
-0.004945375138614733
-0.005438332523070621
-0.005621143711980871
-0.005495803954796788
-0.005244218625762134
-0.00503253847676669
-0.004823878572936478
-0.004713654416215093
-0.005087556869297955
-0.005649863155496827
-0.005487746220344271
-0.004601011138134034
-0.0037303509148600054
-0.0031842490970640414
-0.002916709174092903
-0.0027872755147135956
-0.002580209481746857
-0.002258091709116087
-0.001825614888072821
-0.0011573486804183004
-0.000505222417896167
-0.00033287349256096106
-0.00041223063552264273
-0.00015503325571881578
0.00034076465457737296
0.000659164523179276
0.0009677643713495095
0.0014543892351109803
0.0017690054125449098
0.0017591444459201025
0.001684488522059073
0.0017135729327095678
0.001886314399930721
0.002090805192223074
0.002212017139239053
0.002522663541313507
0.0032292788811606205
0.003738982968363908
0.0034018775663283425
0.002710207039991333
0.002479635836834922
0.002620842326996022
0.0027778743603452155
0.0029200762450299726
0.0029428025734825987
0.002767889915872617
0.002537158894841318
0.0023692268350529394
0.0022894741966907766
0.0024048109437662768
0.002673071279702384
0.002646118633214747
0.00226092520477061
0.0019389596830443044
0.0016481648268683057
0.001268880231413458
0.0011179958998403445
0.0013671018718345181
0.0018647672522831323
0.002151637816069238
0.0017142692159846323
0.0009067056875500153
0.0004849815053945184
0.00046590792579904533
0.0006132426666590745
0.0009622769541848083
0.001384324478675443
0.0014697068762793014
0.0010306797746850618
0.0004671408919505656
0.00021503967576685335
0.00024310080589644024
0.0003362224180931632
0.000251451737873725
-1.975214726747326e-05
-0.00011393535567159579
-6.952839899721956e-05
-0.00044797813211053196
-0.0012335300740308178
-0.0017727874956917757
-0.0019459756734406248
-0.0020033620215520564
-0.0018107938842153463
-0.0015773913348626212
-0.0018809367135223544
-0.0025920046681637203
-0.0031272143980372313
-0.0032595884627053106
-0.0030720880207857166
-0.0028411740488409063
-0.0029081402035483553
-0.003233615104436531
-0.003610113744282414
-0.004018155585583241
-0.0043614332682598836
-0.004278568437958869
-0.003554310943254019
-0.0027464801616961724
-0.002639318753989399
-0.003139832771953249
-0.003612105308583899
-0.003805867565483505
-0.003763555985266833
-0.0033965201189000674
-0.002689500025155712
-0.002000399698260754
-0.0017868795851545866
-0.0020272055451086434
-0.002167263687771509
-0.0018596219161048308
-0.0013217607657439226
-0.000732841532013315
-9.351792608661852e-05
0.00038977849990413975
0.0005530333399201214
0.0005821520784234465
0.0008989835578184891
0.0018234199963821887
0.0030468738566741538
0.0038707993564786854
0.004209567341538687
0.0044683091002760975
0.004643678037467388
0.004525787971860928
0.00434810979815857
0.004538742965389692
0.005017438029949372
0.005306070129189115
0.005289430467312485
0.0052390595577468954
0.0052828109825127905
0.005320231150615697
0.005178685745098635
0.0047431745808413335
0.004264821738052576
0.004223562667211861
0.004461340012645628
0.00423282462899479
0.0035008884064297503
0.0028495047838032676
0.0023468616947369715
0.001927773249987783
0.0017332681363105965
0.0014499067787891338
0.0006111547426137544
-0.0005600042919260181
-0.0014327371619505518
-0.0017667944776054779
-0.0017528564380525939
-0.0016090436298292665
-0.0014307524314281555
-0.001417189748137147
-0.0017989802958900854
-0.0025753418887750797
-0.0035140784256286564
-0.004023253553824016
-0.0037927868540345373
-0.003325855121366112
-0.0031293298679214553
-0.003392692505781588
-0.00403478690379225
-0.004575822511406668
-0.004747585558851846
-0.004731861574577556
-0.004624353862654745
-0.004258625563142135
-0.0035784973869298227
-0.0029383240355279868
-0.0026290187359872237
-0.0025366118158446217
-0.002386174290973056
-0.0019112418652752114
-0.0011708897629987497
-0.0006270345044068908
-0.0005474392391451669
-0.0007012167488230684
-0.0006671123194952925
-0.0001817911420139352
0.0003719308326531216
0.00047723628778409497
0.0005729152618975833
0.001097654838862077
0.001469756348251391
0.0010608892289557953
8.666239024270976e-05
-0.0006836709014793559
-0.0007818185524421982
-0.00034348992345252104
0.00025016637977085226
0.000595922666068162
0.0006132450541431803
0.0005334615327485615
0.00033005531757217895
-5.967596643834998e-05
-0.0002623419708732845
5.2111584295707314e-05
0.0006773778318020456
0.0011229292585170226
0.0009829500170910506
0.0002963441096083363
-0.000341369078378827
-0.00032639417540234546
0.0003573833654537336
0.001032695781463152
0.001116057548991591
0.0008939993859543128
0.0008769504910729897
0.0009792979912872154
0.0010052808420569553
