0.0
0.0
0.0
0.0
0.0
0.0
0.0
0.0
0.0
0.0
0.0
0.0
0.0
0.0
0.0
0.0
0.0
0.0
0.0
0.0
0.0
0.0
0.0
0.0
0.0
0.0
0.0
0.0
0.0
0.0
0.0
0.0
0.0
0.0
0.0
0.0
0.0
0.0
0.0
0.0
0.0
0.0
0.0
0.0
0.0
0.0
0.0
0.0
0.0
0.0
0.0
0.0
0.0
0.0
0.0
0.0
0.0
0.0
0.0
0.0
0.0
0.0
0.0
0.0
0.0
0.0
0.0
0.0
0.0
0.0
0.0
0.0
0.0
0.0
0.0
0.0
0.0
0.0
0.0
0.0
0.0
0.0
0.0
0.0
0.0
0.0
0.0
0.0
0.0
0.0
0.0
0.0
0.0
0.0
0.0
0.0
0.0
0.0
0.0
0.0
0.0
0.0
0.0
0.0
0.0
0.0
0.0
0.0
0.0
0.0
0.0
0.0
0.0
0.0
0.0
0.0
0.0
0.0
0.0
0.0
0.0
0.0
0.0
0.0
0.0
0.0
0.0
0.0
0.0
0.0
0.0
0.0
0.0
0.0
0.0
0.0
0.0
0.0
0.0
0.0
0.0
0.0
0.0
0.0
0.0
0.0
0.0
0.0
0.0
0.0
0.0
0.0
0.0
0.0
0.0
0.0
0.0
0.0
0.0
0.0
0.0
0.0
0.0
0.0
0.0
0.0
0.0
0.0
0.0
0.0
0.0
0.0
0.0
0.0
0.0
0.0
0.0
0.0
0.0
0.0
0.0
0.0
0.0
0.0
0.0
0.0
0.0
0.0
0.0
0.0
0.0
0.0
0.0
0.0
0.0
0.0
0.0
0.0
0.0
0.0
0.0
0.0
0.0
0.0
0.0
0.0
0.0
0.0
0.0
0.0
0.0
0.0
0.0
0.0
0.0
0.0
0.0
0.0
0.0
0.0
0.0
0.0
0.0
0.0
0.0
0.0
0.0
0.0
0.0
0.0
0.0
0.0
0.0
0.0
0.0
-2.366146731673765e-06
-8.556831886915242e-06
-2.1334050957435865e-05
-4.309112459880204e-05
0.00021472579467780276
0.0011804266234126093
0.002170336491236414
0.0012776142295256793
-0.001604552714353852
-0.0031274848562446865
-0.0016316859208236458
0.00011219560864705282
0.00041412776694159115
0.00025246350808189326
0.0001676428875784668
0.0001004549521473763
3.098163739095382e-05
-4.54930205493807e-05
0.0005082693479378483
0.00257431548211237
0.005400900645798696
0.005997875482586698
0.0030686787125696244
0.0010405485889105493
0.002545222593731032
0.005059465716234334
0.004723620074998003
-0.0010556543321406347
-0.005184373250722912
-0.0011107192379885094
0.0032111597379115005
0.002393155176122648
0.0022351644148615765
0.005505545732870669
0.011698675860788146
0.013568164414565079
-0.002248844953798483
-0.02538374212837456
-0.02330707424028514
0.003731056268472028
0.017267828599035084
0.00798199774387784
-0.004879624976263433
-0.009349147425475773
0.0009776581725404114
0.009025255479202864
0.0011684934016011031
-0.005439866201726881
-0.011682007128818719
-0.02055177711215917
-0.01081328119318488
0.006649753568121278
0.00681556844292595
0.001105869098261213
0.005384409163816535
0.008840385788765077
0.0003779816362059862
-0.005830876876933185
-0.0010206375834858636
0.0030548161173712053
0.00037127723481910035
-0.001181635077183768
0.00941702618676019
0.023829851150344
0.023364338465768762
0.010654325515217937
-0.008191683179746003
-0.028348880115022346
-0.024897680973212332
0.012301508388068217
0.035661504540914955
0.01084155370463082
-0.016519582902841383
-0.016822595468557355
-0.012188383757471697
0.004366808234404397
0.023944663899878454
-0.002237690371735872
-0.04297796604598689
-0.02727766183555348
0.016385616777448472
0.015546027970664556
-0.02447585401370691
-0.03538242689831654
-0.002475148388607301
0.009034805775416292
-0.008854163505381435
0.0043102614129465625
0.029500747943289593
0.020160202836447694
-0.000679691382976184
-0.005318828314926882
0.004227124443222638
0.014871589221496805
0.01710915077366534
0.015667024197604774
0.0223665896045867
0.02601638274055203
0.011154767642376376
-0.015533506436318015
-0.046182865292244364
-0.05003089044219995
0.0029333815991574182
0.05812062014502567
0.040279444886267515
-0.02430948848585495
-0.07548454573180448
-0.07632215879599065
-0.009393694728559313
0.03605853049887291
-0.006168731714073145
-0.04798296467490619
-0.03492255525916958
0.007592635462558395
0.05361789721450027
0.06979009279430583
0.03410904986606834
-0.03991985465270388
-0.0887484000750974
-0.054724226219545744
0.030100853959654388
0.0823460356985034
0.05820820180715733
0.008553461145210864
-0.019261101934410704
-0.03631428410081077
-0.034630355722131405
-0.01736322779940933
-0.00030861214803239536
-0.003389008799476215
-0.019761334317589804
-0.014373316326086228
-0.004541707485134466
-0.01843191401497015
-0.03921954264399146
-0.03290439682467419
0.004598473386291727
0.012609799501309108
-0.028713873550981848
-0.03601022240639602
-0.00795173846938344
-0.03289210461647847
-0.0993920449841498
-0.12081044649133187
-0.05813107195086137
0.031086711066538177
0.05687561844650719
0.003927015909002838
-0.06387877368066562
-0.1079956535084477
-0.11877709727019753
-0.07433864578806736
-0.015978157225352292
0.0006906305337863992
-0.027999595659014203
-0.07993629893543903
-0.09660076002804692
-0.05957581275738823
-0.020057304600174273
-0.004418953454805837
-0.021534920712844758
-0.05063632027207523
-0.0356627786362817
0.016585736842028895
0.05597998193301048
0.07080666955549944
0.04097857817592272
-0.045754116293319526
-0.1153063859634559
-0.11030777837782393
-0.06036475247676847
-0.02866521325746326
-0.06414051489004151
-0.125581206389525
-0.13486272157831633
-0.07488474406695071
-0.004504255634933652
-0.02006417993168436
-0.07937103206506098
-0.01848870623914028
0.1510026721399486
0.2318214210288165
0.12149691952044708
-0.07737834892825517
-0.16868544818664177
-0.05141992021377898
0.18469870005949054
0.2295114079908983
-0.07370469528972873
-0.35821227070375544
-0.1984611079087498
0.35669704534654834
0.8013880924312727
0.6751485924980173
0.20791465264900807
-0.09644697325830257
-0.23612971168087904
-0.19852936482953337
-0.03835488520179858
-0.05245114212196658
-0.1404203473454597
-0.20408434856114846
-0.14845124205358756
0.14537901173139323
0.3495756107277977
0.06519483693440457
-0.5529585169667214
-0.7913119524002374
-0.4681286897499897
0.0433988283774758
0.5161533925357756
0.5023919649307179
-0.12634530240530847
-0.5175132714120491
0.008885256657931944
0.6672442578538056
0.5723336927784743
0.24294687690316227
0.06124960204422743
0.00546281195447971
0.3677057214037701
0.6666543750778813
0.1503185636877269
-0.8906767007101163
-1.1350232770797621
-0.10503396808319909
0.6300145376793895
0.2575633676947662
-0.25302518652724487
-0.34638121002906236
-0.1723690451498296
0.11986355941426831
0.25225725721754116
0.13153621046550487
-0.21855202675618093
-0.6244588614077993
-0.4893996152755596
-0.01661890621026324
0.3579498112439362
0.7227029456729224
0.6253960347335967
-0.04677903667167026
-0.46774324485283575
-0.2699387540080001
0.07102938921047923
0.0072818831978607
-0.3022230783010315
0.0065569023973155015
0.8082180616846306
0.7490669537279133
-0.1239719361658858
-0.47244327331402985
-0.0875942997402595
0.26483878696551616
0.0972343989533122
-0.41645077716031187
-0.6090678307901848
-0.2697979921265822
0.07003677013752238
0.28318039647425247
0.3326664402602628
-0.04179778926617522
-0.5077937615173259
-0.5580551495704225
0.02419737967312567
0.892836159948201
1.266381438075423
0.8473651785040862
0.29927268334620893
0.3589796410838596
0.6096197550701018
0.1935681039558117
-0.7114378042217913
-1.1235319370177157
-0.950902437985734
-0.520128110399627
0.4617604549608141
1.6424161358986908
1.6973917209645353
0.15851999921698348
-1.5527711183022836
-1.8306573696480974
-0.3135910262862637
1.3154204334959214
1.1866716254487637
0.1534038680596039
-0.3310491696048464
-0.14101837584603535
0.7122592472852243
1.4224675443792332
-0.01959250268973978
-2.036884274229201
-1.1199907578716481
1.1088071360672134
1.503696191321942
0.5745966774255283
0.34961048420865076
0.526370953129929
-0.01653460890942132
-0.193821143188553
0.5046376500027464
0.635692261062639
-0.40968844923156666
-1.161546502418907
-0.295502509281768
1.15503348015789
1.1628923648394727
0.0003842172425905451
-1.2674212997680774
-2.0454340659928567
-1.471216385365887
-0.8721525663121269
-1.3365181021756163
-1.6879265982263474
-0.5817544080594946
1.2942205167413352
1.5074455678074634
0.4643184592313543
0.016337235513765463
-0.08944564061063526
-0.6707441380908363
-0.6881474693769573
1.0425014755171307
2.316741958892944
1.4856290779941876
0.05059499579438807
-0.9182833646940676
-1.0412384429781651
-0.6154662863442605
-0.6126109353644689
-0.8338999673308166
-0.6972382702729032
-0.21265521872747684
0.7459398277912647
1.359756384175662
0.3816310945263406
-1.2927361685840022
-2.094625244509512
-1.0789705143419956
0.9723324649563453
1.992030878274771
1.7100776630971304
1.0965096012792088
0.6526705503369342
-0.6140585685592954
-2.1555678893576156
-1.646417956260722
-0.14809905151647154
0.40284692084886303
0.6421918583146087
0.5930436548919118
-0.30422102296442644
-0.5342995844981528
0.4272710827249836
0.43074462123641877
-1.3201888702168207
-2.6095319254636054
-1.1787126472862512
1.6947411509546342
2.40926136183581
0.37232756152581725
-1.2755722328298087
-0.7727773093883341
0.30786850242156455
0.22506885053016723
-0.28379792235182155
-0.032794340220727226
0.004731606670261143
-0.37884278440263097
0.16880959267434273
1.2327540036091598
1.5243272480497778
1.3408922340706213
1.1518773409427323
-0.42783519084738436
-2.8511989488063487
-2.08064795899236
1.4798575769948572
3.1976890040555555
2.0351745250157074
-0.6884567796796321
-3.2530757910164994
-3.0364875669596945
-0.08093094971259514
2.4918299239001236
3.023744407681468
1.8756122161789708
-0.4210305468911197
-2.2638679593631905
-1.7360519203247535
-0.26552959485394345
-0.6381374923633911
-1.7084495878439625
-0.9827438728280953
1.4383430019396624
3.015394174916997
1.4960022055221507
-0.7108146912026935
-0.3592532622732141
1.2382691921598652
1.347116607873132
-0.5296171938095383
-2.085521948832733
-1.5462942249580514
-0.3774217044738281
-0.11923280514025048
0.2226612131388502
1.525967164772253
1.883618738833244
0.6008376760564186
-0.6585896039757325
-1.7243395709804428
-1.3054829444614011
1.3251105789801176
2.7280738983590798
1.5863224304586567
-0.00396748181810536
-0.45069365292662544
0.8011334690284388
1.8292073815376355
0.17625722879420272
-2.3554402926015854
-2.3281403341481437
-0.36364950614928154
0.5052491885289618
-0.6928378879193583
-2.1386260720040764
-1.2853598805564237
1.2212017786884906
2.177523094453204
0.8672134778637142
-0.11140912523072471
0.37007539900598013
0.9691405940271653
1.2843536884176023
0.3333424281048692
-1.4011361424859627
-1.406417991801905
-0.36051274235464387
0.16016514256049075
0.13424603670886978
0.5321165096151678
1.834632774669318
2.1867193404578407
0.7426680712596284
-0.6937907267795168
-1.59744937973931
-2.787727838515142
-2.4698922278848343
-0.3748817758272622
-0.09766355931427217
-0.7642440772819568
0.43672124142337304
1.9224317713387242
1.5683340294468728
-1.0154459190090008
-3.4116198995344695
-2.8440472533453787
0.27965793576846165
2.66772360519582
1.5382823244348398
-0.3593422550671226
-0.42860631998493326
-0.23737404216489308
-0.0058611176442588606
0.6899575198741322
0.9301621901375918
0.07424057193643868
-1.2832584807237295
-1.7086747305200582
-0.8079245247640545
0.36784242252944144
0.70357704830985
1.0252865892504328
1.8231827590192304
1.0524624438857857
-0.1835060105062324
0.5602483096684981
0.9432261600736785
-0.7644188584563678
-1.880381997172584
-0.9461141912749453
-0.2834583045753584
-1.2934493590998617
-1.7966085137215642
-0.2891925072530347
1.2748660670913234
0.8619572186513546
-0.6815804476056349
-1.1998093176798623
-0.7961948556233327
-0.16891547820181557
0.955132003313962
0.8421022226566396
-1.239074101846466
-2.2512431199098066
-0.9107474085083088
0.2487971830697519
0.15787742912379618
0.6620344608076766
1.4361316833156865
-0.14953244883476258
-2.8033512890388916
-2.3772900238919434
0.9694582912775724
3.303334536259206
1.876359560315226
-1.2312329754221238
-1.447202604421165
0.08587254702067604
-0.10236612966350171
-0.004588229555803886
2.252836650636545
2.818961209335166
0.19617100028434079
-1.3391375927470701
-0.9772534616091869
-0.4093804563036684
0.855342051251291
1.2241124325684312
-0.1575960263166635
-0.35707127824068696
0.9147613279612474
1.2954565247273224
0.5813539961966707
-0.012203797632136457
-0.25756201233207704
-0.8453293668599496
-1.0757269004912817
0.12639796100288114
1.119377821562411
0.27562179950427285
-1.0970773884709368
-1.557113450873108
-1.9971641162448286
-2.50030034281852
-1.3503135319343713
0.2655712260839761
0.5783747604991986
0.8116730987799327
1.424931871464775
0.983890469175216
-0.39563195612803553
-0.5151623450260202
0.6638473527267293
0.5502304025436865
-0.45084627757270135
0.45974369904482676
2.171013440889809
2.5925650663649797
1.7783510060236434
-0.34843218575460044
-1.7723559560539401
-0.9917094830432299
-0.09514266921191286
0.09334046259084536
0.6467682646291782
0.8311738139147454
-0.8723352662521233
-2.206726343801145
-0.2325947128746134
1.6324237055391417
0.25326198067681904
-0.724618815093082
0.3072206036935963
0.6116251536949103
-0.04165990753624136
-0.24086746229766423
-0.10654465402309408
0.13532758722539676
0.4447018952986437
-0.03472249433789424
-0.6029836397494334
0.0432075336365759
0.9517729864545926
1.1783299384676238
0.6096188619840639
-0.5354594656490771
-1.0057794898727188
-0.765752060727005
-1.00431686748715
-0.850242916899868
0.027707320935273692
0.1153534987137188
-0.4680909067187079
-0.5770264353126392
0.09475481278316139
1.1701339791723273
1.6303921908860155
0.3170521769839063
-1.4932460884679426
-1.020607483453809
1.1689570180205002
2.102613351196498
1.0981117276800232
0.14381823485999798
0.2566940457941554
0.2141154179856988
-0.1778603624922671
-0.15275169591191248
-0.26045766562898903
-0.17076757546398397
0.6138512989894489
0.506118939206924
-0.582927706007413
-1.0777434503270258
-0.6645643263116898
-0.1640815971746115
-0.4030323620706171
-0.6139640602117762
-0.32917999761695377
-0.31935577868902865
-0.3184935804553069
-0.41001840442671644
-0.8952436554415917
-0.7639646970735211
0.39019184659430856
1.4925327020443113
1.3416233764288772
0.4836615825500252
0.3118928148217014
0.3911030925269716
-0.5828907174594835
-1.7435224562747285
-1.2561611052209953
-0.11470350981801783
0.3335119982621667
1.165661443849362
2.2408084893474927
1.4421447897580442
-1.0227278532870352
-2.132839503706902
-0.9424256871755166
0.15981877104226833
-0.1314491459586976
-0.7235739435408226
-0.7581972565324904
-0.2005527906364417
0.3110894091153268
-0.20283355463887195
-0.9330453045710111
-0.21756327609797638
0.7860200143359988
-0.04031621074323789
-1.0822272794242878
0.2101678413404115
1.8948154407405047
0.9336211022944483
-1.1255869611641043
-1.68098935407545
-1.2119745637017303
-0.6081381272940396
-0.08594519504467535
-0.21162223688709828
-0.6383791586637502
-0.4333595426622535
0.08926979203749638
0.6366394099308732
1.6294776910133086
2.1933664024644384
0.908573230907223
-0.9409127288209209
-0.8821979349658332
0.38788799321542955
0.4991661405015799
-0.4691650962528063
-0.41033499094497466
0.5450333528548942
0.5681234888785377
0.4963636851373352
0.8476784534808535
0.028234768798357315
-1.1574159296316855
-0.7725418175931884
0.4148833179184938
0.5572256103487992
-0.2673882010306935
-0.2800326563438229
0.617656145867422
0.5374227770090811
0.06553010013395016
0.48736730995618144
0.06215975781933009
-1.2746384276581737
-0.9170018984888878
0.9619760664728386
1.719170139482318
0.49350845627889905
-1.36075972207309
-1.6983820036648858
0.10903465957196957
1.9047455114424903
2.27704552773198
1.2297520502411314
-0.7078438698767159
-1.8069294591166232
-1.2440132835679585
0.1378518428677358
1.133083619651791
1.1681336702343845
0.22844591843030387
-0.7034589965587389
-0.21405457538791176
1.1346432744079264
2.012742992767805
1.4726011458424344
-0.3352714034557962
-1.2910838098476158
-0.7043360648404252
-0.1799875172698123
-0.1074455500814242
0.4479404314088561
0.901482530498722
0.14748690691698407
-0.6720493280342986
-0.2974079037303956
0.20985583132110547
-0.8417647244957546
-2.831127302877909
-2.894323302933944
-0.4031330564446445
1.7445606182078282
2.061907394516139
0.9855916541326617
-0.8287381512812501
-0.8233175152603484
0.6423522812994423
0.2973524178164049
-0.7148847006616943
-0.616843499190263
-0.30711149606188276
0.4353258622358845
1.211131783940006
0.11219745395099436
-1.2586963798005046
-0.277525998841151
1.207823431529078
0.869849422134477
-0.19320182947876263
-0.09564325021901676
0.6351513547322314
0.8241380012005025
0.9002760718115489
0.31128290474766446
-1.1300342021119838
-1.6250888078202843
-0.7173319760631133
0.5720855876978131
0.875849188374497
-0.4432746794753
-1.545248862181205
-0.5610348293901939
0.953936748402875
0.778208907112247
-0.7155669709108136
-1.4741919362883569
-0.586718503098554
0.22150407197541588
0.08367798727963786
-0.10412634156759272
-0.3288447079506817
-0.415353099125695
0.0806231295576218
0.5499828900311257
0.6709401117755188
0.7896631389126301
0.4638645295521691
-0.5176388488655458
-0.5384820323781013
0.36852277443386466
0.00410665029496565
-0.5802097409491308
0.3973140545545415
1.0995255370214054
0.6352652849908907
0.53479316380314
0.756411777834618
0.30294030819184525
-0.5490430441142712
-1.2614996626453951
-1.3415648951741057
-0.8304249542443488
-0.5161944855298102
0.020028654785714695
0.9924893663860754
1.185695021232036
0.3069593042072448
-0.7389000374310168
-1.1878004394751638
-0.9381096865290182
-0.24862811746024405
0.5446688414092428
0.3665736177771771
-1.378626011964433
-2.3414231391408626
-0.441882394025017
1.7591575255842469
1.4666000043631884
0.2852018113177963
-0.1935663060158495
-0.565430062989159
-0.3864128605425832
0.8538731677729733
1.8964934580123218
1.0442085450600727
-1.139482738418917
-1.8626968832868813
-0.5572973197905334
0.947949909992638
2.0081403952588026
1.9539487032883618
0.02649518429715355
-1.3601695106050786
-0.2887361302413154
0.7198811143935507
0.22115258205093144
-0.11892867046865425
-0.4201629010661605
-1.1326104926460958
-0.7993479873595748
0.309486940349737
0.9375134781016441
1.3329592741061467
1.0881197458036855
-0.387818108495233
-1.367968344198368
-0.5043420481323122
0.7152971063889775
0.9832157402947612
0.5111740105508086
-0.33990795657259093
-0.6793999300913854
-0.07521269684372477
0.3084344043095834
-0.2901137736048673
-0.846400978588743
-0.15340467449342493
0.8388493746997598
0.7703864667226217
0.3062341980179646
0.13046039533102688
0.045699273563844886
-0.09049274898207992
-0.2518150291961434
-0.08511916675925128
0.39969551708816103
0.5065802730920963
0.15597708483049252
-0.31945757035788624
-0.8779423167446798
-0.6533724397097118
0.48091847201785315
1.3025333008664934
1.4195678339078726
0.43901600802048774
-1.112771219879584
-1.3745183234368328
-0.6370863105832465
-0.4392335807543618
-0.34212899472696107
0.5715083620915798
1.2572787071647504
0.728830833799609
-0.27567408319865133
-0.9963159705671366
-1.0775743871943233
-0.3788299752546743
0.6443618029954647
0.9140810817291021
0.05149251530200559
-0.6462107385055965
-0.6895756362409159
-0.5820506310073522
-0.36992465703935323
-0.35855317136013587
-0.565157342775658
-0.6616503815481568
-0.41449841554934236
0.08794417183456804
0.3456811290238945
0.3782964857039209
0.3875167276675092
0.3579855424461284
0.1874786031170014
-0.3928682092988272
-1.0236759574343068
-0.7520156954556562
0.2112793734491588
0.5706217123820158
0.318621012982181
0.31549895339097517
0.361993788345912
0.21321669642331847
0.08536771877158698
-0.015752373486119096
0.001439007509226263
0.04798686104839011
0.10081184792519716
0.2805038657729394
0.1961395859007851
-0.48045375729701906
-1.0876350902768959
-0.7100261650429008
0.10985441230381365
0.42702995639806396
0.33286193169017114
0.2304597463830344
0.36001022237935093
0.37797541234966103
0.1759079908872357
0.029961063631612984
-0.30707708764417235
-0.5505539669160904
-0.2643506962937992
0.014555402404876622
-0.04643052919413429
0.05270946675267363
0.44931399102883396
0.5799422441942496
0.020993438585794208
-0.7893463262373754
-0.7682566479531642
-0.20439683547958953
-0.07028714181521661
0.08074504707109827
0.33133521636715635
0.08555503786082108
-0.45092277098170025
-0.7504076113385042
-0.6957571539818024
-0.4931518342277938
-0.038411253418391654
0.5638898481213976
0.9182905594535457
0.9651998092466193
0.5379673986757855
0.010494678446890227
0.08920871610412925
0.43078024610525145
0.24913712150491923
-0.5770531387436333
-1.130634764817077
-0.6776489614845974
0.2539808191635226
0.7247513725512894
0.24928814134711516
-0.694511765944074
-1.040662372936487
-0.3574742834877479
0.6168909943452592
0.9766476806141487
0.6076608160565251
-0.018634387463131816
-0.23756770196580282
-0.13428871421428415
-0.22169882675456024
-0.12366687559397997
0.18184665164812255
0.1748573883710123
0.16890354875110358
0.36112991447280585
0.4769971824097273
0.4276415394710599
0.5118918616999962
0.9708954813861775
0.9707563506161537
-0.16529840334391585
-1.122375246084351
-0.5000201182988094
0.5676315885110477
0.5357189027577312
0.040687833559748206
-0.006405432433403083
0.1653373493250605
0.3205598763688972
0.3837701956003567
0.027237611232219953
-0.5120469241584367
-0.24171260990138763
0.741114333709916
1.1214005535305605
0.4285612453231385
-0.4613408336753284
-0.7707657040147107
-0.7838642184252144
-0.5084399199093542
0.23653424679696386
0.5064842521662719
0.0880254238927883
0.01691228547070849
0.39565895870249296
0.49691729318392197
0.06982114101669248
-0.3371991583142825
-0.10362203420807659
0.24455405690883977
-0.07516221735491807
-0.6135306229325438
-0.6862888260741717
-0.28186265033086433
0.20467241654961107
0.19176225916596396
-0.2694217941745667
-0.37213879715667164
0.18272369458563736
0.6190973278619187
0.3614823959449938
0.0399634970854174
0.03003182460517316
-0.038581733120471
-0.2203748406599944
-0.44596191853785627
-0.47352855731663446
-0.17575232554481976
0.12715708235568016
0.20010925406850197
-0.0064771088820801195
-0.026951194280457343
0.3725668916723678
0.5066216868478586
0.04801662096986204
-0.42246555305270217
-0.3693878801646201
-0.005047084336394651
0.17651775677436182
-0.026661649190778947
-0.403468372123698
-0.6362813068332516
-0.5813766256949732
-0.20765939132733166
0.22993285519606674
0.5597717941623845
0.776417110288305
0.6150775340877702
0.06549900277673448
-0.41295180689633854
-0.5887209450542096
-0.6537620536299769
-0.7031284371415223
-0.5083085285728629
-0.03568469414310682
0.31755430054723355
0.43406801083982144
0.28099572696515074
-0.21826056346278852
-0.4235622280439398
-0.07930373531068027
0.3072577684257899
0.5360152665872818
0.4410944276135599
0.08804931302424022
-0.14762605347897026
-0.28945807087541403
-0.3871492237804838
-0.3486374700943962
-0.17940020458908285
0.12228326675520819
0.2982341785592613
0.2326464903246651
0.200869481259929
0.2285880358434334
0.32019366637135993
0.3513414392815396
-0.18965070262684156
-1.0445806827229378
-1.1457267256943928
-0.4483442061283196
0.08998874146538964
0.18697461406867644
0.3018724260978861
0.5256878460137004
0.44742066663900526
0.1359365489384233
-0.0634374927324768
-0.08410835712060125
0.1671513340428498
0.4034979987701836
0.19623550068003562
-0.3405760220969129
-0.7542566578563693
-0.5218899958069392
0.1387053842542788
0.20311821006608918
-0.4942258057230844
-0.8847218474052656
-0.23016427804548492
0.8346778975189394
1.0179346311571142
0.2365053664928945
-0.3684472306750605
-0.2599259638571302
0.1658331961753063
0.22792323099602985
-0.3581241187162875
-0.7983063941162807
-0.42144027845992627
0.1626729599592424
0.4392560845308152
0.5596635881680602
0.5775202253613451
0.43393744369587267
0.05713644803295959
-0.4062727924875607
-0.5822596498654937
-0.2901503815236342
0.15508347936252437
0.17341672628457894
-0.33062309084210767
-0.7938316115775361
-0.5158009764238334
0.2750409245075817
0.5409780303757449
0.27140607651026355
0.29490693240913807
0.6117882251828993
0.6966693150533997
0.40955662827764394
-0.06727721770151272
-0.3689754184859403
-0.17779051552296588
0.2363892296374649
0.2142151213919542
-0.2959389820255184
-0.5484264006087661
-0.07800398967957625
0.4732258322862318
0.35212119333357234
-0.19291563687785507
-0.5407956317893265
-0.3328290138848102
0.2626553624728522
0.4808734225993173
0.07962736191880536
-0.24926045625077095
-0.13816863221629844
0.0977700725855344
0.11439214707063378
-0.14036252200150384
-0.17756581610900785
0.33681078217324495
0.7636517588111426
0.5430502891434575
0.07163826884973278
-0.1253321305944975
-0.1359967823727533
-0.2646676376644038
-0.405641375279361
-0.324123514649484
-0.22835564314133514
-0.28887342103101427
-0.2951390880938723
-0.16143118445070054
0.01960544535186071
0.1921709163837125
0.3972320472000175
0.47358201714882314
0.13456318975389187
-0.2375602978530849
-0.18362851838406
0.032194249866448435
0.20403078697134105
0.33205201818995894
0.1824540355480874
-0.1916911219433256
-0.3598638735576947
-0.25619407297374064
-0.10212644034721267
-0.001022313299202232
0.1250108095968958
0.34154357556845827
0.2805869771919425
-0.21133353348906575
-0.5907242150833515
-0.5991154199183762
-0.38015883142732476
0.04546992094658407
0.4514871586374413
0.5704260179640518
0.4164874718087929
0.14653045670034692
0.03496811971123511
0.03959572752992985
-0.061950112682933337
0.006544988719506391
0.3432652716274567
0.38322655846621534
0.025655888383037742
-0.27538539826207736
-0.41332819831852013
-0.4460061044567913
-0.29588225455094785
0.06863214391255505
0.2713873411926765
-0.049365688711178184
-0.3757202374743052
-0.12895742217521836
0.4150884186424904
0.600049497156917
0.19081751890784504
-0.21638402473305124
-0.1360011730761308
0.022498410103421563
-0.06352087441644219
-0.10271381357364741
0.06783594946655021
0.25697539933124947
0.3186836305996241
0.15609446894955684
-0.20871882941031988
-0.35372332753910163
-0.13446541574509677
0.03594816850294252
-0.01920733838153216
-0.24872900685950017
-0.4901764376984002
-0.4153394443986642
-0.026476382273879127
0.2859688482140189
0.19500842244763275
-0.17443364823860377
-0.24894353458115712
0.24299306039854976
0.6959496382810358
0.5093870490871216
0.017615869353662068
-0.1603946427305078
-0.034888980346708995
-0.0609680927880592
-0.2748570210870993
-0.30006225276915943
-0.09696919492906043
0.08090570861880206
0.04906846403313581
-0.18775593775399774
-0.3820031817202913
-0.313656414623085
-0.029615707058588004
0.2033887744948194
0.15575561340850935
-0.041954070045925426
-0.021282472308730458
0.24974667650175444
0.27456430176100227
-0.12814179487235972
-0.3695520080405838
-0.04845150656402565
0.39845843300296685
0.41011916631184475
0.08479942563032478
-0.1580876498869906
-0.09638876849945725
0.1457723411221935
0.17727542984882322
-0.0703902429682288
-0.19594521313944363
-0.09965761195679197
-0.11658604429677809
-0.2748922590341294
-0.41295162816270203
-0.3783979408470254
0.08248932657935558
0.638284830500057
0.5794143631944827
-0.018355448487415268
-0.32857600340368437
0.00024317307788368486
0.43155825550022936
0.4586215117174608
0.1718339220912565
0.004770641120572718
0.08175936514252545
0.06258273945095554
-0.2599602629891484
-0.5434435826834426
-0.3213404613239516
0.20324793574857727
0.42422756119860994
0.1658318945845745
-0.22218224933693564
-0.35962747175968046
-0.23865756061505292
-0.04590417952438169
0.14525938385786105
0.2755167189758602
0.20413674557843275
0.004719112772336606
-0.007520950735257347
0.05977470149045765
-0.08890342816957322
-0.12683028498183344
0.19689208449414264
0.4561955793276122
0.30110004601044255
-0.09887958781752408
-0.342568641456188
-0.2219596036769545
0.03221131001363196
0.11714192551659781
0.01281888962503714
-0.16099013016607627
-0.23023568045606355
-0.24599423604171206
-0.3328543010474901
-0.27794186335652854
0.0201790046698952
0.35030104696486775
0.4525231497610447
0.23847020144636938
-0.11479491454121034
-0.30558751064263695
-0.12521912835316804
0.2356700277345798
0.3751299084565103
0.205030820403947
-0.024871853614739432
-0.14538210304459576
-0.23295090103721372
-0.3168960561684861
-0.2643283681239069
0.0009416276964133699
0.2945203647508028
0.30594584032801436
-0.04860495806236435
-0.4638912827091329
-0.4807269537217268
-0.09448238264246549
0.24085349636120598
0.31034090042436535
0.20704262516419475
0.012301788965923688
-0.14684357438224652
-0.1163046192046467
0.024054020315775936
0.09480682216485897
0.1636357208626544
0.2680701209480278
0.2163092991759403
-0.01222448336483162
-0.24472338889764056
-0.33518287706731165
-0.16726088167801892
0.1570695391218256
0.3022833312948655
0.10636956495136778
-0.22741009951177313
-0.3892921327425161
-0.2786558373792006
-0.02873203019357819
0.1671702275821652
0.2163315782603393
0.18928005768616693
0.15994437628174427
0.06809287807861994
-0.09263936402437568
-0.17116780993823302
-0.04432412708145971
0.19018184250120715
0.30490138982625964
0.20012349772799481
-0.03919225575821053
-0.20371231186283525
-0.18841931154678834
-0.09682003211463087
-0.0007830779634580529
0.0804028242036947
0.09366072355632929
0.02501815409063304
-0.11350060127060631
-0.2495779513169007
-0.22793588325330347
-0.03244296014477001
0.18002800065523153
0.2725616638277304
0.19401863749058837
0.012328534961365482
-0.12870459065161569
-0.12499600555234225
0.011615590608514836
0.13217544193873437
0.15622804121368597
0.13384256391956667
0.048372476335277824
-0.09759618493081261
-0.1724112863817601
-0.15177897727258835
-0.10557905145454329
0.024985610004819362
0.17061408399908187
0.11365000879818091
-0.10905561591610878
-0.2437409994660348
-0.18520310711448448
-0.049221878188403914
0.10512937110745557
0.2278014665413342
0.17749056182828338
-0.007557375220991658
-0.1355764533710162
-0.11872327753516676
0.0033698164880766575
0.12810553142033113
0.15569063445611755
0.09966229429028838
0.047429286610365724
-0.016341173206753476
-0.12259686897400399
-0.15419775446864467
-0.05524238918407021
0.023639410208098486
-0.010618008982504097
-0.0653691763006462
-0.05468903072072211
-0.014179648443619457
-0.04478194081853236
-0.1108426626578595
-0.06353808682635691
0.09266531837196702
0.23252607419621346
0.18952283358317115
-0.03546586054606304
-0.15561667690153858
-0.07368654230021457
0.03355641472319838
0.07763990384591826
0.09945619079448001
0.10612033332864003
0.008276782868203872
-0.14774196249497454
-0.15497558946133655
-0.01452024520741247
0.061238026384457606
0.029051271872340384
0.004700264597662745
0.002582154902648763
-0.026768072466642416
-0.07350945557697394
-0.09101331021190676
-0.06578557022533713
0.029667463397417153
0.1640108490319392
0.16258200861687133
0.003451589325673363
-0.11446984632169002
-0.0968343807561596
0.02380104253788041
0.15826915671318342
0.15196816527130183
0.018949976788631383
-0.05997999439800548
-0.039847415514234936
-0.04036250667779022
-0.07882510160104889
-0.05438032409316796
-0.009264686787869092
-0.010440232258750157
-0.015822497810502295
0.0007864628546764394
0.02809238125382194
-0.004302641492845555
-0.09843021228504686
-0.09310331999154421
0.058608731581784576
0.19064737632311057
0.16809456997781008
0.008583346492470717
-0.14562948613850665
-0.1549757892288652
-0.03362940331669136
0.105873854615422
0.16252581096080868
0.10309727888506759
-0.03188668564526478
-0.16123978859827168
-0.1575564561029594
-0.019514434081075976
0.07480477113784892
0.05294219284694935
0.005693798936254895
-0.01923322633354838
-0.05484371578874702
-0.06940475990776059
-0.01843331798773746
0.014438252501840512
0.003462779805672789
0.0452868097743858
0.0997541174946687
0.06217672533089563
-0.029389485799962187
-0.08483265034434481
-0.05390496982429219
0.057148691337684125
0.12547135058047998
0.043596964203571516
-0.0614272495328289
-0.046262537033679954
0.002428746543377301
-0.021463936119124335
-0.06343691711732792
-0.04768763105680843
0.0026604849495468143
0.04509367896547811
0.04436062900156243
0.0006520750521794136
-0.0224262536301087
-0.0406122946008387
-0.07262180280697607
-0.015520479307832749
0.11989130920632282
0.15606742476344407
0.04679800476253893
-0.07952676059268321
-0.1266948327038139
-0.06710972761704544
0.0622315342779795
0.13852484227774436
0.08530827189263704
-0.03388969221271392
-0.11414972354402729
-0.09731299571603043
-0.0024755535444393574
0.06855882561056417
0.043246228226655206
-0.017081795580786503
-0.023160476328489096
-0.001982278503808969
-0.003295106241756214
-0.0037370539174909462
0.013768272003280464
0.006659537553715248
-0.027897102935423104
-0.0007209173610094757
0.07116646710406566
0.061536556161507425
-0.01649724509288985
-0.05685009886743845
-0.029758529750959634
0.030073797490260557
0.054290816385863264
0.02132849886989863
0.00042942524378701563
-0.003596056709402611
-0.040007444267813365
-0.06623945014076586
-0.038678315582780794
0.006655390022189989
0.028052141522791403
0.024924207027691644
0.01113656543839376
-0.011858579329541761
-0.03547997688349163
-0.04534436870610135
-0.012609992005761588
0.06419766802421481
0.09605382623947051
0.02668603264685958
-0.05952252307395112
-0.06986734474666456
-0.02284401170001229
0.015926616048334282
0.02960857480320022
0.033019015780149395
0.007065069408346588
-0.04759127753702846
-0.06713914696318489
-0.013802997545474845
0.051521697321941146
0.04310832830920681
-0.024060108412004438
-0.05911988517788133
-0.02001992454236971
0.036361755640994003
0.036990970237352414
-0.011016293049574332
-0.03793239398623786
-0.027000232466253708
-0.011471276390941506
0.028960108084673978
0.07241264494509796
0.04007519356807988
-0.02879592334879056
-0.03793135671603271
-0.00719331586561056
0.008579433689333883
0.023096040026578446
0.03222887394802302
0.01383454380281712
-0.02601351451559439
-0.06441643442270795
-0.050349111040005334
0.020605702904497102
0.054777324437630004
0.016412439449694054
-0.011161971576991815
0.0029192992564441565
0.011639458971075937
-0.004626094854592274
-0.016338073431345905
0.01136918173801658
0.05418265947361459
0.041887213064492286
-0.025971465932203775
-0.05386307756176425
-0.00981966625161529
0.03394980975280738
0.02776558428363656
-0.007946391253247139
-0.016342589677876048
0.006618057109684669
0.007123824972895805
-0.008147532078558499
0.0011163628500823867
0.016070348903968107
0.003755155585146056
-0.026586138891817178
-0.03430951086194687
-0.00031778708613107166
0.032759918822586276
0.020204157461763125
-0.016867853418413393
-0.03270634631428211
-0.017100091172391068
0.015973738109441797
0.04415067868819169
0.03432256776046069
-0.01005372463138366
-0.03698912491634722
-0.02354984686647792
0.001955145211724406
0.008350564478009557
-0.000658019045512973
0.0006591508488112676
0.0011447499730487707
-0.022807266885020272
-0.04129982737598071
-0.013653085941379123
0.03519594493610404
0.03862204347643221
-0.0033618844382124397
-0.02176544148857002
-0.004847939506670146
0.0060569056067887395
0.0029778180412793234
-0.006325052935130065
-0.0051985691947483625
0.013849648934929671
0.011249920445376177
-0.016726513192453385
-0.017605079134271097
0.00601004156166781
0.01288843418479448
0.005037892544389369
-0.005256935310623627
-0.014702667762481362
-0.0033955315122876
0.013933095862510573
0.0021564165140923195
-0.010628835547187892
-0.005885956090038066
-0.009861624942593326
-0.0099812920351638
0.007222454712813114
0.013517276022586174
0.00493089135949674
0.0018260409384306291
-0.0006051263961523594
-0.00579152096333406
-0.0017782172757967165
0.013176505541984004
0.024962131807911302
0.015850796506619743
-0.009884152403588692
-0.025879431389470513
-0.011632763977845904
0.016826782674531353
0.01902139675275256
-0.006656438362872565
-0.014722760257623294
0.0040439890772202385
0.006261851892760166
-0.006865171128328041
0.0011629979234606938
0.01896771789979343
0.018482312095047075
0.001706024847843072
-0.011257446104272815
-0.007794910751972511
0.0062440500254877475
0.013170353530738053
0.002901362434283351
-0.006675559805314349
-0.0005040940598711676
0.004475490573054918
-0.0006926888658008666
-0.0022131075842608513
0.00047974007038353205
0.00029277114930432367
0.003140852296053899
0.006990072845015157
-0.0008008646626988148
-0.007149959786258948
0.0024590310222486647
0.0046874395735905855
-0.007109195215005951
-0.008396575616129508
-0.0022090645774947132
0.003189886697108599
0.011451224639489927
0.006530356630949255
-0.011862952407207647
-0.015109541575310845
-0.0024477665574125585
-0.0005573614541151192
-0.0076473828131418805
-0.006004116241153592
0.001677650082316783
0.002127925995936263
-0.008832057741535271
-0.017315723781003704
-0.01163089445884001
0.004117665490889915
0.013043799698495435
0.00113978286464663
-0.012764454489223554
-0.006054701359976429
0.002823503950534253
-0.0035424160003676972
-0.004225130751349965
0.009616955678110821
0.013992692094755165
0.005106356107847611
-0.00183914879656366
-0.007365773950139743
-0.007834931992563056
0.001085249056942413
0.001035169526999642
-0.010961377017912182
-0.011493414699197232
-0.0027439474052355943
-0.0026813207071582595
-0.005565121381226872
-0.003387358449474136
-0.002052943937671516
-0.0004926085910590789
0.00421554137501242
0.002500844005771341
-0.0010912057672756935
0.008798927082371923
0.019205008929024294
0.013143953777996611
0.004688376520281872
0.0050567891801822085
0.004240597643798499
0.002972179410770009
0.005629323854415567
0.006330913058986656
0.011720295548425769
0.024077948931400722
0.026943760308077578
0.01731196500063616
0.009627071121336107
0.008394712027424102
0.006108854013155531
0.0008928797254611335
-0.0023715836869837386
-0.0007136730329096598
0.0014019396251348862
