0.0
0.0
0.0
0.0
0.0
0.0
0.0
0.0
0.0
0.0
0.0
0.0
0.0
0.0
0.0
0.0
0.0
0.0
0.0
0.0
0.0
0.0
0.0
0.0
0.0
0.0
0.0
0.0
0.0
0.0
0.0
0.0
0.0
0.0
0.0
0.0
0.0
0.0
0.0
0.0
0.0
0.0
0.0
0.0
0.0
0.0
0.0
0.0
0.0
0.0
0.0
0.0
0.0
0.0
0.0
0.0
0.0
0.0
0.0
0.0
0.0
0.0
0.0
0.0
0.0
0.0
0.0
0.0
0.0
0.0
0.0
0.0
0.0
0.0
0.0
0.0
0.0
0.0
0.0
0.0
0.0
0.0
0.0
0.0
0.0
0.0
0.0
0.0
0.0
0.0
0.0
0.0
0.0
0.0
0.0
0.0
0.0
0.0
0.0
0.0
0.0
0.0
0.0
0.0
0.0
0.0
0.0
0.0
0.0
0.0
0.0
0.0
0.0
0.0
0.0
0.0
0.0
0.0
0.0
0.0
0.0
0.0
0.0
0.0
0.0
0.0
0.0
0.0
0.0
0.0
0.0
0.0
0.0
0.0
0.0
0.0
0.0
0.0
0.0
0.0
0.0
0.0
0.0
0.0
0.0
0.0
0.0
0.0
0.0
0.0
0.0
0.0
0.0
0.0
0.0
0.0
0.0
0.0
0.0
0.0
0.0
0.0
0.0
0.0
0.0
0.0
0.0
0.0
0.0
0.0
0.0
0.0
0.0
0.0
0.0
0.0
0.0
0.0
0.0
0.0
0.0
0.0
0.0
0.0
0.0
0.0
0.0
0.0
0.0
0.0
0.0
0.0
0.0
0.0
0.0
0.0
0.0
0.0
0.0
0.0
0.0
0.0
0.0
0.0
0.0
0.0
0.0
0.0
0.0
0.0
0.0
0.0
0.0
0.0
0.0
0.0
0.0
0.0
0.0
0.0
0.0
0.0
0.0
0.0
0.0
0.0
0.0
0.0
0.0
0.0
0.0
0.0
0.0
0.0
0.0
0.0
1.3877025245948902e-07
2.4098128439003525e-07
-1.5361829785327244e-07
-6.62160694837976e-07
2.1577223188630043e-05
4.2098857670920276e-05
1.5984187500418686e-05
-1.0273246754930922e-05
-9.12389437799414e-06
-4.513068652997696e-06
1.664747769250204e-05
4.8378431522791604e-05
6.233925598551192e-05
0.00015712912193234917
0.00025692720476498085
0.0001683917958890007
0.00018850363809325423
0.0003861113994200401
0.00040769281541567294
0.000359662891039148
0.0005180730988848898
0.0008123073554683635
0.000915735940333066
0.0009120453366326493
0.001089709610912868
0.0011809207341980158
0.0010555365367594216
0.001208399105077733
0.001935351403848539
0.0023779711652998363
0.0022769921415602677
0.0027246870672740725
0.0032030149032296106
0.0031080434499394147
0.003692699632254491
0.005101877633674793
0.00611571996825579
0.006122477050099016
0.005156319431458818
0.004249007357796747
0.0047375393726533325
0.0059870667178691895
0.0062972963780971326
0.005507125063802597
0.00497155766047382
0.005244638909028424
0.005381328813977833
0.005181632132036069
0.005332766978319887
0.0061991421380952075
0.007395361013467902
0.007651642774268688
0.006699466534386138
0.005471926958777292
0.00557285938704001
0.006618416481046307
0.006017748173226051
0.004755619948282537
0.004783647298681151
0.004384880996257035
0.0030941233937967767
0.0018963749273494077
0.0004918602321835929
0.0007302243633046449
0.0036134096763868174
0.005894200014856755
0.0050501081798695144
0.0042467632738318216
0.006127987343661312
0.007687940455248205
0.008321149059435573
0.009142802812833225
0.009238344802569184
0.008566380750465737
0.007745073874119423
0.006446252424801296
0.004782245970129402
0.005319343204756418
0.008465174215691885
0.009203790162861684
0.0070324242324259914
0.0073872895277190456
0.009507112581355018
0.009611740033517393
0.01073706121152828
0.01447869114322477
0.016729055025369498
0.01759739525332719
0.01990617409003333
0.020829312158148004
0.02043319103348382
0.022614936702474036
0.02534091156407551
0.025691507482876796
0.024202682441904873
0.027203381691181715
0.030682989513683628
0.030013464416222917
0.03027495549766935
0.030378310468158205
0.029502693636550836
0.03226935479343176
0.036334521135242805
0.03689808160741376
0.037152846053644266
0.038103300764491574
0.03894444374320657
0.04185596274570163
0.04214391308424042
0.0379403493869654
0.0371563050581062
0.04029094681325937
0.0406017227032432
0.034870870022096115
0.03258321637787794
0.037815556338171026
0.036813738996020924
0.02971742996503129
0.029457256019987558
0.03145334984360926
0.024699055703467185
0.017718615827745143
0.019151211612863758
0.02051399325172828
0.015314965247989877
0.01293191754394054
0.014704821349137285
0.012910830540884441
0.010922000992003213
0.012105488875534457
0.01495410210374114
0.017027165419661563
0.012904166067311413
0.005784917521469376
0.00530180296208793
0.01254127532505849
0.017797309446474965
0.017143258406531133
0.015065153313359857
0.015014120160230257
0.019304390687082833
0.026227277610038936
0.03177183460357094
0.03221736814867706
0.02845913821582022
0.028994474297451136
0.032619668014248406
0.03534469159162635
0.03540377487988064
0.029597472884310864
0.027413115903193133
0.028235233935113725
0.02424997404863879
0.02147414104905351
0.022174842862985922
0.024196737457965203
0.021910189275272753
0.015970847086166542
0.01746608947549573
0.01857950553955185
0.012472502197526089
0.012168544043462608
0.01499325693223012
0.016759444975549532
0.02235908695849584
0.025401567117310998
0.026155910427388556
0.030629395665864437
0.03438311781319124
0.035771192958885284
0.0295399699793313
0.022273056485415332
0.02748346169163176
0.024512242498655634
0.006179848923689768
0.004788475356338928
0.03776447509611049
0.07127796187115305
0.05906562509092957
0.03062500929981307
0.025679302105990183
0.020651212761484513
0.014461825731672307
0.01917648199917687
0.01863746175780501
0.014229729873503726
0.01507705128284077
0.016231900904376935
0.010317419131847161
0.0012012609312189151
0.006478244921698017
0.03669408396384021
0.06291704805581097
0.04736614387878042
0.01623627539683588
0.011240888009746748
0.010975187811563323
-0.002705459702994182
-0.005709393593119231
0.0026069723247929286
0.007407810413776718
0.007364474277274534
0.0023349658111569403
-0.0034329540116751784
-0.006784788914442628
-0.008252301506972648
0.000766760680660743
0.01607518046802018
0.015132185831167256
0.005041276509921465
0.009342168705637208
0.011661369291472174
0.0021335519545263525
-0.0002089150959454604
0.0019382721934228387
0.004295946816686159
0.007628970806877937
0.007216823376035321
0.008376360280764664
0.007381123341055936
-0.0019052145134092
-0.007137363111286075
-0.004951969561680926
-0.009398125281721653
-0.015571276096374728
-0.00630488996382397
0.00715883444799036
0.005151134636701083
-0.007833502694992568
-0.016827518364561072
-0.014241704795246307
-0.006017216613392983
-0.0030469650309799838
-0.0006941997281819336
0.0017775782706418806
-0.004904589763328204
-0.014490475949745004
-0.02014365552068304
-0.03282440961649806
-0.04946220051485621
-0.04065838621543119
-0.019780919883790382
-0.020383753724311688
-0.029344710737445732
-0.030116867572259662
-0.026048598044018823
-0.02146748316543351
-0.02174233751282264
-0.02689693604959257
-0.024537106906940664
-0.012257127571326356
-0.006809386408007005
-0.007547835253431245
-0.008137697670347452
-0.011822753692752909
-0.011093799096058765
-0.008553592835776091
-0.011165779678382722
-0.011524083337783672
-0.011885871268780185
-0.01620199397063418
-0.023652866632577645
-0.02907502586422344
-0.019673736379181708
-0.011699398137284966
-0.013490261821984408
-0.0036761783560961894
0.014381839479203965
0.025030436569838464
0.027203158460093083
0.029081090141593876
0.029971888522582504
0.026891036479454296
0.03267898694513075
0.040290615696815135
0.03989965696100815
0.03925626171458969
0.02406048513675173
0.010931698357564969
0.01820515679512439
0.016312684258812087
0.013134363930560727
0.018044514384901046
0.021415340596222986
0.025586770773796275
0.022860366614366787
0.02586579996216374
0.04072961304261335
0.04749682321895504
0.04691446007078534
0.039377204931439674
0.039061713899755185
0.055615149098606945
0.0532978023199422
0.034251069945232374
0.02949888452011483
0.037939307689164946
0.04289755924979679
0.03592812679540175
0.03193313235270767
0.02985989980412575
0.02107739637365176
0.023463206986590785
0.03829348902491535
0.042433752746090944
0.03436350888411411
0.04735165255766775
0.07306145852674444
0.07046385111811426
0.05011040289705331
0.02862790286047929
0.024232095736912755
0.04379745335797111
0.04085117995657634
0.010929674687561224
-0.00474400632507785
0.006241602837202697
0.027039338633893385
0.029767355396249483
0.0094768131478048
-0.004259434181536172
0.003794129109782173
0.015128011304351839
0.02766397212536515
0.03959822474367711
0.02884602911296703
0.016655642761424644
0.01768688430635039
0.014880671199755327
0.02135050440280389
0.03146218269891324
0.037967912558358
0.056099548586955816
0.07458439057385888
0.08064288325378675
0.05876794332456854
0.004260027748137275
-0.03153095681708684
-0.022899627742614663
0.0032387472897043184
0.021146704368442976
0.009420384831489183
0.003754159301157502
0.023090409809004297
0.019348627893270905
-0.0049239144810042336
-0.004989129248273756
0.03456897877301498
0.07084305163156697
0.07061254966085306
0.05646430610171747
0.04378184356109728
0.039615103165469887
0.04786880608937761
0.048582546178927634
0.035846950363561274
0.03618051101473356
0.03962413335697059
0.022659550240704093
0.01767491422179872
0.02576544363772007
0.02422764388269618
0.01813221242534301
-0.0025142855639363076
-0.004654811580421423
0.03617657979592483
0.06153492802444601
0.0404552783265466
0.007192769579683383
-0.006006894567516954
-0.010784660612452908
-0.01139711160562617
0.0031643426395826877
0.017095707797032636
0.02529483026670231
0.03529870250956441
0.042168329629027175
0.03547130143267138
0.013679291736499894
-0.0005968296524736662
0.0017882978077423816
0.008556067470960554
0.008677702122051854
-0.012602296503789776
-0.02334313712343182
-0.0056363343127825245
-0.006271229894285448
-0.030284405890659734
-0.03973938943478576
-0.02208366634886342
0.004490931217528914
0.001244662949392851
-0.02981823496331562
-0.04227304423934985
-0.028394345280569368
-0.005278031018226306
0.013280174646607827
0.012365959676101157
0.004702611397346863
0.01477656685475327
0.018763518493941367
0.0034734476189818442
-0.0005844072893281397
0.01005973452794964
0.017935297797888567
0.019452723128127104
0.023301830238768927
0.027104062265872687
0.026593391316416956
0.028687380920575413
0.028123007619143416
0.005549010878017835
-0.021410161043375214
-0.013775857406439265
0.006443333822042842
0.008679784106175484
0.002497162125070619
-0.006711598645456851
-0.025934818790247297
-0.050198425051262395
-0.044329055559093736
-0.003740844627301233
0.017443799161314725
0.008208936564067225
0.010500421263415787
0.029016093219492677
0.028718326318987134
0.00987203229818524
0.00801428770740607
0.01225296240461362
0.002683874564117587
-0.0025684612983283236
0.0015548760413396925
-0.0108016828568787
-0.04502037325693267
-0.06582272119112581
-0.057730047964569986
-0.03609682317757985
-0.014584383543803911
-0.006194825660636216
-0.015112399244309769
-0.027246038503639866
-0.03466452016658605
-0.031162603864522468
-0.027243090795440243
-0.037552836338086426
-0.03474709781472585
-0.017858794262962836
-0.017068217878623438
-0.024110033649650905
-0.015534266505891611
-0.004060389351758899
-0.01653608712848938
-0.03778548269142904
-0.03385042525833488
-0.019861240282806288
-0.02394405695665684
-0.031162155809318644
-0.010862144521059143
0.02435037606908569
0.01101229360884761
-0.032190369903668165
-0.0391096874746048
-0.032934004161176304
-0.03499608087513292
-0.030270420249607622
-0.02618131043684753
-0.021786076235287322
-0.014647302274568941
-0.024661526284101825
-0.05342030134428397
-0.06428182508494215
-0.03162356853646893
0.0012047916382254354
-0.004899404223029522
-0.01575086296773873
-0.010889726927568552
-0.008543464809661573
-0.009374472962855538
-0.005481576230715973
-0.00399331833357977
-0.01013498393748655
-0.0006204289304733309
0.017768155057895408
0.0028760376458560866
-0.018686389522502272
-0.015818265699275136
-0.005260478413368363
0.005727068464483878
-0.000725768275577349
-0.030818108621136528
-0.05357223035734636
-0.04631822760011485
-0.02405218157059597
-0.019638637092012187
-0.025583370549522155
-0.018617827438023437
-0.02292675374714513
-0.035192705383232915
-0.015831529895066067
0.012519489365604587
0.020580089728742104
0.027225454503594038
0.03415498768333402
0.026665789705721293
0.01451577390449197
0.01914361734206531
0.03334135838133348
0.02642661078442134
0.002708063316584194
-0.01334845335798582
-0.02390926148151738
-0.023827843880906686
-0.012363321364922157
-0.013231301379222737
-0.019691697776397888
-0.01974054902152665
-0.025521020617757868
-0.03612623179695675
-0.04125541438356683
-0.03809989932852036
-0.02635550189610967
-0.008915940004195645
0.002101890243163327
-0.0013522292610726712
-0.010328138846359598
-0.017389956899439583
-0.022390098040394258
-0.01851367852708166
-0.0005325765857252528
0.02089823186779052
0.017837673365035292
-0.0015752498878543434
-0.0017763753570816964
-0.0002316810605165985
-0.017927022366720287
-0.038344635697595324
-0.036579481776846966
-0.027858160337980345
-0.04384279379430486
-0.047397720827509135
-0.028071081283938974
-0.035614168849415886
-0.04987031416716862
-0.031819711953569745
-0.010971103788616208
-0.004076912835889699
-0.0028877722249612005
-0.005297855476916232
0.0025576692721583855
0.0021550681500449465
-0.025166441403307906
-0.03154173828559809
-0.013462961971025594
-0.0075865611753912696
0.007560068238889446
0.029709443921576834
0.023327568512606457
0.006982454050167228
0.012768694128089512
0.018225004332447323
0.01013870168380807
0.010079405068497744
0.01611172526005836
0.011674535817527415
-0.00030775129296970214
-0.0037414847334389075
0.004051303729319183
0.00536781809309057
-0.003505406477522101
-0.0009516638980208743
0.011957419111346922
0.019691096237613746
0.02545365367806647
0.019340887291070936
0.007641402357296513
0.017590367728531748
0.03255067451588723
0.0318673724997575
0.01863283749543394
0.003181886699770944
-0.012741401988756456
-0.02057210666063665
-0.0032161461914496097
0.021095307255111346
0.04237944691753702
0.05071212578111044
0.01873545688775159
-0.013851269252915563
-0.003408693565709689
-0.0018120524248253275
-0.03018054550368
-0.034906608054709
-0.009127500741907294
0.0027794551606960677
-0.012450484613023532
-0.01814160562521231
-0.0026521954481858877
0.011660396515210732
0.015417580165168419
-0.0014658326207411241
-0.021610321671665576
-0.005113632509839975
0.017134684999723752
0.0003015963962242751
-0.030571120042215672
-0.039395262922986625
-0.023806330541595592
-0.010613296127469344
-0.005321328911336231
-0.0008141155478608357
-0.004078652401298627
-0.010578905763860391
-0.018711511246217796
-0.020594436828543467
-0.014249826429687248
-0.020790779449998114
-0.03046343685922607
-0.02331482970456208
-0.012289389555222225
-0.004940069499856142
0.0015458628071916617
0.006606254698758379
0.00875250562822517
0.011697314103181882
0.020548613337328662
0.017302049005255195
-0.0013632430639225906
-0.006810177121074063
0.0011166430669543516
-0.001162569736034419
-0.004269662012078013
0.006242750119206975
0.012405457265824012
-0.0004793588768402982
-0.017170702135579214
-0.013964313280741707
-0.0031099975501414972
-0.00424271521137289
-0.0037164997821970544
0.0032861373557311986
0.0030068671964978057
0.0026442137724742376
0.01096914483296043
0.012445550836452072
0.01153174043689979
0.018503503656072746
0.013329187478559186
0.0018339875159891893
0.004066166276605692
0.01655549724525861
0.03038125329654236
0.024890701254781416
0.004939609448297122
-0.0005236936462562748
-0.0011665851947309405
-0.011292527406315563
-0.013950818269018082
-0.005790904019393151
0.001493578002979994
0.0038832255365090873
-0.0002888045891748512
-0.0049800215979669505
-0.012471839839665672
-0.01975266827275005
-0.01202010488277613
-0.004156508990310501
-0.008433322036839799
-0.01239110906578985
-0.014247477291573503
-0.017688519235872033
-0.017206212959186045
-0.007628022022475351
0.005974154192970448
0.00546472298476572
-0.011251450316896016
-0.018086285788764436
-0.00901574213286446
-0.005390738455562103
-0.018210399200828373
-0.03375166011949758
-0.03620528485871257
-0.026138691324705202
-0.012323922988296591
-0.008636131113875395
-0.016431639496664343
-0.021581367685094523
-0.01807684851889211
-0.015377710736058196
-0.018378945632599206
-0.022951024146754616
-0.024578999324124343
-0.017997266735194875
-0.016050659236431952
-0.0263877654820082
-0.032746850094949626
-0.029547734392972883
-0.02025003199723138
-0.007339114838560397
0.003339687849428989
0.006708678673548928
0.0001138616650811662
-0.009693389275647757
-0.01588638587655789
-0.014034359502341935
-0.00825066047250641
-0.011341275080899273
-0.014943142402373814
-0.014852387776333147
-0.020245410250894266
-0.022178873498219693
-0.01121763989761718
-0.0025089612498365803
-0.008582395594800485
-0.013716517168268773
-0.009228227579630622
-0.004869919986168901
-0.0026446760791033453
-0.0027763911299961805
-0.009051328776569839
-0.008261983010302131
0.0059616720892638544
0.016074669443336492
0.01843767581800576
0.016348312877146675
0.007835589319565097
0.002853699903632043
0.009007439935643579
0.017168420181837812
0.021162627287621954
0.026380933156178128
0.029445727336034705
0.02143899266953231
0.012975582396778866
0.014740851215243926
0.016546321744196027
0.009368322571741142
0.0022209734646418135
0.004634627465023164
0.009512211154019323
0.018663235792618398
0.03205936135267868
0.03288553272946799
0.022600493410416787
0.016569097766156414
0.021753173460587548
0.03181910001498183
0.032359552723197564
0.02782183934331623
0.03050289857674523
0.02960828288425415
0.023347966743746076
0.01810549504962794
0.011646290406707938
0.011397281957434864
0.015170218776901853
0.012609354779043914
0.008369183242453086
0.006507330191235235
0.0007136520691790011
-0.004392888794296639
-0.0008192295382193406
0.005179645118909965
0.006787682496683956
0.0033363172093992138
-0.001120370382365794
0.0006075147618151119
0.007128407952360507
0.01174815177347927
0.013898513851327057
0.009894819156741268
0.0023814292090994396
0.00320901227064583
0.010007028597742473
0.014973826218275617
0.013421063612092518
0.002509518476376844
-0.009743094757929836
-0.014177288935722116
-0.012341434950574293
-0.009449139961293712
-0.007382887638873063
-0.0074258266084797735
-0.010297865794549589
-0.01443135633163952
-0.014105669070507268
-0.008822856131228369
-0.004221133814251337
0.0015893204638189357
0.0016581920031352474
-0.006696408603157977
-0.0044285084844827675
0.0055675550436591805
0.01014915927948243
0.0102123365965651
0.0052186214981529535
0.004658164022042649
0.011338071740812599
0.01194206630627353
0.005335656161267323
-0.0013163954661026805
-0.007005118790586267
-0.009496076659902077
-0.005647012817208662
-0.00262535161108993
-0.003037964790336549
0.0003806905812585945
0.0025032047955452844
-0.001333983297697268
-0.002320427207560462
0.0017393341313549154
0.007071259072641815
0.011559185805529625
0.01319473753186201
0.012740319882817298
0.008246456702923746
0.0033699374865148414
0.006011871689425529
0.010684444746656085
0.011614141215220836
0.01471752815462356
0.015798679519106466
0.008632860476148828
0.00391057220078993
0.005116595555455568
0.007513365287837377
0.006322619978745605
-0.0004553602587940031
-0.0038541768585516624
-0.0007885119150042391
0.0018479903434295082
0.0013241740074596397
0.002055242312075098
0.007842631886210488
0.01210031948192763
0.009767160662654302
0.007965295323093135
0.011709685433174593
0.013575786176744696
0.009152095190678023
0.007753463037550879
0.01033965231025761
0.009227460834436561
0.008081514477913089
0.006817621283733411
0.0015000993377736805
-0.003007486385284986
-0.006098402179273064
-0.00795486908738798
-0.003725875796297148
0.0036009196526751827
0.005606378288966757
0.00438042434588141
0.005220976033422427
0.0053509825178193115
0.00017363278061969964
-0.008182830732581158
-0.010453494532555287
-0.004938273539215332
0.0022802752425927
0.00635513622385595
0.004177901759211065
-5.475890491332818e-05
-0.00021990571790651324
0.0016354644637003965
0.0010613058166478934
0.0011487564284681571
0.004352263875784854
0.005185374756404046
-0.0017913349865605502
-0.011071688195305624
-0.01111244804366581
-0.007667438612775462
-0.008291394745022536
-0.005920589713268854
-0.0008915256764183068
0.001735275823140835
0.003301579644502524
0.004986063743145719
0.0041440493161623605
-0.000595250604678587
-0.005075224948966765
-0.002646058290330346
0.005586926533279846
0.009189683933583907
0.006645966955156482
0.005008411228156065
0.0048387115407805895
0.0013287777434736491
-0.004003018663005566
-0.0032963240092239348
0.0006136270133379441
0.002610789492009228
0.006808109059035681
0.011306493198462374
0.007896254953816165
-2.632529656119126e-05
-0.0006312950449182745
0.004508266455148349
0.00546126364292026
0.003133201738109201
0.004170379114453839
0.006462249116110392
0.007709156975898292
0.007782711278183555
0.0021278999611059235
-0.0020284061057715343
0.00384204246960582
0.0117926823422129
0.01089508081561062
0.0027889920435189607
-0.000382036290061269
0.0019101043904408243
0.0023860411557432466
0.0019290655881592346
0.002503489604091466
0.003867585257421869
0.004716664115835598
0.004277399594735195
0.004392226509653289
0.004532486199311372
0.002540953973940261
0.0011768363222460795
0.0019282172507939957
0.0029280472729435658
0.0033900979375109694
0.0010015200934201942
-0.00046650801903507216
0.0011039499865473548
-0.0012972197508369847
-0.004933287314454775
-0.002343017288344919
0.003408630881916017
0.005032638221209203
0.0007174569137711363
-0.006573775997997755
-0.011130268620826644
-0.0076289615383426344
-0.001733312986102628
0.00030237006827064277
0.0029474162538907765
0.005549233725337901
0.004619188255198978
0.0013520209056508718
-0.00503671820253922
-0.008187999510399934
-0.002904089391544278
0.0011438176121323208
-0.000428286394725107
-0.003664696860063574
-0.006833321963456093
-0.006377026279742059
-0.0026690290933739356
-0.002077445556043221
-0.005944890419068478
-0.008181034791391564
-0.005349306017885418
-0.0008858023573288091
0.00023486694265369772
-0.002138199017168116
-0.00317426270928622
-0.003121463316581554
-0.0023291530143204077
0.0019863799271756543
0.005540928177187387
0.0029455525528387064
-0.0015252659136541665
-0.0032880007320393815
-0.003182143181896156
0.0006393885148138144
0.0032894736675969766
0.0016940671968348033
0.0030382574165542706
0.003935604797453252
-0.0015595140325597215
-0.007157548755088562
-0.006310979220534465
-0.0015200193054535432
0.0007256384682192649
-0.0008930539983648285
-0.0024594212810074337
-0.0009599097232026273
0.003476920717930026
0.005552429704993462
0.003115867146532981
0.0038108382823727515
0.00781771838211815
0.009026655703354241
0.007788141232874658
0.0047761351238404725
0.0021945972937069034
0.001071004219437788
-0.0008000657743067127
-0.0009908475598679693
0.002170093111800954
0.0033842362972409013
0.0010008830241924522
-0.0009426517344709779
-0.0013690867577054158
-0.001641623068628447
-0.002620884408065734
-0.0035149281093486066
-0.001994287692558182
0.002665718635957648
0.004039653381255927
-8.263987628456725e-05
-0.002402934269364284
-0.0007909296689421638
0.0020427577493742207
0.004417446486933998
0.004610505192325934
0.001349321101400779
-0.0022665602002171804
-0.0002750851971549204
0.004218848724130307
0.001439740943676658
-0.004502990096092165
-0.005163904522919888
-0.004617887004111348
-0.005759930744714652
-0.005986040960560828
-0.006246062393532759
-0.00836228636743625
-0.008117784578775879
-0.005336399386799962
-0.004945653371406319
-0.0041158268017553404
0.0003112790218162113
0.0022537044609532188
-0.0006248606214457507
-0.001281137945611198
-0.0004108273851198572
-0.0016221494831296093
-0.001322858573672465
0.00031982358613901396
0.0002546222256209014
-0.0017474665688609777
-0.0033614998823868554
-0.0020562961446887406
-0.0014387048620528174
-0.004334112141317994
-0.006225769606193839
-0.004471272235639355
-0.0021097155750870854
-0.003157095445951053
-0.006116854331679809
-0.0059466048239126944
-0.0033457395412928004
-0.0010346073188650454
0.0007124417386449789
0.000823412276272118
0.0008705205969440327
0.0033839649508841736
0.0047673360949732745
0.00288226467554395
0.001844536611324597
0.003008643491044374
0.004148678363236442
0.0037721922315580394
0.0023945820745911654
0.00164176316252674
0.0006944030292488426
-0.0013504977915473795
-0.00272173518768367
-0.003206293736239898
-0.0022020804869284957
-0.00025227739965735693
1.4856907984384382e-05
-5.9886559151791534e-05
-1.908209002357691e-05
8.686425495417413e-05
0.0013245078396762124
0.002239930467151174
0.0026019205474372142
0.0033509657122367956
0.0038012255977980768
0.0036661208830313582
0.0034400604251810865
0.0031008547279737235
0.003072492530939757
0.00284892206480821
0.0023884970846995085
0.0017422934645451665
0.0006218302465362703
0.0006992174662816771
-0.0011255823794874937
-0.005457781905344171
-0.0063537537757913974
-0.003190955904122575
-0.0005622813249641397
-0.001071496171912639
-0.002884301128802787
-0.0035875619336840506
-0.002115384904872784
-0.0004106549482901212
-6.577251796416656e-05
0.00039217354164367956
0.0010845475810773793
0.0014038925988068324
0.0013035538295174433
0.0008546670119663793
-0.00013795218774774402
-0.001757184962101636
-0.002177274582823749
-0.0009099637246749151
-0.0013011348342643492
-0.0034403805727863277
-0.003886546560743204
-0.004021611336434557
-0.005098770779589246
-0.005139779100836958
-0.004313815594700664
-0.0033109345383012323
-0.003010169215976609
-0.003875609715846117
-0.0039994077591511855
-0.002585840114384692
-0.0013541489213213965
-0.0008935277727690528
-0.0008517554838642378
-0.00028952549774867735
0.0013028516944625084
0.002215919540424062
0.0019113553883377257
0.0007829116214145126
-0.0004545187510624251
-0.0008482410305348043
-0.0010355857904684924
-0.0013678417462749631
-0.0009569790208621779
-0.0008896304654897035
-0.0026096570408241622
-0.004072495454421033
-0.003096836349309068
-0.0007990378235296858
-5.1692335355645454e-05
-0.0003469499985202954
1.856835315697038e-05
0.0005732059966998534
0.0015571489037360014
0.002519342565818781
0.002275072958369627
0.0018908607792325035
0.0027581665786839183
0.0037480721148512356
0.0036652817936671553
0.0028770870924570958
0.002018992482785844
0.0013136556178429454
0.0013557276817467013
0.002101096443893485
0.0017836127649622914
0.0006595978026416129
0.000277989280805311
7.596638122811204e-05
-0.00038362024061443673
-0.0009376458386234484
-0.000785195494395132
0.00016286638280299927
6.246825128437896e-05
-0.0003929226198935956
0.0005011382734547408
0.0016441912882261271
0.0021036897563994354
0.002262251654073634
0.001687181390888335
0.0012638166023497773
0.002243159914370072
0.002603565247175608
0.0011893375455912228
-0.00013127173784155502
-0.0003620762824432066
-0.0004844828842644918
-0.0012789817721736096
-0.0018866829328984184
-0.001971069689729029
-0.0022018199199445115
-0.0020177895711920627
-0.0018987049378940304
-0.0024681575188310093
-0.002405224574755994
-0.0017741186260488942
-0.0013960199072022047
-0.0012963410353368369
-0.0011727456668972583
-0.0005512575756450931
0.00012937361537370735
-0.0001346222931183446
-0.0012928633657402417
-0.0015840429910094454
-7.146038552199142e-05
0.0010576868213722735
2.5343691041538995e-05
-0.0014195332906486962
-0.0014482700612824084
-0.0008845599054064637
-0.0010085729181565123
-0.0018717986532434804
-0.0023367048987156993
-0.0018587196828958297
-0.0015793670421326736
-0.001772816763094385
-0.0023537958288293867
-0.0024195077522991956
-0.0007403299229683239
0.0003976091570975526
-0.00027459454159266164
-0.00031889729967586855
0.000913077503269237
0.0017764822251848298
0.0017257156736466312
0.0009742969311964476
0.0005462478932979722
0.0013444739677845514
0.0017879216900818094
0.0010863763599654492
0.00047153568017354344
0.0003447981248171869
0.0006770505451681145
0.0007575671923349528
1.9782665142492643e-05
-0.0003958400134527974
0.000254057812115355
0.0010638729658227009
0.0012383233959157984
0.0008870061817181853
0.0003249936479458271
0.0006115316675459984
0.0018723093130609374
0.0020169571269687304
0.0011768736555782886
0.0017405736721531199
0.0029625636529222107
0.0026581810463732584
0.0013782014379976637
0.0011026606748269162
0.0019917316612055548
0.002705538422949453
0.0023890704539392357
0.0010440513304548085
0.0003236657073127342
0.0007831474465036619
0.0007841614992022159
9.901777734693719e-05
-0.00047610004223874383
-0.0001610879283559842
0.00044394869785507895
0.00018804124359156067
-0.0002586460718380305
-0.0004178953670189869
-8.270327852278038e-06
0.0008780566780848217
0.0007432867752097405
-3.3124873347521265e-05
0.00020333292132455094
0.0008001940028055343
0.0007253306680496292
-2.2160635476956397e-05
-0.0007563557599115004
-0.0004959007740977275
-1.5101784174213164e-06
-0.0003255091103873881
-0.0009205489400995978
-0.001449643769523406
-0.0014899705899436085
-0.001044096076093725
-0.0011379689654934253
-0.0018003918050593921
-0.0019602205682210934
-0.0011225808676311015
-0.0006748229452644708
-0.001227951307282489
-0.0016264992311299223
-0.001360439193039391
-0.0005800571696391047
-0.0002879498888810669
-0.0008744384673600649
-0.000791906576917686
9.77705681058222e-05
0.0003143010778380562
-0.0002772953778367192
-0.0007551925287521193
-0.0005011786712418956
0.0002066401335033679
0.0002608454647511173
-0.0004151535932569508
-0.0006446889423150588
-0.00041362982611787527
-0.0002605232644501436
-0.00013774235794888703
-0.0002601129349740057
-0.00036220820878916455
0.00026513586416643036
0.000932970580146703
0.0006638269779375307
0.00033358958612510247
0.000679595961430897
0.0011824391238555736
0.0015100412143676137
0.0014493957234594744
0.0012011578473242386
0.0014456214436805864
0.0018178614855266508
0.0015306237002477422
0.0010775454578247563
0.0011022177240280952
0.0015861824437882282
0.0017566882609207275
0.0012208787622460739
0.0007979970901924889
0.0008320302835100982
0.0011922621931529486
0.0013729271632657186
0.0009342152753743411
0.00061855769272701
0.0009401031086282072
0.0013449553441680303
0.001193376280509556
0.0007585777861003428
0.0008527100801408584
0.0012606883880550632
0.001266301325403989
0.0009150562371162355
0.0007480884484376018
0.0009767034917787685
0.0010902642262009805
0.0007363094195474496
0.00036843653895177116
0.00017822971980890445
0.00015499848468432089
0.0003084799423831177
2.906325593059741e-05
-0.00037243789569552
-0.00034547732294988847
-0.0004045547544342893
-0.00045632000714606
-0.0004728940978082434
-0.0007030283121838613
-0.0006553703245278222
-0.0002842851037898339
-0.00022835047377218554
-0.0006655528759085411
-0.0008521866283282971
-0.0005632044436399904
-0.00036058922584006234
-0.0003798493646549043
-0.0006027194550027575
-0.0007547463408791921
-0.0005754683122448889
-0.0005456727475284707
-0.0008430488009174068
-0.0009198209839371012
-0.0007294548757544172
-0.0005607009774832706
-0.0006637563797742856
-0.0010180766215651315
-0.0010121889749239554
-0.0006918230051276839
-0.0005390190513484479
-0.0006102740571151165
-0.0007429068427081341
-0.0006096063697995186
-0.00027540410583603593
-0.00015211941892800005
-0.00024175307930890072
-0.0002019992751004489
7.193872580741005e-05
0.00023390400104838694
0.0001631779091556314
0.0001708787861149885
0.0002815661145587641
0.0004231912276623361
0.0005069397630435041
0.0004027290544555998
0.0003384529203982116
0.00045110970325030954
0.0005627882001866075
0.0006544815195694808
0.0006462138702618487
0.0006142160640806061
0.0007116661721765965
0.0007961016678863289
0.000877952834826303
0.0008578042305144577
0.0008818087670046633
0.0011354919962889615
0.0012466790519028855
0.0011278750515716918
0.0010357494982755787
0.0010911281377630113
0.0012375008730435592
0.0013018550941776754
0.0011988704120310962
0.001062074642705255
0.0010802882784037532
0.0011239952110634296
0.0009742099420741138
0.0008413636141846573
0.0008714875106683716
0.0008539600579781645
0.0007704068284815226
0.0006519659184907005
0.0004778311009325538
0.00048050775460663464
0.0005470477406529404
0.00043514918831822117
0.0003126605676294144
0.0002574087756569934
0.00026077214267580893
0.0002680945094933031
0.00018549592838436178
6.588830091353678e-05
1.373448928626061e-05
1.1634932158517087e-05
-7.325821621233866e-05
-0.00021096847505506393
-0.0002927244924779552
-0.0003605886707494192
-0.00041585369490581783
-0.00047934877866977194
-0.0006264530304355912
-0.0007273773311653774
-0.0007026371022793668
-0.0007051897681308074
-0.0007619849202794896
-0.0008114953746095882
-0.0008413205392209753
-0.0008183497819350589
-0.0008039992134581857
-0.0008196802253820733
-0.0008335573167075522
-0.0007731333391818862
-0.0006614269245345511
-0.0006815321007103109
-0.000742667833297253
-0.0006810237588822234
-0.0005901945174471086
-0.0005477433502265698
-0.0005191221864306334
-0.0005110930312422409
-0.0004820057995592572
-0.00041284943320275407
-0.0003673506719173178
-0.00035570843740224164
-0.0003004063648645086
-0.0001875121870658761
-0.00013393439036691628
-0.00011361543752261338
-4.3755492382540275e-05
1.6514316280259427e-05
9.64497047257092e-05
0.00019546689787993527
0.000249391366820647
0.0003162781258979101
0.00038986369709530385
0.0004744069663582301
0.0005456827935654674
0.0005727493387561486
0.0006227299138732783
0.000674174092186585
0.0007112952786879382
0.000745334202157638
0.0007546639554757118
0.0007569281758035351
0.0007777704860463566
0.0008081293111536779
0.0008060788861837384
0.0007725915318899035
0.0007843718294868835
0.0008168680647103185
0.0008112980868447245
0.0007976282687958117
0.0007779108317735376
0.0007637373440005801
0.0007683403834602555
0.0007437324910349117
0.0007004081140157206
0.0006798811602392454
0.000669056715683229
0.0006351779459739007
0.0005608884180064851
0.0004972129129097841
0.0004673657931302598
0.00043161211638459847
0.00036858249011505624
0.00029700715942045287
0.00023590269895373337
0.00017548180631415475
0.00010699211697177453
3.5898000768833084e-05
-2.957083509342143e-05
-8.290419130111552e-05
-0.00012058679985274613
-0.0001749315088316444
-0.00024341318152241043
-0.0002860060942076556
-0.0003227129468020563
-0.00036963842760500423
-0.0004088298789476333
-0.00044621976197619425
-0.0004897352626688827
-0.0005345062771441787
-0.0005596342323343294
-0.0005859617838131404
-0.0006288249775602714
-0.0006447284872685435
-0.0006556606101457833
-0.0006833350059186358
-0.0006978174691042882
-0.0007060354630068843
-0.0007203401148554171
-0.0007175037059166182
-0.0007016766533515484
-0.000699761762249493
-0.0006944176555470582
-0.0006603531622728415
-0.0006249298869696738
-0.0006013596821316452
-0.0005665432240350501
-0.0005309937088813881
-0.0004929140372291675
-0.0004366558793379347
-0.0003866793130385521
-0.0003427161968715869
-0.00028284793468265004
-0.00022206528564513474
-0.0001725895660650981
-0.00012533192374874003
-6.682388415399944e-05
-4.600891128110498e-06
4.847628207037073e-05
9.765488280149273e-05
0.0001438445937731585
0.00019395402124605923
0.0002457848018148224
0.00028681135130528254
0.0003282041180986267
0.0003756382977470494
0.0004207206727517957
0.00046517408752055374
0.0005032245658386446
0.000534963806977739
0.0005725310076424108
0.0006156030046827875
0.000655202516710288
0.0006837186473340734
0.0007095749865693538
0.000734893325170157
0.0007490119369014746
0.0007546378823190689
0.0007527019409158514
0.0007465375110961597
0.0007425809123362706
0.0007289429763118521
0.0007015540268624796
0.0006666911005596311
0.0006243063388382718
0.000572857456293983
0.0005199086360076564
0.000470441924173724
0.0004161625999808783
0.00036527044441427654
0.00032651346387439057
0.00028871996791270837
0.0002482357741175862
0.0002099754483049936
0.00016903750926125022
0.00012328265661157176
7.901229047328943e-05
3.075144897856297e-05
-2.8274168293228685e-05
-8.96561936355336e-05
-0.00015062213377195933
-0.00021208146219296335
-0.00027028801929898134
-0.0003244434355361054
-0.00037026890064046757
-0.00040398799649391627
-0.0004283722860129832
-0.00045178665982681404
-0.0004741720864083172
-0.0004870528510680662
-0.0004927683543453101
-0.0004955583530319118
-0.0005000177112732895
-0.0005166648264247573
-0.0005458514840156939
-0.0005768062500552531
-0.0005964673446584286
-0.0005996679084002932
-0.0005883193663972323
-0.0005656829336740595
-0.0005436050082860591
-0.0005242384644600133
-0.0005004341861443001
-0.0004759088426337572
-0.00045573102646046556
-0.00044450077274499567
-0.00044273176536313385
-0.00044900098887603815
-0.00046186290841126673
-0.00046749628664400104
-0.00045886887026456253
-0.00044013032406455
-0.0004076259887973118
-0.0003509804131087392
-0.0002611980829157592
-0.0001546779907829984
-5.681764949411033e-05
3.8727435700697354e-05
0.00014559233417618504
0.00025443198439430734
0.0003467529175604436
0.00041473963968600286
0.0004606743645906349
0.00048793997304678643
0.00049113495583433
0.0004621751424197916
0.00041255124279638135
0.0003655259563461178
0.00032368091989062035
0.00027444124555848
0.00022316593150506714
0.00018679794296828223
0.000167393447808813
0.000160609683101482
0.00016760919754079526
0.00018213485436930534
0.00019344551647966314
0.00021195857388515366
0.000266394309223547
0.00035286992964134157
0.0004146028898103201
0.00041466995249842486
0.0003902587741873783
0.0003968621184992387
0.0004339962201010046
0.00045209195658945376
0.00042591190338286445
0.0003828805220937692
0.0003517473857975873
0.0003409297004119401
0.00035452567270962456
0.0003790126282328323
0.0003943860976315745
0.0004109100285090079
0.0004427759209886243
0.00045299822470951144
0.00039940708979039236
0.0003094237962253087
0.00022268547724228088
0.00013037896306111082
2.19032165201736e-05
-8.619130532583408e-05
-0.0001731018846730654
-0.00023272971027223996
-0.00027282644694832714
-0.0003013509154581021
-0.0003077591037277939
-0.00026392526642769374
-0.00016172196008438225
-3.94617560031639e-05
3.095685845365078e-05
1.4601953845590189e-05
-2.7474741232879795e-05
-1.9000044594793754e-05
1.8063036674902088e-05
8.795529997004759e-06
-4.5961080996158296e-05
-7.238064988400102e-05
-2.916851653351863e-05
5.705143721136957e-05
0.00010917494920892623
7.124951291179899e-05
5.333639397376365e-06
2.1477364961735635e-05
0.00013905395425852594
0.00026874616075056845
0.00030780551024539566
0.0002557267647265991
0.0001557067652417319
-6.449379521343637e-07
-0.0001981501346761629
-0.00036268557211301014
-0.0004610091523814932
-0.0005302379797191763
-0.0005820029877537749
-0.0006008301981188704
-0.0006071481530211349
-0.0006085970182047935
-0.0005521232708618057
-0.0003998132082113523
-0.00023093583376367476
-0.00015629625592229708
-0.0001692937831777917
-0.0002109916850935694
-0.00030640205296075964
-0.0005109835409395081
-0.0007717717435460123
-0.0009922931573161167
-0.0011361702162356424
-0.001209882403521377
-0.0012706988843356368
-0.001307280971522661
-0.0011868691397676336
-0.0008319599057945002
-0.00028917147182158534
0.00022789406316394204
0.0005366915723381915
0.0007514373202253745
0.0009576575057269758
0.0010553285821355922
0.0010646826297571568
0.0010593246000891131
0.0009367743937514381
0.0006020611714389172
0.00023356387150392903
5.9331487916626195e-05
2.6343913765394474e-05
2.394459052455721e-05
0.00013205065704037682
0.00039783336780486366
0.0006426498293105339
0.0006926763765045476
0.000653415235352102
0.0006830187266465532
0.0007096432809740554
0.0006429232024275363
0.0005105089472369875
0.0002840784042436552
-3.8954589462567936e-05
-0.0003276284791410825
-0.0005255337928761984
-0.0006922518391656444
-0.0008056641507058704
-0.0007207629539256385
-0.000419720757218402
-0.00012041922419573172
7.59925129628936e-05
0.0002579396650470095
0.0004051158602421573
0.0004944272215103517
0.0006464618441352861
0.0008894221139967004
0.0010185631878656684
0.0008657856950078798
0.0005899794489202907
0.0003980661210502631
0.0002673368335689459
0.00019601519259517756
0.0002668266276427908
0.0004589512749437595
0.0006517604611042727
0.0007622827171127482
0.0008254104388159498
0.0008703328932443499
0.0008502742147749641
0.0008136864140065142
0.0008454505506823875
0.0008823291235377102
0.0008639563550438093
0.000804797975261217
0.0006795211560691601
0.0004605666685394492
0.00022488034159747698
