0.00203932 -0.00234602 0.00565517
0.00405502 -0.0040221 0.00280842
0.0115788 -0.00922268 -0.00224372
-0.00955865 0.0166685 -0.00830927
0.00100927 0.0594311 -0.00805214
-0.0112778 -0.000126055 0.032811
-0.0221461 -0.0162251 -0.0350528
-0.0112437 -0.0523025 0.0165279
-0.00794252 -0.0952927 0.0400084
-0.0420981 0.00449245 -0.0354301
0.0494535 0.0515895 -0.0617872
0.0420546 0.0790061 0.0736173
0.0546666 -0.0212007 -0.0358858
-0.0104286 0.0234098 -0.010686
-0.0753697 0.0863007 0.0379093
-0.0544861 0.0607017 0.0339265
0.0654649 -0.0381271 -0.0702315
0.0465339 -0.132576 -0.016252
0.00570117 -0.0658144 0.0303682
-0.0741334 -0.0112604 -0.00182853
-0.0407676 0.0140833 0.00817863
0.0383335 -0.0327887 -0.00226478
0.00513577 -0.0606727 0.00348116
-0.0268475 0.0723045 0.00534701
0.0446007 0.166055 -0.0413225
0.0478318 0.127223 0.00459151
0.0327922 -0.000364899 0.0809818
0.0499425 -0.153677 -0.00362232
0.000860728 -0.117673 -0.00749933
-0.0714286 0.00852318 0.0390408
-0.0940215 0.0528315 -0.0634804
0.0216874 0.0143776 -0.0309025
0.114026 -0.046479 0.0114482
-8.39596e-05 -0.0103901 -0.0170379
-0.0408699 -0.0324145 0.0328606
-0.0324869 -0.0207821 -0.0259595
-0.0178059 -0.00962595 0.0260333
-0.00267253 0.0091076 -0.0123162
-0.00326953 0.0565813 0.0337623
0.0246076 0.149307 -0.11384
0.0723028 0.10792 -0.0239998
-0.0273154 0.00492659 0.0412429
-0.0721039 -0.122836 0.0495189
-0.00216159 -0.154287 0.0455071
-0.0126631 -0.0600124 -0.0344409
-0.0201936 0.112369 0.0613538
-0.0290873 0.030807 -0.0140299
0.0202855 -0.0893262 0.0102902
0.0363335 -0.02261 0.00551044
-0.00611702 0.0482789 -0.061293
-0.015326 0.0779817 0.0473395
-0.000345493 0.0589202 -0.0178354
0.0335087 -0.0245685 -0.0203131
-0.0415857 -0.088584 -0.0547295
0.00101353 -0.0472359 -0.0465319
0.0465971 0.0276082 0.00805628
0.0554593 -0.0195476 0.0443989
-0.0447655 -0.0319124 0.00181241
-0.0553437 -0.00741049 0.0310805
-0.0285571 0.114691 0.0190113
0.0356591 0.0602717 -0.00191421
0.0436673 -0.0541327 -0.016557
0.0297373 -0.0822737 0.0124543
0.058589 0.0701434 -0.00217107
0.0613646 0.141588 0.0267106
-0.02261 0.0665519 -0.0120248
-0.0595827 -0.0889424 0.047716
-0.064392 -0.111548 0.0122901
-0.0374543 -0.0638492 -0.0368949
0.023376 0.0181136 -0.0734259
0.0539865 0.00627653 0.0391936
0.00399638 -0.0631742 -0.0640534
0.0394657 -0.0408511 -0.00516878
0.024135 0.0354354 0.0108286
-0.0283508 0.0458771 0.0564559
-0.0495385 -0.000540588 -0.0489557
-0.0732622 0.00596905 -0.028533
-0.00282618 -0.024456 0.142124
0.00850673 -0.0407441 -0.06793
-0.00523969 0.0774201 0.0688393
-0.00878764 0.0567167 -0.048898
-0.0251727 0.00515853 0.0513362
-0.0263604 -0.0834357 0.0323094
-0.00530352 -0.0704584 -0.0936304
0.069323 -0.0237714 -0.0591368
0.0039847 0.0915623 0.0502239
-0.0012468 0.10304 -0.0240217
0.00473405 0.0597993 0.0461235
-0.0106041 -0.0690052 0.0338433
-0.0884871 -0.0293488 -0.0740593
-0.00915628 0.0104051 -0.0872899
0.0855363 0.00324355 0.0625101
0.0134371 0.0218299 0.00981654
0.00913366 -0.0110704 0.0171172
0.0287935 -0.0294004 -0.0170162
0.0633869 -0.0434355 0.0307622
-0.0179429 -0.0694172 -0.0246594
-0.0405892 -0.0569354 0.0319845
0.0360709 0.0887337 0.0932597
0.0186304 0.170458 -0.000649269
0.040709 0.0376039 -0.00849668
-0.0114082 -0.109141 -0.0274615
-0.0681704 -0.126719 0.0142479
-0.051611 -0.0836797 -0.0829125
0.0950971 0.0720437 -0.0692969
0.128261 0.211709 -0.0142067
-0.0180388 0.0305825 0.138945
-0.106373 -0.0746162 0.000242572
-0.0816914 -0.0942643 -0.0405781
-0.0115269 -0.0824481 0.0284332
-0.0236166 0.0281355 -0.0287131
-0.0110914 0.0352193 -0.0619541
-0.0156645 0.0364704 0.0494824
0.0155605 -0.0089429 0.00610092
0.00486827 -0.0201369 0.0027036
-0.0191863 -0.0189513 -0.0650332
-0.0462203 -0.022041 -0.0097101
0.0131402 -0.0142335 0.0611695
0.044833 0.0443444 0.0532418
0.123026 0.0458744 -0.0740085
0.00890059 -0.0158777 -0.00813646
-0.0827086 -0.00328256 -0.00853699
-0.0693839 -0.0250213 0.12577
0.0107354 -0.0211829 -0.0771888
-0.0377406 -0.0363756 0.0199465
0.0090725 0.0534014 -0.0208448
0.0350942 0.0873959 -0.0388806
0.103698 0.0459826 0.0614793
0.00909517 -0.0605295 0.146177
-0.0185847 -0.061603 0.0234574
0.0230846 0.0501191 -0.103482
0.072365 0.0839995 -0.107316
0.00544067 -0.0910675 0.0071146
-0.0630545 -0.122329 -0.0687303
0.00630468 -0.0415344 0.061264
0.0743285 0.0388749 -0.00141954
0.0407029 0.105134 -0.0581223
-0.0471487 0.0716334 0.0350378
-0.0609334 -0.00375699 -0.0500397
-0.0210396 0.0173217 0.107097
0.0299808 -0.00762045 -0.0503456
-0.0325571 -0.0453514 0.0978558
-0.0968759 -0.00747813 -0.158573
-0.105031 -0.0363496 0.0895821
-0.00338652 -0.0911447 -0.0126399
0.0147451 0.00874638 0.0699589
0.0764969 0.0372297 -0.0081681
0.0666017 0.111838 -0.0892232
0.0734956 0.0969002 0.0651427
-0.0305906 -0.0956261 0.0393674
-0.0417196 -0.148011 -0.0101712
0.01978 -0.0897313 -0.0215431
0.0220908 0.00943013 0.0786839
-0.0561087 0.100622 -0.0997406
-0.0853881 0.0734786 -0.0242773
-0.0369683 -0.0248268 -0.0761862
0.00134026 -0.0470152 0.0556
0.00375083 -0.103001 0.0467089
-0.00357608 -0.0288275 -0.104365
0.038046 0.106491 0.0550628
0.0207245 0.0100027 0.172814
-0.0188898 -0.0388827 -0.118269
0.0168464 -0.00227363 -0.0228171
0.0564328 0.147262 0.0486099
0.12792 0.211463 -0.096191
0.125458 -0.0137305 -0.0801201
0.000783809 -0.11525 0.161134
-0.111232 -0.111545 0.15563
-0.0913353 -0.0254777 -0.111228
0.0173784 0.0502473 -0.0280256
0.052049 0.0285327 -0.0449018
-0.0634314 -0.00883557 0.0526936
-0.0455717 -0.0210146 -0.0613375
0.0162668 0.00974338 -0.028375
-0.00373818 -0.0262808 0.00924525
-0.0870793 0.014614 0.0379841
-0.00471053 -0.00754707 0.0816294
0.0028132 -0.0927348 -0.0970135
0.102297 -0.0738103 -0.0746262
0.0159301 0.127742 0.0451874
0.00717027 0.220133 0.0275085
0.0500466 0.0308614 0.0906095
0.0211706 -0.198877 -0.0213019
-0.0734017 -0.0781734 0.0542169
-0.0932282 0.120643 -0.0634823
-0.169085 0.0609273 -0.0312686
-0.0779452 -0.071465 -0.0929442
0.0669612 -0.0756314 0.0652793
0.0887195 0.0427676 -0.00477332
0.0123933 0.0371115 0.131716
-0.0243122 -0.0902664 -0.0551113
-0.0564254 -0.103224 -0.0413083
0.00694242 0.0282171 -0.0777867
0.0318981 0.0980778 -0.0435607
0.128095 0.0309469 0.0311188
0.0958557 -0.0579041 0.0773952
-0.0352549 -0.00399902 -0.0101351
-0.0327067 -0.0183327 0.0042456
-0.0626304 -0.0717671 6.2753e-05
0.00369643 -0.0296605 -0.0190212
0.0232657 0.0575743 0.0367799
0.0926076 0.0403892 -0.0387954
0.0608941 0.0227437 0.051609
0.00310309 -0.0161836 0.134369
-0.1019 -0.0158033 0.0185687
-0.0486382 -0.0166184 -0.0295156
-0.00552174 0.0644606 -0.0915501
0.0944212 0.167781 -0.0643371
0.0820243 0.153172 0.00456787
0.0138914 -0.0623171 -0.067622
0.00756553 -0.229483 0.00403154
-0.0298947 -0.214939 0.0313723
-0.118356 0.028132 -0.0392755
-0.054135 0.0836683 0.0312759
0.00518322 0.0658759 -0.00631391
0.0320711 -0.0197263 0.0315542
0.0392785 0.0213274 0.0590701
-0.0437502 0.100009 -0.0425173
-0.082825 0.0681318 -0.127576
0.00276873 -0.0248125 0.19255
0.0287121 -0.0836026 -0.0528871
-0.0255228 -0.0284753 -0.0106359
-0.100003 0.0380697 -0.025481
-0.0465344 0.0974395 0.0554168
0.0599538 0.0572136 0.0150191
0.0281428 -0.121889 0.0613587
0.0100792 0.0116237 -0.00613885
0.000971236 0.11018 0.00839056
0.0515318 0.0248299 -0.0560235
0.0722271 -0.132698 -0.0620613
-0.0121062 -0.128286 -0.0440031
-0.0403838 -0.0519411 0.0221845
-0.0388977 0.115064 -0.0573229
0.125677 0.063775 0.0116566
0.0685003 -0.0109231 0.00809555
-0.00764722 0.0600552 0.0334909
-0.0101059 0.0111849 -0.00940068
0.0314962 -0.0626528 0.0741204
0.0611395 -0.0806081 -0.0897142
-0.00999543 -0.0497957 0.0562607
-0.121382 0.0293633 -0.0865828
-0.00519583 -0.0183548 0.0593517
0.0495973 0.0113904 0.0854327
0.0670187 0.0862117 0.0139897
-0.00379419 0.048096 0.0123792
-0.0191735 0.0175847 -0.111671
0.0160721 0.0902697 0.0454194
0.0461331 -0.0460828 -0.0198296
-0.0548716 -0.137915 -0.0564223
-0.00637179 -0.0471358 0.00265678
0.0422698 -0.00193326 -0.00314932
-0.0726138 0.0322098 0.0759766
-0.0687411 -0.0663983 -0.047183
-0.0435918 -0.0890242 0.0513776
-0.0283916 0.040852 0.0134712
-0.0401127 0.0512342 -0.0243604
-0.0360983 -0.0772601 -0.0713435
-0.02205 -0.0319497 -0.0112501
0.0753856 0.0970051 0.173136
0.0681149 0.092318 -0.0577792
-0.0427468 0.0410264 -0.00640189
-0.0506473 0.00432271 -0.10703
-0.00736668 0.0222893 -0.0885672
0.146895 0.0201111 0.11317
0.132956 -0.072326 0.0428744
0.0614439 0.0127548 -0.00196735
-0.121685 0.0273196 -0.0533606
-0.214004 0.125125 -0.0264156
0.0345071 0.0619257 -0.025636
0.131764 -0.0681136 0.0150618
0.0649046 -0.156697 0.0665969
0.0356954 -0.00651613 -0.0125861
0.0449453 -0.0024685 -0.0195053
-0.033107 0.0367197 0.0604699
0.0869337 -0.0859113 0.0550669
-0.0322297 -0.155769 0.0431589
-0.114539 0.0721971 -0.0239461
-0.0428947 0.110687 -0.0412121
-0.0251208 -0.0269112 -0.053744
0.0430793 -0.00625386 -0.0339714
0.072904 -0.054975 0.0720019
-0.028501 0.0587794 -0.0959949
-0.00106795 0.18517 -0.0237454
0.0703686 0.10985 -0.00945503
-0.125519 -0.0191466 0.0257708
-0.0694829 -0.0151718 0.1346
-0.0949148 0.000791614 -0.15202
-0.0299547 0.125032 0.0521873
0.00353342 0.0690471 0.0469326
0.070088 -0.110333 -0.049332
0.109289 -0.217358 0.157192
0.0507573 -0.172634 0.00965039
-0.117716 0.0730943 -0.0488048
-0.0436404 0.220066 -0.126005
0.00683872 0.0633106 0.108077
-0.0405306 -0.236128 0.0118071
-0.0399815 -0.28179 -0.0538431
0.00574296 -0.0527571 -0.032001
-0.0416422 0.112542 0.012408
0.0400181 0.0161788 -0.0355369
-0.0243057 -0.198218 -0.0123881
-0.00467436 -0.070217 -0.0309772
-0.0606268 0.119422 0.0581605
0.0724783 0.25005 -0.0135779
0.219036 0.253053 0.0468536
0.154309 0.00815915 -0.0179353
-0.105301 -0.177306 0.0110373
-0.135121 -0.0333146 -0.0310296
-0.0546256 0.0926228 0.0297685
-0.032457 0.0915445 -0.0248646
0.0759372 0.055936 0.106916
0.100079 -0.18319 -0.00129718
-0.0113372 -0.11139 -0.0148717
-0.0561753 0.0583222 -0.0346372
0.0274492 -0.00339033 0.0432891
0.0962389 -0.158396 -0.0159042
0.0539324 -0.125518 0.0397538
-0.16452 0.109911 -0.0368603
-0.17888 0.241976 -0.0625115
-0.0110678 -0.0314252 0.00295833
0.067339 -0.209848 -0.00999134
0.0567298 -0.20859 -0.077171
0.0291819 -0.0325324 0.0271211
-0.0529999 0.305726 0.0265388
-0.0170725 0.169035 0.0724594
-0.101546 0.0107811 0.0760515
-0.0951808 0.0556979 0.0641689
0.0520441 0.0150409 -0.0308939
0.0376998 -0.0735235 -0.102312
-0.0205065 0.078908 -0.00843536
-0.00245508 0.0488026 -0.225745
0.0824357 0.0531143 0.21076
0.0514953 0.0283768 -0.0540529
-0.0530839 -0.115787 0.11414
-0.203353 -0.101103 0.00694514
-0.184506 0.127218 -0.0717557
0.0768348 0.202055 -0.0486725
0.263838 0.0179714 0.0394834
0.251725 -0.159895 0.0215188
0.051618 -0.330726 0.0518582
0.0186382 -0.239486 0.0353072
-0.114794 0.039874 -0.201164
-0.186842 0.0753479 0.0604403
-0.041654 -0.0243272 -0.0691035
0.124287 0.0161587 0.120914
0.170841 0.151694 0.0527751
0.201348 0.13264 0.0483526
-0.0236788 -0.0205507 0.0457598
-0.067999 -0.11399 0.0607392
-0.0667442 -0.0572669 -0.121738
-0.0953378 -0.0249601 0.0241719
-0.0873525 0.121197 -0.141659
0.0024232 0.0842867 -0.06915
0.0240144 0.00491278 0.035743
0.0141751 -0.204072 -0.0505016
-0.0482465 -0.175241 0.0778803
-0.144115 -0.0157491 0.067084
-0.0970659 0.248487 -0.141165
0.131161 0.16586 -0.0876326
0.232298 -0.106796 0.0892895
0.0783543 -0.0959121 0.0123552
-0.0630065 0.131033 0.129211
-0.167344 0.0146899 -0.134961
-0.154793 -0.0685087 0.208632
0.033253 -0.0927761 0.02893
0.0823231 -0.126243 -0.0235329
-0.0474272 -0.00237571 -0.162248
0.151946 0.0784934 0.0770639
0.120964 0.0551554 0.0659924
0.0123506 0.0548174 0.0155919
0.0278691 0.0889683 0.0213313
-0.108623 -0.0896437 -0.263331
-0.120831 0.0267769 0.0289963
0.045181 0.0865524 -0.122314
0.0860508 -0.050293 0.179061
0.0419375 -0.143638 -0.047051
0.028093 0.0139643 0.00776266
-0.0981947 0.139114 -0.095415
-0.138277 0.00103564 0.043452
0.0473774 0.0839702 0.0890966
0.11061 -0.0043209 0.0516675
0.171669 -0.213567 0.0226784
0.113798 0.0112105 -0.0284632
0.0543463 0.234584 0.184915
-0.045001 0.156997 -0.0710339
-0.220653 0.165661 -0.0554379
0.00701209 -0.128285 -0.105761
-0.0805648 -0.332899 0.0303704
-0.0598538 -0.260041 -0.0371147
0.0133486 -0.00680462 0.150144
0.0629719 0.0489136 -0.182262
-0.039197 0.117924 0.0748321
-0.139322 0.0475263 -0.0597561
-0.00288102 0.0280366 0.133008
0.165459 0.0376853 -0.0274659
-0.0219026 -0.0606889 -0.219896
-0.0558392 -0.0252142 0.0377113
0.0597708 0.028231 0.261065
0.0403722 0.0236562 -0.147498
0.0173701 -0.0263665 -0.0765464
-0.0715283 0.0410164 -0.198648
0.00501604 0.101 0.311722
0.0798836 0.0345941 -0.131713
0.0852551 -0.0540511 0.104654
-0.051198 -0.0213403 0.0249583
-0.0104626 0.0693175 0.309659
-0.056604 0.202485 -0.0962786
0.00204285 0.0138137 0.144608
-0.192305 -0.208027 -0.369249
-0.269538 -0.195141 0.139219
-0.0456435 0.0857194 -0.192271
0.365167 0.154413 -0.227336
0.287919 0.0279008 0.0425551
0.195159 -0.323066 0.0719725
-0.0168388 -0.214532 0.125236
-0.252777 -0.0916262 -0.0635632
-0.337019 0.142246 0.00276474
-0.0601086 0.257176 0.02082
0.234314 0.0697902 0.0260576
0.297644 0.0214184 0.36889
0.140007 0.0572273 -0.361832
-0.105355 0.152216 0.0461896
-0.10184 0.0427474 -0.108874
-0.137415 0.0176682 0.112511
-0.203688 -0.381938 0.0846885
-0.136248 -0.397521 -0.107852
0.0992344 0.0300919 0.0689549
0.211729 0.326142 0.174017
0.0420831 0.163252 -0.0928024
-0.208599 -0.0485618 0.0241834
-0.0532106 -0.193745 -0.267191
0.0323394 0.141308 0.0550218
0.0651459 0.0460518 -0.0162029
-0.211177 -0.0747702 -0.1243
-0.114142 -0.124862 0.0286609
0.187422 0.051831 0.0184586
0.409842 0.267631 0.01952
0.150547 0.255716 0.192775
-0.173715 -0.0459227 0.180123
-0.376825 -0.211883 -0.239901
-0.241963 -0.155122 -0.0114932
-0.0363537 -0.11791 0.0396483
0.169764 -0.149116 -0.170253
0.178704 -0.0019141 0.106642
0.130876 0.0662158 0.340416
0.119353 0.430681 -0.275601
-0.0346711 0.434132 0.103795
-0.0993151 -0.0115395 -0.153707
-0.0384506 0.0606306 -0.00190256
-0.00827819 0.0496294 0.189577
0.0566285 -0.128242 -0.136331
0.0301069 -0.541633 -0.125642
-0.0444953 -0.523029 0.269211
-0.0199076 -0.285074 -0.334068
-0.079923 0.124907 0.10311
-0.105727 0.142381 0.0387594
-0.0116052 0.249211 -0.186757
0.164852 0.286509 0.10415
0.122848 0.0939519 0.203858
0.18068 0.199071 -0.247168
0.105938 0.0185829 -0.0781097
-0.0738689 0.0514684 0.0363446
-0.151978 0.221494 0.300632
-0.113105 -0.101663 -0.0993472
-0.0626199 -0.161231 0.0379284
-0.0529847 -0.0737405 0.18039
0.131839 -0.252472 0.204693
-0.0374633 -0.230075 0.0368707
-0.105679 -0.267884 -0.274592
-0.159694 -0.183437 0.00450394
-0.231472 0.200983 -0.1001
0.0775874 0.476316 -0.171491
0.275268 0.291577 -0.04821
0.0971619 0.0259353 -0.230956
0.152185 -0.0731901 0.200177
0.179673 -0.0896169 -0.0305494
0.145039 -0.331022 -0.0628306
0.0357978 -0.428824 -0.0478119
-0.0887738 -0.0981874 0.301061
-0.180184 0.284063 -0.284126
-0.139221 0.273073 0.20116
-0.343858 0.0821437 -0.0961157
-0.332951 -0.026165 0.206034
-0.0707887 0.229788 0.0692543
0.223993 0.426285 0.0944652
0.175967 0.231301 0.0312042
0.132627 -0.0913922 0.13106
0.063291 -0.375232 -0.178708
0.138413 -0.194786 -0.066779
0.0064524 -0.0112113 -0.0405347
-0.0233135 -0.103155 -0.180825
0.0556399 -0.0690436 0.0751584
0.35878 -0.125565 -0.452396
0.0553991 -0.224529 0.304887
-0.15421 -0.320306 -0.0891364
-0.310824 -0.197154 0.277938
0.0848447 0.165952 -0.146199
0.136935 0.762581 0.114182
0.224206 0.590485 -0.0120286
0.0239731 0.0443234 0.0475824
-0.460823 -0.234921 -0.267528
-0.483159 -0.139728 0.00400222
-0.238023 -0.0128516 0.179364
0.0719295 -0.181054 0.230641
0.345422 -0.233241 0.0589834
0.318333 0.11731 -0.0377878
0.243378 0.380838 -0.0202449
0.265878 0.00219772 -0.00889698
-0.00159603 -0.0811354 -0.187419
0.0478277 -0.241486 0.305724
-0.20164 -0.12605 -0.162186
-0.0560881 -0.00775336 -0.0828374
0.236718 -0.16333 0.0531183
-0.199465 0.0302014 -0.183168
-0.466701 0.100056 -0.130675
-0.210222 0.0886425 -0.170205
-0.0581765 -0.181797 0.234403
-0.0229919 -0.474075 -0.0227014
-0.201719 -0.307421 -0.0121965
-0.0695985 0.32914 -0.0252599
0.285009 0.447298 0.176203
0.0483938 0.24578 0.180243
0.136837 0.19085 0.0736654
0.439952 0.195511 0.0716712
0.447861 0.110145 -0.214468
0.205303 -0.109837 0.256868
0.0576056 -0.434476 0.198892
-0.198218 -0.322183 -0.409195
-0.567253 -0.163241 0.0117243
-0.374305 -0.0221776 -0.381211
-0.0689157 0.158005 0.0357947
-0.134178 0.141125 -0.11208
-0.193061 0.447287 -0.0388273
-0.0386934 0.41817 0.17234
0.341081 0.276795 0.0901984
0.499093 0.217121 0.0839835
0.211899 -0.0620024 -0.152272
-0.0925319 -0.353576 -0.0513257
-0.0900979 -0.610574 -0.201188
0.0779511 -0.580696 0.169174
-0.00793933 -0.392778 0.168477
-0.175952 0.0256851 0.355917
-0.00799514 0.186726 0.174191
0.0473679 0.316262 -0.185527
0.111277 0.185018 0.260716
0.0608462 0.168908 -0.496573
-0.112256 0.341588 0.238636
-0.298207 0.322295 -0.0166182
-0.484212 -0.0209951 0.046491
-0.155576 -0.128442 -0.364127
0.20299 -0.312018 -0.0335094
0.198379 -0.225756 -0.291246
-0.104947 -0.336965 0.43658
-0.188605 -0.279778 -0.11099
0.186293 0.209252 -0.0701143
0.546934 0.604674 0.153925
0.159531 0.654378 0.0383899
0.00271126 0.308017 -0.0281123
-0.122423 -0.257226 -0.332251
0.0384693 -0.302947 -0.0740148
-0.0632968 0.0780367 0.30456
-0.0929477 -0.418875 -0.173257
-0.223441 -0.521311 0.23895
0.0366438 -0.619275 0.253046
-0.034109 -0.76733 -0.0694036
-0.217536 -0.0506588 0.0687336
0.0782021 0.571194 0.142656
0.216897 0.121643 0.0265277
-0.0740116 -0.357954 -0.526865
-0.226841 0.0720586 0.276318
0.0389302 0.975629 -0.119478
0.312675 1.40837 -0.0945233
0.555871 0.708577 0.0549592
0.363829 -0.160015 -0.0940674
0.264059 -0.468171 0.0755291
-0.145015 -0.526121 0.027661
-0.408118 -0.619502 -0.154636
-0.475955 -0.763998 -0.0813385
-0.563811 -0.676668 -0.214205
-0.222401 0.0983275 0.275081
0.215029 0.314603 -0.166972
0.0397028 0.42064 0.386795
-0.290411 0.571042 0.17299
-0.191426 0.491024 0.4094
0.0910522 0.309367 -0.073801
0.127444 -0.0196003 -0.282324
0.156113 -0.187618 0.392925
0.306796 -0.445378 -0.214573
0.353399 -0.70972 -0.58752
0.272234 -0.676202 0.0174182
-0.0505056 -0.00998672 0.282043
0.00405915 0.636464 -0.606128
-0.0795381 0.492735 0.281906
-0.213908 0.357333 -0.289874
-0.215174 0.618894 0.135171
0.12284 0.799443 0.0536741
0.161948 0.368659 0.128817
0.0268592 -0.122111 -0.131067
-0.276646 -0.471744 0.0616469
-0.341731 -0.0429552 -0.0642306
-0.1574 -0.117469 0.013859
0.23694 -1.2095 0.511165
0.229732 -1.36881 0.207246
0.0450926 -0.488386 0.0932307
0.195911 0.492435 0.103107
0.181196 0.956606 -0.140486
0.144034 0.237435 -0.137377
0.0952746 -0.604234 -0.0230598
0.0824032 0.048322 -0.645501
-0.0826139 0.967848 0.0997415
-0.498136 1.23664 -0.104028
-0.437512 0.576855 -0.348561
0.123175 -0.479121 0.258913
0.439222 -1.05119 -0.0571398
0.00359506 -0.64189 -0.00749312
-0.463315 -0.735431 0.332004
-0.731192 -0.434636 -0.0440668
-0.277007 0.263911 0.236129
-0.0606192 0.360449 -0.140469
0.128216 0.343665 0.20604
0.567742 0.296223 -0.0209066
0.87377 0.00513264 0.377464
0.354833 0.15389 0.126331
0.0867223 -0.145785 -0.163701
-0.121349 -0.511482 -0.472242
-0.355874 -0.686625 0.0142552
0.093328 -0.686456 -0.0915369
0.280127 -0.437029 0.0125227
0.168601 0.0774025 0.143267
0.0349686 0.726377 -0.232559
-0.0450723 1.0982 0.0874482
0.0681273 0.602392 0.0029877
0.167237 -0.121978 0.149164
-0.0283567 0.0115318 0.0126116
-0.415487 0.323684 -0.252932
-0.722935 0.757574 -0.315601
-0.265628 0.701876 0.27639
-0.13084 0.132674 -0.0299957
0.17365 -0.472567 0.259974
0.302439 -1.12603 -0.108588
0.378055 -0.801905 0.279411
0.165788 -0.164962 -0.0807609
-0.0249698 0.166241 0.326824
-0.318648 -0.310326 -0.66539
-0.193702 -0.777025 0.31836
0.0840572 -0.190554 0.0220064
0.131332 0.673216 0.0436428
0.0689775 0.858194 -0.298311
-0.0120112 0.510755 0.28348
-0.158832 0.264091 -0.13135
-0.536861 -0.111091 0.240564
-0.332367 -0.35999 -0.480453
0.0538704 -0.0937262 0.349468
0.566043 0.473714 -0.231446
0.0623401 0.620183 0.0112981
-0.102753 0.0115357 0.195811
0.0588299 -0.0451459 -0.232576
0.268302 0.243199 -0.0696726
0.135219 0.607792 -0.344477
-0.278985 0.179348 0.144349
0.0274316 -0.511274 0.60708
0.695114 -0.978349 -0.240606
0.631952 -0.683419 0.0889079
0.198391 -0.351629 -0.0945013
-0.318439 -0.271016 0.0348596
-0.654067 -0.651814 -0.123031
-0.113721 -0.631842 0.092442
0.351623 -0.155259 0.0908396
0.18261 0.176055 -0.247261
-0.846369 0.198055 0.209602
-1.0978 -0.100041 0.321932
-0.243429 -0.100126 -0.0488082
0.929704 0.662088 -0.304195
1.0021 0.831401 0.218809
0.0780933 0.511566 -0.114489
-0.718505 0.111779 0.176524
-0.303172 -0.114101 -0.133109
0.0645842 0.0183458 -0.130719
0.209749 0.341062 0.153481
0.23081 0.252391 -0.33308
0.363617 0.490691 -0.020142
0.0947439 -0.0456222 -0.154156
-0.369863 -0.229724 0.415502
-0.4632 -0.299653 0.199183
-0.0568256 -0.142289 -0.1788
0.119924 -0.298093 0.139507
-0.023905 -0.851893 -0.278145
-0.254546 -0.66438 -0.0450656
-0.190584 0.0502305 -0.233189
0.0234335 0.487523 -0.54336
-0.0552687 0.45762 0.479636
-0.19913 0.0869468 0.390626
0.172535 -0.529588 0.121795
0.116735 -0.519204 -0.0309885
0.374598 -0.00629978 -0.195383
0.522157 0.540883 -0.0854946
0.00713008 1.16245 0.439409
-0.244424 0.752956 -0.0494166
0.114381 0.0232403 -0.118734
0.133504 -0.297694 0.409973
-0.15247 -0.230447 -0.290173
-0.635997 -0.0398647 -0.0641303
-0.768949 0.245853 -0.0239077
0.0976144 0.422088 0.348807
0.929731 0.340503 -0.0293365
0.956085 0.838784 0.188943
0.223748 0.500949 -0.122794
-0.453371 -0.40774 -0.478188
-0.664507 -1.24308 -0.0917777
-0.218638 -1.54157 -0.388328
0.437256 -1.14707 -0.11627
0.111788 -0.546539 0.295382
-0.206745 0.102067 0.0965515
0.0754757 0.0781462 -0.0296847
0.0543558 0.0796691 0.0166098
0.373452 -0.0348109 -0.287524
0.499629 0.0862392 0.143178
-0.533476 0.590712 0.225494
-1.2586 0.912863 0.240249
-0.644695 0.423622 -0.0371562
0.54626 -0.102764 -0.106952
0.914948 -0.157011 0.105923
0.486879 -0.155153 0.317573
-0.416282 -0.143035 -0.0188437
-0.467917 0.00827909 -0.115653
0.263255 0.246426 0.0978343
0.294401 0.241532 -0.0977755
-0.326187 0.362131 -0.197631
-0.481163 0.209096 -0.00181104
-0.395072 0.351004 -0.201677
-0.017597 0.308374 0.003006
0.0875815 -0.0473721 -0.234409
0.00624451 -0.302488 0.137181
0.125145 -0.56277 -0.0352213
0.259589 -0.89943 0.399764
0.578543 -0.718631 0.0923637
0.723465 -0.578211 -0.29
-0.270682 -0.282347 0.208014
-0.552401 0.366492 -0.0835603
-0.0160418 0.613836 -0.357519
0.311511 0.309349 0.0291064
0.175736 0.118105 -0.153992
-0.14114 0.407419 -0.031509
0.0444118 0.225976 0.379456
0.266927 0.481533 -0.0376743
0.0876613 0.445109 0.199846
0.004952 0.0817398 0.134706
0.063251 0.190838 -0.0620215
-0.0592641 0.105523 0.101606
-0.423387 -0.657895 0.2348
-0.326924 -0.629237 -0.214042
0.0263696 -0.0189885 -0.12234
0.317718 -0.00638215 -0.297898
0.243357 -0.120352 0.30053
0.126431 -0.133364 0.0952971
0.418214 -0.250556 -0.201767
0.401231 0.285473 0.0167789
0.0487215 0.525646 0.0344855
-0.441081 0.430868 -0.170847
-1.25588 0.391535 0.00794071
-1.28824 0.00679524 -0.265584
-0.708599 -0.281921 -0.170466
0.860613 -0.690313 -0.301209
0.882731 -1.16807 -0.16238
-0.0446587 -0.541695 0.234303
-0.490772 0.220464 0.205373
-0.252779 0.809747 0.466795
0.141365 0.314661 0.0506098
0.572245 -0.157051 0.091937
0.383002 0.356219 0.413137
0.153429 1.09347 0.106823
-0.211054 0.381125 0.0457121
-0.00964845 -0.884948 -0.194515
0.703097 -1.17252 -0.24198
0.571203 -0.640906 0.0881341
0.105653 0.456937 -0.169364
-0.188243 0.385359 -0.165163
-0.286159 -0.198077 -0.0467608
-0.701339 -0.43158 0.0158929
-0.306264 -0.370152 -0.205542
-0.206651 -0.246475 0.00851878
-0.193378 0.201955 0.0402526
-0.00785274 -0.0430949 -0.148558
0.470352 0.321932 0.012531
0.916615 0.921442 -0.298361
1.10452 1.2567 0.0749141
0.82479 0.501569 0.347219
0.486742 -0.346345 0.128607
-0.0374046 -0.87333 0.351867
-0.865187 -0.708819 0.22784
-1.57719 -0.329736 0.1213
-1.1062 -0.310772 -0.0854809
-0.514522 -0.10181 0.0772595
-0.734835 0.0172488 0.0107216
-0.692716 0.41294 -0.128039
0.334378 0.240206 -0.250159
0.844311 -0.131101 -0.401103
0.558818 0.648963 -0.355358
-0.217244 0.793216 -0.0294966
0.146051 -0.0494505 0.126154
0.713964 -0.597979 -0.107161
0.706016 -0.211631 0.226166
0.110508 -0.100272 -0.167051
-0.194863 0.309616 0.120199
-0.439679 -0.11811 0.163691
0.201262 -0.237824 -0.215871
-0.303145 0.487891 0.363578
-1.00879 0.474121 0.264349
-1.03698 0.140532 0.15961
0.587234 0.570836 -0.105975
1.23754 0.341328 0.178187
0.437484 -0.712416 0.285754
-0.488761 -1.16489 0.213088
-0.672803 -0.316837 -0.0849834
0.145156 0.219251 -0.321023
0.302882 -0.321221 -0.0270308
0.730915 -0.450633 -0.522712
0.828476 0.150831 0.100356
0.914298 0.685827 -0.370235
0.961023 0.147465 -0.135545
0.761766 -0.455933 -0.316212
-0.244345 -0.84519 -0.266432
-1.89706 -0.632253 -0.12013
-2.42203 0.130044 0.363829
-1.13379 0.568827 0.00879011
0.330537 0.71686 0.414148
0.157802 0.506028 0.163675
0.0309427 -0.234445 0.199919
0.29654 -0.922625 0.409933
0.460774 -0.181127 0.366314
0.173664 0.112552 0.193056
0.115693 -0.154512 -0.348136
0.225725 -0.156375 0.225107
0.565653 0.345558 -0.199934
0.345047 0.417139 0.0587062
-0.413902 0.44099 -0.205876
-0.447724 0.189183 -0.367803
0.355028 -0.0438374 -0.406466
0.242812 -0.248204 -0.0872747
-0.761636 -0.691033 -0.0803606
-1.00475 -0.382325 -0.133677
-0.687072 0.639961 -0.131644
0.163405 1.2686 -0.178629
0.462743 0.646856 0.190931
0.732977 0.104885 0.296912
0.205474 -1.12592 0.400446
0.0371727 -1.69762 0.251425
-0.220965 -0.788103 0.522005
-0.306084 0.944986 -0.0619948
0.0671577 1.44775 -0.0579745
0.996871 0.818957 -0.320014
1.49327 0.474652 0.133263
1.64708 0.215706 -0.116161
0.409255 0.219588 -0.250502
-1.15633 -0.222598 0.0866028
-1.34434 -0.823708 -0.521335
-1.29751 -0.531806 0.0275309
-0.977805 -0.314324 -0.171191
0.0682378 0.129372 -0.284399
0.778311 0.252815 0.211369
0.584275 0.330189 0.221283
-0.382762 0.41765 -0.131762
-0.664182 -0.383542 0.300422
-0.38123 -0.738923 -0.116362
0.289228 -0.022977 0.545616
0.740859 0.153226 0.145408
0.346918 0.479466 -0.17576
0.184437 0.462656 0.278531
-0.217106 -0.351957 0.0762433
-0.255611 -1.38966 -0.257332
0.159977 -0.818767 0.0145826
0.234742 -0.104879 -0.217746
-0.327973 0.914199 -0.389851
-0.786307 0.7948 -0.0124533
-0.501407 -0.186955 -0.106641
0.212565 -0.177304 -0.0958805
0.0725205 0.372954 0.136038
-0.315486 0.370251 0.0164748
-0.5408 -0.427452 -0.0145589
0.114968 -1.01091 0.442741
0.403025 -0.704279 -0.032813
0.279506 0.181182 -0.146047
0.738886 0.13212 -0.00558158
0.915472 -0.315743 0.0988606
0.579404 0.094314 -0.0665699
0.516473 0.857302 0.0255887
0.944879 1.36349 -0.162526
0.643731 0.634211 0.257324
-0.207607 -1.05085 -0.23678
-1.46777 -0.910215 0.365269
-1.30317 -0.00951673 -0.151517
-0.482566 0.325488 -0.428613
-0.406426 0.0584535 0.303906
-0.562905 -0.00103955 -0.378493
0.21333 0.529849 0.249491
0.402621 0.593509 0.366408
0.252915 0.703652 0.291491
0.277063 0.583366 -0.449444
0.263342 0.229936 0.162525
0.446283 0.0289185 -0.241243
0.477461 -0.58919 -0.306247
-0.21035 -1.86965 0.0749799
-1.26167 -1.38321 -0.0700822
-0.807657 -0.0288041 -0.156396
-0.101723 0.890263 0.327412
-0.0669737 1.111 0.093685
-0.276661 0.59981 -0.0229337
-0.324775 -0.720497 0.211552
-0.383885 -1.29286 0.142766
-0.295075 -0.400772 -0.1349
0.23464 1.11204 -0.435133
0.189884 2.1435 0.19385
0.486928 2.41709 0.332678
1.05826 1.23726 0.0599786
1.05099 -0.674728 0.0889244
1.23476 -1.61254 -0.115319
1.02718 -1.80956 -0.166326
0.481241 -2.01856 -0.294546
-0.512089 -1.82289 -0.129413
-1.30227 -0.839139 -0.135923
-1.2881 0.440933 -0.0166091
-0.31414 1.64298 -0.139691
0.251588 1.03871 0.0239106
0.347837 -0.00938893 0.164808
-0.182789 -0.566777 0.605347
0.134073 -0.797529 0.140437
0.935376 -1.47273 0.158763
0.540869 -0.551143 0.057535
0.992379 0.659654 -0.142518
0.01278 0.707243 0.0124454
-1.30134 -0.0536892 -0.0837296
-1.6979 -0.286513 0.146331
-1.01512 0.685387 0.0656074
-0.0576564 1.50604 -0.00849085
0.670139 1.1467 -0.411502
0.342575 -0.208469 0.22613
-0.985353 -0.270849 -0.618147
-0.897901 0.28406 -0.364214
0.240259 0.61515 -0.432046
0.636319 0.51014 0.0426599
0.395286 -0.249322 -0.321233
0.713763 -0.698004 0.653695
0.383509 -0.913463 0.364211
0.601891 -1.12903 0.542596
-0.654594 -0.715037 0.0734757
-1.30774 -0.95873 0.127665
0.346269 -0.521364 -0.0303027
1.18454 0.927207 -0.464778
-0.0111849 2.03986 0.325725
-1.1117 2.23224 0.0353029
-0.970263 1.91727 0.147621
-0.27224 0.6022 0.0500058
0.378295 -0.486609 -0.134328
0.536598 -1.26283 -0.029363
0.0856657 -1.67604 -0.223267
0.26033 -0.867468 -0.344716
0.486435 0.825769 -0.160574
1.14239 1.63305 -0.158193
1.12334 0.97211 -0.128206
0.531052 -0.340202 0.150694
-0.0198589 -1.04163 0.197474
-0.204046 -0.524168 0.301153
-1.15523 -0.00896275 0.174285
-2.19817 0.192703 0.33439
-1.46075 -0.262094 -0.232556
0.129649 -1.00577 0.353655
1.21681 -1.2665 0.0385152
1.07514 -0.526281 0.181512
0.456617 0.553374 -0.085814
0.461537 0.571606 -0.0334568
0.593677 -0.680507 -0.0877852
-0.602383 -1.46115 -0.00505085
-1.26119 -0.791001 -0.148101
-0.245297 -0.115847 0.0266402
1.55977 1.47813 -0.438001
1.08482 2.10874 -0.425447
0.0485915 0.653185 -0.365033
-1.2381 -0.935205 -0.395751
-0.732152 -1.92222 0.0316089
-0.0222172 -1.86869 0.0535732
-0.863793 -0.297843 0.482576
-1.19674 1.0166 0.398002
-0.633163 0.0836341 0.0700463
0.379065 -0.13535 0.0769504
0.185383 0.732607 0.245076
0.33013 0.967417 0.4292
0.00587287 0.744639 0.119515
0.582928 -0.232915 0.0843166
1.21729 -1.02535 -0.0326143
-0.139274 -0.95483 -0.0530728
-1.27394 0.782841 -0.0605444
-1.28819 1.81688 -0.0746261
-0.600141 1.82362 -0.471286
0.0921891 0.86682 -0.454033
0.984893 -0.377281 -0.010598
1.0733 -0.946782 -0.566538
1.04332 -0.475524 0.505807
0.978203 0.442855 -0.40503
1.09885 1.04209 0.10308
0.41914 0.580022 0.2763
-0.295198 0.801924 0.235572
-0.421447 0.866187 0.084919
-0.582194 0.884069 0.691353
-0.847463 0.217697 0.0375362
-0.840069 -1.64883 -0.218963
-0.348646 -3.39877 -0.0498114
0.421938 -2.41594 -0.0451858
0.440197 -0.0287687 -0.147767
-0.0510346 1.72622 0.017475
-0.29162 1.84755 0.241194
0.55464 1.5544 0.215761
1.50476 0.295642 -0.493196
0.750933 -0.607905 -0.130138
-0.678807 -1.78842 -0.212151
-0.905047 -1.91071 -0.328325
-0.502681 -0.140201 0.281151
0.595482 1.61737 -0.339899
0.244566 0.737358 -0.153411
-1.42583 0.178111 0.501631
-1.19689 -0.706834 -0.168014
-0.754656 -1.76458 0.191339
-1.2288 -1.60643 0.682096
-1.63854 -1.29958 0.0522527
-0.279779 -0.688058 0.0462833
1.47071 0.555946 0.0997958
2.86334 0.475552 0.035599
2.57013 0.304266 -0.43483
0.893807 0.299166 -0.416457
0.156398 -0.0519532 -0.254507
-0.197098 -0.808718 0.0965937
-1.34371 -0.551414 0.160811
-1.2368 -0.673698 0.167634
-0.583241 -0.578203 -0.403514
-0.51009 -0.0880239 -0.00932115
0.108047 0.793035 -0.049388
0.778086 1.71411 -0.221191
0.598118 2.7173 0.26294
0.478053 2.45423 0.208853
0.666809 0.473893 0.170467
1.40054 -0.965683 0.624766
0.547069 -0.704113 0.0790658
-0.79246 0.338092 -0.154763
-0.954148 1.33609 0.0944994
0.100041 0.383467 -0.388782
0.466904 -1.41785 0.207099
-0.197681 -1.14751 -0.187976
-0.962217 0.493132 -0.180674
-1.15382 0.478681 -0.0109166
-0.0621527 0.416254 -0.295507
0.154696 0.111681 -0.279971
0.0294276 0.578549 -0.446103
-0.702932 1.23585 0.0190419
-2.1575 0.648915 0.464454
-1.14213 -1.30029 0.0421421
0.866234 -1.14798 -0.0679714
1.81794 -0.268953 0.496463
1.31527 0.413426 -0.177214
0.26367 0.452129 0.489309
-0.743216 -0.0551302 0.389588
-0.42318 0.0956765 -0.184892
1.03014 0.511003 0.00949689
0.781264 0.837202 -0.268296
0.271088 0.246257 -0.00121258
-1.19184 -0.41911 -0.0208319
-1.88888 -0.32708 -0.311986
0.0505699 -0.698223 -0.129968
1.73942 -1.83317 -0.143429
1.01269 -2.6573 -0.0905937
0.0702708 -2.79539 0.15577
-0.0135495 -1.74058 0.283183
-0.358751 -0.0603873 0.254695
-0.150877 0.95611 -0.407653
0.330361 0.779169 -0.0190932
0.458181 0.615377 0.503078
0.53726 0.570339 -0.0127251
0.335066 1.02179 0.408326
-0.412151 1.95547 -0.123372
-0.440546 1.36917 -0.0165371
0.466347 -1.70258 -0.494445
1.09506 -3.39983 -0.132558
-0.30603 -2.864 -0.607393
-2.47566 -1.1803 0.00207514
-2.34209 2.17368 -0.0920454
-0.925289 3.53862 0.369109
0.523508 2.78501 -0.0395123
-0.260707 1.92863 0.641057
-0.459118 0.254212 0.268661
0.489416 -1.03782 -0.0149742
1.34881 -1.63032 -0.184444
-0.821729 -1.96211 0.14038
-1.58089 -1.1359 0.210595
-0.504629 0.518272 -0.29194
2.03431 0.630901 0.0424701
2.92708 0.908722 0.0216658
2.48409 0.765218 -0.318058
0.581903 1.28406 -0.214697
-1.38981 2.21828 0.100543
-0.449961 2.4646 -0.0668055
0.277408 1.48043 -0.110573
0.482197 0.403941 -0.324439
-0.0729342 0.413106 -0.0282236
-1.1843 -0.0826075 -0.40892
-1.53317 -0.853071 -0.0963439
-1.69516 -0.00168675 0.247797
-1.42377 -0.121969 0.63103
-1.32651 -4.59529 0.418516
-0.0155467 -4.47428 0.330301
3.42479 -1.8656 0.125443
2.48232 3.01678 -0.075089
0.80271 4.86441 -0.0768566
1.43486 3.00136 0.000471286
1.76993 -0.0325814 0.216605
0.560833 -1.28645 -0.0397169
-1.35373 -2.2675 -0.330318
-1.46375 -4.1582 -0.395054
-1.71133 -4.73337 -0.37489
-1.62009 -2.39001 -0.29453
-1.88613 0.782129 0.0249938
-2.23444 3.52989 -0.124931
-1.82622 4.02431 0.142729
-0.739845 2.255 0.508027
-0.845369 -0.356044 -0.230811
-0.0794589 -4.0663 0.622871
2.39023 -3.48119 0.0856969
4.71239 -1.2226 0.261175
3.96729 1.43622 -0.056812
2.54813 2.35124 0.0487467
1.27177 1.44881 0.0717685
-0.0834738 -0.752935 -0.538069
-1.09509 -1.93322 -0.520537
-2.47188 -2.92191 0.0559655
-1.73795 -1.48847 0.0204631
-1.06451 0.179307 0.0629908
-2.30054 2.76459 0.113387
-2.93439 3.80088 0.00441186
-0.492308 2.91101 -0.131592
1.9297 1.845 -0.432807
2.12434 0.807041 0.269294
0.862494 -0.502485 0.354155
0.429897 -1.3351 0.0245921
1.85006 -1.16064 0.374854
2.91167 -0.0977471 -0.0042746
1.31022 0.278687 0.192036
-1.20933 1.29275 0.0195273
-1.28127 1.87829 -0.144074
-0.803549 1.61427 -0.337869
-0.014882 0.966235 -0.395729
-1.10943 0.384871 -0.393433
-2.95763 -0.232649 0.1783
-2.99318 -0.969852 0.0558888
-2.30562 -1.60644 -0.0255972
-0.714893 -1.65566 0.287901
0.0756452 -0.807123 0.0463933
0.846542 -0.484341 0.201718
1.43541 -1.6303 0.23237
2.22934 -2.11082 0.0234001
3.46454 -1.05651 0.149101
3.077 1.14919 0.352411
1.40309 2.29431 0.181355
-0.292205 2.50642 -0.0303533
-0.393002 1.51149 -0.0805434
-0.485761 -0.261585 -0.322593
-0.835486 -1.97246 -0.635517
-2.82573 -2.15026 0.108878
-2.43901 -1.2416 -0.26242
-1.72196 0.11324 0.0685152
-0.651808 0.312487 -0.308535
1.27135 -0.158969 0.0817103
2.74456 -1.10152 0.000775254
2.10613 -1.23807 0.490747
0.280895 0.502319 0.275904
-0.567138 1.30028 -0.268728
-0.294211 1.18184 0.0400927
0.683811 -0.0655838 0.531078
1.4804 -1.22664 0.01971
0.626594 -1.44738 -0.428293
-0.197711 -0.331834 -0.0652996
-1.0777 -0.486341 -0.510491
-1.65477 -1.18583 -0.103435
-1.18865 -0.608411 -0.278092
-0.844111 0.652398 -0.408291
-1.12539 2.25114 -0.130039
-2.33976 2.99173 0.141044
-2.42407 1.98131 0.178332
-0.916317 1.60815 0.487014
1.09689 1.77538 0.571604
3.07149 1.38007 0.386849
3.5783 -0.822891 0.12593
2.30408 -1.09814 0.31263
0.128419 -1.51335 0.277547
-0.222396 -1.32392 -0.273883
0.351277 -1.40193 -0.220728
0.18098 -1.06568 -0.179777
0.0657721 -0.0141659 -0.0832715
-0.531114 0.719255 -0.62216
-0.839004 0.794916 -0.201031
-1.09793 0.133734 -0.0418924
-0.669225 -0.601914 -0.378757
-0.226715 -0.466745 -0.0325635
0.245171 -0.12783 -0.132574
0.261464 0.418256 0.0011808
0.300009 0.902221 0.0506785
1.12139 0.979607 0.266048
0.753038 0.248383 0.363743
-0.549348 -0.75289 0.508376
0.0413042 -0.0984577 0.309677
0.138627 0.514607 0.256443
-0.230549 0.167852 0.136529
-0.973357 -0.911641 -0.122219
-0.755587 -0.55721 -0.231215
0.0446922 0.447231 -0.197832
0.344497 1.1887 -0.326173
-0.462884 0.944528 -0.0326311
-1.12814 -0.271731 0.00505833
-0.593563 -0.547939 -0.0388399
-0.452675 -0.89937 -0.549214
-0.742588 -1.49224 -0.171154
0.342323 -1.40167 0.176072
0.79361 -0.87824 0.0566092
0.858145 -0.517988 -0.232861
0.432366 0.298163 0.124972
-0.186835 0.142911 0.201286
-0.270871 -0.0542444 0.252624
0.636267 0.412692 0.202826
0.922405 0.711487 -0.0236756
0.143275 0.716646 0.130302
0.151395 0.165801 -0.315124
0.0939314 0.0996179 0.164909
-0.286392 1.28305 0.12349
0.442032 1.49497 -0.202063
0.836589 0.96982 0.254449
1.67845 -0.494142 -0.208371
0.601588 -0.89197 -0.0216139
-1.60502 -0.444975 0.11091
-1.6547 -0.503104 -0.0201117
-0.500419 -1.63641 0.0645758
-0.0216574 -1.37598 -0.156971
-0.0940646 0.154756 -0.0559895
-0.232344 1.76172 -0.220903
0.0601142 1.56578 -0.187184
0.817841 -0.352679 -0.0922384
0.614583 -1.58393 0.0831825
0.287499 -1.16661 0.315826
0.151919 0.238173 -0.103374
-0.698256 0.448207 0.169299
-1.03378 -0.21031 0.00132264
-0.463136 -0.347201 0.171884
-0.370334 0.545074 0.240791
-0.697657 1.11509 -0.0125396
-1.3417 0.723025 -0.0194272
-0.413053 0.098717 0.163586
0.0652196 -0.073121 -0.182616
0.175171 0.275146 0.10219
-0.059597 1.35907 -0.366129
0.488015 1.02254 0.00222165
1.18995 0.332623 -0.0981023
1.24015 -0.238086 -0.0996899
1.0903 -0.976342 0.162435
0.655226 -0.436764 -0.109638
-0.0401353 -0.70921 -0.0449456
-0.521733 -2.14317 -0.0510034
-0.788644 -1.99927 0.133051
-0.945234 -0.868473 0.0169887
-0.398221 0.417964 0.0164496
-0.220217 0.962698 0.00655134
0.36611 0.630067 0.109924
0.162282 0.296378 -0.0191962
-0.0134415 0.855477 0.252171
0.506234 0.637306 -0.0344848
0.889237 -0.108917 0.142436
1.22191 -0.821062 0.0168203
0.680842 0.28208 -0.0051022
0.220465 1.18059 -0.0286248
0.132315 1.19169 -0.0155148
0.567431 0.0718466 -0.298348
1.10231 -0.962987 -0.175897
-0.00865618 -0.455807 -0.0753708
-1.06049 0.690228 -0.240571
-1.37209 0.589568 -0.320323
-2.23532 -0.892815 0.243688
-1.82116 -1.31125 0.11866
-1.15474 -0.814621 0.172343
-0.00527508 0.0247567 0.251068
1.19949 0.160386 0.00301358
0.547649 -0.347025 0.397711
-0.340536 -1.03942 0.446066
-0.0439714 -1.05086 -0.0132569
0.867322 -0.564761 -0.0402576
1.04425 0.164985 -0.115783
0.406935 0.938419 -0.396941
-0.220523 1.35998 -0.296469
-0.931203 1.57257 -0.192326
-0.506889 0.435984 0.121481
0.218368 -0.124342 -0.485207
0.662302 -0.0343323 -0.0826645
0.389668 -0.369549 -0.158099
-0.695693 0.00434273 0.0485074
-1.70718 0.274983 -0.052688
-1.294 0.157506 0.313408
-0.147654 0.553153 0.162813
1.11162 0.0274002 0.31421
2.15928 -0.322584 0.10791
1.38914 -0.88012 0.392217
-0.00624521 -0.695372 0.467383
0.955389 -0.490734 0.180444
1.41999 -0.0909237 -0.114829
0.733799 -0.205111 0.0492525
0.567923 -0.436488 -0.447067
0.412248 -0.652009 -0.570647
-0.307775 -0.145694 -0.204285
-1.28478 0.264769 -0.055369
-1.58468 0.656188 -0.146082
-1.33066 0.931219 -0.291426
-0.971168 0.774085 -0.0147803
-0.657539 0.657422 0.373665
-0.206539 0.908983 0.110982
-0.0573001 0.85619 0.172933
0.146957 0.612429 0.115366
0.247849 -0.00887721 0.146251
0.165066 -0.565685 0.387117
0.319566 -1.04985 0.192079
0.313698 -0.669906 -0.228696
0.506464 -0.0281953 -0.172948
0.855969 0.190321 -0.133481
0.0435307 -0.14139 -0.075288
-1.44177 -0.527692 -0.0608842
-1.18308 -0.57026 -0.276251
-0.700291 -0.651569 -0.418635
-0.533047 -0.962044 -0.0271229
-1.03913 -1.10277 -0.00764405
-0.749573 0.071767 0.354923
0.546921 1.00583 -0.227647
1.54335 1.02647 0.0648515
1.04007 -0.220443 0.25897
0.886349 -1.00454 0.217303
0.817517 -0.364377 0.0768023
0.840003 1.16393 0.1579
0.299769 0.924263 0.12052
0.20063 0.477511 -0.0525
0.823687 0.549001 0.221955
1.01876 0.633575 -0.039793
0.00575172 0.661847 -0.328374
-0.997414 0.0232415 -0.0516665
-0.941231 -0.480105 0.00617204
-0.146697 -0.315505 -0.119441
0.330308 -0.488291 0.107577
0.219738 -0.528579 -0.00663173
-0.209028 -1.04671 -0.0810497
-0.692673 -1.15387 -0.0548135
-0.452207 -0.405391 -0.201847
-0.144266 -0.315737 -0.0418733
-0.280475 -0.108652 0.129613
-0.554679 0.126063 0.0499108
-0.149728 0.114415 0.232409
0.356897 0.918762 -0.172684
0.0135547 1.6305 -0.054916
-0.699416 1.07629 -0.248497
-0.990875 0.405144 -0.264909
-0.838955 0.207564 -0.178896
-1.02808 0.00547833 0.0640248
-0.563073 -0.380716 0.275918
0.122673 -0.602563 0.0796581
0.638024 -0.247746 0.29142
0.578165 0.0649222 0.196742
0.27424 0.595798 0.260449
0.229647 0.4197 -0.0159956
0.243502 0.0618736 0.023721
0.0359578 0.481915 0.0252402
0.219882 0.586464 -0.0234223
0.697122 -0.00659009 -0.00883488
1.18299 -0.595604 -0.13165
0.935226 -1.32392 0.182021
0.455911 -1.66382 -0.126125
0.42348 -0.916067 -0.199443
0.0763753 -0.440057 -0.242179
-0.0371843 -0.0166909 -0.142823
0.282893 0.408126 -0.0787109
0.615746 1.22937 -0.178729
0.528694 2.17422 -0.0727904
0.103553 1.23824 0.130313
-0.619809 -0.211868 0.0801851
-0.939787 -0.580256 0.248894
-0.0144412 -0.316662 0.221475
0.611922 0.00814626 0.420389
0.249332 0.135421 0.0329081
-0.510735 -0.0985266 -0.11104
-1.16176 -0.00666795 0.0296874
-1.53284 -0.276482 -0.187227
-0.937763 -1.37189 -0.22044
-0.61267 -1.1742 0.0305561
-0.323859 0.284124 -0.00716271
-0.36177 0.963772 -0.389937
-0.0640667 0.454413 -0.00972179
0.619134 -0.322444 -0.0635306
0.624726 -0.737268 0.114452
-0.314573 -0.320976 -0.207705
-0.994893 -0.116614 -0.040925
-0.230328 -0.350979 0.0404062
0.224745 -0.360474 0.105154
-0.0754193 0.344267 0.106256
0.310735 0.524652 0.121712
0.908284 0.00976228 0.0452188
1.44607 0.424601 0.0694657
0.918657 0.650185 -0.0503717
0.753348 0.200403 -0.0571664
-0.207235 0.368423 -0.0957527
-0.917484 0.637199 -0.00538287
-0.568926 0.77127 0.0335825
0.225997 0.113306 -0.0269365
1.20177 -0.511809 -0.0577648
1.12912 -0.660522 -0.0078702
0.69574 0.106302 0.0580002
0.649583 0.413105 0.0627645
0.51041 -0.472955 0.152727
-0.246829 -0.855038 -0.0200562
-1.14384 -0.222584 0.043175
-1.09536 0.637588 -0.112278
-0.465436 0.89129 -0.142162
-0.210469 0.0891711 -0.0970136
-0.398488 -0.592284 0.112844
-0.135311 -0.0581155 0.0279087
-0.170938 0.0885462 -0.0102017
-0.388069 -0.387609 -0.0667819
-0.335906 -1.00281 0.000134622
-0.34938 -0.396174 0.0274691
-0.29926 0.535006 -0.296451
0.272474 1.31591 0.0724728
0.356813 0.464341 0.188655
-0.47511 0.0624356 0.123375
-1.03156 0.294809 0.0235597
-0.521056 0.284645 -0.0329515
0.16232 -0.0211677 0.0796817
0.733737 -0.748941 -0.0464666
0.0906505 -0.0431786 0.199853
-0.497787 0.284795 -0.148879
-0.159763 -0.388574 -0.178098
0.553942 -1.21218 -0.0113757
0.642807 -1.08853 0.144906
0.384294 -0.117731 0.0945156
0.212969 0.699832 0.0678404
0.327761 0.0996287 0.0484961
0.872886 -0.852537 0.0735447
1.05633 -0.658725 -0.0974576
0.568547 0.223682 -0.180859
0.1249 0.657722 -0.0511098
-0.257541 0.572684 0.146777
-0.0295842 0.441962 0.119843
0.229853 0.224949 0.0419886
-0.248701 0.0258148 -0.169354
-0.366313 -0.552817 0.136346
-0.253386 -0.521537 -0.0862878
-0.3212 0.00220026 0.0340976
-0.776263 0.974898 -0.123033
-0.553726 1.21224 -0.26375
-0.449182 0.721056 0.0713569
0.281587 0.0998449 -0.0641489
0.936177 -0.20872 0.176176
0.395869 -0.154627 -0.0339941
-0.393881 -0.401397 0.107895
-0.473839 -0.865619 0.0128373
-0.339219 -1.23303 -0.19584
-0.36964 -0.75125 -0.141389
-0.829386 0.36768 -0.0733737
-1.02962 0.921982 -0.0232945
-0.791489 0.435463 0.263768
-0.275339 -0.445134 0.0115424
0.0151878 -0.513341 0.252366
0.371189 -0.282014 0.175826
0.83337 0.0916978 -0.0523018
0.645689 0.833587 0.0321457
-0.0515679 0.874653 0.093095
-0.362921 0.200846 0.0375641
0.429013 0.0950626 -0.104011
1.3186 0.0949477 0.0356298
1.42454 -0.0303189 -0.173331
0.994945 -0.0769902 -0.182315
0.12119 -0.585808 0.0357297
-0.573895 -0.602463 0.150435
-0.88902 0.472586 -0.062136
-0.245132 0.484912 -0.147621
0.614158 0.173084 -0.237024
0.363112 -0.446299 -0.145196
-0.586043 -0.515379 0.0035433
-1.32946 -0.374069 0.181148
-0.299982 -0.0142802 0.301759
0.636822 0.169512 0.0693094
0.665718 0.0519099 0.156705
0.709285 -0.407409 -0.0837023
0.485373 -0.536257 -0.143172
-0.386926 -0.209439 -0.0174496
-0.679035 -0.193495 0.136787
-0.631228 -0.32477 0.0986351
-0.516913 0.187912 -0.1466
-0.360204 1.02991 0.126373
-0.356718 1.1669 0.0478315
-0.305196 0.263067 -0.0954288
-0.265707 -0.0932768 -0.126506
-0.264778 0.191266 -0.0910433
-0.268284 0.315408 -0.0797064
-0.323854 -0.143852 0.0118243
-0.251689 -1.11023 0.123975
0.0960588 -1.11136 0.125043
0.57612 -0.352396 0.114468
0.813943 0.1495 0.0175466
0.920436 0.0446986 -0.0365833
0.46972 -0.109364 -0.025537
0.165744 0.283117 0.122334
0.236917 0.149615 0.132347
0.307875 0.228456 -0.162894
0.386725 0.40543 -0.171178
-0.0793773 0.0970546 -0.200164
-0.554309 0.072396 0.0259192
-0.626325 -0.0189676 0.0764637
0.181314 -0.513748 -0.118441
0.557814 -0.452164 0.149535
0.381144 0.0679088 0.0396666
0.442167 0.0152106 -0.0895782
0.173035 0.369566 -0.0348681
-0.286883 0.433174 0.0181334
-0.347243 0.542521 -0.10343
-0.297832 0.558021 -0.0894731
-0.0435255 0.198958 0.0307761
0.0672505 -0.177672 0.050084
0.039281 -0.463989 -0.099142
-0.281584 -0.619241 -0.0705648
-0.262297 -0.488394 0.122822
-0.434939 -0.234953 0.187077
-0.607486 -0.29671 -0.151837
-0.601608 -0.143014 0.13284
-0.151848 0.0986675 0.180807
-0.289413 0.110861 0.203058
-0.107639 0.489362 0.0227048
0.310688 0.732184 -0.0241055
0.638761 0.362034 -0.173464
-0.0211054 0.135453 -0.0180317
-0.728342 -0.0689913 -0.0168224
-0.561678 -0.48175 -0.158754
0.484098 -0.239509 0.0268677
0.970778 0.0151574 0.0488034
0.890881 -0.495863 0.0312082
0.427149 -0.643177 -0.172815
0.269401 -0.0361735 -0.0627116
-0.0199816 0.24247 -0.0741417
-0.299991 -0.000838309 -0.121241
-0.111039 0.201979 -0.0346347
0.0575421 0.480247 0.11345
0.253039 0.439975 0.018733
0.319166 0.31686 0.13936
0.928676 -0.266046 0.0292059
1.24768 -0.228232 0.127031
0.36639 0.186977 0.163396
-0.637433 0.267023 0.0303173
-0.997507 -0.178703 0.114109
-0.571212 -0.414829 -0.152301
-0.392326 -0.53189 0.0112442
-0.279483 -0.796042 -0.216089
-0.0780301 -0.219362 0.00534487
-0.270176 0.597369 0.0746284
-0.605946 1.262 0.0637523
-0.712408 1.1733 0.0467801
-0.277147 0.186489 -0.0983341
0.309674 -0.376283 0.0440163
0.143737 -0.46931 -0.0894727
-0.0167041 -0.346651 -0.213644
-0.219779 -0.628408 -0.0664533
-0.322801 -0.635134 -0.141674
-0.461234 0.0257696 0.0583104
-0.271893 0.471065 -0.0146707
0.154701 1.05015 0.161566
0.401741 1.18951 0.170677
0.4243 0.402846 -0.16659
0.132998 -0.665006 -0.0307061
-0.09559 -0.82097 -0.0818934
-0.0314834 -0.514959 -0.0120397
0.0161738 -0.00476971 0.118793
0.508427 0.129601 -0.0887324
0.970485 -0.144735 0.149336
0.333775 -0.391366 0.288435
-0.142261 -0.506531 0.11444
0.175687 -0.625113 0.0314924
0.959445 -0.734963 -0.139432
1.15553 -0.655806 0.144217
0.471262 0.486646 0.034901
-0.406373 1.71807 -0.0716956
-0.655552 1.61325 -0.20043
-0.326705 1.0241 -0.270195
-0.241237 -0.33569 -0.121422
-0.633554 -0.720231 -0.104234
-1.27506 -0.69161 0.122142
-1.11973 -0.276992 0.149046
0.0465015 0.0301733 0.106595
1.02445 -0.0348096 -0.0364182
0.778501 -0.495335 -0.0946811
-0.00972226 -0.887714 -0.12203
-0.674936 -0.522547 -0.0204186
-0.803586 -0.0123666 0.078311
-0.653525 0.5894 0.204883
-0.300034 0.662524 0.238967
-0.311677 0.906682 0.155761
-0.331327 0.339187 0.043508
0.355136 0.0340982 -0.235589
0.556955 -0.125993 -0.112983
0.163344 -0.0876735 -0.110486
0.0919718 0.0130376 -0.104985
-0.120784 -0.0891573 -0.0831325
-0.0331315 -0.233505 0.0203544
0.176923 -0.0928852 0.0788056
0.0954508 0.281754 -0.116782
0.119192 0.273191 0.102356
0.358155 0.337818 0.143092
1.0127 0.514018 -0.00457981
1.275 0.453431 0.03281
0.743438 0.41973 0.0245342
-0.300304 -0.186012 -0.0193219
-0.478322 -0.468287 -0.0266826
-0.0820182 -0.164438 -0.00525518
0.0792898 -0.124545 -0.00154459
-0.297835 -0.805931 0.0466389
-0.601581 -1.13604 0.056112
-0.268339 -0.262658 -0.0407203
0.00373627 0.632286 -0.0255105
-0.0990476 1.15421 -0.0366648
-0.32817 0.440525 -0.0867274
0.136056 -0.422957 -0.129392
0.294315 0.0908225 0.0368422
0.392349 0.380592 -0.0194354
0.464124 0.295217 0.0257605
-0.0112825 -0.0233614 0.121272
-0.463944 -0.160776 0.0934366
-0.934753 -0.522972 -0.00681394
-1.12325 -0.617536 -0.162497
-0.478495 -0.519689 -0.105148
0.103563 -0.587446 0.101059
0.180392 -0.468371 0.0321959
0.20411 0.05942 0.138078
0.25763 0.165577 -0.0387821
0.149866 0.120842 -0.0645329
0.189779 0.0266114 -0.0439659
0.0370849 -0.233597 0.0313793
-0.0763595 0.035658 0.00537961
-0.456392 0.432571 0.00302018
-0.237501 0.450947 -0.00557256
0.54029 0.271429 -0.0468799
0.876596 -0.0415294 -0.0572377
0.558136 0.0358929 0.0778817
0.223452 -0.0167923 0.100225
-0.040772 0.0939967 -0.0618174
-0.578529 0.117617 -0.0652822
-0.85321 -0.232304 -0.13009
-0.161139 -0.285833 -0.0450979
0.363863 0.125721 0.0742452
0.758822 0.340084 0.0320867
0.686021 0.40481 -0.0160205
0.640201 -0.107876 0.116621
0.870167 -0.482421 0.17508
0.154356 -0.245576 -0.0096731
-0.568863 0.0683798 -0.0150533
-0.278318 0.115682 -0.156958
-0.239368 0.272709 0.0356977
0.0386706 0.2762 0.106419
-0.385579 0.257358 0.0228316
-0.300014 0.182488 -0.0474248
-0.235633 -0.0205555 -0.136324
-0.333825 -0.177953 -0.0917703
-0.387018 -0.281247 -0.11586
0.0647576 -0.0913459 0.065402
0.109638 0.172003 -0.0699125
-0.267683 0.375003 -0.0245606
-0.570879 0.49661 -0.0596685
-0.612688 0.460106 0.160285
-0.193676 0.436643 0.0750302
0.314999 0.135246 0.0958872
0.377979 -0.160441 0.0964244
-0.0559925 -0.883702 0.0703318
-0.22895 -1.18718 0.0684365
0.0364577 -0.585729 -0.0904195
-0.00885566 -0.428046 -0.122815
-0.300449 -0.21583 -0.179269
-0.493828 0.0861483 -0.0722357
0.036826 0.154117 0.124073
0.579395 0.486892 0.0583315
0.537134 0.657239 0.0820541
0.539568 0.0880386 0.00808513
0.451113 -0.130566 0.0435196
0.548774 -0.252823 -0.114905
0.717278 -0.349202 -0.0797485
0.59868 -0.191524 0.0378061
0.352475 -0.257642 0.179561
0.358512 -0.125271 -0.0265139
0.285106 -0.0216922 -0.0370217
0.0359236 -0.220392 0.17369
-0.382402 -0.317052 0.125791
-0.756088 0.0477146 0.150272
-0.6342 0.617401 -0.127006
-0.374887 0.681624 -0.152721
-0.289346 0.520288 -0.0672788
-0.505072 -0.39702 -0.000179989
-0.508388 -0.574358 -0.160617
-0.0853805 -0.100807 -0.201392
0.296679 0.080809 0.0166672
0.391232 0.0976088 0.126428
-0.1304 -0.30594 0.110647
-0.518706 -0.140945 0.0165976
-0.432283 0.20818 -0.06624
-0.0657436 0.293575 -0.158506
-0.174976 0.216109 -0.0975182
-0.422035 0.140992 0.0461309
-0.382882 0.234513 0.0531487
-0.119568 0.687718 -0.000254371
0.0460209 0.51317 0.00363109
0.00749376 -0.0117525 0.124844
-0.240039 -0.407926 -0.00433818
0.112183 -0.694464 0.0958228
0.588533 -0.592286 0.0104564
0.573648 -0.0350522 0.0786253
0.337285 0.65205 0.100225
0.106996 0.517181 0.0520846
0.306542 0.0806772 0.0700636
0.83798 -0.352187 -0.0735579
1.01818 -0.0509703 -0.0598938
0.556155 0.554948 -0.0672408
-0.0253431 0.431888 -0.0229357
-0.0510061 -0.428436 -0.0769703
-0.0548025 -0.77584 -0.0183497
-0.129821 -0.0576484 0.0185282
-0.395584 0.313521 -0.165377
-0.635333 -0.118193 0.0772777
-0.542078 -0.793848 0.0741824
-0.256697 -0.854165 0.148138
-0.114699 -0.28584 0.129285
0.106295 0.0249898 0.000527651
0.0448116 -0.194049 -0.0102514
-0.0255801 -0.277196 -0.0242727
-0.0348789 0.121171 -0.0269958
0.0597644 0.512603 -0.122466
-0.0988074 0.291687 -0.164853
-0.457873 -0.0828586 -0.0471941
-0.319192 -0.323896 0.0569999
-0.0376394 0.0244143 0.071244
0.149855 0.413406 -0.0554064
0.135937 0.396871 -0.0252605
0.0885972 -0.18084 0.0452392
-0.307826 -0.53044 -0.00926142
-0.431036 -0.235876 -0.0389128
-0.535977 0.317756 0.0354804
-0.275338 0.597916 0.0817264
0.0650523 0.536953 0.0251127
0.251768 0.410817 0.0740164
0.485681 0.16158 0.0491229
0.705868 -0.30888 0.036162
0.697229 -0.689858 -0.0490914
0.491903 -0.765945 0.0866586
0.36557 -0.369017 -0.119534
0.152995 0.322686 -0.047508
0.0638481 0.68457 -0.143322
-0.295595 0.483098 -0.0562112
-0.520709 0.550572 -0.129423
-0.258267 0.703522 0.0975172
-0.282007 0.641203 0.0354596
-0.38355 0.386299 0.00879915
0.0211832 0.0337177 -0.0111191
0.190803 -0.206105 -0.00698004
0.07068 -0.227728 -0.0306681
0.0219354 -0.0439424 -0.00733592
0.0828293 0.0424899 0.100444
0.0718826 -0.551995 0.207307
0.152874 -0.770008 0.122217
0.230611 -0.300324 0.0623312
0.169971 0.250447 0.0293436
0.0882908 0.204307 0.0553605
-0.266172 -0.218971 -0.0788454
-0.461217 -0.777652 -0.0857082
-0.0648095 -0.398014 -0.188656
-0.302509 -0.00282227 -0.177455
-0.658701 -0.199194 0.0120125
-0.538107 -0.554058 0.0323826
-0.207046 -0.46911 -0.0277522
0.201066 -0.293661 0.049164
0.0112988 -0.00309581 0.158361
-0.38023 0.241325 -0.0120814
-0.0325583 0.44138 -0.0437126
0.726596 0.506005 -0.0375348
0.942822 0.441334 0.0139176
0.828967 0.387542 0.0677297
0.285652 0.286857 0.0757835
-0.0852777 0.0171848 -0.00218116
0.0152529 -0.293561 0.0530638
0.182272 -0.283882 0.0274528
-0.0334364 -0.147849 0.0356885
-0.177524 0.069352 0.0117421
-0.090991 0.0917461 -0.159251
-0.101587 0.151433 -0.0506649
-0.0683212 -0.104182 -0.0866257
-0.286794 -0.251115 -0.0459927
-0.214347 -0.296266 -0.296282
0.00274643 -0.095546 0.214374
0.209738 0.365254 0.168818
0.0853148 0.644393 -0.07613
0.46461 0.550344 -0.112838
0.889345 -0.042551 -0.189736
0.494537 -0.592665 0.0629401
-0.3126 -0.433124 -0.0389153
-0.926768 0.386373 0.0933623
-0.448813 1.03229 -0.015147
0.186485 0.928996 -0.114267
0.0184625 0.31915 0.0560092
-0.515594 0.126574 0.161109
-0.652511 0.249659 0.0410051
-0.668646 0.329868 0.066566
-0.747613 -0.0428361 0.0543479
-0.751442 -0.466459 0.18467
-0.362916 -0.417037 0.0599391
0.211403 -0.554345 -0.0827449
0.702653 -0.386391 -0.0898353
0.680626 -0.359479 0.101573
0.791181 -0.115323 -0.0521744
0.833739 0.376155 -0.0218599
0.736243 0.268679 0.0170159
0.337467 -0.366265 -0.257457
-0.0271804 -1.01392 -0.231982
-0.149191 -0.941413 -0.0248101
-0.158747 -0.000664361 -0.124093
-0.247869 0.61911 -0.0836493
-0.0908824 0.481323 0.0223187
-0.0110315 -0.428342 0.132427
-0.16681 -0.995508 0.0824238
-0.214101 -0.671536 0.220283
0.0384027 0.0575036 0.248796
0.520507 0.932423 0.0384919
0.402776 1.10104 0.0821497
-0.0863841 0.56331 0.125802
-0.0106917 0.0626983 -0.103516
0.220835 -0.191348 0.0346846
0.535153 0.130717 -0.0507905
0.334138 0.150549 -0.247749
-0.136376 -0.144519 -0.109633
-0.392295 -0.632093 -0.188261
-0.696837 -0.726376 -0.137385
-0.697091 -0.241101 -0.0939516
-0.577429 0.4642 -0.108051
-0.517637 0.844699 -0.0288102
-0.377733 0.488682 0.0999375
-0.236477 0.0966049 0.241218
-0.162648 0.00788036 0.172508
-0.137208 -0.12005 0.12655
0.0464003 -0.165652 0.143023
0.429182 -0.378519 0.192867
0.621296 -0.516275 0.0737804
0.286243 -0.173144 -0.0318605
-0.0115298 0.252819 0.0432537
0.220818 0.652263 -0.109188
0.394198 0.635854 -0.136579
-0.0582131 0.467147 -0.0908579
-0.0380344 0.203272 -0.19675
0.178461 -0.0289826 -0.206554
0.13038 0.217804 -0.115672
-0.0342765 0.355313 -0.053676
-0.0859809 0.449292 -0.0539079
0.0203233 0.356736 0.0964007
0.0526955 -0.117784 0.0423994
-0.0707472 -0.523127 0.22224
-0.0760159 -0.662194 0.130862
0.338473 -0.706285 0.231311
0.514133 -0.541954 0.154384
-0.0195332 -0.125017 0.00107763
-0.453767 0.069528 0.000194522
-0.168142 0.058 0.0648398
0.138902 -0.0364666 -0.128233
0.266748 -0.360565 -0.0630403
-0.037616 -0.461725 -0.118556
-0.546405 -0.359067 -0.209822
-0.763517 -0.172176 -0.115441
-0.494287 -0.10084 -0.105537
-0.0319054 0.218278 0.0410016
0.301208 0.222757 -0.148583
0.190591 0.0325847 0.023229
0.0592774 0.16915 0.0698959
-0.106691 0.189622 0.0315026
-0.398244 0.0797448 0.158904
-0.339596 0.0683899 0.229325
-0.101186 0.247105 0.190805
0.0439869 0.301193 0.0194937
0.267417 0.360141 0.0684366
0.530152 -0.00801437 0.0226573
0.614534 -0.365713 -0.0937705
0.468003 -0.39904 -0.0222731
-0.0164536 -0.192683 -0.211724
-0.172402 -0.162192 -0.0263224
-0.143747 -0.177224 -0.0578427
-0.0220895 -0.282734 -0.0917548
0.100974 -0.308422 0.00587396
0.324784 -0.176633 -0.000159907
0.234954 0.216673 -0.0609361
0.00126527 0.42865 0.0314218
-0.168471 0.392541 0.0076046
-0.22536 0.392731 0.057102
-0.163295 0.29163 -0.0159606
-0.0514961 0.256698 0.00728196
-0.0762538 0.229479 0.134834
0.0595947 0.127277 0.118443
0.132799 0.0984118 -0.0402809
0.0687623 0.0645928 0.103606
0.0389119 0.235832 0.038678
-0.322446 0.0961751 -0.0312312
-0.296979 0.0493258 -0.0867825
-0.0772133 0.00363011 -0.0932863
0.0477414 -0.19171 -0.173015
0.079795 -0.00241363 -0.0767776
-0.0737562 0.0877421 -0.112987
-0.358508 0.000379178 -0.0202294
-0.477034 -0.12801 0.116904
-0.143531 -0.406479 0.070034
0.0694664 -0.691431 0.123583
0.292514 -0.838344 0.123149
0.328234 -0.662988 0.0424646
0.231355 -0.396475 -0.0354797
-0.179139 -0.0959724 0.0694082
-0.255867 0.171904 0.0470984
0.100207 0.245144 0.0101541
0.50331 0.437706 0.0975302
0.629864 0.525514 -0.0390559
0.503585 0.371784 -0.0153048
0.19345 0.0306975 -0.0210863
-0.225813 -0.0334627 -0.143999
-0.25386 -0.00728081 0.0138149
-0.0875741 -0.0667896 -0.13254
-0.0189414 0.0323463 -0.146039
-0.179008 -0.0616839 -0.0511972
-0.16522 -0.317999 -0.116514
-0.319795 -0.251948 -0.0786871
-0.115821 -0.195685 0.0143716
0.181717 -0.00622643 0.138432
0.163718 0.286309 0.101903
0.217944 0.415124 0.0327461
0.229222 0.271078 0.177667
0.104762 -0.183215 0.0248503
0.00199739 -0.55621 0.0179265
0.0962684 -0.48299 0.060864
-0.008707 -0.184228 0.0503767
-0.123946 -0.0387104 0.00929286
-0.254466 0.0493675 0.131373
-0.438182 0.0788009 0.0360539
-0.443327 0.408619 -0.0434525
-0.237378 0.672041 -0.13979
-0.0526415 0.757986 -0.127893
-0.0504072 0.558558 -0.0599691
-0.0188304 0.22929 -0.140956
0.244989 0.0815922 -0.0948193
0.209905 0.188469 -0.0415981
-0.0965924 0.0763676 0.0151531
-0.0424795 -0.133176 -0.0030259
0.153751 -0.180198 0.0501014
0.368399 -0.531396 -0.0153745
0.395772 -0.588958 0.102102
0.115586 -0.45423 0.0270871
-0.0299078 -0.399999 0.0733905
-0.140016 -0.210299 0.04534
-0.355925 -0.00724063 0.0647864
-0.229217 0.0474792 0.0890392
-0.0770133 0.0794126 0.0783454
0.203532 0.2046 0.0291631
0.321415 0.170334 -0.0163917
0.116541 -0.0276076 -0.0773215
0.0452194 -0.194656 -0.0877141
-0.143658 -0.242638 -0.0363767
-0.0415332 -0.0347444 -0.124875
0.181738 0.323831 -0.0787478
0.356319 0.39699 -0.0598727
0.303328 0.218216 0.00887839
0.0453676 0.174867 0.0104149
-0.254539 -0.020488 0.0222659
-0.269797 -0.154193 0.0890521
-0.104354 -0.228875 0.0751476
0.127876 -0.160828 -0.0289134
0.11142 0.179682 0.0103429
0.0319719 0.0567818 -0.0354922
-0.278122 -0.302257 0.0870833
-0.515894 -0.274944 0.0811453
-0.335107 -0.232698 0.00658726
-0.112893 -0.231369 0.124453
-0.0881411 -0.397574 0.0261511
0.0901337 -0.420785 -0.010506
0.127826 -0.10206 -0.0766646
0.0532379 0.330218 -0.124571
0.0635988 0.520705 -0.0969135
-0.0481436 0.569402 -0.163082
-0.212046 0.692169 -0.17896
-0.119439 0.632024 -0.0345848
0.0206158 0.290011 -0.0341037
0.191839 -0.147346 0.0764346
0.262692 -0.398698 0.0598435
0.0261235 -0.341259 0.0784574
-0.246018 0.0436275 0.105393
-0.254625 0.227004 0.0684692
-0.0507146 0.158964 0.144782
0.345853 -0.187847 0.109311
0.419247 -0.315194 0.116293
0.144914 0.00770696 0.0650794
-0.110172 0.216285 0.0335094
-0.0410532 0.0110641 -0.101808
