0.00219622 -0.00237984 0.00785528
0.00476964 -0.00443516 0.00691512
0.0136434 -0.0110724 -0.000925178
-0.00499926 0.0122396 -0.0117518
0.00724531 0.0556062 -0.0149021
-0.00701287 0.0103408 0.0406371
-0.0258163 0.0196374 -0.032811
-0.0261012 -0.0141158 0.00672629
-0.0269755 -0.100307 0.0620469
-0.063344 -0.0533906 -0.0294842
0.0226271 -0.0223672 -0.105847
0.0299397 0.0336831 0.0680009
0.0778451 -0.00426381 -0.0186455
0.0359857 0.0925559 -0.0335665
-0.0288717 0.138084 0.0479138
-0.0403415 0.0708285 0.07355
0.019374 0.00862837 -0.0798286
-0.0160942 -0.0316003 -0.0554051
0.0110391 -0.0373008 0.0298425
-0.0132538 -0.117424 0.00670476
-0.0288066 -0.106824 0.00504084
-0.0221534 -0.0683984 0.00768866
-0.0391932 -0.0658442 0.0102655
-0.0127355 0.0325175 0.00748882
0.0632302 0.125309 -0.0606944
0.0485056 0.153039 -0.0172905
0.0615588 0.121995 0.111287
0.111476 0.0131061 0.0346039
0.0511264 -0.0405548 -0.00885164
-0.0438671 -0.0835715 0.0556488
-0.0912023 -0.107758 -0.0648473
-0.0271993 -0.050503 -0.0751868
0.0337477 0.0034167 0.00152457
-0.0274469 0.0423217 -0.00949743
0.0127145 -0.0363257 0.0427063
0.0141582 -0.0411848 -0.0162637
-0.0444352 -0.0254657 0.0240847
-0.0405389 -0.0358956 -0.0128327
0.00595004 -0.0132119 0.0325177
0.0410146 0.110351 -0.146876
0.0762914 0.128161 -0.08557
0.00596243 0.0883628 0.0427752
-0.0278351 0.0156278 0.0911206
-0.0162041 -0.0419487 0.0931294
-0.0793664 -0.0733754 -0.00110428
-0.0792916 0.0114655 0.089639
-0.0570417 -0.0160592 0.0175124
0.000564372 -0.033396 0.00340605
0.0116865 0.036643 0.00662599
-0.00808034 -0.0026359 -0.0842224
0.0251277 -0.0522686 0.0247236
0.046321 -0.00497713 -0.0173423
0.0509472 0.0244972 -0.0468449
-0.0230705 -0.0290607 -0.0911625
0.0244745 -0.043752 -0.0909006
0.0267275 0.00672674 -0.0174731
0.0205952 -0.0406977 0.0607508
-0.0275128 -0.040353 0.0258016
-0.0177415 0.0140442 0.0528457
-0.0418959 0.129968 0.0501496
-0.0160074 0.0534705 0.0145318
0.0110611 -0.00466596 -0.0211466
0.0370599 0.0260315 0.0121137
0.100461 0.0835295 0.00126354
0.125592 0.0181864 0.0310775
0.0404807 -0.00481955 -0.0113056
-0.0116026 -0.00472427 0.0534516
-0.042321 -0.0268454 0.030835
-0.0794584 -0.112079 -0.0476246
-0.0850656 -0.0822349 -0.120614
-0.0330381 -0.0348795 0.0184541
0.00122571 -0.047655 -0.0763756
0.0712264 -0.0101217 -0.0423607
0.0398285 0.0459811 0.0108325
-0.00167257 0.0133011 0.0938893
-0.00211977 -0.0303307 -0.0329511
-0.0601479 0.03526 -0.0508062
-0.0408895 0.0101273 0.186118
-0.0332528 -0.0712774 -0.0237417
-0.0304055 0.0310443 0.0588716
-0.0210929 0.0566671 -0.0363248
-0.0246809 0.0328359 0.0485011
-0.0380667 -0.036562 0.0596564
-0.057032 -0.0220517 -0.106567
0.0108637 -0.0576066 -0.117077
-0.00231581 -0.0271021 0.0494889
0.0325705 0.0333338 -0.0156431
0.0465614 0.10786 0.0397005
0.0400729 0.0202191 0.0562626
-0.0530906 0.0256035 -0.0915705
-0.0198357 0.0109566 -0.175128
0.0479187 -0.0423288 0.0282849
-0.0143337 -0.00853144 0.0395026
0.00995624 0.025598 0.04758
0.0523102 0.0280888 0.016032
0.0758525 -0.0227857 0.0664222
-0.0175889 -0.0693164 -0.0157979
-0.00671823 -0.0712109 0.0187319
0.0932164 0.0307077 0.123709
0.0418202 0.104945 0.0390494
0.0506516 0.0607803 -0.0115385
0.034871 0.0192302 -0.0411084
-0.0334067 -0.0179428 -0.0019899
-0.0900201 -0.128758 -0.121711
0.0113441 -0.0952288 -0.142031
0.0695339 0.0850489 -0.0487722
0.0126495 0.0440003 0.197077
-0.0015228 0.0490128 0.080127
-0.0389548 0.0355406 -0.0356164
-0.0998591 -0.0693382 0.0319259
-0.127909 -0.0914083 -0.027102
-0.039471 -0.08165 -0.121325
-0.00872444 0.0117454 0.0220388
0.0125463 -0.00148678 0.0326891
-0.00647971 -0.0287177 0.0187491
-0.035465 -0.0235373 -0.0784592
-0.0686323 -0.0347067 -0.036312
-0.0113516 -0.0520631 0.0715643
0.0193136 0.0205645 0.0946173
0.119007 0.0642297 -0.0775712
0.0730603 0.0281376 -0.0384991
0.0306408 0.0578152 -0.017324
-0.00378257 0.0352841 0.162015
-0.014696 -0.00826729 -0.047079
-0.0975819 -0.0693058 0.0169275
-0.0231958 0.024887 0.0031818
0.0276003 0.0752886 -0.0523722
0.100914 0.0580424 0.0486894
0.0305499 0.0160838 0.219158
0.038755 0.0404413 0.0938551
0.0799554 0.0598549 -0.13266
0.0935043 0.00404037 -0.208186
0.0167206 -0.118106 -0.0634998
-0.0245059 -0.0651386 -0.12364
0.0342271 -0.0449341 0.0432426
0.0398124 -0.0844796 0.0495314
-0.0164851 0.00356669 -0.0397362
-0.0391596 0.101934 0.0383714
-0.0036829 0.088606 -0.0498964
-0.0293115 0.0856799 0.116685
-0.057713 0.0358159 -0.0147391
-0.0856676 -0.0307076 0.129034
-0.0769714 -0.0318586 -0.163095
-0.106137 -0.0737654 0.0441136
-0.0707211 -0.130912 -0.00482983
-0.056577 -0.0560112 0.0743456
0.0546387 -0.0453364 0.0104547
0.0943348 0.0614749 -0.107723
0.125585 0.12575 0.0511688
0.026817 0.0109173 0.0873119
-0.00817233 -0.0399286 -0.00051259
0.0022914 -0.0837016 -0.0256773
-0.0170237 -0.118882 0.11178
-0.0569564 -0.0608669 -0.0895741
-0.0482146 0.0199246 -0.0849227
-0.0268663 0.0451031 -0.124476
-0.0461549 0.0464495 0.0336733
-0.0546616 -0.0579677 0.0797603
-0.025995 -0.0360409 -0.11914
0.0402014 0.0646609 0.0270194
0.0339454 -0.0227081 0.261043
0.0032111 -0.0127005 -0.0917535
0.0330351 0.0488709 -0.100145
0.0661759 0.12384 0.0448798
0.144363 0.139749 -0.120215
0.167787 0.0366152 -0.181892
0.0897624 0.0837954 0.176462
-0.0121356 0.0269424 0.306507
-0.0812126 -0.0746775 -0.0446931
-0.096738 -0.0548326 -0.0510731
-0.0770797 0.00854289 -0.0468446
-0.0808224 0.0193521 0.0419519
0.0177772 -0.0141927 -0.0910659
0.0316277 -0.00151815 -0.079994
-0.0392326 -0.053201 -0.00355497
-0.0759809 -0.026732 0.0503242
0.0302203 -0.0204489 0.111466
-0.027898 -0.0674355 -0.101402
0.0374817 -0.0714658 -0.149018
0.00945809 0.0708765 0.0184536
0.0516167 0.152349 0.0420023
0.0786131 0.0564306 0.128316
0.0204788 -0.0363858 0.0309966
-0.079089 0.0748105 0.102878
-0.0959592 0.0730541 -0.0303628
-0.209554 -0.0964306 -0.0479914
-0.199921 -0.0704323 -0.131759
-0.0816843 0.0525645 0.051449
0.0305679 0.0194249 0.0121563
0.0702647 -0.135707 0.165459
0.0693302 -0.15935 -0.035811
0.0115414 -0.0655515 -0.100684
0.0350827 -0.0316972 -0.163222
0.00767284 -0.0305794 -0.1284
0.0825518 0.0322696 -0.0112488
0.118603 0.0695202 0.11731
0.0687538 0.0867397 0.0357835
0.049851 -0.00750927 0.0273863
-0.0713521 -0.0751152 0.0200297
-0.0588306 -0.03282 -0.00883694
-0.0293824 0.02638 0.055011
0.0714527 0.00643442 -0.0108502
0.0755469 0.045148 0.0737981
0.0674233 0.0495062 0.214999
-0.0108839 0.0115539 0.0784881
-0.00669996 -0.0548157 -0.0554339
-0.0430453 0.00989249 -0.169422
0.0446709 0.132544 -0.166147
0.096192 0.167464 -0.0611095
0.0744055 0.05723 -0.10767
0.0413411 -0.0402094 -0.0174273
-0.0470769 -0.139241 0.0681138
-0.168751 -0.122151 -0.0145833
-0.12606 -0.146227 0.0388347
-0.0738681 -0.0178044 0.0198805
-0.020408 0.0644481 0.0548236
0.0502006 0.117761 0.107487
0.0124267 0.119537 -0.0166252
-0.049156 0.0696323 -0.188006
-0.00655847 0.0229519 0.201722
0.0049703 -0.0235428 0.014924
-0.0428729 -0.0283272 -0.0301728
-0.0954942 -0.0306438 -0.0255697
-0.0526054 0.0354016 0.0837697
-0.00932496 0.0834847 0.0333854
-0.0497487 -0.0178773 0.0746945
0.0130921 0.0997451 0.00260077
0.0577868 0.114809 -0.0013179
0.086318 -0.00719539 -0.0902006
0.0865493 -0.0943993 -0.117882
0.0247165 -0.0518691 -0.0940376
0.02206 -0.115582 0.0195504
-0.00247891 -0.106815 -0.0579736
0.102417 -0.0952463 0.00362296
0.0585941 0.00989267 0.0224949
0.0772433 0.140132 0.0524878
0.100797 0.0652409 -0.00310719
0.0483449 0.0209853 0.104604
0.00959739 0.0339034 -0.0761117
-0.0154546 -0.0103229 0.0474281
-0.075266 -0.0388566 -0.0984702
-0.00911563 -0.100599 0.0291946
-0.0165337 -0.027438 0.12159
0.0391702 0.0494612 0.0565034
0.0464004 0.00987409 0.0218425
0.041081 0.0441874 -0.140612
0.0202009 0.177021 0.00527948
0.0172277 0.02076 -0.0116035
-0.0739397 -0.106448 -0.0811465
-0.0277236 -0.0321335 -0.00388557
0.012337 -0.0672756 0.0243762
-0.0816221 -0.116013 0.122101
-0.0595217 -0.138755 -0.0179203
-0.0582859 -0.0416213 0.0576087
-0.0653159 0.0453611 0.0457814
-0.0747743 -0.0226866 -0.0283935
-0.0737966 -0.0675914 -0.121259
-0.063037 0.0714758 -0.0590545
0.0535268 0.114462 0.222702
0.0820612 0.00632999 0.00485968
9.04735e-05 0.0289639 -0.0214899
0.00865431 0.0972042 -0.140038
0.0294306 0.0664853 -0.183249
0.119905 -0.00158093 0.0730984
0.0983002 -0.036362 0.0912537
0.128803 0.0900127 0.0294022
0.03249 0.0394226 -0.0389934
-0.140737 0.110751 -0.0308101
-0.0618363 0.120616 -0.0412967
-0.0124909 0.0282011 0.00572791
0.0310612 -0.114026 0.106761
0.123807 -0.0489144 0.0297585
0.156313 -0.125016 -0.0266424
0.0354785 -0.0948706 0.0624625
0.117083 -0.111628 0.0815249
-0.00835985 -0.0981605 0.0635665
-0.0834982 0.0580753 -0.0199832
-0.047141 0.00497881 -0.0663063
-0.107871 -0.0600929 -0.101817
-0.07723 0.0955123 -0.0914683
0.00753522 0.026806 0.0651231
-0.0170673 0.0133602 -0.095709
0.0122114 0.123188 -0.0552685
0.0586349 0.148628 0.00377614
-0.110512 0.0868609 0.0570038
-0.0433474 0.0930258 0.21037
-0.134545 0.0623344 -0.12866
-0.125386 0.101317 0.00685818
-0.0634608 0.0369077 0.0712488
0.0486467 -0.033333 -0.07864
0.118296 -0.0996431 0.154189
0.107948 -0.205347 0.0827683
-0.0419436 -0.137414 -0.0467657
-0.0186269 0.00947282 -0.184347
-0.037843 0.0251015 0.0947315
-0.0997478 -0.085527 0.057203
-0.0628983 -0.11253 -0.0774443
0.00587303 -0.0899212 -0.0768805
-0.0465934 -0.131582 -0.00178303
0.0271774 -0.160173 -0.0665389
-0.0337461 -0.142966 -0.0564396
-0.0156652 0.00985164 -0.0580927
-0.0955547 -0.00255062 0.0709535
0.00365455 0.0606282 0.00898575
0.155409 0.266806 0.0592123
0.194659 0.228024 -0.00880193
0.0742836 0.0453181 -0.00171417
0.0334925 0.0525186 -0.0602895
-0.0602066 0.0105927 0.0111685
-0.156916 -0.0738573 -0.0282952
-0.0173224 0.000414829 0.143483
0.0738518 -0.0791696 0.0596119
0.00485847 -0.0517844 -0.00214596
-0.0127571 -0.0490553 -0.0508615
0.0516404 -0.127972 0.0389655
0.0831191 -0.149945 -0.023714
0.0804438 -0.0568269 0.0313264
-0.0524952 0.082885 -0.043159
-0.0908785 0.135245 -0.104233
-0.0825568 -0.020761 -0.0338236
-0.11663 -0.0118937 -0.0123048
-0.0643059 -0.0571943 -0.107776
0.0363001 -0.13899 0.012457
-0.0231514 0.0904993 0.0628314
-0.0456056 0.136763 0.126792
-0.14275 0.213535 0.148735
-0.13666 0.313028 0.140487
-0.0398286 0.147185 -0.00435815
-0.0528233 -0.0975671 -0.160285
-0.0123878 -0.00453624 -0.0842646
0.08216 -0.0360463 -0.347261
0.164617 -0.0432788 0.156537
0.106698 -0.0214554 0.0255609
-0.00629907 -0.075811 0.170724
-0.152789 -0.0783689 0.101172
-0.216648 0.0516773 -0.0540901
-0.108801 0.129309 -0.111629
0.084609 0.0829115 0.00447888
0.282573 0.0454025 0.00719697
0.28946 -0.141539 0.0594817
0.301239 -0.272398 0.0639341
0.0459301 -0.231106 -0.24655
-0.186197 -0.222046 -0.00754362
-0.129373 -0.156771 -0.0614219
-0.00774895 0.0421949 0.142927
0.0574133 0.202009 0.14727
0.230715 0.151624 0.124693
0.146588 0.069492 0.0957348
0.0875061 0.0731883 0.102019
-0.0279495 0.0270136 -0.151797
-0.144872 -0.156835 -0.0210434
-0.185013 -0.0512388 -0.17116
-0.110248 0.0348072 -0.143612
-0.0356011 0.0371278 0.00957555
0.0162249 -0.143524 -0.0611827
-0.0363392 -0.117412 0.0554672
-0.127447 -0.0844385 0.1091
-0.105739 0.0333805 -0.172823
0.0298194 0.0453051 -0.187481
0.106108 0.0278627 0.0917111
0.0896112 0.0959215 0.088311
0.0989765 0.125425 0.225526
-0.0300705 -0.118858 -0.0657428
-0.165895 -0.0767843 0.269827
-0.052107 0.0478471 0.141112
0.0385056 -0.0407902 -0.0284816
-0.0380163 -0.0223462 -0.255833
0.169829 0.0880975 0.0246713
0.140067 0.114236 0.106253
0.0713046 0.089105 0.0469393
0.128693 0.115722 0.0371109
-0.0125966 -0.0583533 -0.338898
-0.0699058 -0.00315966 -0.109358
0.0369413 0.00185624 -0.198668
0.0394481 -0.102863 0.160419
0.0243658 -0.133596 0.0286505
0.0656035 0.0179108 0.0393249
-0.0677016 0.0667744 -0.0926932
-0.179101 -0.076384 0.0342308
-0.0790292 0.145677 0.132301
-0.0339905 0.152134 0.123293
0.120865 -0.142533 0.0728165
0.189403 -0.0174912 -0.00908093
0.194548 0.173567 0.222071
0.123599 0.0683056 -0.0472207
-0.0760823 0.170328 -0.145898
0.0191792 0.0886927 -0.186643
-0.186079 -0.12238 0.000605445
-0.162102 -0.324543 -0.0213217
-0.0716647 -0.262408 0.226057
-0.0370273 -0.196466 -0.134376
-0.0812906 -0.0282689 0.0510875
-0.0949415 0.0612603 -0.0668999
0.0163343 0.167044 0.113147
0.115172 0.141338 -0.0352039
-0.0373002 -0.0411985 -0.33755
0.0215408 -0.000515711 -0.083466
0.140669 0.056827 0.360074
0.0297665 -0.00392927 -0.0808243
-0.0252101 -0.0434927 -0.134753
-0.0631267 0.100185 -0.264191
0.00463403 0.147964 0.365718
0.00948432 0.0227319 -0.0386058
0.00136751 -0.0164486 0.119048
-0.0532179 0.0728057 0.122378
0.0711153 0.0650123 0.475901
0.0136478 0.1171 -0.0186507
0.0281048 0.0457232 0.124437
-0.148784 -0.056958 -0.496529
-0.224238 -0.143107 -0.0355233
-0.13236 -0.0657848 -0.289541
0.130252 -0.0589951 -0.429462
0.149415 -0.0196532 -0.0643436
0.350685 -0.139653 0.165833
0.273339 -0.0190769 0.232353
-0.0956186 -0.151815 0.0203267
-0.39285 -0.128072 0.010832
-0.272694 0.0752919 0.0392958
-0.0242036 0.111957 0.00990382
0.184238 0.164003 0.492517
0.298941 0.168734 -0.314502
0.187988 0.207959 -0.0705025
0.0943683 0.0884735 -0.11548
-0.141961 0.119496 0.113351
-0.339334 -0.241624 0.151857
-0.295103 -0.384996 -0.0800719
-0.078012 -0.217198 0.0492048
0.0744467 -0.0743221 0.250651
0.0868974 -0.0836755 -0.104864
-0.00277307 0.0720128 -0.0653281
0.0812899 0.0855001 -0.39504
-0.0428933 0.182999 -0.0633328
-0.0834908 -0.13216 -0.00701414
-0.288904 -0.117074 -0.14174
-0.171732 0.0174529 0.0244797
0.051549 0.086745 0.0916036
0.258605 0.157545 0.0526264
0.219706 0.292693 0.269889
0.193897 0.24968 0.331348
-0.0383398 0.13643 -0.245812
-0.303458 0.0281249 -0.140362
-0.421851 -0.163131 0.0316155
-0.176768 -0.349885 -0.237282
0.0695546 -0.221758 0.0395707
0.247757 -0.131687 0.518888
0.374417 0.22031 -0.213045
0.24067 0.333397 -0.00218296
0.0935087 0.193607 -0.195469
0.00630839 0.495254 -0.10682
-0.0884854 0.400751 0.219115
-0.0610532 0.0246402 -0.0593699
-0.0796737 -0.407853 -0.184053
-0.111889 -0.427968 0.350701
-0.033148 -0.577202 -0.336061
-0.0965636 -0.563273 -0.0443636
-0.172038 -0.421906 0.0690781
-0.113882 0.102829 -0.231756
0.0918784 0.344985 0.0297946
0.114593 0.206011 0.33464
0.220635 0.435032 -0.240727
0.252136 0.277704 -0.225885
0.199389 0.148397 -0.00304311
0.0735113 0.242818 0.42259
-0.0696952 -0.00126405 0.0011185
-0.140351 -0.0292539 0.0659069
-0.186739 0.0184356 0.334231
-0.0425064 -0.192659 0.42959
-0.166408 -0.210868 0.176521
-0.127635 -0.313368 -0.316691
-0.144849 -0.338884 -0.11581
-0.257596 -0.114391 -0.184292
-0.000204084 0.0971895 -0.375128
0.214698 0.0935938 -0.225867
0.153999 0.133577 -0.3752
0.324451 0.175016 0.142487
0.363454 0.0460731 0.0368667
0.241768 -0.306041 -0.0738632
0.0802645 -0.333456 -0.0510469
-0.00148786 0.00344945 0.456515
-0.112911 0.19685 -0.191549
-0.217769 0.164463 0.219728
-0.532845 0.262619 0.037095
-0.530495 0.276039 0.30488
-0.270916 0.23621 0.182195
0.00833395 0.181715 0.158468
0.0851674 0.138514 0.0366402
0.343156 0.0781785 0.135218
0.414851 -0.19844 -0.283093
0.306524 -0.229906 -0.253024
0.00615845 -0.262596 -0.154048
0.00673037 -0.374022 -0.286363
0.0792999 -0.111607 0.00822291
0.274859 0.0497709 -0.549456
0.0129703 -0.0802416 0.252346
-0.0262698 -0.310124 0.0644115
-0.235298 -0.273081 0.400445
-0.0792737 -0.071642 -0.0201784
-0.0661831 0.369167 0.165356
0.257032 0.422034 0.047524
0.318792 0.418887 0.0539527
-0.11219 0.398769 -0.400757
-0.330309 0.199388 -0.162157
-0.429057 -0.0832339 0.166942
-0.380803 -0.2947 0.349163
-0.0433944 -0.185977 0.148499
0.247776 0.110862 0.00208092
0.393962 0.193934 -0.024085
0.408259 -0.0995803 -0.000476257
0.0939943 0.0840634 -0.257595
0.169765 -0.0985234 0.365869
-0.0770142 -0.314429 -0.0386684
-0.0274345 -0.364202 -0.146702
0.212638 -0.385091 0.033504
-0.123275 -0.0790411 -0.218918
-0.309466 -0.00763681 -0.291023
-0.206665 0.0712364 -0.303068
-0.343272 -0.0308312 0.248248
-0.376953 -0.28413 0.096182
-0.356845 -0.287733 -0.00816929
-0.109007 0.109936 -0.0345117
0.174258 0.180395 0.217049
-0.0173903 0.27146 0.27742
0.304795 0.575062 0.13156
0.728921 0.544433 0.084721
0.696823 0.138501 -0.290291
0.478071 -0.164106 0.227879
0.403167 -0.36225 0.417874
0.0177598 -0.375386 -0.356303
-0.682335 -0.507245 -0.0160322
-0.760767 -0.392078 -0.382507
-0.558213 -0.0134027 -0.0919256
-0.525223 0.111742 -0.199972
-0.324833 0.515985 -0.17048
0.0198413 0.667818 0.122746
0.405326 0.725286 0.128082
0.59484 0.783156 0.082608
0.547915 0.51218 -0.214957
0.428324 0.0780963 -0.182363
0.236513 -0.461251 -0.339585
0.00858247 -0.790221 0.109214
-0.259086 -0.954034 0.329828
-0.357152 -0.713722 0.654712
-0.163374 -0.409001 0.533714
-0.198851 0.0816214 -0.0254432
-0.113128 0.257702 0.373636
0.0292464 0.353676 -0.507471
0.00313343 0.48224 0.0948489
-0.142993 0.38739 0.0570262
-0.362608 0.0628183 0.0342536
-0.17199 0.0599132 -0.566875
0.0469841 -0.142144 -0.323123
0.0922918 -0.250559 -0.591895
-0.016757 -0.470531 0.30399
-0.100841 -0.358046 -0.0611917
-0.0125398 0.111564 -0.128572
0.177007 0.413958 0.220297
0.0180081 0.624237 0.217687
0.21915 0.674266 0.030183
0.188153 0.263863 -0.382926
0.167173 -0.0973454 -0.17971
-0.0502544 -0.170318 0.43232
0.0235443 -0.83526 -0.0967541
-0.0482979 -0.739587 0.240643
0.0597584 -0.61505 0.456613
-0.18591 -0.869677 0.0360629
-0.389163 -0.39278 0.0359988
-0.0835894 0.25338 0.219913
0.03568 0.0799825 0.0841531
-0.153906 -0.118504 -0.771372
-0.161808 0.307371 0.0180381
0.106212 0.749366 -0.183983
0.297706 0.882978 -0.314423
0.59187 0.878429 -0.0410018
0.653805 1.02477 -0.0561351
0.784122 0.662213 0.132937
0.298382 -0.294793 0.193832
-0.341497 -0.893537 -0.0467289
-0.738808 -1.04629 -0.0300405
-0.951425 -1.16141 -0.225116
-0.719508 -0.726022 0.336525
-0.331126 -0.508532 -0.089935
-0.22509 -0.0846855 0.460236
-0.100854 0.43331 0.386376
0.0961191 0.657832 0.597135
0.0996021 0.698237 -0.0188654
-0.0254159 0.522538 -0.523827
0.147073 0.424688 0.257955
0.451263 0.0661787 -0.22235
0.43577 -0.441466 -0.976909
0.319534 -0.664526 -0.24052
0.125706 -0.275519 0.464788
0.186591 0.175698 -0.609767
-0.0603694 0.248727 0.221835
-0.290141 0.673585 -0.0994638
-0.285448 1.17981 0.186471
0.0930476 1.0478 0.178988
0.194181 0.406909 0.270836
0.193137 0.139011 -0.11349
0.11315 -0.216057 -0.00957056
0.054944 -0.293184 -0.179691
-0.154511 -0.585215 -0.139148
-0.12856 -1.24177 0.579538
-0.102697 -1.09129 0.484427
-0.108377 -0.664943 0.220335
0.0838598 -0.349884 0.210163
0.0497164 0.226889 -0.134798
0.0773152 0.367331 -0.275394
0.204912 0.0216784 -0.120073
0.267759 0.168409 -0.868212
-0.00157796 0.272975 -0.105203
-0.445095 0.488182 -0.0150595
-0.390303 0.764895 -0.438651
-0.0385591 0.738663 0.238115
0.149942 0.207883 0.0977284
-0.0299185 -0.251037 -0.0340399
-0.162974 -1.10729 0.405334
-0.551169 -1.00121 0.0421934
-0.60158 -0.309559 0.229315
-0.658592 -0.271952 -0.1718
-0.296224 -0.126973 0.134796
0.457111 0.230051 -0.0439546
1.06302 0.0860608 0.436957
0.889784 0.0564503 0.317191
0.806003 -0.237623 -0.116464
0.378749 -0.373728 -0.673768
-0.285909 -0.538845 -0.137546
-0.181207 -0.767584 -0.0826902
-0.115679 -0.68025 0.0607561
-0.0454912 -0.21306 0.328684
0.177923 0.490959 -0.0960179
0.295924 1.16736 0.0577096
0.342959 1.19734 -0.00218579
0.353039 0.816835 0.104145
0.22283 0.704429 -0.0116806
-0.121884 0.300906 -0.3975
-0.628722 0.23649 -0.604401
-0.524404 0.399126 0.162378
-0.650371 0.426821 0.0222152
-0.314753 0.142182 0.328322
0.0462776 -0.630179 0.0114768
0.2617 -0.671454 0.427395
0.0984278 -0.485395 0.0958941
-0.00131972 -0.372126 0.533454
-0.324202 -0.548853 -0.627588
-0.408461 -0.654821 0.282736
-0.19156 -0.396097 0.247045
0.0843228 -0.25834 0.117821
0.321933 -0.0839357 -0.446072
0.428442 0.479858 0.21042
0.267709 1.03551 -0.170924
-0.334532 0.706585 0.174152
-0.502858 0.194801 -0.633183
-0.441196 0.293323 0.263021
0.139918 0.59311 -0.186707
0.127822 0.4962 -0.0788421
0.394776 0.125227 0.234531
0.514487 0.41628 -0.205004
0.438538 0.415962 -0.249023
0.239377 0.256417 -0.534392
-0.140548 -0.00683531 -0.00991382
-0.00979744 -0.152307 0.904133
0.380555 -0.71774 0.0463137
0.280479 -1.12079 0.180792
0.211777 -1.24912 0.051969
0.0772838 -1.09676 0.0468487
-0.347759 -1.11249 -0.253628
-0.288709 -0.747957 -0.0308765
-0.107931 -0.231631 0.080369
-0.00160162 -0.0784425 -0.353929
-0.588109 0.0558947 0.0980641
-0.874482 0.184223 0.473285
-0.608057 0.245607 0.0226935
0.126185 0.545278 -0.481763
0.622635 0.44438 0.138516
0.672243 0.462001 -0.0839298
0.281687 0.523762 0.164973
0.0415932 0.306555 -0.057885
-0.50853 0.0998685 -0.0976021
-0.506368 0.225244 0.274641
0.0822441 0.255415 -0.288204
0.649928 0.73131 -0.153095
0.405384 0.362536 -0.214011
-0.131735 0.18554 0.484004
-0.350277 -0.0782801 0.435257
-0.285794 -0.217692 -0.155353
-0.357809 -0.504703 0.099629
-0.271719 -0.919544 -0.36077
-0.142051 -0.638132 -0.312299
-0.0497558 -0.154972 -0.483583
-0.0256117 0.0827556 -0.947847
-0.151961 0.446839 0.324708
-0.172565 0.753519 0.725172
0.195436 0.256532 0.3853
-0.0374912 -0.252397 0.11867
0.116198 -0.320467 -0.131006
0.413887 -0.0847589 -0.135975
0.221801 0.614863 0.567049
0.127102 0.762592 0.151987
0.33906 0.667056 -0.145597
0.178344 0.375216 0.527288
-0.112021 -0.16086 -0.207474
-0.548981 -0.547356 -0.278372
-0.853841 -0.344492 -0.115558
-0.392602 0.0860548 0.444664
0.324893 0.28002 0.0668303
0.91996 1.03688 0.196443
1.01153 0.984241 -0.148807
0.634218 0.313879 -0.797241
-0.125999 -0.468987 -0.469334
-0.574409 -1.17543 -0.632324
-0.316128 -1.68729 -0.340718
-0.321094 -1.78083 0.414009
-0.170401 -1.00735 0.377016
0.233895 -0.478943 0.105563
0.0473653 -0.0861539 0.103577
0.204791 0.000366876 -0.291986
0.43964 0.174805 0.1302
-0.280112 0.573118 0.450484
-0.965677 0.947824 0.531464
-0.842522 0.885954 0.109462
-0.241029 0.759516 -0.189682
0.220699 0.53759 -0.0442956
0.72921 -0.113963 0.289436
0.594098 -0.5951 -0.0395993
0.230845 -0.440083 -0.208573
0.135682 -0.0450679 0.139678
-0.124944 0.0301925 0.0317008
-0.46193 0.359712 -0.1943
-0.375868 0.439935 0.0348935
-0.418943 0.48474 -0.164377
-0.327866 0.214668 -0.0380386
-0.228167 -0.0867536 -0.347246
-0.00435602 -0.14284 0.0042343
0.285582 -0.358354 -0.0961615
0.26053 -0.72566 0.45907
0.432864 -0.534635 0.287149
0.735495 -0.482979 -0.3147
0.0785201 -0.376853 0.150989
-0.0708484 0.217163 -0.0648739
0.14794 0.578993 -0.651468
0.10249 0.416696 -0.244381
0.0425927 0.333824 -0.248118
0.0430978 0.549348 -0.110192
0.279316 0.0251916 0.574488
0.22144 0.0883953 0.305591
-0.0850117 0.324754 0.457214
0.151971 0.280647 0.421521
0.478351 0.463223 0.0279326
0.207933 0.452988 0.0478123
-0.300701 -0.245214 0.269796
-0.230795 -0.428124 -0.290385
-0.16752 -0.265598 -0.351696
-0.177724 -0.658623 -0.510375
-0.0583057 -0.81315 0.268659
0.179516 -0.51969 0.286525
0.500696 -0.536221 -0.141471
0.445872 -0.23318 0.0310064
0.263645 0.0944461 0.143271
-0.0747195 0.604237 -0.213876
-0.999342 1.13103 -0.0952882
-1.50534 1.00464 -0.377404
-1.61001 0.783579 -0.364178
-0.370575 0.185383 -0.518616
0.108486 -0.804716 -0.35792
0.130133 -0.824168 0.260573
0.226473 -0.603867 0.44567
0.0885784 -0.149142 0.810312
-0.179366 -0.133885 0.369659
0.21153 0.108509 0.167014
0.585948 0.677743 0.512002
0.796427 0.873154 0.189985
0.374165 0.102567 -0.0224756
0.256659 -0.481836 -0.312781
0.678849 -0.582014 -0.431935
0.534115 -1.01483 0.0229484
0.366423 -0.798879 -0.11491
0.243835 -0.438675 -0.161165
-0.0587353 0.0603478 0.0166019
-0.788281 0.242806 0.0901515
-0.593916 -0.0771081 -0.346976
-0.567565 -0.4769 -0.296569
-0.464692 -0.328394 -0.225797
-0.0808119 -0.649028 -0.461858
0.460113 -0.2183 -0.253029
0.805174 0.497655 -0.439677
1.1216 1.06388 0.0695189
1.31898 0.924415 0.704399
1.26584 0.931929 0.584012
0.605157 0.649429 0.776168
-0.44454 0.0804842 0.667214
-1.5361 -0.359019 0.375181
-1.78325 -0.499387 -0.0579931
-1.76195 -0.24127 0.041397
-1.91565 -0.331284 0.0308442
-1.46657 -0.104495 -0.177756
-0.237664 -0.156503 -0.418274
0.381923 -0.312698 -0.700424
0.605589 0.600767 -0.781868
0.569247 0.854484 -0.392888
1.09414 0.296572 -0.0608844
1.10374 0.163187 -0.26457
0.785404 0.461058 0.1563
0.61725 -0.235428 -0.158077
0.512581 -0.282302 0.118259
-0.394448 -0.184924 0.413399
-0.409554 0.147409 0.0712715
-0.880189 0.575787 0.768949
-1.37794 0.341421 0.920721
-1.49941 0.284395 0.623636
-0.00605304 0.819673 0.0168158
0.918933 0.270812 0.0991634
1.02304 -0.976032 0.180768
1.04534 -1.38417 -0.00383622
0.697591 -0.853281 -0.469839
0.314768 -0.891226 -0.840184
-0.414059 -1.14651 -0.45413
0.0307735 -0.114779 -0.891162
0.487954 0.927315 -0.128803
0.831889 0.874755 -0.310186
1.04998 0.313036 -0.0735067
1.13648 0.440673 -0.218128
0.592804 -0.123282 -0.255415
-0.916199 -1.12771 -0.129092
-2.18315 -1.05545 0.574846
-2.143 -0.420266 0.286231
-1.26194 0.108494 0.683281
-0.86478 0.495495 0.453055
-0.0268697 0.529466 0.282117
0.666326 -0.0667463 0.426658
0.570052 -0.0548376 0.465873
-0.0350608 -0.379393 0.244492
0.0283547 -0.660811 -0.498673
0.299454 -0.406868 0.0676372
0.512994 0.17936 -0.213766
0.401877 0.128086 -0.01966
0.116446 0.289827 -0.209212
0.144923 0.596847 -0.482875
0.440523 0.710497 -0.613833
0.0243998 0.320306 -0.147917
-0.847306 -0.383445 0.056905
-1.08425 -0.298444 0.0449973
-1.21059 0.252469 -0.00481923
-0.744736 0.609639 -0.182802
-0.0592839 0.599725 0.0535318
1.19744 1.05597 0.150809
1.37937 0.0359464 0.230497
1.16056 -1.26861 0.11218
0.275613 -1.26039 0.556091
-0.543015 -0.153711 0.062845
-0.604637 0.324191 -0.0393635
0.195331 0.73968 -0.297508
0.873946 1.73198 0.266429
1.83875 1.50619 0.128324
1.67109 0.582163 -0.157809
0.342806 -0.0542336 0.195919
-0.637408 -0.302648 -0.532636
-1.59863 -0.414233 -0.172161
-1.94868 -0.954927 -0.242066
-1.09805 -0.589025 -0.513678
0.0729965 -0.192239 0.0572251
0.772452 -0.0420088 0.287439
0.373211 0.236444 -0.230751
-0.0574627 -0.181332 0.16972
-0.457582 -0.488702 -0.18403
-0.485434 -0.141782 0.582751
-0.094577 -0.293454 0.425579
0.113746 0.0933191 -0.0558545
0.522751 0.485866 0.446697
0.206942 0.0320564 0.400813
-0.0770523 -1.02623 -0.206234
0.0835684 -0.838587 0.0130944
0.0762616 -0.687262 -0.127679
-0.355901 0.0912719 -0.432772
-0.739006 0.608596 -0.0155858
-0.755222 0.613717 0.00740268
-0.389683 0.70393 -0.143219
-0.288161 0.355479 0.0128097
0.0512481 -0.290217 -0.21208
0.221835 -0.806698 -0.444233
0.541885 -0.888221 0.15937
0.282609 -0.7454 -0.135449
0.00908577 -0.427183 -0.324443
0.622607 -0.476394 -0.0307619
0.905173 -0.257237 0.284803
0.742535 0.533533 0.121493
1.0747 0.957719 0.19122
1.73855 1.25386 -0.00493085
1.35009 1.163 0.50228
0.513488 0.224009 0.00378143
-0.74371 0.0440222 0.59126
-1.28526 -0.297518 0.108022
-1.57703 -0.802504 -0.564497
-1.78925 -0.682264 0.151753
-1.29147 0.150984 -0.549575
-0.00161931 0.915938 -0.130913
0.199687 0.759044 0.31889
0.0998064 1.148 0.350797
0.466253 1.57409 -0.672385
0.69377 1.17657 -0.123442
0.68884 0.58528 -0.341983
0.512808 -0.215422 -0.528297
0.0119882 -1.81685 0.0652261
-0.973375 -2.0853 0.220049
-1.14819 -1.48621 0.0777787
-1.17407 -0.723013 0.724074
-1.15853 0.325036 0.611686
-0.84066 1.26376 0.277388
-0.449006 0.723344 0.400588
-0.481853 -0.43735 0.28047
-0.551519 -0.765218 -0.333722
0.152709 -0.171686 -1.04618
0.654652 0.839409 -0.447468
1.3483 2.37583 0.00923224
1.94306 3.04551 -0.197931
1.86275 2.07128 -0.0748025
1.96579 0.625481 -0.114927
1.56816 -0.940556 -0.148694
0.910288 -2.70126 -0.264215
-0.09461 -3.64273 0.00424974
-1.16361 -3.13101 0.134982
-1.7273 -2.00645 0.289731
-1.20176 -0.589148 0.091432
-0.5992 -0.032691 0.12866
0.0773433 0.53065 0.224316
0.277517 0.611765 0.748442
0.759913 -0.173978 0.223549
1.07707 -1.43969 0.0292514
0.415844 -0.657627 -0.0892869
1.3028 0.305024 -0.36835
0.77039 0.154522 -0.207303
-0.825227 0.0168211 -0.132849
-2.04214 0.526873 0.250476
-2.15586 1.02643 0.322036
-1.71218 1.01749 0.237684
-0.862672 1.20773 -0.322366
-0.145349 1.00543 0.373805
-0.37018 0.723165 -0.492701
-0.339834 -0.113725 -0.549599
-0.0171519 -0.635426 -0.602846
0.242156 -0.399548 -0.065495
0.867936 -0.224218 -0.548257
1.98519 0.164665 0.514147
1.54948 0.339568 0.519577
1.23931 0.014761 0.72085
-0.285764 0.0274895 0.217934
-1.30105 -0.706801 0.21794
-0.477088 -0.888452 0.0525796
-0.153703 -0.140766 -0.508733
-0.640949 0.689301 0.413014
-0.471385 1.59697 0.422273
-0.20356 2.80223 0.358382
-0.574178 2.72095 0.166666
-0.420215 1.73189 -0.267782
0.354767 0.188659 -0.378041
0.421557 -1.30293 -0.666602
0.428774 -1.71505 -0.86818
0.345476 -0.922756 -0.551364
0.901695 0.0414986 -0.335154
1.08933 0.590056 -0.220227
1.03281 0.517851 0.183531
0.859615 -0.0439201 0.36823
0.445903 -0.564954 0.516049
-1.01613 -1.10149 0.397089
-2.4165 -0.926245 0.557939
-2.10598 -0.704168 -0.182957
-1.12949 -1.03845 0.329188
-0.0605261 -1.47597 0.176914
0.903307 -1.14875 0.28087
1.57873 -0.228867 -0.00375526
1.80174 0.334213 -0.0143019
1.24381 0.244467 -0.129328
-0.449202 0.118593 -0.109664
-1.24471 -0.111298 -0.374403
-0.708181 -1.14789 -0.226071
0.435655 -0.333157 -0.750561
0.329736 0.868131 -0.829519
0.770546 0.452237 -0.660196
0.100859 -0.205091 -0.575527
-0.658494 -0.895046 0.0568062
-1.24472 -1.84615 0.379141
-1.85457 -1.73282 0.997808
-1.44279 -0.56273 1.01741
-0.790816 -0.396731 0.390484
0.0630361 0.249188 0.063898
0.112455 1.13507 0.150689
0.820653 0.984676 0.406786
0.797628 0.79712 0.125253
0.952532 0.579557 0.103199
1.00168 0.218285 0.102539
-0.305863 -0.51291 0.112043
-1.21382 0.149028 0.0791103
-1.62386 1.11285 -0.00965281
-1.62116 2.04254 -0.674729
-1.05528 2.35591 -0.983189
0.436489 1.88384 -0.494513
1.32193 0.845545 -1.05243
1.80905 0.0203178 0.292261
1.97329 0.0502986 -0.245775
2.21483 0.673347 0.183246
1.69371 0.75239 0.61193
1.07436 1.48721 0.564141
0.668651 1.66209 0.150523
-0.11669 1.51295 0.879259
-1.03585 0.985108 0.269456
-1.54239 -0.462956 -0.322188
-1.4711 -2.51472 -0.184518
-0.990447 -3.11999 0.0047686
-0.764517 -2.73123 -0.118542
-0.412152 -1.71676 0.110775
0.0705367 -0.216561 0.461658
0.898616 1.81387 0.436566
1.7233 1.77427 -0.709843
1.43236 0.651691 -0.656783
0.492776 -1.10517 -0.679386
-0.142247 -2.01175 -0.821067
-0.892177 -1.53427 0.148241
-0.657504 -0.586493 -0.0731848
-0.835411 -0.649134 0.125761
-1.65173 0.481753 1.164
-1.1235 0.307408 0.471081
-1.32394 -1.44475 0.448599
-2.27477 -2.16011 1.07467
-2.31309 -2.30268 0.212791
-0.445739 -2.16701 -0.34981
1.2838 -1.17404 -0.360599
2.8767 -0.686126 -0.335231
3.95163 -0.0372885 -0.864671
3.65988 0.343331 -0.828042
2.53955 0.258036 -0.392306
0.561554 -0.0941836 0.290587
-1.83872 0.413597 0.584305
-2.33628 0.213743 0.636511
-2.12123 0.0280324 -0.220142
-2.19365 0.145709 -0.076327
-0.999267 0.497663 -0.116797
0.684391 0.938368 -0.449303
1.26808 2.19732 0.125172
1.61546 3.09661 0.356845
2.13323 2.40408 0.285858
2.75173 1.52692 0.881352
1.48875 1.11225 0.344543
0.107806 0.484921 -0.275799
-0.196516 0.394399 -0.121537
-0.263551 0.118719 -0.647347
-0.923614 -0.488121 0.03074
-1.22293 -0.377551 -0.0344198
-1.39036 0.0974107 0.0336017
-2.03958 -0.326463 0.411169
-1.58565 0.518276 0.137923
-1.03071 1.18579 -0.158203
-0.0189968 1.44808 -0.680568
0.230604 1.3028 -0.460416
-1.11647 0.669608 0.113418
-0.919738 -0.758382 -0.316806
-0.0960233 -0.746638 -0.526507
0.366483 -0.832473 0.453116
0.714002 -0.798679 0.0437212
0.880137 -0.163827 0.807108
-0.0515727 0.521882 1.09673
-0.622451 0.951546 0.295402
0.393642 0.603245 0.122709
0.728399 0.398277 -0.336338
1.33367 -0.043799 -0.270785
0.687221 -0.56971 -0.251773
-0.456854 -0.66738 -0.612223
-0.0608255 -1.27216 -0.431415
0.662677 -2.47454 -0.315115
0.519226 -3.30797 -0.232534
0.744333 -3.88437 0.111277
0.872037 -3.86335 0.413483
-0.422115 -2.85924 0.453258
-1.00725 -1.22694 -0.502794
-0.317768 0.0614022 -0.394264
0.318158 1.12794 0.380352
0.582259 1.50842 -0.0857722
0.614438 1.72688 0.377909
0.115557 2.48371 0.0856224
-0.235849 2.40925 0.171848
0.0518233 0.223047 -0.39436
0.479352 -1.41155 -0.0941227
-0.540664 -2.58465 -0.627198
-2.16495 -3.58305 -0.0812
-2.32467 -1.43273 -0.0728023
-2.23431 1.44369 0.448329
-1.37179 3.40703 -0.00413245
-0.965846 4.57393 0.699838
0.0769836 3.56915 0.404847
0.837653 1.49951 -0.131493
1.06068 -0.751027 -0.472572
-0.932182 -2.49244 0.00652687
-1.25925 -2.42964 0.242854
-0.762845 -1.00916 -0.358002
0.661351 -0.240036 -0.0624521
1.9213 1.58998 0.175012
3.64174 2.74165 -0.281364
3.50664 3.36906 -0.27748
1.28615 3.78577 0.257604
0.638119 3.87192 0.215712
0.0702981 3.07284 0.0626865
0.165128 1.9073 -0.292505
0.360807 1.2463 -0.0964282
-0.215976 -0.25682 -0.64894
-1.03853 -1.59205 -0.519007
-2.34316 -0.420348 0.0176162
-2.90154 0.0355858 0.70115
-3.08316 -4.11139 0.585088
-2.111 -4.1135 0.438574
1.18153 -3.30042 0.204011
1.57423 -1.572 -0.0457647
2.2606 -0.107874 -0.0896901
3.92988 2.23076 0.062454
3.60517 3.15277 0.435974
1.92614 1.63205 0.265506
0.0348272 -1.40747 -0.205276
-0.915108 -4.24518 -0.381098
-2.76808 -5.65211 -0.328179
-3.56082 -5.10504 -0.18598
-3.59443 -3.32342 0.230708
-3.47652 0.0138164 0.0309711
-2.8102 2.96767 0.0841511
-1.5071 4.04956 0.432694
-1.49473 2.93557 -0.618319
-0.713301 -1.57665 0.0630571
1.89865 -3.6835 -0.319439
4.77263 -4.46776 -0.240694
5.58829 -3.18449 -0.436224
6.29353 -0.732978 -0.126104
5.56603 1.76147 0.267529
2.41878 2.07403 -0.130576
-0.929792 1.1053 -0.0560712
-3.83611 -1.04915 0.914916
-4.13438 -1.04457 1.04355
-3.91406 -0.654734 0.825655
-4.34819 1.4454 0.521285
-3.60162 3.26869 -0.0702669
-0.680682 3.82146 -0.814093
1.52489 3.81904 -1.5964
2.49414 3.04224 -0.855592
3.078 1.46976 -0.328333
3.26068 0.426007 -0.54822
3.11549 0.515923 0.0419598
2.74506 1.06699 0.00150746
1.58917 0.592392 0.376965
-0.158669 1.2074 0.53048
-1.11769 1.75104 0.6047
-2.53052 1.30973 0.584108
-2.66703 0.904669 0.592853
-3.07771 1.25398 0.458909
-3.62028 1.1481 0.875495
-3.18933 0.0287366 0.43299
-3.21637 -1.13304 -0.309116
-2.11998 -1.92241 -0.465509
-0.541571 -2.49069 -1.04399
1.3158 -3.16604 -1.14038
2.10498 -3.77253 -0.909142
2.62358 -3.26011 -0.80814
3.93627 -2.28173 -0.255018
4.02377 -0.696925 0.603792
2.9976 0.778877 0.935424
1.75588 2.38753 0.893825
1.21821 2.64938 0.893188
-0.0648611 1.16159 0.535859
-1.08909 -1.14916 -0.183446
-2.84499 -2.47915 0.418341
-2.54695 -2.81858 -0.0294571
-2.87634 -1.90457 -0.00143325
-2.59846 -0.759169 -0.616229
-0.186957 0.306921 -0.487398
2.48973 0.0900089 -0.696692
2.99766 -0.587236 -0.193471
2.07905 -0.013037 -0.320267
1.33203 0.0202503 -1.08442
0.330039 0.391542 -0.794277
-0.307069 0.60822 0.321449
0.171094 0.303255 0.250514
0.124668 -0.50278 -0.074666
-0.21439 -0.335381 0.688166
-1.3875 -0.625887 0.524626
-2.42996 -0.820348 0.849706
-2.26931 0.0938899 0.625063
-1.92557 1.01249 0.0713004
-1.55997 1.99702 -0.0776553
-1.88104 2.9518 -0.0779041
-1.90309 3.05141 -0.371295
-1.26061 3.3105 -0.243441
0.0221984 2.99092 -0.107674
2.34087 2.04791 -0.263152
4.17615 0.135284 -0.507403
4.19468 0.281921 0.00106639
2.30721 -0.775201 0.47934
1.00682 -1.9252 0.134688
0.0253985 -2.59751 0.258066
-0.872629 -2.13619 0.477787
-0.115902 -1.35616 0.559504
0.414073 -0.896777 -0.291331
0.0247733 -0.0548108 -0.0793316
-0.876035 0.348232 0.222825
-0.757933 -0.251298 -0.309621
-0.667791 -0.58748 -0.198725
-0.505932 -0.601613 -0.382536
-0.0555243 -0.166621 -0.528542
0.710288 0.735534 -0.682248
1.64123 1.87831 -0.503871
1.16892 2.08017 -0.258792
0.10536 1.17611 0.153051
0.513543 1.19413 0.257011
-0.365726 0.751463 0.540918
-1.38451 -0.542364 0.826915
-1.9911 -1.83741 0.796388
-1.82268 -1.5018 0.694977
-1.37929 -1.29424 0.662561
-0.700387 -1.17673 0.258581
-0.333809 -0.241027 0.216495
-0.127398 0.583391 -0.00600175
0.340098 1.07568 -0.363972
-0.222535 0.339036 -1.29633
-1.10366 -0.494948 -1.13027
-0.0409752 -0.630152 -0.558682
0.611834 -0.901444 -0.528289
0.811032 -1.32795 -0.865618
0.726331 -0.63457 -0.324248
0.436464 -0.573653 0.0993458
0.0280248 -0.61487 0.385203
0.217541 0.0114027 0.57251
0.388797 0.390057 0.505086
0.354568 0.344526 0.72942
1.04941 -0.0142554 0.170532
0.895682 0.242747 0.518591
0.148513 1.23102 0.578674
0.809904 1.17328 0.0126756
1.14625 1.48335 0.339461
1.87362 1.43456 -0.213384
1.10899 1.24106 -0.348433
-0.679985 0.563745 -0.259238
-1.35191 -0.420533 -0.48357
-1.67248 -1.74821 -0.493307
-1.8135 -1.8895 -0.713965
-1.04034 -1.42181 -0.571786
-0.120541 -0.54646 -0.586138
0.31851 0.048108 -0.364682
0.722798 0.0493898 0.0521834
0.586315 -0.035004 0.56276
0.655578 -0.302052 1.0813
0.615921 -0.208528 0.641786
-0.452167 -0.160131 0.750065
-1.0248 0.208877 0.497207
-0.801402 0.781464 0.470282
-1.13553 1.20312 0.473422
-1.53388 0.997118 0.0544086
-1.91473 0.694501 -0.217907
-1.00279 0.697892 -0.103854
-0.856643 0.466727 -0.580377
-0.589073 -0.0570954 -0.361186
-0.0552153 0.405904 -0.834597
1.02106 0.288374 -0.482487
1.82684 0.243486 -0.407516
2.13915 0.141161 -0.339103
2.49306 -0.612881 0.141242
2.24667 -0.429297 0.108135
1.09332 -0.83104 0.258105
-0.153039 -1.95368 0.424056
-1.15694 -1.72938 0.711086
-1.95414 -1.4113 0.566824
-1.67888 -1.22993 0.346574
-1.26699 -0.669419 0.0925173
-0.188752 0.223338 -0.0445051
0.211877 0.775211 -0.425704
0.548501 1.22425 -0.262418
1.07902 0.903145 -0.566579
1.18595 0.557613 -0.386998
1.6091 0.0194463 -0.361363
1.42554 0.60782 -0.265937
1.0183 0.849757 -0.126178
0.577906 0.964615 0.11324
0.54008 0.814178 -0.076291
0.881958 0.432223 0.127783
0.10168 0.2398 0.416909
-0.509237 0.0914818 0.28239
-0.993684 -0.355026 0.0372075
-2.60978 -1.13446 0.655724
-2.82683 -1.20476 0.516424
-2.37887 -1.54926 0.251112
-1.18056 -1.73203 0.117971
0.416992 -1.35101 -0.350619
0.605914 -0.571877 -0.0439869
0.414756 -0.377662 0.237141
0.337179 -0.448444 -0.211423
0.126119 -0.396353 -0.240454
-0.0478439 -0.0367347 -0.140351
0.181533 0.603501 -0.425704
0.381311 1.32379 -0.347508
-0.466401 2.07889 -0.0654445
-0.601841 1.28346 0.477706
-0.128937 0.736355 -0.207733
0.471922 0.495094 0.0262789
0.797657 -0.522861 0.0152466
0.39865 -0.671014 0.151544
-0.70383 -0.303973 -0.0473801
-1.20983 -0.152719 0.29191
-0.899804 0.323731 0.0583697
0.26183 0.0727362 0.00842204
2.03714 0.153274 -0.365524
2.40859 -0.393723 -0.0577983
1.60154 -0.598301 0.296385
1.96959 -0.718848 0.221195
1.35069 -0.416702 -0.0214002
0.399388 -0.412238 0.336252
0.885753 -0.399774 -0.175725
1.09997 -0.553937 -0.566263
0.0522534 -0.359105 -0.144981
-1.17078 -0.31649 0.223395
-1.58582 0.175746 0.077408
-1.97982 1.02085 -0.253978
-2.341 1.35617 -0.0746101
-1.93343 1.3679 0.418242
-1.00829 1.56738 0.0963227
-0.645398 1.39661 0.00101909
-0.155962 1.04245 -0.0944482
0.377451 0.524394 -0.152085
0.450988 0.105371 0.128429
0.556283 -0.69427 0.0637862
0.50222 -0.971973 -0.390708
0.549348 -0.770317 -0.239298
0.773798 -0.58565 0.0974674
0.105023 -0.640178 0.387809
-1.21754 -0.647001 0.531705
-1.27363 -0.654002 0.235547
-1.48393 -1.12197 -0.21608
-1.63082 -1.65363 -0.00319051
-1.69669 -1.65593 -0.080647
-0.872386 -0.511134 0.188018
0.401824 0.265382 -0.59544
1.37051 0.828908 -0.556613
1.64722 0.791039 -0.26044
2.47752 0.530373 -0.236326
2.40149 0.270536 -0.34418
1.6237 0.527958 -0.0107229
0.594223 0.0577538 0.252263
0.461742 0.417745 0.203583
0.86242 1.09385 0.632934
0.828598 0.85573 0.526315
0.193858 0.41966 0.0489264
-0.322228 0.0828074 0.248241
-0.559388 0.0739934 0.363019
-0.542265 0.0522288 0.0956894
-0.311543 -0.519497 0.213686
0.133778 -0.47163 0.0111798
0.373292 -0.81783 -0.352674
-0.0463136 -1.21675 -0.56027
-0.384221 -0.969564 -0.855176
-0.727808 -1.13502 -0.703192
-1.08132 -0.792164 -0.264836
-1.31853 -0.131825 -0.0714569
-1.04588 0.232748 0.398417
-0.726443 1.13231 0.172944
-0.879545 1.93452 0.311339
-1.00272 1.79435 0.128426
-0.936359 1.64752 -0.0326894
-1.07922 1.5281 -0.0351859
-1.65942 0.751347 0.249248
-1.15677 -0.285577 0.537992
-0.348474 -0.674561 0.274862
0.256611 -0.451363 0.375094
0.708705 -0.674773 0.239572
1.05322 -0.407127 0.154669
1.0809 -0.1189 -0.294742
0.818002 -0.0160632 -0.397737
0.505581 0.404702 -0.365762
0.599581 0.535569 -0.362597
0.894762 0.283489 -0.263299
1.44778 0.0650587 -0.284265
1.58082 -0.61639 0.201731
1.44661 -1.39385 0.0105073
1.37602 -1.34499 -0.1704
0.622671 -1.29622 -0.220122
0.10682 -0.741274 -0.0778949
0.215812 0.161068 0.0290632
0.459912 1.37827 -0.104242
0.51462 2.51909 -0.0658826
0.485851 1.95555 0.148626
-0.0828947 1.08989 0.0211286
-0.854736 0.622587 0.118476
-0.59809 -0.365018 0.141343
-0.272944 -1.18449 0.48599
-0.374613 -0.799889 0.171323
-0.528234 -0.0988551 -0.0773552
-0.887875 0.347881 0.115924
-1.84625 0.0800694 -0.0706324
-2.1527 -0.883468 -0.222246
-2.00177 -0.994417 0.115753
-1.25055 -0.53467 0.205634
-0.897397 -0.51628 -0.318195
-0.387552 -0.481584 0.0259075
0.477489 -0.192684 0.119704
0.730377 -0.38709 0.295877
0.196567 -0.653065 -0.138932
-0.293911 -0.783789 -0.142516
0.0180237 -0.496854 -0.0906567
-0.15124 0.0863147 -0.0462942
-0.462962 0.88314 -0.0509492
0.396567 0.938709 0.0174621
1.21953 0.435545 -0.029954
1.78082 0.832831 0.043802
1.74895 0.660357 -0.0438063
2.30813 -0.258845 -0.0265967
1.32695 0.026124 -0.0208748
-0.10419 0.708424 0.126121
-0.367642 0.914111 0.181553
-0.0519458 0.449241 0.0468487
0.556055 0.446178 -0.115428
0.937426 0.278861 -0.134181
1.49333 0.0962853 -0.0591539
1.5986 -0.0294265 0.0228806
0.796984 -0.281371 0.243746
-0.24696 -0.191684 0.125079
-1.12097 0.0188978 0.1233
-1.558 0.255401 -0.137325
-1.59674 0.510123 -0.344302
-1.34325 0.328727 -0.382613
-0.972123 0.146888 -0.0935223
-0.347324 0.391965 -0.0582165
-0.453437 -0.215654 -0.00497892
-0.810929 -0.940982 0.0592118
-0.799232 -1.20695 0.244731
-0.851717 -0.664856 0.343327
-0.764462 -0.458278 -0.116998
0.04089 0.174899 0.126063
0.526638 0.363636 0.306476
0.160391 0.966666 0.127847
-0.223551 1.07314 -0.125272
-0.290299 0.408563 -0.220467
-0.569705 -0.0754442 -0.00494265
-0.251815 -0.65671 -0.0193228
-0.218763 -0.174109 0.342116
-0.21084 -0.301848 -0.00415984
7.39445e-05 -0.902752 -0.289917
0.406829 -1.13499 -0.239338
0.707544 -0.904389 -0.0714498
1.05791 -0.667238 -0.113498
1.1864 -0.300844 -0.0825925
0.946601 -0.216231 0.0247373
1.01299 -0.251763 0.176736
1.1621 -0.17552 0.0131682
0.936802 -0.188339 -0.155648
0.691651 -0.182396 -0.0441826
0.271304 0.310373 0.240706
0.189417 1.09075 0.246927
0.13216 1.2528 0.113474
-0.355612 0.917101 -0.230257
-0.335038 0.150355 0.0496
-0.274241 -0.144639 -0.159378
-0.520432 -0.325086 -0.0819139
-1.01862 0.0374507 -0.199645
-0.809829 0.420138 -0.413746
-0.940559 0.70886 -0.0257371
-0.481367 0.751425 -0.0348894
0.256238 0.483208 0.258651
0.187166 0.133457 0.130841
-0.1376 -0.441389 0.261727
-0.195339 -0.935541 0.179382
-0.510574 -1.33281 -0.154032
-0.925986 -1.2068 -0.177707
-1.26018 -0.539399 -0.0386094
-1.24466 0.0997672 0.0609368
-1.23401 0.437932 0.474481
-1.06401 0.410997 0.232138
-0.680767 0.335916 0.368645
0.131817 -0.233795 0.252528
1.02756 -0.513371 -0.176948
1.22047 0.268562 -0.217038
0.936063 0.679909 -0.0589276
0.700645 0.355824 -0.0664459
0.918077 0.57758 -0.228251
1.23083 0.612335 -0.0347519
1.65301 0.133851 -0.199194
2.03615 -0.0152817 -0.284721
1.38484 -0.22863 0.0431848
0.197065 -0.392125 0.359372
-0.846289 -0.0374475 0.158225
-0.912664 -0.35696 -0.0567571
-0.340658 -0.249833 -0.28311
-0.0800646 -0.375317 -0.324734
-0.199296 -0.440831 -0.224169
-0.777504 -0.609418 0.005703
-0.488352 -0.345435 0.232061
-0.289101 0.138427 0.00181485
-0.0572304 0.414929 0.0562648
0.794986 0.142881 -0.174829
0.91413 -0.116461 -0.275741
-0.244408 -0.25852 -0.0131763
-0.842165 -0.764649 0.372744
-1.04783 -0.983153 0.438158
-1.27701 -0.19699 0.0806282
-1.12036 0.742225 0.288128
-0.645848 0.951167 0.243987
-0.345939 0.659628 -0.0234444
-0.448491 0.916949 -0.137597
-0.385461 0.797561 -0.115336
-0.147871 0.0700209 -0.16964
-0.23507 -0.348368 -0.150715
-0.272201 -0.733133 -0.0404033
0.166018 -0.927409 -0.0210295
0.642879 -1.01197 -0.0198423
0.779457 -0.863281 -0.0957657
1.15293 -0.577543 -0.149627
1.16954 -0.209996 -0.0985376
0.895783 0.393736 0.188257
0.609095 0.187192 0.377273
0.430711 0.235667 0.0853052
0.491345 0.597804 -0.00863562
0.15375 0.43242 -0.0904302
-0.188932 0.372063 0.0874644
-0.427274 0.286431 0.125567
-0.0330602 -0.168896 -0.202935
0.223797 -0.233613 0.0159312
0.417471 0.0675937 -0.0371427
0.895954 -0.118795 -0.267559
0.684666 0.252994 -0.215496
-0.00881422 0.423707 -0.0448024
-0.298482 0.533759 -0.15924
-0.43295 0.45203 -0.195974
-0.417606 0.156929 -0.0115147
-0.380817 -0.0640335 0.111969
-0.200183 -0.411587 -0.0157748
-0.401417 -0.770735 0.0572004
-0.529055 -0.73742 0.422598
-0.839102 -0.479192 0.638311
-1.01573 -0.471617 0.171617
-1.01722 -0.151626 0.314367
-0.589125 0.20034 0.376367
-0.620434 0.116483 0.294195
-0.19535 0.397997 -0.0526068
0.404945 0.748493 -0.232515
0.824698 0.552759 -0.483022
0.34628 0.435939 -0.331203
-0.253589 0.255183 -0.217519
-0.45108 -0.336352 -0.312539
-0.0732073 -0.398941 -0.0319177
0.246358 -0.260441 0.162046
0.911927 -0.653735 0.155399
1.37729 -0.667381 -0.158626
1.39716 -0.11701 -0.123715
0.726826 -0.130701 -0.101707
0.1602 -0.508543 -0.173718
0.0838865 0.0242 -0.0670953
-0.100081 0.544938 0.200098
0.0299836 0.31379 0.121777
0.290931 0.296281 0.184457
1.00892 0.286275 0.0118698
1.53183 0.41419 0.0378341
1.11396 0.349169 0.103421
0.310285 0.334126 -0.0222116
-0.54883 0.269728 0.0979812
-1.01417 0.137546 -0.131183
-1.46032 -0.340327 0.0369751
-1.3185 -1.07593 -0.179505
-0.692283 -0.910753 0.00852869
-0.570797 -0.380185 0.182046
-0.811625 0.392505 0.206624
-0.976085 1.02886 0.173418
-0.805162 1.01841 -0.0202752
-0.477177 0.878493 0.0918967
-0.463361 0.360631 -0.0558183
-0.0893403 -0.210182 -0.348252
0.0488365 -0.793849 -0.278571
-0.105199 -0.762548 -0.382655
-0.399751 -0.192304 -0.188289
-0.305413 0.032949 -0.17837
-0.0398153 0.777188 0.132263
0.0994605 1.55062 0.34998
0.361812 1.29244 -0.00268476
0.44707 0.295721 0.0364508
0.292713 -0.244456 -0.0309189
0.25659 -0.803799 -0.0708715
0.378633 -1.14667 0.0417353
0.971585 -0.966369 -0.204941
1.44443 -0.470146 0.0456886
0.983074 -0.2838 0.394963
0.607207 -0.489536 0.276698
0.444218 -0.646938 0.10795
0.577738 -0.763802 -0.155669
0.833216 -0.965195 0.121227
0.866305 -0.165005 0.0613598
0.459725 1.00777 -0.118532
-0.0572708 1.30832 -0.298767
-0.412977 1.62641 -0.415029
-0.821351 1.08529 -0.267041
-1.17201 0.529482 -0.204801
-1.6125 -0.400199 0.0992433
-1.73878 -0.594998 0.258436
-1.13152 -0.203245 0.244493
-0.132285 -0.0450684 0.0560112
0.431404 -0.429011 -0.0751128
0.510588 -0.931697 -0.154583
0.0390685 -1.0764 -0.0478794
-0.604165 -1.25418 0.130211
-1.12432 -0.719059 0.362867
-1.03729 0.138112 0.467831
-0.849239 1.30222 0.356809
-0.595018 1.25566 0.136794
0.122246 1.18601 -0.318249
0.307543 0.979247 -0.285642
0.231172 0.560066 -0.211875
0.593877 0.216659 -0.182084
0.387342 0.15757 -0.141313
0.209989 0.185983 0.0025561
0.420786 0.118194 0.0691979
0.51686 0.121069 -0.246638
0.565375 -0.0752639 -0.0923638
0.76588 -0.107732 0.0545208
1.39398 -0.0132954 -0.0883327
1.62334 0.00813635 -0.0134353
1.24832 0.256026 0.124428
0.416491 0.00418471 0.152301
-0.057877 -0.0303134 0.146855
-0.41872 0.241431 0.147627
-0.61493 0.067134 0.0769253
-0.583974 -0.624467 0.00833596
-0.461852 -0.766146 -0.0792421
-0.307557 -0.121168 -0.253186
-0.408048 0.0810738 -0.229219
-0.559048 0.483459 -0.129524
-0.684816 0.603515 -0.0963771
-0.233625 0.312539 -0.117352
-0.108772 0.281813 0.104375
0.141492 -0.257964 0.069692
0.625294 -0.400475 0.0465648
0.586955 -0.126959 0.155944
0.22342 0.189687 0.173966
-0.578521 -0.196773 0.0646281
-1.35833 -0.478561 -0.127666
-1.32815 -0.500233 -0.0656255
-0.970932 -0.776859 0.267888
-0.531583 -0.913817 0.259136
0.0960462 -0.463106 0.327193
0.602425 -0.358982 0.049892
0.704561 -0.400888 -0.176893
0.766628 -0.31772 -0.272955
0.56322 -0.423407 -0.193457
0.367289 -0.304303 -0.155882
-0.244066 -0.00591224 -0.077559
-0.405424 0.371262 -0.0149773
0.0799426 0.766263 -0.0319056
0.438744 0.824385 -0.0526234
0.504608 0.928724 0.146238
0.628149 0.612324 0.260105
0.419196 0.3986 0.0766262
-0.474726 0.258104 -0.000755763
-1.05619 -0.169854 -0.143239
-0.487474 -0.377154 -0.166062
-0.0139426 -0.176291 -0.060787
0.675815 -0.105665 -0.0998067
1.31264 0.0627389 -0.182362
1.70408 -0.055078 0.0174991
1.72681 -0.134762 0.237522
0.676437 -0.0794277 0.112414
-0.21611 -0.111394 0.104854
-0.286019 -0.0105345 -0.054148
-0.775198 0.546858 0.119525
-0.568075 0.804878 0.246603
-0.52655 0.762977 0.121677
-0.142779 0.649476 -0.0417116
-0.248676 0.409059 -0.193589
-0.549184 0.00452665 -0.168853
-0.649877 -0.46585 -0.159743
-0.342772 -0.548795 0.119159
-0.418445 -0.489982 0.0517716
-0.581311 -0.37802 0.0265299
-0.599658 -0.0236545 -0.100889
-0.729351 0.385697 0.0750388
-0.624106 0.691414 -0.00965158
-0.214148 0.596871 0.0100536
0.0495874 0.510406 0.112694
-0.104862 -0.190161 0.201951
-0.159433 -0.871195 0.260205
-0.0370206 -0.894635 0.080973
-0.209986 -1.25967 -0.063626
-0.248381 -1.16555 -0.245582
-0.0961514 -0.563279 -0.259031
0.368313 -0.165844 -0.0430685
0.665657 0.295119 -0.0650157
0.70079 0.668299 -0.0246575
1.02669 0.470601 -0.0653185
1.06561 0.408305 -0.0112783
0.984049 0.0397324 -0.190487
1.00989 -0.456485 -0.190518
1.00625 -0.541028 0.0022413
0.924023 -0.589274 0.270571
0.923 -0.312581 0.0621943
0.714515 -0.0823462 -0.0311054
0.323327 -0.172548 0.255355
-0.210494 -0.230314 0.293034
-0.785752 -0.045211 0.315419
-1.03909 0.197882 -0.00885992
-1.14216 0.165525 -0.151738
-1.12083 0.346142 -0.0897458
-1.12569 -0.160892 -0.024968
-0.963366 -0.352726 -0.275519
-0.605418 -0.228868 -0.432977
-0.265579 -0.202835 -0.17196
0.138157 0.164554 0.0782507
0.0595674 0.341884 0.139185
-0.237169 0.696007 0.0864028
-0.489215 0.655087 0.0125793
-0.540642 0.329119 -0.114074
-0.738447 0.243574 -0.0767001
-0.696707 0.235359 0.138644
-0.413001 0.143586 0.213463
-0.242892 0.452083 0.144845
-0.163169 0.49968 0.106525
0.0881594 0.388688 0.217121
0.177853 0.219537 0.0132534
0.498176 -0.24744 0.0210696
0.821383 -0.649358 -0.0913871
0.92122 -0.522398 -0.0563225
0.967982 0.137415 -0.0139171
0.820516 0.342302 -0.0540161
0.71012 0.388907 -0.0191039
0.789302 0.210508 -0.144297
0.884171 0.178122 -0.130309
0.798947 0.176999 -0.0754791
0.535084 -0.0195007 0.0277658
0.375437 -0.342611 0.000780126
0.017167 -0.405372 0.0633804
-0.20703 -0.158785 0.119139
-0.372134 -0.372586 -0.162861
-0.592953 -0.642082 0.0208962
-0.751562 -0.676336 0.0801902
-0.779427 -0.682102 0.150505
-0.748513 -0.803149 0.144447
-0.450564 -0.920273 -0.0275074
-0.341419 -0.811417 -0.107264
-0.181052 -0.490833 -0.128908
-0.0571211 -0.170823 -0.115895
-0.0132114 0.0328082 -0.192959
-0.207195 0.0314578 -0.233914
-0.475959 0.155156 -0.0550555
-0.344619 0.167865 0.155264
-0.27915 0.331811 0.246156
-0.196728 0.464218 0.119051
0.0386955 0.526189 0.127972
0.32283 0.264343 0.222214
-0.00902273 -0.016495 0.133322
-0.273089 -0.15471 0.00168084
-0.523463 -0.164969 0.0185175
-0.389423 0.0532372 0.0368971
-0.0990808 0.524427 -0.0927658
0.24705 0.949494 -0.092387
0.740022 0.844085 -0.0986568
1.07005 0.271755 -0.0873525
1.05335 -0.267955 -0.1436
0.903041 -0.692068 0.0906798
0.811328 -0.792025 -0.0486464
0.444636 -0.325975 0.0180446
0.157936 0.32204 -0.0557605
-0.250189 0.694532 0.0142367
-0.529736 1.24624 -0.101916
-0.483767 1.53068 0.128527
-0.678497 1.30201 0.096966
-0.740595 0.946889 0.00365931
-0.264454 0.641526 -0.0767437
-0.0878622 0.216538 -0.0905034
-0.107805 -0.285142 -0.146203
0.0495469 -0.431503 -0.136649
0.223335 -0.34892 0.00538261
0.196128 -0.833002 0.204523
0.265376 -0.967251 0.143185
0.355159 -0.576294 0.0614004
0.298439 -0.311266 0.0541574
0.213706 -0.395158 0.165629
-0.226646 -0.320808 0.077383
-0.611504 -0.56013 0.0739522
-0.386164 -0.667283 -0.0560512
-0.693623 -0.895298 -0.132711
-0.961374 -0.980333 0.0245955
-0.665099 -0.767017 0.0231488
-0.359069 -0.408651 -0.153475
-0.113705 -0.373363 -0.142342
-0.168265 -0.251453 0.000906313
-0.23349 0.0188614 -0.200554
0.0708567 0.309433 -0.298761
0.469502 0.408086 -0.228617
0.651389 0.414462 -0.0596241
1.04235 0.49381 0.11756
1.01597 0.47159 0.231442
0.642399 0.249314 0.182401
0.348245 0.0297149 0.239407
0.230514 0.043539 0.217106
0.0518944 0.0180116 0.202895
0.0721032 0.138073 0.157206
0.180403 0.310218 -0.104006
0.0390437 0.582057 -0.0780427
0.00620613 0.365972 -0.139011
-0.188149 0.115898 -0.173471
-0.201083 -0.108326 -0.566502
-0.165555 -0.190976 -0.0210766
-0.0187323 0.0469182 0.145319
-0.0549156 0.451182 -0.168981
0.438717 0.792028 -0.282343
0.956277 0.597874 -0.31966
0.683897 0.119632 0.0443474
0.0519855 -0.0935371 0.101824
-0.619478 0.0933948 0.343293
-0.687108 0.448521 0.349344
-0.631857 0.809232 0.193764
-0.676166 0.954885 0.320442
-0.533947 0.957825 0.446114
-0.378258 0.596841 0.226527
-0.747781 0.197627 0.125305
-1.15378 -0.191338 0.044457
-1.12354 -0.441238 0.131937
-0.729353 -0.463806 -0.0514498
-0.320109 -0.895416 -0.315893
0.261954 -0.909498 -0.383765
0.731632 -0.841449 -0.103051
1.31662 -0.50855 -0.199328
1.52834 0.0722007 -0.158668
1.43908 0.22667 0.00816007
1.04374 0.0133649 -0.244162
0.569386 -0.436481 -0.280876
0.123412 -0.756035 0.0603609
-0.241615 -0.597723 0.0406229
-0.443604 -0.383912 0.0248589
-0.158931 -0.056912 0.118852
0.0564671 -0.13373 0.216948
-0.0562902 -0.460812 0.0769754
-0.126062 -0.747721 0.166689
0.0141301 -0.79778 0.240468
0.385491 -0.0972326 -0.0345191
0.413286 0.609357 -0.0816116
0.277986 0.84389 -0.00897831
0.407795 0.798835 -0.304121
0.217856 0.426563 -0.175728
0.189704 0.267959 -0.111355
0.0995747 0.010194 -0.27156
-0.155093 -0.0529823 -0.0499812
-0.502568 -0.193158 0.00856301
-1.13098 -0.372526 0.0724846
-1.37055 -0.345371 0.116984
-1.26562 0.0419177 0.0337807
-1.01227 0.575351 0.000193575
-0.561388 0.74346 0.0709026
-0.198709 0.847668 0.212342
-0.0920513 0.819518 0.126187
-0.107177 0.334279 0.0205269
0.024861 -0.00894842 0.0354918
0.323006 -0.236137 0.143035
0.541158 -0.44107 0.0595585
0.450077 -0.399104 -0.058534
0.349675 -0.176843 0.0751742
0.481269 0.376308 -0.0370879
0.464468 0.750395 -0.103838
0.0558202 0.970794 -0.0250681
0.239783 0.846706 -0.138013
0.408115 0.357202 -0.220851
0.186778 0.127646 -0.126103
0.0781079 -0.075674 -0.0418473
0.232317 0.013287 -0.0867818
0.313156 0.215497 0.0398583
0.151075 0.112134 -0.0373065
-0.00637047 -0.117374 0.117708
-0.000918251 -0.37856 0.0395147
0.231315 -0.738837 0.158375
0.282229 -0.894079 0.159673
-0.0686201 -0.654453 0.00714114
-0.304065 -0.481511 0.00303306
-0.18902 -0.394449 0.15977
-0.278658 -0.299689 -0.0197324
-0.216513 -0.486574 0.0279041
-0.135256 -0.630055 -0.00276434
-0.397902 -0.622766 -0.170173
-0.852136 -0.424501 -0.14796
-0.95458 -0.250485 -0.148569
-0.644871 0.228846 -0.00184497
-0.167444 0.399203 -0.234062
0.132149 0.266849 -0.118272
0.399869 0.333489 -0.00589384
0.281184 0.20922 -0.0494807
-0.218412 -0.046386 0.101779
-0.351979 -0.0787604 0.280193
-0.278368 0.174433 0.281819
-0.214552 0.229315 0.0614105
0.136844 0.299606 0.0901526
0.612968 0.12361 0.0979269
0.85724 -0.0868745 -0.0334376
0.884707 -0.280183 0.0595588
0.546211 -0.334935 -0.137955
0.299034 -0.339326 0.00803442
0.0166502 -0.172066 -0.00468647
-0.129601 -0.118793 -0.119418
-0.0548387 -0.17631 -0.0686278
0.278028 -0.229648 -0.0795
0.322174 0.00120129 -0.216865
0.21937 0.22686 -0.144578
0.0892161 0.421837 -0.126301
-0.162349 0.748159 -0.0222905
-0.399164 0.811625 -0.0341384
-0.413621 0.695572 0.0366742
-0.379118 0.545595 0.256957
-0.138412 0.388478 0.30613
0.0734134 0.265955 0.067926
0.174419 0.106919 0.181153
0.226163 0.237423 0.15845
-0.190685 0.117587 0.052624
-0.335833 0.0838018 -0.0264517
-0.370462 0.0362478 -0.0214989
-0.401052 -0.228365 -0.146342
-0.211482 -0.185669 -0.109066
-0.0380562 -0.181227 -0.204011
-0.153061 -0.188317 -0.177846
-0.339932 -0.137512 -0.0129219
-0.203886 -0.293183 -0.0207488
-0.167157 -0.627568 0.0637606
0.069193 -0.987137 0.158143
0.317567 -1.08932 0.112537
0.445782 -1.05798 0.00862567
0.124922 -0.824032 0.13539
-0.0200515 -0.393471 0.154162
0.148803 -0.066241 0.0868338
0.406687 0.30472 0.19581
0.652232 0.510719 0.06878
0.867419 0.493371 0.038624
0.77868 0.282753 0.029277
0.24511 0.232861 -0.163158
-0.0694982 0.103633 -0.049231
-0.135172 -0.129194 -0.220513
-0.187129 -0.0176035 -0.341995
-0.308206 0.00311747 -0.245559
-0.181643 -0.251214 -0.289574
-0.419145 -0.268361 -0.261377
-0.450735 -0.303167 -0.0906133
-0.195099 -0.239892 0.153434
-0.0155814 0.0258647 0.192208
0.246052 0.367439 0.120513
0.401572 0.511683 0.33207
0.3394 0.235884 0.227471
0.147104 -0.0951044 0.167488
0.110315 -0.19988 0.224002
-0.0226516 -0.248801 0.222313
-0.116505 -0.23213 0.126214
-0.265406 0.108138 0.24798
-0.52568 0.371015 0.156271
-0.66439 0.614185 -0.0131918
-0.60138 0.719796 -0.21663
-0.434482 0.861153 -0.287819
-0.224296 0.823452 -0.254612
0.0944468 0.560745 -0.378114
0.469895 0.343667 -0.364712
0.414515 0.270724 -0.239607
0.155792 -0.0123314 -0.0871809
0.209133 -0.191345 -0.0276657
0.161481 -0.0805714 0.107845
0.141358 -0.45379 0.107313
0.260865 -0.722557 0.272713
0.195943 -0.746034 0.22963
0.0869849 -0.802867 0.252204
-0.101097 -0.751992 0.204492
-0.406364 -0.5545 0.177635
-0.3696 -0.349776 0.150596
-0.225717 -0.202543 0.0839318
0.144289 0.0318589 -0.0490355
0.408479 0.21899 -0.172638
0.406858 0.247801 -0.303672
0.453552 0.197298 -0.345299
0.11879 0.138335 -0.251511
-0.0620765 0.175996 -0.284153
-0.0056916 0.313399 -0.187047
0.17491 0.362817 -0.0672527
0.253341 0.366801 0.0883849
0.183409 0.424785 0.145559
-0.0366358 0.0898186 0.168489
-0.201325 -0.25874 0.251235
-0.272786 -0.455043 0.242091
-0.10078 -0.476423 0.0702637
0.0481254 -0.214212 0.0607759
0.153424 -0.224795 -0.00104641
-0.12631 -0.256993 0.117014
-0.488919 -0.0101147 0.123583
-0.528458 -0.069383 -0.0180467
-0.508886 -0.230669 0.0685197
-0.512575 -0.336711 -0.029075
-0.170015 -0.29506 -0.123425
0.0539786 -0.204219 -0.194368
0.0422754 -0.0543894 -0.225881
0.0750823 0.187801 -0.160209
0.0564996 0.538307 -0.205609
-0.0562151 0.914016 -0.242196
-0.0509047 1.0107 -0.0484437
-0.034775 0.820429 0.0187982
0.0916785 0.477465 0.169409
0.231955 0.0841091 0.192731
0.132589 -0.263791 0.193478
-0.0702294 -0.278846 0.189996
-0.17276 -0.192352 0.102525
-0.144322 -0.0355421 0.15028
0.180533 -0.0754841 0.125953
0.393511 -0.0970063 0.121789
0.39403 0.0479325 0.0583192
0.305433 0.0396525 -0.00995302
0.253585 -0.103758 -0.217992
