0.00210481 -0.00230472 0.00522708
0.00392584 -0.00377623 0.00231295
0.0105319 -0.00849674 -0.00198904
-0.0109023 0.0176135 -0.00734378
0.00279825 0.058328 -0.00684284
-0.00467361 -0.00625786 0.0308067
-0.0221102 -0.0238665 -0.034262
-0.023289 -0.0505613 0.0172894
-0.00878873 -0.0827978 0.034285
-0.0301954 0.0154736 -0.035187
0.0521069 0.0557143 -0.0558976
0.0479884 0.0762479 0.0702406
0.0588481 -0.0340809 -0.0369613
-0.0368999 0.0132121 -0.00554902
-0.0898105 0.0912126 0.0332476
-0.0159292 0.0574026 0.0283131
0.0881296 -0.0618117 -0.0663282
0.00127419 -0.136293 -0.00970005
-0.0316091 -0.0337757 0.0283354
-0.0423066 0.00838087 -0.00324786
-0.00404395 0.00250269 0.00701606
0.0245557 -0.0366375 -0.00392825
-0.0148783 -0.0450149 0.00349774
-0.0137944 0.0791269 0.00417288
0.0616202 0.156255 -0.0388774
0.050465 0.109395 0.00640976
0.0267692 -0.0261577 0.0741889
0.0194451 -0.167908 -0.00799135
-0.0328296 -0.0949906 -0.00608778
-0.0571712 0.0426872 0.0348304
-0.0519937 0.0540714 -0.0606621
0.0343599 -0.00587113 -0.0229392
0.0938643 -0.0470228 0.0149434
-0.0220508 0.00545548 -0.0112857
-0.0395433 -0.0323777 0.0347106
-0.0185188 -0.0319348 -0.0253615
-0.0204461 -0.00405094 0.0264439
-0.00472107 0.0229338 -0.0147098
0.0136384 0.0532715 0.0306619
0.0324184 0.138154 -0.109135
0.0643985 0.101699 -0.0147199
-0.0276358 -0.0116028 0.0382536
-0.0815615 -0.141599 0.0447097
-0.0266159 -0.139993 0.0382556
-0.00572248 -0.0248524 -0.0347673
0.0124422 0.120603 0.0601769
-0.0167699 0.00785525 -0.0141304
0.00687077 -0.107199 0.0158067
0.0172564 -0.0130585 0.0066745
-0.00980982 0.0712771 -0.05467
0.0121475 0.0792648 0.0457706
0.0202651 0.0362959 -0.0229692
0.00348173 -0.0305283 -0.0203123
-0.0638562 -0.073098 -0.053413
0.015977 -0.0427611 -0.0414369
0.0471905 0.0272127 0.0105046
0.0481492 -0.0106769 0.0425546
-0.0394125 -0.0356653 -0.000144123
-0.061428 -0.0183404 0.0265772
-0.0288906 0.124045 0.0124527
0.0690828 0.0622826 -0.00371345
0.0528404 -0.0835973 -0.0148571
-0.0231974 -0.0926978 0.0129236
0.0303218 0.102674 -0.00261442
0.110735 0.152891 0.0251213
0.00483265 0.0288706 -0.0129398
-0.111879 -0.111012 0.0434013
-0.0917905 -0.0848554 0.00545839
0.00937499 -0.0356545 -0.0354257
0.0497625 0.0194749 -0.0652566
0.030192 0.00340593 0.0419485
-0.00435004 -0.062125 -0.0597032
0.0441973 -0.0439217 0.00123292
0.0088828 0.0397196 0.00895413
-0.0290062 0.054583 0.0519186
-0.0258066 -0.0130007 -0.0492632
-0.0780481 -0.0113439 -0.0241341
-0.0196078 -0.0122391 0.1306
0.0308389 -0.0243091 -0.0706751
0.0105313 0.0695751 0.0695576
-0.0250751 0.0499061 -0.0531432
-0.0211897 0.00480907 0.0516738
-0.00664864 -0.0965094 0.0252774
-0.0260855 -0.069801 -0.0846952
0.0458898 0.0060277 -0.047157
0.0387176 0.103426 0.0524851
0.0184261 0.0800469 -0.0222826
-0.024446 0.041329 0.0443415
-0.0171935 -0.0705295 0.0227803
-0.0803513 -0.0295024 -0.075501
-0.0217528 0.0163192 -0.0823126
0.0951684 0.0142535 0.0589227
0.0361346 0.0186052 0.00742835
-0.0134653 -0.0216075 0.0203812
0.00675565 -0.0269919 -0.0144374
0.0836409 -0.037059 0.0329805
-0.0199062 -0.0693507 -0.0223166
-0.0739379 -0.0513035 0.0294978
0.0459833 0.100576 0.078307
0.0588704 0.168343 -0.00952752
0.0383916 0.012003 -0.00836856
-0.0490218 -0.134136 -0.0252765
-0.09283 -0.115101 0.0178454
-0.0387857 -0.0464051 -0.0751032
0.129475 0.0874028 -0.0561159
0.138413 0.199567 -0.00745591
-0.0331701 0.0135011 0.133101
-0.117625 -0.096718 -0.00688398
-0.0929049 -0.101348 -0.036772
-0.00882463 -0.0501742 0.0255824
0.00900945 0.0528381 -0.0283469
0.000434067 0.0179785 -0.056396
-0.0341508 0.025219 0.0458908
0.0177168 0.00339661 0.00075543
0.0171951 -0.0204994 0.00486225
-0.0304562 -0.0253418 -0.0577817
-0.0558698 -0.0108688 -0.00231895
0.033869 -0.00564649 0.0577033
0.0607236 0.0381765 0.0468238
0.105077 0.0436675 -0.0705621
-0.00891751 -0.0175332 -0.00321904
-0.0852134 -0.0168539 -0.00864966
-0.0724 -0.0308473 0.117137
0.0205568 -0.00971447 -0.0792201
-0.0228492 -0.0311518 0.0236772
0.00132553 0.0497465 -0.0238251
0.0273224 0.090205 -0.0323338
0.120991 0.0412901 0.0611881
0.00691758 -0.0810117 0.13349
-0.062243 -0.0655771 0.0132924
0.0159759 0.0711534 -0.100159
0.11641 0.0886499 -0.0975242
0.00593378 -0.113309 0.0108195
-0.120637 -0.125545 -0.0634013
-0.00827892 -0.00794007 0.0605678
0.132333 0.062441 -0.00490456
0.0608512 0.0879171 -0.0483028
-0.0936953 0.0471183 0.0389927
-0.0688751 -0.00906496 -0.0466456
0.0173048 0.0143395 0.105329
0.0299086 -0.0110528 -0.0514742
-0.0578003 -0.0380577 0.0977786
-0.0839267 -0.00345314 -0.154448
-0.0828435 -0.0392432 0.0919083
-0.00117897 -0.0828187 -0.0261402
0.0174957 0.0252073 0.0623405
0.0815295 0.0456941 -0.0209512
0.068396 0.106016 -0.0837666
0.0652974 0.0789599 0.0658279
-0.0445111 -0.113078 0.0386975
-0.0606102 -0.14833 -0.00265825
0.0101589 -0.0665913 -0.0146645
0.0423436 0.0396098 0.0773256
-0.0284432 0.103391 -0.0949129
-0.085206 0.0483474 -0.0154862
-0.0484194 -0.0386723 -0.0739277
0.00453244 -0.0395402 0.0561587
0.00315912 -0.0950148 0.0374489
-0.0164745 -0.0229802 -0.0989684
0.0391796 0.113982 0.0526499
0.0478564 0.00475029 0.151342
-0.0191836 -0.0587257 -0.122378
-0.023066 -0.00509743 -0.0204632
0.0591928 0.169028 0.0338093
0.174851 0.207293 -0.0949781
0.114914 -0.0584896 -0.0685528
-0.0733663 -0.135453 0.153768
-0.13995 -0.0799633 0.138744
-0.0376253 -0.000137422 -0.10195
0.0632702 0.0392826 -0.0103124
0.0329134 0.0191717 -0.0322999
-0.0870425 -0.00332179 0.060128
-0.0271413 -0.0259602 -0.0605864
0.0257309 0.00520431 -0.0274967
-0.0200449 -0.0107777 0.000526195
-0.0820418 0.021752 0.0270649
0.0121443 -0.0211399 0.0645661
-0.00133959 -0.0932077 -0.100411
0.0818496 -0.055945 -0.0659732
0.00804059 0.137236 0.0441631
0.0285812 0.211529 0.0258007
0.078303 0.00196192 0.086626
0.000707665 -0.227284 -0.0205559
-0.134875 -0.0585826 0.057887
-0.0782408 0.166339 -0.0566364
-0.0719154 0.0491471 -0.0174765
-0.0605171 -0.124052 -0.0802044
-0.0130504 -0.0670272 0.0689994
0.0848345 0.0987679 -0.00924179
0.0882349 0.0358124 0.119844
-0.0421973 -0.131166 -0.0681964
-0.138027 -0.0866704 -0.0436726
0.0296064 0.076859 -0.0811823
0.106226 0.0922546 -0.0409056
0.107058 -0.00575386 0.0277949
0.0336419 -0.0606458 0.0679674
-0.0372426 0.00975343 -0.0144637
-0.00744947 -0.0240712 0.00419422
-0.0640885 -0.0780942 0.00064154
-0.00807965 -0.0166566 -0.0138517
0.0327184 0.0710972 0.0405189
0.109422 0.0340992 -0.0318056
0.0485331 0.00566889 0.0589724
-0.0275642 -0.0215523 0.125396
-0.103082 -0.00933222 0.0113964
-0.021375 -0.015188 -0.0340243
0.00582817 0.0640379 -0.0937494
0.0862996 0.17223 -0.0649485
0.0908849 0.140302 0.000286975
0.0128198 -0.0983403 -0.0658269
-0.0433267 -0.24214 0.00950501
-0.0673468 -0.174584 0.0319152
-0.0829222 0.0761653 -0.0310835
0.00686242 0.0850284 0.0354049
0.0208286 0.0368576 -0.00510826
0.000753178 -0.0303392 0.0343345
0.0212045 0.0304548 0.0574566
-0.0269679 0.0967917 -0.036323
-0.0708434 0.0488692 -0.109781
0.00203033 -0.0382698 0.186652
0.026452 -0.0790598 -0.0601005
-0.0371776 -0.0103501 -0.00414584
-0.0956993 0.0499969 -0.0305946
-0.0151429 0.0876852 0.0497515
0.0764813 0.0394164 0.00885805
0.00960195 -0.128454 0.0560743
-0.0200417 0.016508 -0.0135571
0.00247908 0.118545 0.00449768
0.0854697 0.0194923 -0.054273
0.0665549 -0.155948 -0.0503569
-0.081027 -0.124556 -0.031689
-0.0588978 -0.00642468 0.0283432
0.034942 0.134844 -0.0503966
0.157748 0.036717 0.0161309
0.013318 -0.0217798 0.00610118
-0.0400561 0.0751486 0.0292882
0.0182278 0.0041145 -0.0127922
0.0441225 -0.0858416 0.0693166
0.0220801 -0.0790821 -0.0841594
-0.0371393 -0.0291164 0.0608989
-0.0900866 0.0338977 -0.0852546
0.0231709 -0.0293812 0.0579827
0.0376002 0.0156279 0.0681512
0.0605419 0.102221 0.00433254
0.0113706 0.0421318 0.00623539
-0.0186235 -0.0068215 -0.10624
-0.00760575 0.0838457 0.0520322
0.0484526 -0.0378754 -0.0150068
-0.0395456 -0.145595 -0.0389426
-0.0338486 -0.0482064 0.0120426
0.0269924 0.0324986 0.00384145
-0.0203142 0.0500247 0.0762046
-0.0431922 -0.0953747 -0.0452183
-0.0961721 -0.0931949 0.0494774
-0.0306851 0.0810433 0.00616692
0.0258202 0.0552468 -0.0230485
-0.0351867 -0.117027 -0.0650429
-0.0797958 -0.035563 -0.00690552
0.0802615 0.131022 0.158755
0.129148 0.0883065 -0.0642483
-0.050225 -0.000237413 -0.00336687
-0.115319 -0.00322162 -0.106673
-0.00396841 0.0470672 -0.0778011
0.202675 0.0182646 0.10925
0.110632 -0.0904897 0.0391773
-0.0159718 0.0225397 0.00462663
-0.110877 0.0391776 -0.0433365
-0.149277 0.101937 -0.0158795
0.0410099 0.0350487 -0.0186903
0.111735 -0.0651215 0.0176578
0.0583932 -0.143228 0.0588653
0.00985619 0.00546827 -0.020095
0.0292878 0.0183141 -0.022626
0.0033436 0.0438393 0.0523392
0.0931324 -0.104411 0.0446827
-0.0874464 -0.154034 0.0350265
-0.123588 0.104311 -0.0288717
0.0166374 0.115259 -0.0406028
0.00785755 -0.0614018 -0.0478965
0.00524103 -0.0208312 -0.0245089
0.0369685 -0.0291554 0.0721892
0.00557433 0.0728397 -0.0887818
0.0314721 0.161929 -0.0120043
0.0482749 0.0877464 -0.00594351
-0.134017 -0.0284042 0.0296409
-0.0542752 -0.0293101 0.124461
-0.102933 0.00305827 -0.148652
-0.0195148 0.144487 0.0551894
0.0518053 0.056372 0.0309665
0.0574624 -0.143318 -0.0526554
0.0440632 -0.205868 0.139686
0.0359442 -0.123252 -0.00598069
-0.0911961 0.10135 -0.0433232
-0.0101469 0.210492 -0.111336
0.0362063 0.0366998 0.11313
-0.0508724 -0.257688 0.00927212
-0.0994089 -0.267949 -0.0480565
-0.0195281 0.00234807 -0.0353231
0.0250259 0.146496 0.00451752
0.0857028 -0.0164567 -0.0400215
-0.0853474 -0.231527 -0.0132654
-0.064073 -0.0346923 -0.0308976
-0.011664 0.165935 0.0555229
0.152959 0.227975 -0.0150519
0.212181 0.198184 0.045889
0.0906727 -0.0149113 -0.0215993
-0.138592 -0.182116 0.0052432
-0.140599 -0.0339577 -0.0424622
-0.0397403 0.118851 0.0166832
0.0247147 0.107632 -0.0335227
0.102631 0.0201979 0.0982337
0.0396374 -0.202263 -0.00390713
-0.0561924 -0.0676232 -0.00344804
-0.0208376 0.0901896 -0.0244773
0.0656556 -0.0215625 0.0468779
0.079993 -0.171541 -0.0146901
0.00392258 -0.104847 0.037164
-0.181946 0.135215 -0.0424547
-0.116719 0.231644 -0.0621795
0.0519432 -0.0787837 0.00104217
0.0246458 -0.23179 -0.0108097
-0.0263349 -0.162575 -0.069956
0.0457518 0.0220921 0.0276108
0.0222394 0.298939 0.0228416
-0.00827627 0.122158 0.0692382
-0.128601 -0.0285563 0.0703551
-0.0937648 0.0373971 0.0588386
0.0651311 0.0208582 -0.0287991
0.0522384 -0.063466 -0.0912183
-0.0254128 0.0741278 -0.00498283
-0.0302476 0.0540474 -0.215413
0.100081 0.0659683 0.203283
0.0828095 0.0150962 -0.0661072
-0.104608 -0.126859 0.118252
-0.233737 -0.0805278 3.94004e-06
-0.117472 0.142472 -0.0596001
0.129772 0.191246 -0.0400688
0.260639 -0.00573653 0.0407316
0.195403 -0.181414 0.016057
-0.0390379 -0.318741 0.0421602
-0.0152953 -0.188889 0.0218422
-0.0725257 0.0807447 -0.19056
-0.144371 0.0775201 0.0694438
-0.0223187 -0.0432878 -0.0665919
0.123187 0.0101551 0.124687
0.155585 0.17066 0.0438071
0.203365 0.129805 0.0480616
-0.0276634 -0.0707613 0.0396821
-0.114962 -0.140244 0.0556523
-0.0976456 -0.019351 -0.115477
-0.0385469 0.00509766 0.0336309
-0.0351524 0.10556 -0.129013
-0.0260544 0.074635 -0.0468051
0.018615 0.011766 0.0389194
0.039207 -0.214893 -0.0466919
-0.0959791 -0.172838 0.0708018
-0.177452 0.0303416 0.0461346
-0.0158524 0.270795 -0.142576
0.203627 0.118946 -0.0745699
0.18258 -0.149546 0.0967349
-0.0128866 -0.0750971 0.0252497
-0.0601047 0.165823 0.135501
-0.0858934 0.00389207 -0.127936
-0.130634 -0.101038 0.199239
-0.0199029 -0.0854811 0.00180579
0.0649955 -0.0868784 -0.0267202
-0.0170159 0.00175355 -0.154045
0.131207 0.0503396 0.0872469
0.0806627 0.0514159 0.0695718
0.0361111 0.0559405 0.0307186
0.0368881 0.0633051 0.0255408
-0.145672 -0.0977945 -0.246363
-0.114671 0.0495792 0.0339603
0.0858667 0.0939298 -0.129551
0.0888695 -0.0598138 0.16738
0.0173822 -0.143173 -0.0624515
-0.00395367 0.0283156 0.0120999
-0.0947982 0.155842 -0.0912139
-0.0740306 -0.0118517 0.0511257
0.0600462 0.0470751 0.0806079
0.0575824 -0.00356617 0.0488774
0.167959 -0.185981 0.0229107
0.123439 0.00648212 -0.0214923
0.00647558 0.233992 0.176564
-0.0261764 0.169439 -0.0767973
-0.141683 0.114653 -0.0500903
-0.0286317 -0.18618 -0.106223
-0.154521 -0.290603 0.0314094
-0.026436 -0.191823 -0.0360011
0.0583278 0.0102325 0.147261
0.0517871 0.064994 -0.171655
-0.0261209 0.125912 0.0890732
-0.123211 0.00823821 -0.0642339
-0.029507 0.00202752 0.124001
0.163288 0.0571481 -0.0437317
-0.00986938 -0.057036 -0.203811
-0.0906923 -0.046197 0.0417199
0.0521623 0.0355586 0.236345
0.0868408 0.0465094 -0.145849
0.0266431 -0.0408245 -0.0594541
-0.118832 0.016707 -0.185825
3.95709e-05 0.113891 0.300484
0.1439 0.0398334 -0.136612
0.077978 -0.0853552 0.116733
-0.131338 -0.0233053 0.0172394
0.000628876 0.104411 0.292714
0.0292046 0.193462 -0.106532
0.00615962 -0.0355512 0.137922
-0.265581 -0.219285 -0.365035
-0.283244 -0.161429 0.139338
0.0232956 0.121861 -0.205359
0.412289 0.170003 -0.199025
0.260998 0.0103747 0.0489208
0.111735 -0.352896 0.0678098
-0.106258 -0.198059 0.119327
-0.240215 -0.0342195 -0.0649899
-0.239079 0.157201 0.00734568
0.00319175 0.213901 0.0144274
0.234946 0.0443562 0.0289097
0.27415 0.0297338 0.341341
0.095538 0.0512652 -0.351026
-0.150742 0.136305 0.0667492
-0.066867 0.0295714 -0.109503
-0.0993959 -0.00634662 0.117959
-0.236384 -0.38791 0.0699337
-0.156056 -0.352919 -0.107076
0.125624 0.0995731 0.0643964
0.270929 0.366049 0.151715
0.0789643 0.124629 -0.0957879
-0.258567 -0.129451 0.0171064
-0.132005 -0.196854 -0.264607
0.0569701 0.212745 0.05978
0.162151 0.054996 -0.0163759
-0.225077 -0.135123 -0.0994766
-0.197371 -0.128616 0.0437932
0.227495 0.111393 0.0228756
0.497313 0.277938 0.0269222
0.107812 0.194547 0.173857
-0.275308 -0.101647 0.141297
-0.38716 -0.226849 -0.248533
-0.195155 -0.137463 -0.00410651
-0.00738472 -0.0773633 0.0364291
0.189122 -0.120767 -0.143527
0.177122 0.0029767 0.113687
0.107345 0.0842932 0.299426
0.120812 0.444479 -0.287972
0.00326235 0.386576 0.0958009
-0.0946679 -0.0935879 -0.169913
-0.112322 0.026325 0.0104644
-0.0369774 0.0758044 0.178643
0.132091 -0.121356 -0.119884
0.0225339 -0.577996 -0.0925534
-0.173887 -0.486885 0.258644
-0.0501439 -0.148417 -0.32633
0.057956 0.197964 0.110643
-0.0166572 0.0972416 0.0130863
-0.0834509 0.219608 -0.173261
0.149582 0.299832 0.108527
0.219823 0.0558578 0.188377
0.138643 0.133684 -0.227179
-0.0227257 0.0137379 -0.0574848
-0.0435613 0.0654864 0.0222448
-0.0776903 0.188145 0.260349
-0.151747 -0.127093 -0.121737
-0.0867017 -0.141861 0.0399542
-0.0115566 -0.0560607 0.174327
0.134142 -0.238954 0.209184
-0.0574493 -0.20725 0.0553831
-0.114678 -0.252181 -0.236572
-0.173829 -0.158414 0.0240357
-0.193312 0.237424 -0.103225
0.151994 0.475496 -0.161032
0.305742 0.2406 -0.0513669
0.047404 -0.0252636 -0.217374
0.0521081 -0.0720112 0.1951
0.162938 -0.0477637 -0.040849
0.192864 -0.311974 -0.0466575
-0.0203839 -0.43239 -0.0352277
-0.188485 -0.059576 0.290022
-0.117579 0.327806 -0.265654
0.00930279 0.215772 0.222156
-0.349572 -0.0251802 -0.0939887
-0.425446 -0.0372754 0.207117
0.00386219 0.287286 0.0405061
0.377082 0.420279 0.0746641
0.145878 0.170115 0.00783217
0.00796272 -0.123346 0.106784
0.0246152 -0.360422 -0.182056
0.139233 -0.142722 -0.052847
-0.00574829 0.0520961 -0.0370008
0.00407602 -0.0901155 -0.167331
0.0864798 -0.101072 0.0733162
0.297995 -0.119412 -0.429529
-0.0194544 -0.183294 0.315827
-0.145351 -0.322872 -0.0971617
-0.31234 -0.20433 0.2893
0.092001 0.227052 -0.139072
0.248266 0.794862 0.144217
0.304821 0.490468 -0.00515201
-0.0534167 -0.0891931 0.0597815
-0.603046 -0.258375 -0.264113
-0.485616 -0.0771807 -0.0102008
-0.0804622 0.0182442 0.118795
0.166214 -0.202525 0.168501
0.252419 -0.226278 0.0127312
0.227665 0.170237 -0.0531094
0.301092 0.393704 -0.0108032
0.312299 -0.0638887 0.0192494
-0.109324 -0.132719 -0.135873
-0.0519064 -0.194554 0.320457
-0.123865 -0.0537898 -0.149889
0.0271795 -0.00233309 -0.0501437
0.189262 -0.166827 0.0580161
-0.249552 0.0713174 -0.161004
-0.429359 0.109563 -0.102347
-0.137764 0.0389653 -0.155487
-0.0273795 -0.204624 0.226176
-0.0541332 -0.436799 -0.0399264
-0.253684 -0.256115 -0.0162375
-0.038043 0.369023 -0.047731
0.408577 0.444117 0.14729
0.0842886 0.156777 0.134061
0.0122292 0.0907129 0.0317274
0.347348 0.199121 0.0287109
0.50041 0.146475 -0.213215
0.187615 -0.147207 0.265874
-0.0984467 -0.447587 0.205582
-0.241499 -0.22766 -0.327045
-0.432816 -0.0828083 0.092571
-0.269932 -0.0352439 -0.313581
-0.0616327 0.143213 0.0866052
-0.0927307 0.160525 -0.11267
-0.151663 0.415723 -0.0536046
-0.0485145 0.33239 0.110562
0.354047 0.216201 0.030736
0.468322 0.177667 0.0413822
0.0841354 -0.112354 -0.171002
-0.194065 -0.378785 -0.0602536
-0.0993509 -0.577202 -0.202234
0.0747174 -0.488691 0.163022
-0.0108085 -0.272408 0.145586
-0.107597 0.104149 0.334876
0.0928301 0.189136 0.160515
0.0915472 0.283476 -0.138861
0.0940447 0.149958 0.30052
0.0358802 0.128881 -0.421778
-0.127281 0.310671 0.298346
-0.258271 0.301365 -0.0199913
-0.423216 -0.0623787 0.039516
-0.156955 -0.1615 -0.390682
0.159713 -0.266582 -0.0739741
0.16607 -0.146962 -0.342384
-0.118502 -0.324102 0.361888
-0.217831 -0.288893 -0.180553
0.186097 0.255715 -0.0676641
0.636413 0.628378 0.157212
0.221654 0.556962 0.0755474
-0.0820312 0.164019 0.0258018
-0.214142 -0.30554 -0.269648
0.0444297 -0.239405 -0.0261119
-0.0313588 0.162953 0.28867
-0.0747698 -0.380818 -0.177955
-0.224387 -0.516174 0.219187
-0.00985013 -0.56214 0.204395
-0.0822034 -0.641966 -0.0748855
-0.163195 0.0208846 0.0709088
0.162539 0.543331 0.116576
0.253433 0.0633526 0.00543729
-0.0982606 -0.429998 -0.513152
-0.369197 0.0564204 0.242896
0.0282149 1.07145 -0.184979
0.6077 1.38643 -0.10573
0.670502 0.436214 0.0356935
0.00126772 -0.355512 -0.0720809
-0.0219094 -0.375485 0.115306
0.00421091 -0.404 0.0785551
-0.300625 -0.623589 -0.0788748
-0.60713 -0.712439 -0.0103621
-0.536474 -0.516717 -0.158118
0.00888472 0.19847 0.281215
0.323414 0.315212 -0.179852
-0.00226709 0.398834 0.345661
-0.278867 0.519879 0.0868669
-0.134156 0.410477 0.323258
0.123356 0.252428 -0.140147
0.0975965 -0.0565051 -0.282415
0.0570699 -0.216248 0.354118
0.247616 -0.436125 -0.23061
0.308908 -0.661846 -0.517574
0.168766 -0.608958 0.0536873
-0.113592 0.07303 0.277716
0.0845512 0.674406 -0.53763
0.0640186 0.399727 0.343433
-0.224982 0.202664 -0.240475
-0.349205 0.562868 0.215978
0.209155 0.801431 0.081776
0.371488 0.266768 0.151124
-0.0905409 -0.240165 -0.140348
-0.521921 -0.405027 0.0183332
-0.251506 0.111073 -0.145831
0.0705836 -0.0905589 -0.0614129
0.180883 -1.24312 0.403892
-0.00874784 -1.2708 0.127258
-0.047133 -0.27105 0.0726131
0.373066 0.61462 0.100361
0.398252 0.838965 -0.101494
0.073904 0.0305243 -0.0771942
-0.123311 -0.653878 0.0236255
0.0256515 0.163711 -0.558628
0.0439933 1.0739 0.171354
-0.291366 1.17257 -0.0744305
-0.335286 0.343462 -0.281676
0.00135039 -0.635872 0.25999
0.256655 -0.957836 -0.0754894
-0.0807997 -0.473864 -0.0165279
-0.436546 -0.681313 0.265793
-0.668727 -0.419088 -0.108123
-0.210807 0.339231 0.175806
0.0788737 0.414745 -0.190666
0.254343 0.27759 0.165692
0.500466 0.212416 -0.0682641
0.719837 0.0460899 0.334758
0.340226 0.21073 0.0895641
0.0727424 -0.195855 -0.134071
-0.261128 -0.533062 -0.390501
-0.395511 -0.59182 0.0954466
0.17189 -0.589632 -0.0269049
0.280883 -0.379822 0.0782351
0.127052 0.137593 0.166758
0.0622882 0.723162 -0.210131
0.0274432 0.961206 0.0869974
0.0991014 0.410054 -0.0286795
0.0587875 -0.243071 0.116582
-0.189669 0.0123338 -0.0274332
-0.406038 0.389837 -0.256238
-0.533236 0.753017 -0.303603
-0.0936773 0.588885 0.248469
-0.112774 0.0489599 -0.0710276
0.111563 -0.454918 0.221533
0.237384 -1.06719 -0.14238
0.276154 -0.69467 0.277958
0.109668 -0.0162609 -0.0478118
0.0803298 0.201541 0.391994
-0.223115 -0.424591 -0.549695
-0.295961 -0.810436 0.41362
0.00260279 -0.0197461 0.0267372
0.292601 0.826866 0.0502018
0.255796 0.781067 -0.321461
-0.0781802 0.321957 0.228791
-0.349564 0.187074 -0.184845
-0.531243 -0.103567 0.21323
-0.214531 -0.404152 -0.471949
0.0200417 -0.119194 0.357432
0.5158 0.546395 -0.234605
0.160164 0.609418 0.0333662
-0.068261 -0.168271 0.150954
-0.119849 -0.128677 -0.258919
0.16098 0.375375 -0.0767492
0.296448 0.662748 -0.331048
-0.202499 0.0193586 0.169311
-0.128094 -0.600902 0.573603
0.615914 -0.832247 -0.202669
0.669909 -0.486264 0.152587
0.1755 -0.24305 -0.0547624
-0.364478 -0.21388 0.054804
-0.573172 -0.622546 -0.136024
-0.0501668 -0.599557 0.0467211
0.278394 -0.0606279 0.031163
0.174269 0.249677 -0.2643
-0.766524 0.111705 0.184147
-1.08776 -0.243165 0.246467
-0.222584 -0.0915871 -0.0927371
1.06579 0.762104 -0.303694
1.05394 0.809177 0.214114
-0.0848724 0.356718 -0.110448
-0.865192 -0.00519679 0.195901
-0.228131 -0.0994899 -0.114935
0.217603 0.0880884 -0.069586
0.236828 0.354384 0.180139
0.1762 0.199208 -0.295368
0.335615 0.423893 0.00724343
0.0634966 -0.0983032 -0.143064
-0.462834 -0.258133 0.400986
-0.488596 -0.281897 0.157836
0.0598659 -0.073384 -0.170502
0.222198 -0.237916 0.132766
-0.074183 -0.838386 -0.278648
-0.401122 -0.611053 -0.05175
-0.186721 0.177336 -0.265865
0.193996 0.524866 -0.535041
0.0168686 0.311444 0.432083
-0.315779 -0.0631347 0.302741
0.0600591 -0.526644 0.0901696
0.148719 -0.443656 -0.0269235
0.379221 0.0620721 -0.141199
0.473263 0.60248 -0.00938862
0.119482 1.12743 0.465416
-0.124327 0.570412 -0.0458182
0.0187484 -0.142228 -0.109117
0.0147238 -0.287181 0.356898
-0.155287 -0.117164 -0.311298
-0.5911 0.0138651 -0.0573505
-0.655409 0.225503 -0.0533087
0.23563 0.418495 0.3019
0.981933 0.342465 -0.0657572
0.871293 0.776608 0.167879
0.0475118 0.395518 -0.144814
-0.556772 -0.512431 -0.442513
-0.697859 -1.27958 -0.0654198
-0.305386 -1.37967 -0.348809
0.41178 -0.841536 -0.0607483
0.252627 -0.358213 0.300088
-0.146804 0.111435 0.0983521
0.0213643 0.0599101 -0.0109856
0.125908 0.0717345 0.0396274
0.405746 -0.0626859 -0.234978
0.356342 0.0917194 0.187146
-0.557524 0.615831 0.222843
-1.07655 0.830035 0.21456
-0.474932 0.231917 -0.0799367
0.568021 -0.218994 -0.135535
0.764841 -0.0993217 0.0638412
0.318014 -0.0639673 0.249946
-0.424321 -0.15018 -0.0705149
-0.406534 -0.00527089 -0.120637
0.297741 0.314505 0.116359
0.370365 0.26898 -0.0258573
-0.300244 0.265449 -0.0875611
-0.552183 0.117266 0.0685236
-0.335568 0.349322 -0.165655
0.158223 0.309078 0.00222956
0.0831471 -0.0809174 -0.259427
-0.154058 -0.289633 0.0934416
0.0783524 -0.488542 -0.0797181
0.288411 -0.829661 0.368367
0.493623 -0.658329 0.0766692
0.578468 -0.493777 -0.23978
-0.299195 -0.228708 0.218706
-0.479136 0.323009 -0.112899
0.036644 0.537328 -0.368668
0.376824 0.258344 -0.0114361
0.150893 0.0572741 -0.184124
-0.322648 0.374734 -0.0274189
0.0739928 0.260745 0.374494
0.499561 0.477152 0.00487893
0.0520058 0.380514 0.266351
-0.151992 0.0595818 0.16189
0.138055 0.177739 -0.0355709
-0.00712133 0.0509977 0.0944756
-0.547058 -0.681502 0.182319
-0.378255 -0.597576 -0.257486
0.0963449 0.0630122 -0.146213
0.395395 0.100585 -0.303399
0.286489 -0.113351 0.29072
0.0570111 -0.181036 0.0806054
0.308491 -0.159849 -0.152997
0.458893 0.409027 0.0717021
0.137509 0.478432 0.0866033
-0.512879 0.312566 -0.106426
-1.25764 0.313404 0.0391804
-1.11688 -0.0918309 -0.261152
-0.589623 -0.372796 -0.173009
0.841088 -0.668812 -0.29762
0.752345 -1.05207 -0.135004
-0.229223 -0.417608 0.230323
-0.517299 0.310874 0.175355
0.010944 0.823308 0.41691
0.375845 0.214089 0.0124567
0.405285 -0.260242 0.0732043
0.125553 0.399453 0.342811
0.264489 1.16063 0.0393468
0.0127544 0.244555 -0.00159078
-0.129123 -1.07911 -0.215828
0.363036 -1.05848 -0.215103
0.499226 -0.28901 0.130745
0.319579 0.595699 -0.0961892
-0.131704 0.226414 -0.0655156
-0.419276 -0.319212 0.0265659
-0.733244 -0.396681 0.0518421
-0.23931 -0.324805 -0.207392
-0.152574 -0.217607 -0.048276
-0.149098 0.253011 -0.0718723
0.020937 -0.0222148 -0.253168
0.490852 0.306632 -0.0725149
0.918151 0.939569 -0.314042
1.08046 1.24784 0.113795
0.811321 0.330649 0.377331
0.322504 -0.554956 0.180887
-0.359866 -0.858594 0.385753
-0.92397 -0.553807 0.233206
-1.31757 -0.305987 0.128697
-0.9176 -0.370455 -0.0700168
-0.445545 -0.0534514 0.0941162
-0.590678 0.102816 0.0221884
-0.529277 0.39795 -0.109869
0.412974 0.198821 -0.230677
0.842635 -0.0999694 -0.363321
0.422843 0.688952 -0.322366
-0.355795 0.743087 -0.0576167
0.223399 -0.197458 0.0388695
0.701639 -0.713673 -0.185644
0.352355 -0.119616 0.151917
-0.0345929 0.0698807 -0.20636
0.0823302 0.257716 0.134066
-0.370235 -0.258929 0.201364
-0.00100607 -0.172114 -0.0933995
-0.204621 0.587285 0.485327
-0.706964 0.367734 0.347978
-0.976434 -0.0143343 0.215068
0.577418 0.555007 -0.102836
1.33094 0.4021 0.119252
0.344487 -0.715888 0.14447
-0.85218 -1.17602 0.0215838
-0.850691 -0.125731 -0.274927
0.46798 0.475706 -0.433636
0.593396 -0.370483 -0.073285
0.419319 -0.628536 -0.475643
0.449822 0.259633 0.183604
1.14022 0.81691 -0.262312
1.17892 -0.0840348 0.0194232
0.327129 -0.673963 -0.174457
-0.663224 -0.674316 -0.122442
-1.67252 -0.43103 -0.0322516
-2.01977 0.0969652 0.369569
-0.944825 0.583528 -0.0208457
0.597042 0.8148 0.361334
0.354749 0.39974 0.0761569
-0.240507 -0.427566 0.102572
0.0152207 -0.891384 0.263289
0.579578 -0.019141 0.224516
0.266245 0.175188 0.0950105
0.0249123 -0.193134 -0.369806
0.224839 -0.181714 0.226768
0.59254 0.410337 -0.169701
0.314841 0.481293 0.124691
-0.381778 0.342895 -0.160596
-0.464327 0.034474 -0.287871
0.250394 -0.0491672 -0.302751
0.238589 -0.199769 0.0451989
-0.787496 -0.729187 0.056831
-1.09226 -0.380463 -0.00223903
-0.508771 0.75688 -0.0519503
0.567696 1.29224 -0.161565
0.57716 0.446698 0.0959253
0.411478 -0.093445 0.0873034
-0.126962 -1.09275 0.134933
-0.0459771 -1.5425 0.00314039
-0.255751 -0.639344 0.336195
-0.291287 1.11884 -0.125108
0.415947 1.45639 0.00353571
1.31066 0.49488 -0.194066
1.16464 0.221538 0.276957
1.16585 0.331188 0.0118307
0.45474 0.282292 -0.105283
-1.0724 -0.431732 0.177621
-1.59112 -0.87701 -0.42426
-1.24926 -0.31436 0.10172
-0.508352 -0.20342 -0.148762
0.215588 0.0848116 -0.261431
0.591056 0.290886 0.15364
0.603436 0.39026 0.10845
-0.33974 0.330165 -0.238749
-0.800538 -0.486694 0.161099
-0.387553 -0.681817 -0.237152
0.43294 0.114721 0.459214
0.795012 0.223805 0.0997107
0.316388 0.434334 -0.10968
0.151684 0.354422 0.337886
-0.249027 -0.40683 0.134915
-0.305057 -1.34327 -0.158392
0.0762482 -0.675465 0.0997381
0.196 0.110649 -0.117021
-0.174457 0.981995 -0.235015
-0.598625 0.553864 0.11445
-0.542249 -0.440002 -0.0303134
0.116485 -0.13913 -0.0721557
0.142602 0.526928 0.0439707
-0.20767 0.36745 -0.165082
-0.560627 -0.533187 -0.234337
-0.0200037 -0.98089 0.207485
0.287964 -0.487166 -0.177962
0.318171 0.346004 -0.151644
0.853998 0.0708996 0.0456061
0.854732 -0.435806 0.185474
0.330423 0.125116 0.0333551
0.428524 0.929673 0.107215
1.12372 1.24909 -0.0824511
0.656039 0.38067 0.342359
-0.574795 -1.19193 -0.130069
-1.72359 -0.83065 0.44343
-1.02986 0.18277 -0.12012
-0.00289794 0.431288 -0.369444
-0.23958 -0.0177986 0.260306
-0.743369 -0.0826193 -0.462452
0.13785 0.592936 0.127494
0.663907 0.598936 0.180454
0.307959 0.507825 0.147005
-0.0582474 0.407019 -0.514106
0.189241 0.19726 0.136342
0.635462 -0.0134191 -0.231069
0.319132 -0.632928 -0.201189
-0.514187 -1.74554 0.163291
-1.21376 -1.13247 0.0254671
-0.584282 0.208099 -0.040542
0.19779 1.01491 0.414673
0.248778 0.989653 0.174694
-0.339473 0.312228 0.0638331
-0.590826 -0.852806 0.229979
-0.367689 -1.19381 0.0998899
-0.209632 -0.230017 -0.210371
0.221421 1.26451 -0.543509
0.401096 2.11542 0.00406698
0.707156 2.07273 0.0792954
0.807816 0.816905 -0.137282
0.617402 -0.868605 -0.0292374
0.962557 -1.58874 -0.119585
0.749662 -1.62657 -0.0502014
0.298592 -1.70877 -0.0927208
-0.438831 -1.54662 0.0937294
-1.19565 -0.629672 0.0572182
-1.09162 0.673227 0.119796
0.170434 1.729 -0.0607441
0.578139 0.829186 0.048884
0.094544 -0.235456 0.117316
-0.560222 -0.539425 0.46826
0.154357 -0.658394 -0.0183947
1.05676 -1.40602 0.0369459
0.30555 -0.464596 -0.0397056
0.730737 0.809421 -0.185673
0.228003 0.668327 -0.00857312
-1.07748 -0.343424 -0.0894477
-1.94915 -0.407508 0.135189
-0.961275 0.896853 0.0604242
0.658106 1.56795 0.0556468
0.929676 0.823412 -0.253727
-0.202659 -0.478609 0.402011
-1.27444 -0.216744 -0.418507
-0.571386 0.410817 -0.1578
0.557605 0.641638 -0.313973
0.630021 0.52727 0.0777138
0.204317 -0.231405 -0.376818
0.514595 -0.728876 0.485226
0.204887 -0.909943 0.133568
0.411318 -1.06284 0.369608
-0.77416 -0.705589 -0.0376321
-1.26418 -0.993209 0.100969
0.511634 -0.447512 -0.00654662
1.33319 1.10245 -0.336629
0.0654346 2.09786 0.434556
-0.9676 1.97065 0.0773598
-0.788132 1.47914 0.161913
-0.235548 0.352592 0.0093403
0.241258 -0.528029 -0.174856
0.306193 -1.28477 -0.0980999
-0.122875 -1.56767 -0.282272
0.182777 -0.564039 -0.371595
0.631616 1.0385 -0.169034
1.38689 1.58004 -0.153339
1.15656 0.754334 -0.108951
0.235963 -0.541268 0.126991
-0.35346 -1.03039 0.138973
-0.210163 -0.300769 0.238478
-0.896783 0.158391 0.13581
-1.97451 0.152096 0.296141
-1.2944 -0.346055 -0.247585
0.318508 -0.936081 0.331219
1.22792 -1.0595 0.00753014
0.795123 -0.315585 0.170577
0.28393 0.655418 -0.104515
0.602552 0.479807 -0.0213897
0.557687 -0.904283 -0.0557222
-1.03733 -1.54289 0.0313463
-1.48842 -0.607153 -0.146171
0.170594 0.0802487 -0.00967059
2.00954 1.48923 -0.437765
0.94871 2.03636 -0.357066
-0.197805 0.510389 -0.284163
-1.18934 -1.16505 -0.291188
-0.81747 -1.88074 0.132586
-0.172848 -1.4048 0.146406
-0.585377 0.0438696 0.539599
-0.817041 0.916339 0.377826
-0.563237 -0.108853 0.0187556
0.35703 -0.184336 -0.018622
0.114155 0.758748 0.104074
0.234378 0.986528 0.254318
0.135925 0.603157 -0.00925276
0.581943 -0.471758 0.0499548
0.822368 -1.00796 0.0397597
-0.340457 -0.710762 0.101258
-1.03282 0.878065 0.0853224
-0.936309 1.69446 -0.0011691
-0.257206 1.59604 -0.450705
0.217897 0.553682 -0.476674
0.656026 -0.600664 -0.100036
0.660615 -0.883795 -0.607917
0.925867 -0.28836 0.478228
0.965528 0.498568 -0.376009
1.00407 0.961598 0.20476
0.357775 0.434328 0.297109
-0.380444 0.6272 0.218302
-0.530666 0.756205 0.0120666
-0.430348 0.832705 0.552628
-0.627107 0.0871322 -0.0806758
-0.942161 -1.77534 -0.237969
-0.563844 -3.2396 -0.0382096
0.387917 -1.92855 0.0159145
0.566556 0.48902 -0.0389309
0.281903 1.87819 0.108991
0.052685 1.54177 0.268392
0.483987 1.19935 0.188283
1.19776 0.220264 -0.494071
0.583431 -0.605315 -0.147011
-0.89936 -1.83533 -0.266017
-1.18678 -1.73641 -0.353797
-0.307768 0.252262 0.259677
1.16488 1.79394 -0.266708
0.460715 0.523913 0.0321691
-1.64431 -0.0959932 0.629229
-1.32829 -0.69805 -0.0495085
-0.510472 -1.54459 0.266126
-0.985887 -1.42104 0.615809
-1.79547 -1.11591 -0.078091
-0.252505 -0.444234 -0.119558
1.92737 0.670246 -0.0873064
2.78064 0.431483 -0.0817084
1.872 0.273109 -0.443991
0.528421 0.274144 -0.338229
0.163271 -0.109927 -0.142195
-0.267092 -0.823389 0.227459
-1.40229 -0.512602 0.278766
-1.09515 -0.648001 0.254754
-0.332252 -0.601174 -0.318642
-0.390447 -0.109427 0.0434395
0.0811176 0.828997 -0.0675715
0.894757 1.70045 -0.245431
0.802732 2.52574 0.191484
0.403051 2.13872 0.111973
0.411717 0.13548 0.0989618
1.16846 -1.18643 0.538743
0.156467 -0.612003 0.0215131
-1.02174 0.575021 -0.188189
-0.511798 1.26736 0.00487507
0.530274 0.0833064 -0.437819
0.168855 -1.45206 0.212196
-0.59345 -0.878985 -0.118241
-0.776455 0.703482 0.0105958
-0.624499 0.444908 0.222668
0.185101 0.201741 -0.0241222
-0.0781518 -0.0353937 -0.0582172
-0.134415 0.624971 -0.349355
-0.504284 1.20061 -0.0666073
-2.00062 0.396431 0.183988
-1.1874 -1.4432 -0.287593
0.842067 -0.954585 -0.324994
1.82862 0.0957723 0.318169
1.28765 0.586427 -0.196829
0.223121 0.257482 0.558416
-0.822751 -0.289214 0.455565
-0.459528 0.1298 -0.0512222
1.1924 0.579247 0.123596
0.885118 0.741906 -0.178937
0.016428 0.161613 0.0464584
-1.42369 -0.415962 -0.0476514
-1.765 -0.281909 -0.344855
0.282344 -0.571101 -0.164498
1.77944 -1.64994 -0.14988
0.690405 -2.44868 -0.0634444
-0.400817 -2.45843 0.142384
-0.0342515 -1.29783 0.211399
0.084147 0.249843 0.159718
0.0951775 0.985636 -0.478145
0.27239 0.605539 -0.108789
0.456593 0.425636 0.342716
0.466165 0.490399 -0.12016
0.167942 0.981981 0.347578
-0.315819 1.80569 -0.108044
-0.217048 1.09677 0.109475
0.426936 -1.95406 -0.294826
0.68821 -3.35322 0.0960255
-0.806454 -2.33885 -0.407537
-2.37468 -0.56633 0.103182
-1.50562 2.27395 -0.134256
-0.220634 3.20459 0.25818
0.640482 2.39584 -0.170649
-0.416712 1.45943 0.479438
-0.716332 -0.176592 0.0759881
0.299012 -1.07558 -0.122692
1.3136 -1.38283 -0.215354
-0.97237 -1.71601 0.140496
-1.69232 -0.886872 0.174032
-0.112792 0.736936 -0.316796
2.53671 0.651277 0.0345088
2.72457 0.709308 0.0311117
1.68959 0.510597 -0.224972
0.106233 1.08066 -0.0846479
-1.25345 1.94763 0.226761
-0.246299 2.06355 0.0689162
0.333986 1.13506 0.0500436
0.441 0.243314 -0.179476
-0.291449 0.402023 0.0434505
-1.25693 0.00513978 -0.41886
-1.21314 -0.766995 -0.177929
-1.46706 0.0566341 0.0469896
-1.39098 -0.0123879 0.361485
-1.06785 -4.54019 0.152276
-0.0642859 -4.3549 0.144791
2.77874 -1.14734 0.0496343
2.62544 3.88207 -0.0169786
1.80462 4.54923 0.0300864
1.36231 1.84496 0.0930984
0.709395 -0.391917 0.299734
0.222391 -0.866995 0.0771197
-1.16797 -2.15893 -0.155587
-1.66736 -4.1495 -0.171239
-1.88103 -4.14347 -0.108307
-1.31398 -1.59564 -0.0461736
-1.30263 1.14601 0.16097
-1.56552 3.40995 -0.130143
-1.31614 3.54992 -0.00846375
-0.593395 1.60297 0.210188
-1.06011 -0.786955 -0.520815
-0.493777 -3.97009 0.304242
2.07408 -2.90491 -0.229357
4.57923 -0.432875 0.059932
3.89913 1.94136 -0.163583
2.35027 2.13308 0.0552469
0.843344 0.855082 0.173946
-0.480851 -1.01342 -0.24074
-1.25651 -1.85969 -0.0723951
-2.42978 -2.8122 0.499933
-1.49068 -1.24854 0.406923
-0.603293 0.483823 0.339094
-1.79523 2.70696 0.193485
-2.54678 3.29084 -0.135404
-0.174899 2.33133 -0.436048
2.00195 1.52249 -0.787889
1.64771 0.740181 -0.123877
0.228053 -0.520375 -0.0669567
0.19173 -1.4069 -0.300251
1.73722 -1.12866 0.142961
2.59827 0.0649645 -0.0822304
1.08679 0.251789 0.267564
-1.18974 0.993138 0.197841
-1.12572 1.67659 0.164656
-0.335975 1.61939 0.111436
0.50115 0.881785 0.166449
-1.18824 0.226527 0.167779
-3.15342 -0.236542 0.552284
-2.56225 -0.977767 0.157428
-1.8663 -1.7005 -0.178016
-0.863242 -1.48446 -0.132879
-0.0259433 -0.371871 -0.538839
1.11508 -0.235447 -0.424897
1.41461 -1.57686 -0.33905
1.68452 -1.86815 -0.364231
3.04693 -0.629101 -0.0273343
3.09806 1.37197 0.375619
1.39605 2.0946 0.392401
-0.487619 2.04508 0.320424
-0.39955 1.11936 0.338626
-0.342109 -0.399008 0.140875
-0.962735 -1.87112 -0.16816
-3.0457 -1.84983 0.428845
-2.15349 -0.842826 -0.104212
-1.04389 0.355772 0.0944629
-0.290261 0.257513 -0.421073
1.09613 -0.334367 -0.148437
2.40197 -1.14582 -0.33482
1.73911 -1.1016 0.0951611
-0.100772 0.674083 -0.173859
-0.540313 1.31782 -0.65665
0.181763 0.987354 -0.268581
0.80412 -0.277778 0.325572
1.00563 -1.19315 0.039324
0.354029 -1.21664 -0.135756
-0.0362386 -0.172852 0.391687
-0.957083 -0.479211 0.0706442
-1.57217 -1.23234 0.498523
-1.02738 -0.608313 0.210006
-0.743374 0.743004 -0.0524249
-0.903251 2.22187 -0.0153444
-1.96241 2.57853 -0.0154207
-2.27056 1.42037 -0.214958
-0.8804 1.33386 -0.0772184
1.26493 1.75849 -0.0632024
3.09935 1.31512 -0.162719
3.1588 -0.991049 -0.23794
1.54131 -1.11981 0.153239
-0.394202 -1.26708 0.303887
-0.024346 -1.09594 -0.0431773
0.722696 -1.35227 0.137564
0.0195305 -0.887167 0.200546
-0.116037 0.310043 0.257475
-0.206203 0.753194 -0.305274
-0.63592 0.559561 0.0730639
-1.32588 0.0275827 0.142752
-0.704907 -0.563601 -0.226438
0.0177358 -0.421941 0.020075
0.262417 0.000925057 -0.213921
0.157692 0.558168 -0.215018
0.428589 0.815288 -0.306677
1.15283 0.737399 -0.17251
0.445664 0.0729894 -0.0871748
-0.812494 -0.881239 0.114951
0.00126831 -0.188123 0.0561229
0.225273 0.58996 0.226861
-0.00968874 0.253701 0.337142
-0.820626 -1.01138 0.274347
-0.815458 -0.496812 0.268595
0.228523 0.873968 0.29323
0.888641 1.40596 0.0730801
-0.306401 0.654599 0.184676
-1.53072 -0.509502 0.0114721
-0.760111 -0.460638 -0.175128
-0.239105 -0.851765 -0.724181
-0.816981 -1.55762 -0.382436
0.0202484 -1.31545 -0.112171
0.784814 -0.656366 -0.227755
0.995531 -0.384816 -0.459779
0.280322 0.296546 -0.0726582
-0.348948 0.137342 0.0473983
-0.0813762 -0.0335808 0.195451
0.803735 0.405893 0.248829
0.79769 0.729619 0.140639
0.114893 0.712804 0.355363
0.247827 0.00959966 -0.0611345
-0.0539352 -0.00525333 0.382836
-0.4083 1.40983 0.248211
0.705135 1.49544 -0.110471
1.03136 0.62796 0.256707
1.28767 -0.748516 -0.243586
0.0108281 -0.793199 -0.0829781
-1.65809 -0.331474 -0.0422354
-1.29023 -0.586828 -0.22142
-0.307755 -1.65256 -0.160469
-0.0933575 -1.1246 -0.356868
-0.126666 0.489603 -0.212747
0.0566582 1.87197 -0.307476
0.447132 1.36091 -0.158168
0.730421 -0.623366 0.0362768
0.10404 -1.5809 0.284578
0.0270629 -0.885385 0.529794
0.353302 0.451208 0.130708
-0.472182 0.355656 0.376104
-1.06416 -0.447961 0.138722
-0.581831 -0.426627 0.245316
-0.278604 0.650717 0.230234
-0.414265 1.12244 -0.0631072
-1.16572 0.484158 -0.119463
-0.40718 -0.110461 0.00699813
0.061833 0.00266832 -0.326101
0.242815 0.429114 -0.0337709
0.0288542 1.3201 -0.486442
0.543253 0.882998 -0.100984
1.17512 0.247978 -0.196864
0.991282 -0.259834 -0.139065
0.690868 -0.898817 0.152359
0.480813 -0.286542 -0.0318099
-0.0323553 -0.63315 0.13423
-0.596776 -2.14722 0.180322
-0.924843 -1.89251 0.369407
-0.911532 -0.555855 0.206099
-0.00443068 0.671395 0.126245
0.222149 0.86144 -0.00119282
0.32426 0.403706 -0.0111818
-0.130358 0.290691 -0.229988
0.0180073 0.894419 -0.0261966
0.657821 0.492151 -0.319468
0.730665 -0.260279 -0.0913072
0.894635 -0.810125 -0.157105
0.470978 0.382297 -0.0848245
0.255628 1.22445 -0.0318258
0.353204 1.03886 0.0645185
0.588823 -0.203185 -0.118405
0.762225 -1.03252 0.0857513
-0.269806 -0.246556 0.213737
-0.904362 0.828482 0.0625997
-1.01681 0.4562 -0.0378037
-2.04906 -1.05675 0.413564
-1.8519 -1.21736 0.15379
-1.04575 -0.492534 0.0850732
0.420931 0.289183 0.0410521
1.40997 0.180391 -0.245755
0.199482 -0.422018 0.124557
-0.668278 -1.01878 0.164229
0.0261998 -0.97947 -0.194666
0.960788 -0.482529 -0.100239
0.966969 0.268805 -0.067427
0.35856 0.917739 -0.246989
-0.162854 1.14531 -0.0997167
-0.855 1.34713 0.00317232
-0.427393 0.29122 0.295156
0.254784 -0.230359 -0.287825
0.524883 -0.00362356 0.113814
0.23365 -0.209963 -0.0192391
-0.657265 0.037515 0.136672
-1.62567 0.183899 -0.0631725
-1.18218 0.170875 0.180123
0.137203 0.59182 -0.0859629
1.24022 -0.0444337 0.00218177
1.83234 -0.349208 -0.22668
0.950626 -0.790673 0.0874163
-0.208301 -0.617718 0.2136
0.935845 -0.440848 0.068812
1.44284 -0.00490279 -0.0410006
0.680646 -0.146465 0.244103
0.397177 -0.479755 -0.173492
0.281712 -0.66816 -0.251213
-0.296643 -0.014029 0.0635292
-1.20095 0.361189 0.124043
-1.39303 0.546308 -0.0378923
-1.05016 0.77862 -0.237708
-0.797924 0.703275 -0.0284821
-0.58057 0.538685 0.26167
-0.114982 0.745568 -0.0373273
-0.00257813 0.793415 0.00191631
0.175011 0.569025 -0.0864393
0.232135 -0.131766 -0.0633599
0.0265128 -0.596898 0.170058
0.175254 -0.910059 0.0188459
0.28335 -0.531767 -0.270843
0.519246 0.0470035 -0.0807712
0.867288 0.250675 0.0799947
0.054386 -0.151131 0.226184
-1.47835 -0.578618 0.249562
-1.15468 -0.503664 -0.00416022
-0.453727 -0.485801 -0.195144
-0.322308 -0.852253 0.0872603
-1.14738 -1.0331 -0.025243
-0.820429 0.207437 0.196381
0.860753 1.1006 -0.450613
1.74792 0.881743 -0.179749
0.641597 -0.496777 -0.0416434
0.294101 -1.08487 -0.0720318
0.644709 -0.195389 -0.149796
1.01067 1.2958 0.0307501
0.394223 0.807204 0.100572
0.134499 0.234619 0.0369835
0.727726 0.475185 0.367529
1.01465 0.748424 0.15693
0.07955 0.644423 -0.0696149
-1.03219 -0.177884 0.172438
-1.02878 -0.52033 0.169929
-0.0320745 -0.144448 0.010801
0.498646 -0.405387 0.170619
0.098001 -0.571092 -0.027877
-0.465107 -1.013 -0.175907
-0.722718 -1.02523 -0.236874
-0.333651 -0.283944 -0.418627
-0.0724901 -0.211628 -0.253899
-0.193188 -0.0469771 -0.0512413
-0.472079 0.102174 -0.0503152
-0.104581 0.081855 0.220825
0.485958 0.909497 -0.062172
0.152638 1.52725 0.152468
-0.656916 0.828897 -0.018853
-0.971197 0.140901 -0.0413287
-0.829861 0.117118 -0.0110742
-0.976872 0.0865464 0.15948
-0.38674 -0.360432 0.28459
0.196186 -0.653954 0.0455236
0.474797 -0.128481 0.213591
0.529789 0.251549 0.068403
0.410635 0.55258 0.0974325
0.191253 0.285024 -0.196449
0.0783778 0.0819984 -0.148384
0.0375248 0.524197 -0.139986
0.292917 0.520356 -0.143539
0.653134 -0.0776483 -0.0825997
1.022 -0.614427 -0.145081
0.658056 -1.27339 0.198178
0.184064 -1.50295 -0.0658673
0.320257 -0.712544 -0.0759161
0.108489 -0.301624 -0.0889554
0.0206596 0.0122371 0.0205472
0.301764 0.343235 0.0546602
0.610005 1.15105 -0.0827032
0.581731 2.05895 -0.0444645
0.186004 0.949244 0.0610428
-0.716441 -0.540715 -0.056875
-1.174 -0.587892 0.0686085
0.0463793 -0.0229239 0.0434988
1.003 0.182073 0.296551
0.335589 0.0747288 0.00545396
-0.826948 -0.12153 -0.0503894
-1.13477 0.0358481 0.102946
-1.12894 -0.347444 -0.0927048
-0.86513 -1.43858 -0.110177
-0.78485 -1.02133 0.112476
-0.190666 0.541127 0.0707316
-0.00719273 1.03227 -0.262134
0.0975532 0.273406 0.120616
0.449913 -0.459489 0.0430259
0.37862 -0.589374 0.198867
-0.322616 -0.105733 -0.168632
-0.86548 -0.112105 -0.0603653
-0.191266 -0.420533 -0.0503198
0.200133 -0.318323 0.00299132
-0.126779 0.378988 -0.0017424
0.286747 0.416955 0.0170785
0.93843 -0.148317 -0.0298209
1.31076 0.380709 0.0429527
0.627432 0.714371 -0.032078
0.697522 0.18825 0.00158645
-0.142883 0.255349 -0.00489069
-1.07021 0.628452 0.0861551
-0.514137 0.807815 0.0861685
0.606346 -0.0510115 -0.0102718
1.09803 -0.674555 -0.0683907
0.562626 -0.519425 -0.0519156
0.596202 0.289321 -0.00294042
0.919999 0.337016 0.0221432
0.39256 -0.596654 0.149538
-0.577874 -0.806236 0.0087864
-1.10576 -0.115628 0.0695469
-0.73931 0.666961 -0.11516
-0.165561 0.815449 -0.167802
-0.157268 -0.0539902 -0.160496
-0.53546 -0.66334 0.0200095
-0.226264 0.0368619 -0.0505487
-0.0356962 0.213302 -0.0174805
-0.198153 -0.414503 0.00330885
-0.399664 -1.06122 0.126445
-0.496322 -0.232906 0.165029
-0.0938121 0.772306 -0.159732
0.642962 1.25721 0.13933
0.337504 0.195929 0.153809
-0.816463 -0.0520024 0.0339052
-1.13609 0.328176 -0.100253
-0.257287 0.249916 -0.133633
0.351795 -0.0958837 0.0406822
0.575298 -0.713475 -0.0100501
-0.096446 0.0955025 0.254671
-0.354702 0.375806 -0.104416
0.0774491 -0.43643 -0.155464
0.45827 -1.25522 -0.0606845
0.299414 -0.91423 0.0368629
0.267274 0.14453 -0.0388124
0.412484 0.709688 -0.0425654
0.380599 -0.105249 -0.00521106
0.598683 -0.927295 0.0872232
0.804624 -0.511373 -0.0240972
0.558091 0.390914 -0.0773986
0.230529 0.662636 0.0259126
-0.208613 0.422459 0.167605
-0.0825185 0.310448 0.103064
0.184985 0.194674 0.0155867
-0.231691 -0.0266952 -0.182622
-0.406128 -0.653032 0.107467
-0.338121 -0.506036 -0.118223
-0.275787 0.14722 0.0132151
-0.578738 1.03843 -0.147386
-0.356501 1.08984 -0.260288
-0.339953 0.547743 0.0697828
0.281225 0.0221054 -0.0536825
0.830142 -0.183888 0.199594
0.306807 -0.092687 -0.00116245
-0.408775 -0.371931 0.151287
-0.461546 -0.867537 0.0478856
-0.32768 -1.1504 -0.121261
-0.365769 -0.543405 -0.0532977
-0.738494 0.522467 0.000616855
-0.7785 0.86125 0.0247593
-0.551254 0.239371 0.263107
-0.299947 -0.567915 -0.014166
-0.160119 -0.455939 0.196808
0.376698 -0.142949 0.0811677
0.936023 0.143399 -0.123965
0.552394 0.789371 -0.0292689
-0.205389 0.808649 0.0289641
-0.31312 0.0800428 -0.0183154
0.475378 -0.0285244 -0.135768
1.13492 0.150821 0.0233703
1.26683 0.0925062 -0.151479
0.918087 -0.151483 -0.118062
-0.136837 -0.696806 0.0997495
-0.773814 -0.501796 0.210741
-0.677198 0.595785 0.00907006
0.103993 0.442779 -0.0693653
0.697653 0.103643 -0.173326
0.18443 -0.42178 -0.119612
-0.758968 -0.430189 -0.0482288
-1.25365 -0.297697 0.0492056
-0.0591619 0.0132702 0.120727
0.73838 0.169226 -0.0834422
0.55339 0.028153 0.0515712
0.546863 -0.476975 -0.131163
0.354214 -0.559611 -0.111579
-0.448759 -0.0991845 0.0511699
-0.569539 -0.0889197 0.206771
-0.412122 -0.341391 0.162392
-0.421859 0.199421 -0.0676465
-0.341852 1.11411 0.183484
-0.146958 1.07391 0.0858396
-0.134603 -0.0276337 -0.0321683
-0.485261 -0.215243 -0.0622396
-0.446622 0.338211 -0.0516695
0.0102099 0.381121 -0.0803054
-0.117396 -0.283794 -0.0398098
-0.534243 -1.14375 0.0119167
-0.121023 -0.906361 -0.0186891
0.7463 -0.150719 -0.0161996
0.902418 0.20177 -0.0657488
0.738772 0.0209231 -0.0659433
0.318947 -0.142787 -0.0140617
0.130602 0.276102 0.15902
0.238462 0.162212 0.19377
0.341365 0.189663 -0.0485067
0.355663 0.336678 -0.0271852
-0.173997 0.0766191 -0.0707209
-0.542705 0.0469687 0.0978182
-0.548371 -0.0793463 0.0683389
0.181464 -0.502931 -0.160953
0.505115 -0.369729 0.0751475
0.292606 0.117062 -0.0415146
0.355422 0.00786826 -0.132561
0.187874 0.317961 -0.0568504
-0.275593 0.367825 0.00436263
-0.364466 0.506644 -0.111457
-0.167317 0.515764 -0.0957465
0.0921354 0.13991 0.0200811
0.000865667 -0.175945 0.0557101
-0.044544 -0.395657 -0.047874
-0.236062 -0.544401 0.024826
-0.215531 -0.415376 0.229862
-0.409118 -0.164516 0.289906
-0.511611 -0.271388 -0.0427559
-0.504584 -0.170224 0.195934
-0.130022 0.0870455 0.168964
-0.253623 0.131182 0.147623
-0.0268051 0.456159 -0.066895
0.321539 0.646324 -0.124399
0.584125 0.308118 -0.256853
-0.0829833 0.0886864 -0.0803687
-0.827391 -0.124399 -0.0692086
-0.560799 -0.457417 -0.171714
0.653678 -0.143991 0.0427045
1.00597 0.0911856 0.0847061
0.694135 -0.468162 0.0805809
0.25371 -0.649931 -0.123588
0.161769 -0.00126865 -0.0239547
-0.0578293 0.331819 -0.0494778
-0.187624 -0.0267269 -0.0887262
-0.0805417 0.0787162 -0.0117514
-0.0556625 0.509926 0.116115
0.345233 0.523772 0.00796915
0.490827 0.189025 0.103223
0.735443 -0.395256 -0.0326196
0.941207 -0.115977 0.0572023
0.351554 0.278364 0.0854601
-0.594502 0.139953 -0.0237745
-1.05028 -0.30617 0.0803344
-0.493854 -0.392798 -0.140199
-0.236265 -0.454061 0.058133
-0.249424 -0.722643 -0.157233
-0.0948593 -0.118428 0.0571413
-0.166412 0.705134 0.0902322
-0.398098 1.24943 0.0761106
-0.544495 0.972698 0.0577092
-0.245558 -0.0324817 -0.0621082
0.228524 -0.411439 0.0922373
0.0587117 -0.369935 -0.0447919
-0.0312679 -0.278941 -0.182264
-0.188182 -0.623155 -0.089857
-0.354421 -0.599143 -0.204512
-0.525251 0.124535 -0.0316248
-0.159789 0.515393 -0.103389
0.359626 0.943058 0.109061
0.405821 1.01744 0.160299
0.292051 0.26904 -0.104559
0.0633304 -0.763658 0.0519159
-0.211923 -0.800498 -0.0264646
-0.161366 -0.300259 0.00264682
0.162201 0.177983 0.0679925
0.685279 0.0911059 -0.154325
0.763085 -0.196485 0.0847951
0.0614088 -0.303929 0.221596
-0.134073 -0.45427 0.0791485
0.222674 -0.644185 0.0253844
0.870125 -0.648336 -0.116965
1.05096 -0.499648 0.164434
0.396996 0.537891 0.0399926
-0.406153 1.65202 -0.0602453
-0.442036 1.43665 -0.187213
-0.108688 0.733771 -0.23718
-0.376166 -0.516759 -0.0885064
-0.861659 -0.621138 -0.0853872
-1.15816 -0.529629 0.108892
-0.828258 -0.247123 0.111489
0.17417 0.0374287 0.0862629
1.02719 0.00424971 -0.0195404
0.709016 -0.512106 -0.0458022
-0.224473 -0.895595 -0.0745319
-0.813162 -0.381248 0.000555561
-0.584987 0.184003 0.0658483
-0.30488 0.633843 0.170516
-0.199379 0.569746 0.195168
-0.352595 0.811441 0.124047
-0.261818 0.222665 0.0326134
0.38592 -0.125146 -0.207559
0.376859 -0.17814 -0.0634412
0.0127353 -0.00804858 -0.064846
0.146107 0.017811 -0.0629039
-0.0949505 -0.180127 -0.057501
-0.152161 -0.235403 0.0180718
0.122852 -0.0384786 0.0355512
0.145511 0.25324 -0.176539
0.0986047 0.224943 0.0153575
0.296668 0.343235 0.0335503
1.00957 0.525889 -0.0728761
1.24098 0.459776 0.0217692
0.607534 0.415278 0.0682396
-0.427379 -0.238955 0.0645996
-0.473037 -0.512981 0.0620982
-0.00128165 -0.112115 0.0587837
0.137982 -0.0432788 0.0188596
-0.288694 -0.828564 0.00924602
-0.703347 -1.17618 -0.0277644
-0.384966 -0.124004 -0.12485
0.160611 0.80483 -0.0763448
0.209667 1.03505 -0.0445359
-0.332434 0.151977 -0.0564676
-0.0770652 -0.488215 -0.0807541
0.319501 0.24962 0.0745004
0.560385 0.483635 0.00100603
0.472515 0.256301 0.0299161
-0.130255 -0.0905399 0.10011
-0.562662 -0.159894 0.0729541
-0.911147 -0.489877 -0.000333606
-1.00124 -0.61481 -0.112474
-0.406215 -0.478108 -0.024147
0.150886 -0.464551 0.181473
0.257528 -0.381105 0.107425
0.17486 0.0766784 0.180009
0.18767 0.199901 -0.0378374
0.209453 0.132032 -0.0901423
0.187033 -0.0267322 -0.102031
-0.130933 -0.220847 -0.0418199
-0.11023 0.134621 -0.062069
-0.307163 0.45621 -0.0435788
-0.158752 0.371265 -0.0313609
0.532855 0.190199 -0.0433763
0.82379 -0.0942973 -0.0226221
0.396155 -0.00173944 0.119342
0.079903 -0.0469907 0.136464
-0.0151928 0.0577001 -0.0107435
-0.507943 0.0887143 -0.00832785
-0.833554 -0.235701 -0.0940314
-0.0887149 -0.264959 -0.0472875
0.455514 0.190219 0.0206146
0.730118 0.411709 -0.0516897
0.585499 0.366896 -0.107671
0.528522 -0.218143 0.034469
0.69342 -0.479089 0.129661
-0.00692515 -0.129028 0.0133146
-0.543404 0.118036 0.0500528
-0.110781 0.0505784 -0.0737244
-0.152578 0.209529 0.110689
0.006006 0.259975 0.140521
-0.379477 0.200705 0.0300319
-0.249053 0.0756137 -0.0532878
-0.255849 -0.0608493 -0.129547
-0.368072 -0.138715 -0.0630279
-0.328315 -0.257096 -0.0659858
0.137943 -0.0602091 0.118514
0.147024 0.261639 -0.0192788
-0.19269 0.421589 0.00455101
-0.474012 0.430561 -0.0856355
-0.545393 0.389055 0.0766476
-0.116993 0.419558 -0.0366093
0.372799 0.0893187 0.00924363
0.306598 -0.233575 0.0550542
-0.214194 -0.880523 0.0927821
-0.305293 -1.09621 0.132806
0.0812103 -0.450121 0.000395497
0.0645541 -0.278211 -0.0358447
-0.249511 -0.146429 -0.135465
-0.500606 0.0565992 -0.0923233
0.0233822 0.161218 0.039777
0.640153 0.521804 -0.0351066
0.524324 0.583055 0.00888091
0.375984 -0.0398876 -0.0398646
0.321796 -0.174487 0.0197572
0.498565 -0.211138 -0.11374
0.647225 -0.279584 -0.0653399
0.528752 -0.13479 0.0374453
0.293261 -0.220936 0.159102
0.289919 -0.09303 -0.0418275
0.247632 -0.00920209 -0.0337898
0.0144499 -0.238549 0.170066
-0.428551 -0.332324 0.128089
-0.750243 0.0671686 0.16371
-0.469065 0.648367 -0.0896158
-0.130307 0.648251 -0.0860719
-0.175225 0.417159 -0.0115843
-0.555056 -0.44743 0.0248004
-0.529414 -0.501928 -0.167747
0.00900057 0.0208472 -0.228221
0.392593 0.148686 -0.0372538
0.390644 0.0505559 0.0654119
-0.261961 -0.415329 0.0684348
-0.653184 -0.178244 0.0074167
-0.357339 0.232949 -0.0340625
0.130013 0.257178 -0.0838059
-0.139416 0.137202 -0.00721983
-0.508261 0.126808 0.109864
-0.314564 0.267097 0.0878984
0.0708878 0.678564 0.024851
0.0994709 0.451857 0.0209391
-0.0773477 -0.0916791 0.11693
-0.3228 -0.461755 -0.0306791
0.0383301 -0.65278 0.0471486
0.530602 -0.469925 -0.0566271
0.532063 0.0562202 0.0065275
0.27751 0.65559 0.0142498
0.0945415 0.436986 -0.0274492
0.327275 -0.04879 0.00836108
0.72262 -0.401586 -0.0936152
0.829608 0.0529691 -0.0349371
0.547376 0.646293 -0.0160069
0.0768424 0.352277 0.0417515
-0.0845241 -0.552687 -0.00935907
-0.196138 -0.73426 0.0413782
-0.16318 0.118631 0.0491663
-0.236687 0.393429 -0.149853
-0.476289 -0.22101 0.0568413
-0.604774 -0.866492 0.0199417
-0.387864 -0.709091 0.0864726
-6.57809e-05 -0.0755887 0.0633289
0.324273 0.0713472 -0.0444307
0.0324195 -0.247177 -0.0369273
-0.151638 -0.252914 -0.0407117
-0.0045676 0.203693 -0.032631
0.197655 0.532744 -0.107983
-0.0461687 0.227567 -0.125579
-0.517841 -0.157523 -0.00459838
-0.363195 -0.332521 0.0940024
0.0162413 0.0778165 0.113426
0.229173 0.431351 0.00726012
0.139976 0.311845 0.0467654
0.0223146 -0.295165 0.107866
-0.402076 -0.54307 0.0434775
-0.475451 -0.134682 -0.00973031
-0.416017 0.403366 0.0192006
-0.068615 0.563249 0.0216435
0.114365 0.427113 -0.0588644
0.134536 0.328765 -0.0241257
0.409551 0.116759 -0.0464117
0.663331 -0.351935 -0.0292215
0.530272 -0.682911 -0.0693554
0.290641 -0.656101 0.0996554
0.335179 -0.232282 -0.0676632
0.240083 0.377098 0.0367117
0.107593 0.640601 -0.0546927
-0.287017 0.367755 0.0225551
-0.502262 0.40975 -0.0801192
-0.234217 0.610196 0.106661
-0.203855 0.578962 0.0113018
-0.293177 0.272445 -0.020917
-0.0125389 -0.0679901 -0.0502255
0.117036 -0.173096 -0.0410915
0.0965179 -0.135413 -0.0610989
0.0518893 -0.0178322 -0.0489738
0.0605184 0.0519249 0.0338077
0.087818 -0.506419 0.117489
0.13104 -0.72496 0.0379431
0.0993599 -0.214512 0.00962865
0.161639 0.376756 0.0244636
0.261804 0.192249 0.101808
-0.255987 -0.362225 0.0199798
-0.646898 -0.768931 0.0389012
-0.039089 -0.202545 -0.0627778
-0.0597607 0.123292 -0.0681882
-0.572884 -0.209288 0.0599637
-0.610409 -0.560502 0.00817788
-0.199857 -0.402636 -0.0938623
0.266272 -0.205477 -0.0470461
-0.00213097 0.0160672 0.0386718
-0.429228 0.186299 -0.126221
0.0128168 0.397669 -0.133623
0.829565 0.489235 -0.0978056
0.918217 0.405464 -0.004214
0.661558 0.345536 0.075637
0.179128 0.258438 0.101524
-0.0695132 -0.0191119 0.042636
0.00492782 -0.321486 0.109725
0.106304 -0.254182 0.0916854
-0.0613772 -0.0873129 0.106336
-0.14006 0.0687021 0.0738777
-0.0836438 0.0251911 -0.0958738
-0.138134 0.105566 -0.0037633
-0.0872091 -0.120757 -0.0715732
-0.299158 -0.282568 -0.0633561
-0.251917 -0.294064 -0.331719
0.00666756 -0.0219251 0.136757
0.298145 0.415179 0.0605449
0.142406 0.594339 -0.139713
0.431926 0.44657 -0.144945
0.82116 -0.131394 -0.173515
0.345893 -0.617412 0.114829
-0.499455 -0.369803 0.0368732
-0.88913 0.470407 0.180608
-0.111673 1.01169 0.0813386
0.436377 0.777698 0.0190908
-0.0961159 0.158833 0.177578
-0.691145 0.0675737 0.230861
-0.560426 0.261386 0.0636291
-0.446441 0.324682 0.0482438
-0.669267 -0.0780245 -0.00469628
-0.780975 -0.470495 0.0883729
-0.313965 -0.343056 -0.0520991
0.305005 -0.4384 -0.173703
0.684192 -0.303586 -0.162775
0.550184 -0.310292 0.0310865
0.678813 -0.0569244 -0.101668
0.79016 0.408957 -0.0348322
0.684298 0.222814 0.0348999
0.205894 -0.451006 -0.173586
-0.209302 -1.03219 -0.100291
-0.252039 -0.820156 0.0996887
-0.0755537 0.182712 -0.00787789
-0.0424249 0.674328 0.00428942
0.0364248 0.359435 0.0466571
-0.0909302 -0.545526 0.0934647
-0.345026 -0.944286 0.00245561
-0.274881 -0.503493 0.105991
0.158899 0.188189 0.114477
0.671138 0.942433 -0.0722127
0.423157 0.994701 -0.0129343
-0.162059 0.394067 0.0226929
-0.0851763 -0.0645691 -0.181566
0.171894 -0.178054 -0.0133767
0.53244 0.229362 -0.0526941
0.356972 0.170356 -0.164687
-0.153796 -0.219333 0.0272084
-0.446952 -0.657263 -0.0181146
-0.699051 -0.644178 0.0444115
-0.574192 -0.140147 0.0498019
-0.391644 0.495698 -0.0189512
-0.371719 0.781811 -0.0131508
-0.307634 0.350705 0.0368227
-0.270095 -0.0293333 0.113179
-0.25473 -0.0106267 0.0204586
-0.14805 -0.0763448 -0.0180008
0.111821 -0.174909 0.016671
0.397719 -0.401175 0.0958547
0.491867 -0.447266 0.0226047
0.22363 -0.075141 -0.0339809
0.0164055 0.271661 0.0654765
0.268397 0.609598 -0.0534534
0.422028 0.56073 -0.041004
-0.100615 0.349546 0.0140883
-0.13715 0.092495 -0.0875657
0.143045 -0.0579998 -0.0979633
0.165787 0.259977 -0.0270945
-0.0311177 0.387943 -0.00340878
-0.0692448 0.426189 -0.0509946
0.0894782 0.308759 0.0415182
0.0408332 -0.145493 -0.0563893
-0.178533 -0.523138 0.087571
-0.13617 -0.62301 -0.0178069
0.347346 -0.610807 0.102396
0.508411 -0.434626 0.0621727
-0.0666555 -0.0636379 -0.0275636
-0.453016 0.085817 0.0115403
-0.0406352 0.0471014 0.100673
0.236897 -0.0407174 -0.0487546
0.195667 -0.312879 0.0443781
-0.119366 -0.387909 -0.0104233
-0.516308 -0.30743 -0.0993909
-0.690358 -0.131543 -0.033978
-0.397908 -0.0793224 -0.0647584
0.0682738 0.193825 0.0399947
0.309974 0.183691 -0.171982
0.115555 -0.00201079 -0.0223028
-0.000427519 0.128787 -0.00900579
-0.121818 0.179225 -0.044882
-0.357845 0.095265 0.0747196
-0.266625 0.0488092 0.136999
-0.0738994 0.228837 0.111163
0.0736378 0.323482 -0.0218146
0.328235 0.333253 0.0595498
0.494202 -0.0883356 0.0448024
0.466001 -0.363443 -0.0258937
0.347663 -0.308185 0.0644642
-0.0564187 -0.131468 -0.112882
-0.168348 -0.157288 0.0589516
-0.121813 -0.184832 -0.00589814
-0.0355127 -0.281126 -0.0575724
0.0601713 -0.288396 0.000290456
0.311615 -0.140721 -0.0389929
0.22577 0.248391 -0.114699
-0.00344969 0.421372 -0.0407063
-0.136716 0.31959 -0.0690072
-0.201324 0.297116 -0.00249573
-0.167417 0.241295 -0.0457998
-0.0219115 0.22678 0.0077721
-0.0233631 0.17412 0.140374
0.0582926 0.0893629 0.123963
0.104031 0.10436 -0.0221178
0.0719589 0.0649851 0.118451
0.0347571 0.215955 0.0588365
-0.340727 0.0801324 0.0183789
-0.25876 0.02769 -0.0159979
-0.0143494 -0.0148835 -0.0102115
0.0606036 -0.164813 -0.088092
0.0754843 0.0472418 -0.0227366
-0.0610188 0.105426 -0.107343
-0.338443 -0.00777916 -0.0614895
-0.455601 -0.139311 0.0282814
-0.139413 -0.401824 -0.0265049
0.0558492 -0.63788 0.047874
0.258721 -0.739847 0.07517
0.2595 -0.550962 0.0336895
0.194617 -0.289974 -0.0139719
-0.139308 -0.0329887 0.0929359
-0.213089 0.165889 0.0584412
0.123576 0.215171 0.0226774
0.532484 0.421087 0.108744
0.601085 0.493276 -0.00874932
0.402887 0.306221 0.0324928
0.116483 -0.0307089 0.0260601
-0.270569 -0.0463437 -0.094449
-0.265151 0.021163 0.035781
-0.0128049 -0.0515722 -0.134238
0.031193 0.0188212 -0.152939
-0.240178 -0.0624798 -0.0830362
-0.191481 -0.303414 -0.153965
-0.263295 -0.240777 -0.112263
-0.0988634 -0.154196 -0.0238112
0.192928 0.0554613 0.09555
0.234084 0.289299 0.0702017
0.226166 0.361342 0.0276406
0.166637 0.218074 0.184661
0.0839494 -0.229399 0.0570979
-0.0441301 -0.569184 0.0742783
0.00140301 -0.410345 0.108807
0.00158002 -0.0823007 0.0892977
-0.0262158 -0.026166 0.0400638
-0.247899 -0.0175384 0.143371
-0.489282 0.0402554 0.0406876
-0.376125 0.40096 -0.030369
-0.089359 0.613438 -0.124594
0.0100321 0.65816 -0.119972
-0.0708343 0.477525 -0.07875
-0.0356548 0.168041 -0.178823
0.214818 0.0497699 -0.141142
0.152099 0.213189 -0.089106
-0.114626 0.1001 -0.0210041
-0.0143394 -0.169624 -0.0223989
0.139231 -0.195243 0.0525181
0.310615 -0.454341 0.0130292
0.367307 -0.507849 0.145375
0.0770301 -0.412709 0.0755004
-0.0796532 -0.32383 0.122689
-0.0882542 -0.130535 0.0783111
-0.261206 0.00109546 0.0802017
-0.208176 0.0473403 0.0733278
-0.045707 0.10989 0.0367529
0.263069 0.20465 -0.0270985
0.287574 0.141996 -0.0754561
0.0185242 -0.0489139 -0.131802
-0.012884 -0.224059 -0.135131
-0.180944 -0.2603 -0.0779048
-0.0658068 -0.00946967 -0.146072
0.222007 0.337085 -0.0756786
0.411032 0.347169 -0.0368056
0.269641 0.147749 0.0508237
-0.0440861 0.141181 0.058497
-0.266757 -0.0186215 0.0705306
-0.190597 -0.144 0.124284
-0.0609581 -0.201049 0.101087
0.107008 -0.09353 -0.000500494
0.132568 0.239899 0.0344821
0.0828584 0.0450274 -0.019554
-0.301058 -0.348651 0.0839553
-0.574076 -0.265976 0.0469244
-0.299059 -0.170921 -0.0420345
0.00808537 -0.202623 0.059798
-0.068703 -0.415306 -0.0328493
-0.0311006 -0.398321 -0.0439992
0.0968029 -0.0262838 -0.0823807
0.159136 0.360008 -0.0954449
0.105551 0.466132 -0.051269
-0.0801126 0.492467 -0.109253
-0.192971 0.626669 -0.124289
-0.064666 0.552423 0.00178403
0.0330208 0.193955 -0.00839735
0.138568 -0.207339 0.0958117
0.171488 -0.379428 0.068937
-0.0282757 -0.270837 0.0788641
-0.210507 0.0981175 0.0832478
-0.167825 0.231382 0.0289801
0.0171918 0.127587 0.0888195
0.339877 -0.213885 0.0489541
0.321761 -0.295102 0.0639552
0.0527279 0.0628934 0.0190446
-0.0874667 0.232587 -0.00606511
0.0295859 -0.0458676 -0.127669
