0.00211226 -0.00238332 0.00725654
0.00448292 -0.00442048 0.00550487
0.0132006 -0.0108687 -0.00178885
-0.0057408 0.013118 -0.0110804
0.00585745 0.0575928 -0.0129218
-0.00960352 0.0114434 0.0389628
-0.0288927 0.0137597 -0.0347944
-0.0254052 -0.0295743 0.00968567
-0.0200689 -0.113823 0.0574474
-0.051376 -0.0478851 -0.0331369
0.037897 0.0036237 -0.0917315
0.039673 0.0636107 0.0760478
0.0729117 0.00926681 -0.0234308
0.0192468 0.0789087 -0.0280384
-0.0498588 0.109728 0.0481633
-0.0539436 0.0549559 0.0593995
0.0246293 0.00533668 -0.0813401
0.00145691 -0.0531166 -0.0426492
0.024682 -0.076239 0.0336432
-0.0120464 -0.124187 0.00404944
-0.0377082 -0.0610904 0.00654466
-0.025848 -0.0185287 0.00499606
-0.0254564 -0.0543073 0.00638638
0.00307022 0.0274123 0.00720346
0.0618075 0.139261 -0.0537118
0.0391229 0.174044 -0.00690397
0.0499201 0.109557 0.10626
0.0870469 -0.0443886 0.0217478
0.0253774 -0.104905 -0.0103037
-0.0496352 -0.0995485 0.0517057
-0.0814717 -0.0618231 -0.0689867
-0.016941 0.00739849 -0.0649673
0.0454483 0.0152685 0.00390944
-0.00753155 0.0110584 -0.0179109
0.0230984 -0.0601226 0.0351577
-0.00651297 -0.0320144 -0.021964
-0.0680182 -0.00382324 0.0239378
-0.0320719 -0.0187185 -0.0101185
0.0235565 0.00926267 0.0363401
0.0372931 0.139477 -0.135101
0.0655835 0.142402 -0.0644075
0.000738714 0.0696631 0.0473679
-0.0428981 -0.0363449 0.0761598
-0.0316673 -0.108736 0.0746046
-0.0615622 -0.116427 -0.0185499
-0.0340163 0.0219851 0.0741001
-0.0304192 0.0270701 0.00105091
-0.00691963 -0.0111926 -0.000863411
0.00226099 0.020514 0.00595647
0.000810854 -0.0139352 -0.0788781
0.0332346 -0.0171496 0.0377388
0.0272264 0.0494285 -0.00994888
0.0203317 0.0369835 -0.0333197
-0.0320643 -0.0646876 -0.0740471
0.030975 -0.0765674 -0.0747985
0.0323881 0.00621984 -0.00724375
0.0290333 -0.0254674 0.0568914
-0.0199109 -0.0321373 0.0170211
-0.02779 0.00775347 0.0456536
-0.0579093 0.118159 0.0401587
-0.00493057 0.0523019 0.00688368
0.0367136 -0.00153296 -0.0210359
0.0368419 0.00766043 0.0129633
0.0814657 0.0555775 0.00137231
0.116812 0.0321776 0.0326888
0.0284937 0.0507439 -0.0082165
-0.0469996 0.0175908 0.0554177
-0.0740665 -0.0714556 0.0275459
-0.0674808 -0.156708 -0.0461143
-0.0341492 -0.0669048 -0.107553
0.0134033 0.00696872 0.0264201
0.0142571 -0.0367613 -0.0737204
0.0602713 -0.0289859 -0.030927
0.0269392 0.0325675 0.0145567
-0.00893496 0.0218157 0.0812894
-0.0138308 -0.0105881 -0.0422558
-0.0809178 0.0435655 -0.0466701
-0.0500154 -0.00109639 0.175914
-0.0140391 -0.0808028 -0.041885
-0.00204063 0.041351 0.0610528
-0.0129563 0.0723524 -0.0361524
-0.030351 0.0339909 0.0481409
-0.0371516 -0.0505722 0.0527502
-0.0470786 -0.0424098 -0.110673
0.036326 -0.066533 -0.103864
0.0252171 -0.00323241 0.0496131
0.0299671 0.0796287 -0.0204932
0.0155159 0.131451 0.0458653
0.00447501 -0.00085368 0.0592061
-0.0733526 -0.0127023 -0.0810185
-0.0163202 -0.00877397 -0.140217
0.0671117 -0.035183 0.0504024
0.00598335 0.00669661 0.0298103
0.0194988 0.0235646 0.0288044
0.0451147 0.00459576 -0.0041673
0.0630113 -0.0458644 0.0463266
-0.0213259 -0.0759965 -0.0230555
-0.010884 -0.0674441 0.0277677
0.0743478 0.0415826 0.125843
0.02233 0.129208 0.0314872
0.0463156 0.0838018 -0.0101181
0.0247462 0.00498461 -0.0361062
-0.0592871 -0.0713411 0.00126946
-0.0908397 -0.163882 -0.112376
0.0562541 -0.0619395 -0.121239
0.115879 0.158722 -0.0364584
0.0131623 0.0858652 0.177635
-0.0437824 0.0260779 0.0474387
-0.0831903 -0.0247692 -0.046373
-0.100775 -0.111327 0.0307487
-0.0792866 -0.0756275 -0.0284757
0.00700349 -0.0246198 -0.100102
-0.00996308 0.0553621 0.0409433
-0.00725688 0.00520574 0.0270224
0.0019706 -0.0356723 0.00787396
-0.0157829 -0.0238007 -0.0810485
-0.0641283 -0.0301868 -0.0323773
-0.00788605 -0.0457729 0.0694125
0.0299246 0.0285178 0.0828919
0.125407 0.0662809 -0.0781496
0.0627037 0.0162385 -0.0272406
-0.0060727 0.0341698 -0.0122761
-0.0518865 0.0100638 0.152224
-0.0338092 -0.0221237 -0.0605701
-0.073404 -0.0656722 0.0126978
0.00793626 0.0362366 -0.00658621
0.0380616 0.0817696 -0.0539913
0.103573 0.0576654 0.0558812
0.0256584 0.00392062 0.20215
0.0146929 0.00924996 0.0711953
0.0528001 0.0303741 -0.123076
0.0853979 0.0120199 -0.169063
0.019916 -0.0855903 -0.0297524
-0.0345158 -0.0624854 -0.101144
0.0173166 -0.0746498 0.0525935
0.0474509 -0.0827305 0.0298329
0.0163173 0.0583488 -0.0596615
-0.0254346 0.14471 0.0301852
-0.0315181 0.0712159 -0.0548486
-0.0525923 0.0423233 0.111423
-0.0374907 0.0117765 -0.0301895
-0.0496915 -0.0361306 0.112211
-0.0685063 -0.0314955 -0.166697
-0.12165 -0.0647622 0.0610706
-0.0709342 -0.112587 0.00662059
-0.0272134 -0.0352959 0.0815525
0.0873246 -0.022795 0.0154855
0.103135 0.0866656 -0.102231
0.112068 0.139641 0.0565186
0.000200479 -0.00713112 0.067927
-0.0352622 -0.0855927 -0.0159166
-0.00354062 -0.119725 -0.0316676
-0.000544003 -0.106376 0.0962993
-0.0390262 -0.00112559 -0.0997203
-0.0544753 0.0767709 -0.0678867
-0.0547759 0.0501591 -0.102747
-0.0540218 0.00515076 0.043809
-0.0254558 -0.10117 0.0742329
0.00531718 -0.0523616 -0.117413
0.0483096 0.0740671 0.0424704
0.024888 -0.000558737 0.244672
-0.00997609 0.00297354 -0.100022
0.0237604 0.043021 -0.0663493
0.0601419 0.113633 0.0657019
0.150233 0.156276 -0.10645
0.175382 0.0574706 -0.142927
0.0597087 0.0464874 0.182165
-0.0657939 -0.0632848 0.250755
-0.0951443 -0.127575 -0.0935086
-0.0608663 -0.0238487 -0.0650224
-0.0358175 0.0620132 -0.0592604
-0.0631772 0.0297864 0.0378224
0.00685899 -0.0312101 -0.0768345
0.00889175 -0.00481733 -0.0541803
-0.0409206 -0.0418586 0.0141573
-0.0616889 -0.0177731 0.0563125
0.0260452 -0.0169109 0.113682
-0.0412412 -0.0679704 -0.0945093
0.0551099 -0.0745117 -0.121997
0.0453483 0.0767019 0.0351523
0.0585882 0.177761 0.0385196
0.0578444 0.0815945 0.114537
-0.000942544 -0.0586197 0.00550389
-0.08785 -0.00125064 0.072023
-0.0852241 0.0196125 -0.0592592
-0.184757 -0.0599723 -0.0606184
-0.177623 -0.00141834 -0.130187
-0.0608372 0.0523754 0.0532566
0.0678018 -0.0247632 0.0110511
0.101201 -0.119245 0.165191
0.0452679 -0.0894552 -0.0283349
-0.0482136 -0.0414784 -0.0689701
0.0105317 -0.0571816 -0.117913
0.0333118 -0.0206454 -0.0868012
0.109052 0.0784394 0.0163052
0.109111 0.0688306 0.113415
0.0357762 0.0278989 0.018899
0.0218576 -0.0509263 0.0144335
-0.083594 -0.072397 0.00644236
-0.0498254 -0.0233924 -0.0222823
-0.00148548 0.0225592 0.0393779
0.0971588 0.0122425 -0.0312941
0.0785316 0.0611243 0.0557086
0.0412112 0.0460575 0.187244
-0.0532082 -0.00944543 0.0572997
-0.0370539 -0.0573722 -0.0398089
-0.0457889 0.0348018 -0.127803
0.0656406 0.158115 -0.113694
0.118585 0.173856 -0.0204224
0.0686926 0.0360171 -0.0863692
0.0142626 -0.0988078 -0.012204
-0.0571971 -0.212119 0.0484699
-0.141111 -0.140829 -0.0387542
-0.0823071 -0.0783385 0.0257214
-0.0513776 0.0705462 0.00461533
-0.0194086 0.0850213 0.0390421
0.0501045 0.0737324 0.0854496
0.00839307 0.0855431 -0.036294
-0.0636076 0.077953 -0.179421
-0.025276 0.0337873 0.202708
-0.0040226 -0.0438384 -0.00845288
-0.0280934 -0.0576734 -0.030452
-0.0747295 -0.0307304 -0.0210398
-0.0495929 0.0642335 0.0744574
-0.00568225 0.103354 0.0293754
-0.0297079 -0.0365054 0.076209
0.0301099 0.0540916 0.0077849
0.0534682 0.0825513 0.00832169
0.0701183 -0.00137514 -0.0750461
0.0744967 -0.077868 -0.101223
0.0105842 -0.0661193 -0.082124
0.00154977 -0.135327 0.0149986
-0.0131097 -0.0643943 -0.0659503
0.106014 -0.001713 0.00352226
0.0568447 0.0599646 0.0201909
0.0591717 0.106908 0.0488181
0.0730475 0.00844249 -0.0035185
0.023856 -0.00997008 0.0950596
0.00606493 0.00892662 -0.0883297
-8.97564e-05 -0.0439624 0.0455409
-0.0710177 -0.0454322 -0.094105
-0.0216272 -0.0623778 0.0442625
-0.0171218 0.0147996 0.124208
0.0586534 0.0639475 0.0488266
0.0588107 0.0149614 0.0231875
0.0224589 0.0517204 -0.131682
-0.0060813 0.165654 0.0159869
0.0201964 -0.0118697 -0.0194982
-0.0514602 -0.131854 -0.0889088
-0.0161179 -0.0403624 -0.0126064
0.014106 -0.0621802 0.00262292
-0.0692313 -0.084279 0.0973932
-0.0527262 -0.0915277 -0.0355207
-0.0750502 -0.0290592 0.0534682
-0.0715522 0.0183692 0.0372542
-0.0472524 -0.030875 -0.0296071
-0.0465447 -0.0441299 -0.104554
-0.0649771 0.0719169 -0.0400614
0.0494995 0.0859975 0.215098
0.096607 0.0102789 -0.0162555
0.00155921 0.0705634 -0.0179831
-0.0261111 0.105061 -0.124313
-0.00162904 0.0240119 -0.15004
0.133706 -0.031035 0.0987441
0.125372 -0.0345393 0.0785162
0.124167 0.076219 0.00826895
-0.00930242 0.00705328 -0.0577869
-0.192671 0.1055 -0.0447909
-0.0766704 0.137424 -0.0454206
0.0242998 0.0191212 0.00727278
0.0764751 -0.150933 0.0987269
0.128719 -0.0694875 0.0187862
0.124028 -0.102326 -0.0195938
0.00122636 -0.0442859 0.0722121
0.0936806 -0.0748314 0.0819973
-0.0267242 -0.104508 0.0633482
-0.0954518 0.0338082 -0.0170438
-0.0421126 0.0165709 -0.0570861
-0.0843269 -0.0162141 -0.0857821
-0.0457056 0.106588 -0.0730737
0.0399085 -0.0150805 0.0691973
0.00835052 -0.0161135 -0.102225
0.0191481 0.150212 -0.0543342
0.0467686 0.184203 -0.00657051
-0.126314 0.0741626 0.0361763
-0.055739 0.0438194 0.180666
-0.139138 0.0204732 -0.14602
-0.100093 0.0914672 0.0222786
-0.0212981 0.0517478 0.0788798
0.0653561 -0.0310257 -0.0591134
0.109941 -0.137176 0.176614
0.0972529 -0.246516 0.0689313
-0.0436508 -0.115615 -0.0563915
-0.021763 0.0969079 -0.174497
-0.0521779 0.100748 0.0950745
-0.108243 -0.0964644 0.0393165
-0.0570915 -0.198878 -0.0735282
0.01998 -0.157085 -0.0518754
-0.0251459 -0.0970787 0.0155059
0.0466415 -0.0551707 -0.0463789
-0.0375412 -0.0849641 -0.0327834
-0.0299864 -0.0221915 -0.0443298
-0.0753259 -0.0277317 0.0670537
0.0531994 0.124817 -0.000621296
0.18115 0.351769 0.0568837
0.173397 0.21847 -0.00409503
0.0202724 -0.0525796 0.0138636
-0.031849 -0.0317722 -0.0348149
-0.0957932 0.0065386 0.0330196
-0.124869 -0.0116152 -0.0181234
0.0436044 0.0633395 0.134486
0.0935136 -0.0788741 0.0332392
-0.00665324 -0.103802 -0.0208992
-0.0107094 -0.0748425 -0.055097
0.0546341 -0.0915384 0.0377564
0.0650769 -0.109901 -0.0193007
0.0572271 -0.072002 0.0411407
-0.0717929 0.047042 -0.0332596
-0.113778 0.150721 -0.0867545
-0.0954642 0.0283806 -0.0166165
-0.09129 -0.026683 -0.0096007
1.63632e-06 -0.15449 -0.10133
0.0979443 -0.204789 0.0187386
-0.0025226 0.139605 0.0498456
-0.0542959 0.227166 0.102228
-0.154561 0.221212 0.116611
-0.143243 0.226555 0.105084
-0.0249869 0.0613279 -0.0230084
-0.0109916 -0.110048 -0.14392
0.0145028 0.0368879 -0.0485166
0.0611688 0.00562889 -0.296255
0.125548 -0.0112161 0.192944
0.0810062 0.00979562 0.00552901
-0.0237647 -0.0664244 0.136358
-0.174042 -0.0988573 0.0581029
-0.22636 0.0429052 -0.0819291
-0.0675061 0.157229 -0.0963559
0.158839 0.1036 0.0261399
0.313812 -1.60905e-05 0.0273102
0.235996 -0.244259 0.0741972
0.197672 -0.343574 0.0668887
-0.0295998 -0.191879 -0.235365
-0.202017 -0.0966328 0.0107107
-0.116176 -0.0449621 -0.0689822
0.0190822 0.072232 0.125087
0.105052 0.172696 0.11436
0.270301 0.128357 0.0910518
0.122829 0.0651506 0.0787632
-0.00336216 0.0414097 0.0873716
-0.0961167 -0.0317543 -0.14816
-0.124384 -0.16813 -0.0121466
-0.129567 0.0128456 -0.17232
-0.0766286 0.102001 -0.133614
-0.0177563 0.0450424 0.0191144
0.0245189 -0.176065 -0.0557791
-0.0414837 -0.15084 0.0738001
-0.136204 -0.0929212 0.112771
-0.0945211 0.0790743 -0.160224
0.0676806 0.1322 -0.155588
0.140983 0.0697283 0.0855826
0.0986024 0.0406201 0.0407044
0.0761015 0.0498983 0.169377
-0.0833936 -0.114923 -0.108902
-0.216813 -0.030682 0.243966
-0.0644757 0.0245616 0.112851
0.0702935 -0.129639 -0.0254141
0.00858606 -0.0719659 -0.219023
0.18387 0.105414 0.042499
0.119511 0.133045 0.0862126
0.0461631 0.0822702 0.0195679
0.0942113 0.110071 0.0251595
-0.066071 -0.0570028 -0.318531
-0.112317 -0.00254811 -0.0511518
0.032223 0.0141188 -0.150375
0.0623128 -0.0746666 0.183785
0.0451676 -0.115059 0.0132023
0.0645057 0.0103808 0.0174851
-0.072697 0.0629119 -0.102109
-0.166843 -0.0465211 0.026967
-0.0508625 0.171232 0.116278
0.0068441 0.117965 0.0922077
0.167413 -0.204626 0.0478751
0.206049 -0.0365597 -0.0220312
0.150071 0.202621 0.215288
0.0469376 0.113165 -0.0473336
-0.145617 0.203551 -0.109369
-0.0334316 0.0638739 -0.146922
-0.193445 -0.216908 0.0114254
-0.0991519 -0.401152 -0.033728
0.0089927 -0.234726 0.188793
0.00671509 -0.0895805 -0.169722
-0.0635222 0.0712384 0.0454157
-0.103444 0.0981778 -0.0587394
-0.0188934 0.141655 0.132394
0.102833 0.0939622 -0.0111009
-0.00631213 -0.070861 -0.2919
0.0368107 -0.0128423 -0.0290289
0.0983749 0.0437555 0.343036
-0.00448036 -0.010979 -0.11499
0.00374091 -0.0350544 -0.126448
-0.0370824 0.10286 -0.247465
-0.00800026 0.131184 0.347782
0.0189464 0.0120997 -0.08036
0.0498058 -0.0123577 0.0973635
-0.0317573 0.0569285 0.0837156
0.0352388 0.0337585 0.41179
-0.0298716 0.124065 -0.0481365
-0.00151425 0.0828923 0.1435
-0.184972 -0.0629314 -0.436696
-0.252997 -0.200129 0.0476815
-0.11331 -0.0879038 -0.228153
0.222837 0.000928226 -0.357027
0.262338 0.0486161 -0.0119442
0.361585 -0.164526 0.136916
0.168476 -0.125967 0.183043
-0.194895 -0.216265 -0.0211253
-0.402182 -0.0623472 -0.00822201
-0.215621 0.209098 0.0304366
0.0439985 0.184024 0.0133088
0.242068 0.133244 0.46839
0.312418 0.0980301 -0.34067
0.123035 0.163723 -0.0391486
-0.0183227 0.0771562 -0.109432
-0.211561 0.105479 0.102055
-0.317953 -0.287359 0.130364
-0.233906 -0.4375 -0.0980517
-0.00372619 -0.204846 0.0587674
0.15818 0.0434888 0.243343
0.124145 0.0803926 -0.0897542
-0.0680925 0.146774 -0.0118182
-0.0411644 0.0106367 -0.334005
-0.0705315 0.0757222 -0.0132329
0.0193794 -0.12885 -0.00930646
-0.198785 -0.0435618 -0.162582
-0.170403 0.0193506 0.00308338
0.0515481 0.0180664 0.0498328
0.334856 0.139406 0.0315059
0.276373 0.330939 0.261223
0.093891 0.218254 0.304129
-0.226133 -0.00857884 -0.240528
-0.379697 -0.120236 -0.0961849
-0.315226 -0.203506 0.0357695
0.00520885 -0.284008 -0.233793
0.176145 -0.118167 0.067953
0.219239 -0.0355291 0.488626
0.281672 0.311727 -0.225604
0.15176 0.414808 0.0576268
-0.00750124 0.203805 -0.152805
-0.0721033 0.376189 -0.0717364
-0.0780078 0.203738 0.214392
0.0105408 -0.121081 -0.110662
-0.0120649 -0.46448 -0.197278
-0.0919656 -0.467039 0.32275
-0.0291259 -0.583051 -0.346365
-0.0416445 -0.413484 0.0143785
-0.119696 -0.136659 0.0869342
-0.112736 0.316684 -0.224462
0.101021 0.378297 0.0569096
0.134134 0.158276 0.29709
0.207704 0.393407 -0.263031
0.198813 0.216547 -0.173573
0.103717 0.0712926 0.0379777
-0.0323108 0.203975 0.407911
-0.127563 -0.0166654 -0.0285528
-0.127005 -0.084542 0.0429079
-0.125713 -0.0763177 0.259324
0.0318211 -0.26994 0.309577
-0.102111 -0.241591 0.0822196
-0.104189 -0.308563 -0.339975
-0.165874 -0.295847 -0.0830255
-0.276473 -0.00174538 -0.139476
0.0231642 0.280455 -0.287035
0.256476 0.269168 -0.127165
0.155076 0.19321 -0.305392
0.277521 0.0863194 0.180536
0.306537 -0.103919 0.0224057
0.214004 -0.407918 -0.0847609
0.0752326 -0.389657 -0.0626539
-0.0321385 -0.0634025 0.388425
-0.148968 0.162182 -0.265034
-0.210801 0.230293 0.175658
-0.512033 0.345848 -0.0345906
-0.515671 0.24873 0.242138
-0.220292 0.162302 0.148484
0.106037 0.221182 0.151177
0.167377 0.265143 0.065392
0.316389 0.116061 0.169833
0.285375 -0.294201 -0.222784
0.208272 -0.324093 -0.169394
0.0133076 -0.245967 -0.0949897
0.0503895 -0.28482 -0.244922
0.0761238 -0.0623988 0.0408504
0.259111 0.00155554 -0.521988
0.0536161 -0.175662 0.264267
0.00381753 -0.36234 9.04037e-05
-0.285503 -0.249376 0.316479
-0.110334 0.0162859 -0.0976617
0.00446068 0.521743 0.10619
0.319174 0.589387 0.012682
0.21857 0.450722 0.0461762
-0.323178 0.206805 -0.340394
-0.460076 -0.0754689 -0.0673282
-0.391167 -0.20879 0.232109
-0.225601 -0.242556 0.361663
0.135485 -0.131827 0.15354
0.37448 0.0859779 0.00542061
0.435087 0.201062 -0.031188
0.376141 -0.00375265 -0.029252
0.0224339 0.141859 -0.278585
0.0921381 -0.159344 0.320835
-0.132461 -0.365469 -0.113652
-0.0426857 -0.278578 -0.158091
0.208564 -0.242091 0.0374982
-0.154384 -0.00959371 -0.220806
-0.352614 0.00139583 -0.250944
-0.244312 0.0861062 -0.258422
-0.33282 -0.0356599 0.247143
-0.27119 -0.361766 0.0564083
-0.218737 -0.389957 -0.0133215
-0.0365297 0.0991999 -0.0101821
0.191809 0.300209 0.232066
-0.00591754 0.410744 0.28778
0.262937 0.579911 0.157809
0.611007 0.417907 0.130745
0.607616 0.0413312 -0.240965
0.451258 -0.158773 0.238548
0.326402 -0.360706 0.308418
-0.107415 -0.430746 -0.481978
-0.702674 -0.501626 -0.108621
-0.652732 -0.255567 -0.470363
-0.414614 0.144534 -0.101089
-0.396393 0.175746 -0.156239
-0.235478 0.499599 -0.0854841
0.0367227 0.612094 0.216099
0.345083 0.610981 0.186674
0.530409 0.589085 0.140594
0.491526 0.270898 -0.147213
0.294215 -0.1428 -0.102355
0.0630544 -0.602952 -0.267015
-0.0376825 -0.817139 0.143634
-0.131464 -0.847247 0.276807
-0.196907 -0.485813 0.522629
-0.0849552 -0.132933 0.359431
-0.159047 0.295739 -0.167885
-0.0510704 0.346157 0.263275
0.0666296 0.343163 -0.584337
-0.0357767 0.447607 0.0939504
-0.241045 0.376191 0.0330126
-0.466604 0.057078 0.0460034
-0.225924 0.00342312 -0.441778
0.0648836 -0.258714 -0.129899
0.186457 -0.351741 -0.376266
0.07796 -0.492368 0.462603
-0.0979499 -0.328 -0.00387165
-0.00549565 0.151167 -0.105563
0.311306 0.490859 0.182453
0.165722 0.74244 0.0971919
0.188572 0.72092 -0.0654562
-0.00661302 0.14902 -0.427818
0.0125063 -0.276305 -0.185361
-0.0523966 -0.234759 0.389627
0.0588246 -0.754006 -0.129928
-0.0936077 -0.657035 0.256645
-0.0189782 -0.653968 0.412146
-0.158916 -0.96435 -0.0128572
-0.247491 -0.384303 0.0414117
0.0157457 0.398712 0.210747
0.053065 0.241495 0.0813992
-0.143736 -0.0638144 -0.661713
-0.174709 0.253613 0.184308
0.0706707 0.740676 -0.0716475
0.328807 1.07165 -0.187661
0.629344 1.09942 0.0426686
0.531376 0.885072 -0.0806375
0.567515 0.127482 0.0587632
0.167652 -0.763569 0.0565111
-0.359867 -0.970222 -0.196059
-0.702806 -0.90104 -0.15225
-0.871097 -1.02401 -0.304225
-0.556122 -0.524531 0.283232
-0.113455 -0.140314 -0.116948
-0.0737866 0.30543 0.47264
-0.122858 0.636643 0.381118
-0.0572002 0.653555 0.59733
-0.00449495 0.581141 0.0265851
0.0123626 0.328181 -0.397311
0.227219 0.144957 0.372812
0.456022 -0.242328 -0.184313
0.420878 -0.675556 -0.860154
0.35069 -0.779854 -0.142828
0.125953 -0.274095 0.386408
0.141749 0.305923 -0.69225
-0.100899 0.459841 0.170636
-0.344471 0.797562 -0.246508
-0.338555 1.11061 0.0542404
0.0758406 0.930178 0.0791509
0.174551 0.423824 0.185679
0.115128 0.193526 -0.107962
-0.0448449 -0.314899 0.0792148
-0.0968302 -0.450938 -0.0358974
-0.163473 -0.591056 0.0215621
-0.00357032 -1.17958 0.665523
0.0473115 -1.1961 0.446109
0.0342139 -0.849589 0.17292
0.232744 -0.258518 0.160626
0.148747 0.655123 -0.178996
0.0575613 0.730803 -0.271773
0.0848666 0.00229452 -0.122456
0.175541 -0.0235624 -0.853371
0.0252305 0.327343 -0.0876338
-0.403904 0.833282 -0.0883001
-0.45691 0.999052 -0.479922
-0.15504 0.488045 0.236026
0.143146 -0.421642 0.0510252
0.120186 -0.779835 -0.0129959
-0.0714052 -1.21181 0.443063
-0.664324 -0.779559 0.0647598
-0.677127 -0.0141654 0.284534
-0.490409 0.0128581 -0.103468
-0.044708 0.164297 0.216772
0.555235 0.438609 0.030728
1.00208 0.119756 0.474704
0.782471 0.00502897 0.284833
0.641594 -0.255338 -0.163543
0.149503 -0.411489 -0.671845
-0.431084 -0.671856 -0.159138
-0.116988 -0.906685 -0.167434
0.0830206 -0.70171 -0.0384283
0.104816 -0.119129 0.212283
0.181322 0.624334 -0.186462
0.168849 1.27143 0.0647908
0.142405 1.19178 0.0431625
0.164934 0.632265 0.16877
0.104191 0.415485 0.0532774
-0.194732 0.150378 -0.320309
-0.666756 0.381519 -0.483346
-0.509119 0.670184 0.243679
-0.557965 0.493816 0.0413732
-0.128121 -0.108737 0.333372
0.261083 -1.01667 -0.0119105
0.423703 -0.956037 0.353023
0.214521 -0.547543 -0.0324696
0.0760746 -0.216143 0.353048
-0.329748 -0.315311 -0.784165
-0.474186 -0.535513 0.181107
-0.20084 -0.380084 0.126687
0.176988 -0.0945116 0.075588
0.367414 0.322562 -0.345123
0.255284 0.809285 0.32198
-0.0210734 0.942036 -0.090111
-0.492884 0.295851 0.235464
-0.471532 -0.16601 -0.575304
-0.308338 0.122023 0.293329
0.296897 0.531284 -0.20071
0.225784 0.522189 -0.0487405
0.297333 0.206298 0.269863
0.231056 0.397846 -0.179249
0.253123 0.280069 -0.157721
0.29418 0.228809 -0.442933
-0.060061 0.147389 0.0375111
-0.058942 -0.0769039 0.795101
0.377166 -0.866068 -0.13835
0.502317 -1.24598 0.0626905
0.441897 -1.10447 -0.0546167
0.0325486 -0.786053 0.0137471
-0.57076 -0.892846 -0.182481
-0.408005 -0.707828 0.076505
0.00644464 -0.268793 0.154918
0.199838 -0.0576656 -0.275696
-0.559772 0.155505 0.180936
-1.07192 0.241769 0.473613
-0.746389 0.193633 0.0198947
0.330201 0.523797 -0.397951
0.990262 0.598997 0.206058
0.743692 0.670715 -0.0826448
-0.0720004 0.536761 0.147529
-0.347594 0.113211 -0.12557
-0.493791 -0.0629878 -0.191092
-0.157851 0.23203 0.174393
0.31696 0.324513 -0.352013
0.58941 0.715454 -0.121225
0.244645 0.243808 -0.180376
-0.228708 0.0178127 0.467223
-0.398842 -0.24312 0.358439
-0.282325 -0.318225 -0.18954
-0.227437 -0.51394 0.123132
-0.101003 -0.916099 -0.311647
-0.108383 -0.710594 -0.175182
-0.130737 -0.23431 -0.319899
-0.0420301 0.146498 -0.752467
-0.0845543 0.596095 0.458573
-0.194188 0.727711 0.668141
0.116277 -0.0230131 0.281145
0.0202309 -0.533305 0.031995
0.299191 -0.342058 -0.225358
0.567384 0.15113 -0.198345
0.21858 0.940488 0.484668
-0.0538047 0.99572 0.0579639
0.109366 0.665083 -0.146936
0.0446554 0.155266 0.528115
-0.108293 -0.366039 -0.223364
-0.47532 -0.508026 -0.197599
-0.827459 -0.0883833 -0.0443102
-0.371975 0.34388 0.444377
0.485508 0.401597 0.0682173
1.10164 1.02783 0.23936
0.920217 0.861307 -0.0880343
0.243995 0.0576382 -0.672667
-0.512285 -0.843775 -0.321246
-0.644159 -1.55436 -0.559263
-0.0130399 -1.84943 -0.299939
0.0736537 -1.56723 0.357487
-0.0283418 -0.542949 0.239256
0.132725 -0.0712027 0.00749426
-0.0506285 0.105071 0.0296156
0.236096 0.0348837 -0.350318
0.524572 0.150057 0.0852712
-0.29302 0.549229 0.346423
-1.10272 0.955112 0.402761
-0.96044 0.872573 0.0573018
-0.173364 0.616283 -0.126896
0.482593 0.271178 0.0892004
0.933303 -0.309928 0.404849
0.459741 -0.55603 0.0439031
-0.139709 -0.245243 -0.157206
-0.0615596 0.122699 0.090582
0.0125819 0.135193 -0.114849
-0.282673 0.454089 -0.327603
-0.432781 0.500201 -0.0713365
-0.573028 0.489918 -0.232773
-0.305466 0.227067 -0.0248567
-0.0544004 -0.0643472 -0.263754
0.115328 -0.222441 0.11884
0.297285 -0.583385 -0.0123944
0.274609 -0.991274 0.472228
0.517395 -0.743809 0.220788
0.815946 -0.622515 -0.346377
0.0327025 -0.428616 0.172948
-0.272839 0.277977 -0.0366826
-0.0572092 0.704946 -0.503394
0.063925 0.518764 -0.0566909
0.1235 0.3674 -0.154409
0.0838984 0.540424 -0.0804066
0.216956 0.0682121 0.47806
0.161618 0.247556 0.0908279
-0.04988 0.489741 0.251238
0.150453 0.285888 0.248099
0.322301 0.323218 -0.0493107
0.0181669 0.292413 0.0829975
-0.398893 -0.38483 0.317512
-0.25733 -0.548817 -0.210181
-0.129609 -0.290635 -0.219551
-0.00768202 -0.484614 -0.395746
0.186339 -0.482781 0.300591
0.275052 -0.237444 0.213055
0.429903 -0.411364 -0.224155
0.426066 -0.139335 -0.0364534
0.286172 0.251723 0.0407099
-0.199948 0.67347 -0.269338
-1.24018 0.938118 -0.0918126
-1.62746 0.594012 -0.351173
-1.44487 0.315252 -0.29659
0.0497976 -0.232915 -0.42864
0.583638 -1.10529 -0.279102
0.381873 -0.923416 0.267387
0.114698 -0.433248 0.364084
-0.175036 0.249815 0.685768
-0.274548 0.281639 0.252825
0.300121 0.280959 0.14938
0.615063 0.588948 0.551086
0.64652 0.813745 0.242084
0.155042 0.255003 0.0731105
0.0561637 -0.371268 -0.223769
0.560416 -0.790253 -0.368063
0.608023 -1.28571 0.0136862
0.533764 -0.660453 -0.212926
0.216408 0.0332292 -0.274722
-0.329229 0.313834 -0.100916
-1.00633 0.0514086 0.00405444
-0.552424 -0.368373 -0.289193
-0.401311 -0.498849 -0.0828379
-0.349578 -0.0832216 0.0430246
-0.0103235 -0.329671 -0.180308
0.532128 0.066836 -0.019617
0.89428 0.730781 -0.334087
1.23126 1.21058 0.0446695
1.31608 0.883159 0.515552
0.998811 0.568512 0.313008
0.217594 -0.0212591 0.523288
-0.682825 -0.579287 0.427202
-1.57407 -0.640791 0.202735
-1.69446 -0.408388 -0.132503
-1.50743 -0.0636718 0.0107418
-1.4713 -0.195582 -0.00844019
-1.03137 0.0768386 -0.190773
0.0104556 0.0838414 -0.367236
0.52443 -0.143854 -0.580792
0.716033 0.625247 -0.582225
0.487961 0.805142 -0.157853
0.729676 0.234807 0.148357
0.716322 0.0104991 -0.0765614
0.668337 0.168656 0.295247
0.673953 -0.456293 -0.105226
0.446928 -0.205101 0.0963987
-0.58064 0.0155398 0.2364
-0.406651 0.139294 -0.227116
-0.602363 0.42198 0.403465
-1.14155 0.346093 0.479387
-1.47463 0.452508 0.292056
-0.000733824 0.918229 -0.0685746
1.02276 0.274557 0.226198
1.02815 -0.920562 0.436073
0.674888 -1.30238 0.348744
0.0834464 -0.828663 -0.0556389
0.0282912 -0.765462 -0.446733
-0.115366 -0.822542 -0.178438
0.490715 0.0598988 -0.747489
0.721725 0.671792 -0.103412
0.958221 0.530606 -0.442878
1.16632 0.255823 -0.26656
1.02434 0.419114 -0.415968
0.190873 -0.405375 -0.422615
-1.34076 -1.3364 -0.249257
-2.44417 -0.777596 0.422939
-2.14356 0.149275 0.134376
-0.877541 0.524647 0.584407
-0.297471 0.610826 0.410232
0.25885 0.384751 0.355845
0.566872 -0.39986 0.585496
0.460136 -0.34706 0.594845
0.1137 -0.371338 0.338339
0.233901 -0.392681 -0.396665
0.289903 -0.160674 0.140803
0.399101 0.265461 -0.225335
0.398814 0.178783 -0.0423065
0.0805814 0.386732 -0.24831
-0.126151 0.583337 -0.524105
0.180119 0.460551 -0.645062
0.078147 -0.0159779 -0.268114
-0.650198 -0.596541 -0.174193
-1.04055 -0.360442 -0.215935
-1.22234 0.326456 -0.188712
-0.553224 0.849094 -0.208063
0.204214 0.851364 0.238856
1.14489 0.974313 0.492904
0.966218 -0.466712 0.64548
0.740775 -1.80684 0.484976
0.113599 -1.41193 0.754845
-0.438503 0.142475 0.0672699
-0.314164 0.866184 -0.134475
0.5201 1.18845 -0.451996
1.07481 1.70356 0.0539906
1.88398 0.99212 -0.112579
1.51564 0.081372 -0.347706
-0.130192 -0.216629 0.0365921
-1.25758 -0.367213 -0.6591
-1.87398 -0.576827 -0.20023
-1.69501 -0.968536 -0.25246
-0.629915 -0.284769 -0.438616
0.419697 0.181983 0.207279
0.861731 0.161577 0.413056
0.22355 0.311769 -0.0453161
-0.326993 -0.173839 0.388276
-0.622767 -0.578883 -0.0241863
-0.308115 -0.246444 0.647657
0.348309 -0.23131 0.342313
0.445175 0.325604 -0.182381
0.4892 0.659271 0.297216
-0.0705902 -0.0306228 0.179099
-0.266219 -1.26339 -0.358687
0.112101 -1.0658 -0.0950246
0.213727 -0.732092 -0.291168
-0.20651 0.314137 -0.595449
-0.710057 0.944853 -0.17307
-0.899808 0.718809 -0.145559
-0.468494 0.475424 -0.153924
-0.149686 0.129722 0.188803
0.141689 -0.20092 0.123349
0.00715748 -0.558544 0.0239377
0.211522 -0.846038 0.573815
0.234765 -0.92181 0.0942313
0.304491 -0.47406 -0.222504
0.892621 -0.240113 -0.0659014
0.897356 -0.0236801 0.113693
0.61235 0.490386 -0.071515
0.973242 0.790485 0.0230749
1.57287 1.24973 -0.167723
1.04474 1.2239 0.296759
0.137738 -0.00671445 -0.230933
-1.08837 -0.474913 0.369571
-1.45811 -0.611432 -0.0893975
-1.37743 -0.559562 -0.594582
-1.28151 -0.179563 0.258409
-0.888445 0.347166 -0.369533
0.129909 0.71624 0.183601
0.278758 0.553369 0.576301
0.223488 1.10779 0.507642
0.484392 1.44288 -0.481275
0.533558 0.82982 0.0536876
0.534345 0.249598 -0.287587
0.513025 -0.398517 -0.526683
0.0349501 -1.933 -0.0283428
-1.04902 -2.1155 -0.0445044
-1.12915 -1.23603 -0.216827
-0.851997 -0.144593 0.395035
-0.695373 0.931457 0.245312
-0.570015 1.45334 0.0119056
-0.475526 0.369851 0.267434
-0.590546 -0.947241 0.256526
-0.51572 -0.928419 -0.151695
0.27279 0.171213 -0.604926
0.625443 1.46315 0.116482
1.052 2.82295 0.500368
1.50627 2.85506 0.1917
1.50968 1.1624 0.173592
1.7798 -0.560306 -0.0821558
1.50581 -1.80194 -0.275821
0.898369 -2.89918 -0.498787
-0.158649 -3.20419 -0.319317
-1.30488 -2.30332 -0.242922
-1.79028 -1.01061 -0.0598507
-1.03008 0.452732 -0.149164
-0.307005 0.810521 0.0365724
0.210941 0.785204 0.258425
0.159428 0.192038 0.844397
0.571759 -0.809273 0.371943
1.03362 -1.78363 0.245651
0.5146 -0.680251 0.119068
1.36387 0.397621 -0.185505
0.652255 0.34567 -0.0599903
-1.09925 0.254041 -0.0967859
-2.23813 0.51122 0.173414
-1.96745 0.740815 0.145001
-1.08843 0.931878 0.000936089
-0.149249 1.47024 -0.56047
0.179286 1.10952 0.100262
-0.556853 0.423038 -0.78392
-0.665198 -0.307622 -0.715906
-0.0920754 -0.298499 -0.659185
0.37756 0.111157 -0.0332512
0.876221 -0.158544 -0.349853
1.65793 -0.336274 0.801998
1.06278 -0.397839 0.735639
0.928944 -0.644579 0.848322
-0.368979 -0.416067 0.267897
-1.32207 -0.876236 0.180163
-0.382841 -0.760565 -0.0519776
0.251351 0.263107 -0.630919
-0.116655 1.28148 0.255428
-0.393712 2.14615 0.184883
-0.701268 2.94439 0.207353
-1.02115 2.23939 0.14194
-0.302814 0.833828 -0.154322
0.750877 -0.662589 -0.117919
0.569703 -1.77678 -0.358595
0.401862 -1.70082 -0.563146
0.499018 -0.43661 -0.330555
1.15952 0.805697 -0.228726
1.1575 1.21239 -0.167291
0.82829 0.604962 0.214299
0.495073 -0.445984 0.358323
0.125805 -0.93255 0.472244
-1.13677 -0.974808 0.317949
-2.40981 -0.416966 0.455572
-2.09672 -0.285663 -0.235939
-0.975603 -0.953323 0.336091
0.406088 -1.57198 0.15792
1.40907 -1.19083 0.267532
1.62775 -0.145394 -0.0027235
1.35157 0.437244 -0.020847
0.752897 0.138508 -0.129549
-0.675897 -0.332215 -0.0870754
-1.27065 -0.611362 -0.279691
-0.575845 -1.10494 -0.0806081
0.800951 0.425458 -0.588429
0.79259 1.79446 -0.674511
0.884049 0.902977 -0.58506
-0.349454 -0.373928 -0.61166
-1.16227 -1.42689 -0.100049
-1.1181 -2.30973 0.0887854
-1.226 -1.68492 0.651598
-1.0904 0.0398295 0.70544
-0.972928 0.25486 0.261837
-0.158058 0.457385 0.17082
0.148693 0.951122 0.374239
0.882195 0.812697 0.631704
0.666194 0.812875 0.280812
0.73498 0.510862 0.138459
0.962925 -0.194578 -0.035068
-0.100358 -1.01399 -0.13975
-1.01782 0.0393875 -0.170238
-1.61412 1.43716 -0.156489
-1.58053 2.35704 -0.621204
-0.778348 2.19983 -0.70553
0.761388 1.15659 -0.144315
1.45887 -0.111417 -0.736911
1.76504 -0.6416 0.458552
1.77749 -0.0633599 -0.314787
1.8349 0.913609 0.0557474
1.1284 0.966741 0.450712
0.399821 1.44583 0.437874
0.0866155 1.39835 0.190073
-0.4374 1.19733 0.938962
-1.06495 0.67698 0.273091
-1.33625 -0.883646 -0.281894
-1.11211 -3.04442 -0.166468
-0.454772 -3.37754 -0.101889
-0.0554628 -2.2222 -0.263374
0.134946 -0.40839 -0.0308619
0.0539835 1.21808 0.325195
0.453544 2.50551 0.366498
1.38368 1.50376 -0.578384
1.35427 -0.0251109 -0.339169
0.315039 -1.61218 -0.35862
-0.508673 -2.19468 -0.556315
-0.983367 -1.3259 0.213856
-0.206276 0.122788 -0.299072
-0.230579 0.2806 -0.24081
-1.48496 0.950139 0.664726
-1.39715 0.0146144 -0.0247283
-1.43597 -1.9911 0.185651
-1.97482 -2.32871 0.939195
-1.97824 -2.04564 0.257133
-0.350644 -1.70553 0.00736161
1.28394 -0.531666 0.107836
2.96021 0.0372047 0.0562906
3.89096 0.409257 -0.55938
3.06084 0.336562 -0.647975
1.5799 -0.0228593 -0.423371
-0.0713459 -0.48163 0.0450037
-1.82782 -0.0812022 0.211177
-1.97252 -0.316674 0.253057
-1.67448 -0.311471 -0.462787
-1.67 0.125434 -0.13672
-0.500964 0.72176 -0.0744604
0.920256 1.31321 -0.297828
1.13691 2.60889 0.304092
1.18309 3.24908 0.433198
1.53393 2.00092 0.330501
2.12246 0.623101 0.882735
1.00568 0.142861 0.316312
-0.110776 -0.0162275 -0.169702
-0.316261 0.566152 0.0714006
-0.370036 0.537078 -0.474063
-0.702485 -0.505357 0.100153
-0.605352 -0.923426 -0.203223
-0.809053 -0.345587 -0.330784
-1.71705 -0.192199 -0.110325
-1.31556 0.891335 -0.416124
-0.725559 1.17269 -0.487359
0.0856812 1.06216 -0.662988
-0.0127278 1.09329 -0.110254
-1.57359 0.793801 0.614098
-1.2912 -0.721696 0.220329
0.0144523 -1.02357 -0.0219202
1.08277 -1.0737 0.695402
1.54805 -0.622393 -0.0120493
1.13047 0.26167 0.577163
-0.485343 0.695632 0.669658
-1.05049 0.755729 -0.120646
0.480134 0.455701 -0.0871769
0.931658 0.602757 -0.382268
1.07797 0.296509 -0.163902
-0.0335311 -0.419469 -0.0856416
-1.22466 -0.685965 -0.430055
-0.382056 -1.23606 -0.260005
0.955626 -2.32289 -0.210301
1.03563 -3.17441 -0.159056
0.92062 -3.78619 0.170489
0.660649 -3.5215 0.43692
-0.537495 -2.03396 0.462321
-0.767833 -0.147498 -0.384351
-0.0177407 0.851737 -0.117182
0.357862 1.32587 0.635895
0.481607 1.27466 0.0972666
0.608752 1.4095 0.474426
0.101563 2.25827 -0.0266191
-0.3715 2.15568 -0.0854895
-0.017868 -0.318583 -0.690291
0.616923 -2.29629 -0.373558
-0.299152 -3.37024 -0.838406
-1.99608 -3.51958 -0.181543
-2.30744 -0.26343 -0.0897388
-2.20733 2.9654 0.490347
-1.07653 4.17764 0.115346
-0.572969 4.17563 0.862065
0.0864471 2.40996 0.557757
0.561418 0.258775 0.051337
1.09501 -1.58079 -0.277963
-0.55961 -2.7839 0.0985228
-1.07765 -2.32189 0.248918
-0.808596 -0.670738 -0.327528
0.905296 0.14105 -0.00328054
2.47949 1.68709 0.138527
3.78103 2.30033 -0.352166
2.74133 2.58563 -0.354598
0.0433938 3.16441 0.0510862
-0.291036 3.61219 -0.0926542
-0.250069 2.89849 -0.21823
0.168581 1.56107 -0.467384
0.316451 0.831092 -0.137472
-0.452733 -0.476582 -0.519817
-1.3269 -1.55116 -0.227983
-2.38074 -0.364336 0.336123
-2.50494 -0.140752 0.938943
-2.37476 -4.46043 0.756784
-1.32198 -4.41236 0.558878
2.09024 -3.19802 0.252726
2.60135 -0.432834 -0.0671613
2.68858 2.15632 -0.142807
3.03877 4.18367 -0.0270177
2.06355 3.14666 0.27238
1.07256 0.0137381 0.0119889
-0.0355102 -2.8601 -0.485075
-1.02662 -4.69574 -0.692257
-2.92105 -5.56172 -0.71224
-3.12016 -4.70424 -0.577925
-2.72701 -2.20273 -0.0753085
-2.95505 1.81231 -0.081941
-2.8059 4.49713 0.242029
-1.61078 4.39935 0.781168
-1.44269 2.11687 -0.0999935
-0.483433 -2.80951 0.704337
2.2875 -4.4499 0.283346
5.24575 -4.15733 0.32982
5.79112 -1.78864 0.0112402
5.64308 0.935975 0.0709231
3.99374 2.52445 0.111039
0.834227 1.4058 -0.664053
-1.48013 -0.429109 -0.853157
-3.35971 -2.48069 -0.106747
-3.34253 -1.79396 -0.00687745
-3.09582 -0.603566 0.0532813
-3.58515 2.14343 0.179579
-3.30622 4.18029 0.0817272
-0.972712 4.34566 -0.159254
1.23292 3.56982 -0.574062
2.57282 2.09697 0.24547
2.99924 0.224399 0.5873
2.54895 -0.757702 0.168852
2.31798 -0.448776 0.516924
2.64771 0.428473 0.144586
1.97408 0.431402 0.231015
-0.139298 1.48937 0.0599418
-1.47951 2.17212 -0.190395
-2.38222 1.61092 -0.47526
-1.7263 0.994178 -0.613517
-2.12653 1.01437 -0.665996
-3.35518 0.560659 0.039976
-3.46393 -0.574999 0.0694424
-3.43532 -1.39243 -0.0364405
-1.93239 -1.8261 0.381747
-0.0898657 -2.11675 0.191816
1.64969 -2.47081 0.289756
2.14259 -2.93177 0.38659
2.57163 -2.69052 0.126765
4.02246 -2.0102 0.217978
4.09208 -0.212749 0.523725
2.69381 1.71791 0.366108
0.939287 3.2682 0.0314104
0.16392 2.86893 -0.105447
-0.797197 0.762319 -0.459416
-1.22982 -1.70448 -0.984232
-2.74591 -2.84182 -0.153588
-2.56027 -2.80018 -0.38352
-2.75272 -1.44274 -0.0464598
-2.04409 -0.142848 -0.351109
0.497738 0.54892 0.0683759
2.84137 -0.220827 0.0857669
2.94795 -1.05164 0.691974
1.7646 -0.122609 0.568396
0.823487 0.391326 -0.198088
-0.140424 0.918274 -0.0244063
-0.322204 0.751454 0.666533
0.707025 -0.215385 0.110305
0.7841 -1.34339 -0.594732
0.130186 -0.897375 -0.234994
-1.30945 -0.761109 -0.700623
-2.35608 -0.887523 -0.389191
-2.14836 -0.166789 -0.448888
-1.77074 0.75538 -0.622359
-1.41899 2.10553 -0.260459
-2.03594 3.40699 0.200422
-2.43951 3.37273 0.332403
-1.67439 3.13017 0.755872
0.250145 2.49635 0.9794
3.037 1.6231 0.75401
4.63823 -0.220137 0.313884
3.97917 -0.278682 0.42844
1.65128 -1.46098 0.391992
0.460779 -2.21665 -0.341008
-0.124332 -2.27244 -0.41976
-0.717986 -1.59334 -0.303044
0.0584242 -0.917368 -0.17589
0.292009 -0.398383 -0.840428
-0.439741 0.56059 -0.470926
-1.3296 0.723139 -0.137684
-0.887864 -0.29661 -0.543266
-0.529396 -0.749441 -0.189617
-0.256708 -0.582053 -0.146232
0.216923 -0.0207417 0.00564766
0.804071 0.79661 0.122442
1.43766 1.69612 0.42312
0.904563 1.57896 0.613016
-0.0517393 0.445987 0.805006
0.385783 0.535584 0.566829
-0.320944 0.503072 0.415133
-0.934594 -0.268727 0.226116
-1.3951 -1.27971 -0.165557
-1.46465 -0.988555 -0.402743
-1.07579 -0.796419 -0.372279
-0.213518 -0.44133 -0.506246
-0.0998755 0.518277 -0.157099
-0.58152 0.703447 -0.0128596
-0.36248 0.374988 -0.0570374
-0.481549 -0.594815 -0.721204
-0.924624 -1.14249 -0.397406
0.156183 -1.02927 0.156121
0.718266 -1.14926 0.121276
0.963751 -1.26107 -0.25074
0.844115 -0.227345 0.157586
0.327181 -0.11533 0.335526
-0.197789 -0.306819 0.37356
0.179769 0.241647 0.323176
0.582004 0.637966 0.0561814
0.461389 0.610385 0.173576
0.790164 0.225032 -0.365259
0.415361 0.367003 0.0861915
-0.171908 1.23305 0.210905
0.764451 1.18984 -0.201813
1.14312 1.46275 0.300613
1.74332 1.01047 -0.135649
0.963442 0.309867 -0.0889901
-0.80657 -0.346308 0.112664
-1.54057 -0.755223 -0.0394865
-1.69539 -1.59461 0.0191505
-1.3893 -1.64104 -0.207988
-0.39125 -1.07332 -0.134548
0.241444 0.177042 -0.303337
0.257946 0.971584 -0.304705
0.553384 0.472145 -0.160101
0.535042 -0.499305 0.0978128
0.665665 -1.14689 0.447264
0.594436 -0.610906 -0.0101372
-0.522362 0.0382279 0.203018
-1.15707 0.424379 0.0657324
-0.911274 0.552578 0.199206
-1.00568 0.775614 0.346035
-1.14311 0.882242 0.0678623
-1.57206 0.912841 -0.0253177
-0.91264 0.821734 0.191696
-0.760759 0.335605 -0.22052
-0.240421 -0.0966713 0.0351913
0.235468 0.753951 -0.443836
0.884334 0.835922 -0.101514
1.42443 0.578176 -0.102288
1.79374 0.0744375 -0.130259
2.18104 -0.948225 0.195578
1.8139 -0.768413 -0.0647037
0.658874 -1.02913 -0.0985839
-0.389292 -2.093 -0.0919131
-1.17219 -1.91783 0.118485
-1.72913 -1.48863 0.036201
-1.19798 -0.861382 0.0205704
-0.754307 0.128343 0.0424273
0.0386992 0.891764 0.175846
0.146891 0.863972 0.0350215
0.406347 0.955447 0.334993
0.935752 0.725112 0.0530839
1.03176 0.478751 0.179168
1.48427 -0.208167 0.0660097
1.32314 0.287453 -0.010576
0.883752 0.759347 -0.0572083
0.417475 1.16 -0.0371622
0.418055 0.898659 -0.400737
0.846342 0.0726919 -0.328646
0.125377 -0.301537 -0.16758
-0.551933 -0.0508562 -0.348047
-1.21025 0.0448459 -0.505858
-2.88684 -0.662483 0.213656
-2.87752 -1.09173 0.228554
-2.04669 -1.60127 0.263884
-0.609199 -1.45155 0.41018
0.936315 -0.740026 0.134103
0.843817 -0.205565 0.522207
0.315577 -0.602959 0.689862
0.155317 -0.945263 0.0940719
0.26091 -0.681603 -0.0740634
0.436654 0.00736034 -0.169306
0.583284 0.823238 -0.575412
0.316538 1.55124 -0.550912
-0.858901 2.18397 -0.362826
-0.869698 1.18813 0.0787226
-0.113652 0.470092 -0.591908
0.564258 0.201339 -0.258956
0.760298 -0.647115 -0.217183
0.130329 -0.522419 0.00759471
-1.18945 -0.00306503 -0.0469856
-1.63787 0.0934892 0.436557
-0.911661 0.453037 0.381191
0.619185 0.102149 0.533575
2.34759 0.0277301 0.298284
2.38847 -0.68462 0.577081
1.2788 -0.891855 0.711572
1.59284 -0.832031 0.345283
1.24045 -0.343426 -0.140327
0.585705 -0.297555 -0.00842838
0.993913 -0.370891 -0.620306
0.883463 -0.605742 -0.937625
-0.25533 -0.375912 -0.482056
-1.28457 -0.19023 -0.136461
-1.59034 0.415409 -0.202676
-1.99562 1.20788 -0.378505
-2.16117 1.3622 -0.0642311
-1.46012 1.22908 0.500419
-0.559724 1.398 0.262321
-0.423147 1.25275 0.283034
-0.0250127 0.904333 0.254759
0.450803 0.331804 0.252242
0.370558 -0.183945 0.523552
0.43409 -0.998119 0.341757
0.52985 -1.09748 -0.257772
0.675955 -0.61122 -0.313584
0.860353 -0.240557 -0.258701
0.12144 -0.320852 -0.189095
-1.31334 -0.511946 -0.139122
-1.44081 -0.679757 -0.376518
-1.45514 -1.12257 -0.618865
-1.28592 -1.50884 -0.173192
-1.3313 -1.46038 -0.0386236
-0.768325 -0.36798 0.439531
0.371153 0.441736 -0.142962
1.42256 1.06025 0.0752438
1.60821 0.78322 0.40327
2.0538 0.063602 0.369227
1.79288 -0.299209 0.158237
1.30179 0.45516 0.254286
0.598819 0.538371 0.228364
0.422737 0.895075 -0.0286969
0.674855 1.14794 0.251428
0.787447 0.684103 0.0235363
0.329362 0.408764 -0.436921
-0.416017 0.184817 -0.177587
-0.959598 -0.0381019 -0.0328757
-0.733525 -0.279239 -0.187224
-0.0559805 -0.766698 0.0861633
0.384122 -0.54378 0.0439509
0.239901 -0.898509 -0.0945368
-0.367851 -1.35109 -0.0932413
-0.510212 -0.974667 -0.277252
-0.524054 -0.91803 -0.130996
-0.693501 -0.497185 0.140285
-0.938945 0.0466233 0.0922716
-0.706364 0.253416 0.306123
-0.347107 1.10125 -0.142697
-0.47965 1.93321 -0.124071
-0.787432 1.74991 -0.342761
-1.03086 1.40571 -0.436078
-1.25261 1.06187 -0.332199
-1.58184 0.273215 0.0226544
-0.851623 -0.514722 0.371975
-0.106486 -0.651854 0.205887
0.35365 -0.348679 0.428421
0.767188 -0.489651 0.389773
0.976355 -0.0290201 0.418007
0.735404 0.320738 0.0754266
0.407859 0.219239 0.0294555
0.293461 0.417051 0.0347173
0.521243 0.500375 -0.0402851
0.799413 0.231974 -0.0336689
1.34109 -0.14876 -0.163168
1.4517 -1.03822 0.201247
1.21758 -1.82582 -0.103992
1.08797 -1.52821 -0.320298
0.419517 -1.16104 -0.401882
0.0375666 -0.434538 -0.296712
0.214036 0.432378 -0.180836
0.469385 1.51146 -0.245349
0.525556 2.56538 -0.0889724
0.417843 1.95656 0.231513
-0.330222 0.916808 0.207821
-1.11207 0.199063 0.37282
-0.503766 -0.734207 0.366427
0.217349 -1.0949 0.592676
0.0977573 -0.374463 0.145079
-0.425556 0.124075 -0.166517
-1.05892 0.177391 -0.0330706
-1.95494 -0.179963 -0.268905
-1.96625 -1.02992 -0.390927
-1.55608 -1.08946 -0.0569547
-0.757908 -0.483396 -0.015307
-0.519427 -0.0815726 -0.518007
-0.20357 0.185953 -0.150111
0.450637 0.169202 -0.0870426
0.619872 -0.538458 0.119315
0.122032 -0.904605 -0.208392
-0.422337 -0.75632 -0.076085
-0.214722 -0.363427 0.065602
-0.259815 -0.00255818 0.147522
-0.301116 0.614335 0.156647
0.560592 0.758997 0.197825
1.11702 0.426031 0.108705
1.54268 0.853909 0.120365
1.54139 0.656531 -0.0345649
1.97425 -0.165782 -0.0831464
0.727808 0.222062 -0.146593
-0.701809 0.80528 -0.0442219
-0.622301 0.843037 0.0303903
0.000572778 0.335699 -0.0169498
0.715984 0.25281 -0.0627875
1.1312 -0.113034 0.00215863
1.60238 -0.279707 0.0896081
1.469 -0.0842016 0.108731
0.554963 -0.176237 0.218906
-0.352386 -0.31714 0.0233561
-1.0985 -0.287529 0.0328122
-1.48502 0.183615 -0.150459
-1.36404 0.773572 -0.236136
-0.94906 0.538902 -0.177777
-0.663428 -0.0131136 0.10987
-0.21447 0.044313 0.0640067
-0.308249 -0.339048 -0.00835786
-0.580402 -0.736551 -0.0945292
-0.626113 -0.959328 -0.0383213
-0.760447 -0.570577 0.00744715
-0.61332 -0.30262 -0.376669
0.213162 0.614954 0.018022
0.469343 0.810811 0.304179
-0.180243 0.96853 0.23802
-0.597204 0.699756 0.0788768
-0.449001 0.156989 -0.0307072
-0.420956 -0.00800907 0.0723352
0.120186 -0.550767 -0.0693089
0.109618 -0.220931 0.21562
-0.154598 -0.307827 -0.122597
-0.14982 -0.721337 -0.263974
0.277267 -1.00375 -0.0621292
0.6747 -1.03825 0.180833
1.02358 -0.810726 0.161792
1.0278 -0.0975857 0.137028
0.668574 0.170441 0.113958
0.785534 -0.163704 0.124026
1.12024 -0.447165 -0.111023
0.99596 -0.364954 -0.269369
0.646217 0.0298367 -0.123852
0.0437137 0.633418 0.174271
-0.0750087 1.07876 0.198604
0.0321975 0.867293 0.103488
-0.289513 0.475506 -0.187526
-0.301426 -0.140487 0.119198
-0.353886 -0.30029 -0.0905709
-0.54247 -0.314762 -0.00358551
-0.882203 0.322184 -0.139821
-0.652176 0.892429 -0.358621
-0.84114 1.04133 0.00604572
-0.312923 0.705356 -0.0666684
0.576769 0.161592 0.19156
0.492565 -0.168014 0.0241304
-0.0677137 -0.561655 0.134273
-0.337205 -0.952482 0.0394785
-0.625432 -1.36522 -0.277875
-0.819101 -1.21 -0.276648
-1.01019 -0.366099 -0.155406
-1.08978 0.455262 -0.059858
-1.22466 0.726208 0.347299
-1.00792 0.348891 0.134669
-0.452784 -0.0375247 0.361869
0.383652 -0.531405 0.322845
1.10252 -0.428704 -0.016097
1.07684 0.61609 0.00464357
0.603076 0.964823 0.120708
0.253715 0.432911 0.0602471
0.546082 0.477224 -0.123514
1.13167 0.391919 0.032233
1.76599 -0.0893455 -0.178625
1.99438 -0.127549 -0.277763
0.973006 -0.28688 -0.013575
-0.297718 -0.470517 0.186456
-1.01885 0.00863655 -0.0558759
-0.740207 -0.0449939 -0.216536
-0.0538239 0.138296 -0.339458
0.139578 -0.244426 -0.253766
-0.172385 -0.599732 -0.0425063
-0.944627 -0.770187 0.239091
-0.602307 -0.318639 0.460612
-0.0893417 0.225702 0.210746
0.357892 0.368599 0.236958
1.05181 -0.0442588 -0.060643
0.864549 -0.322171 -0.235224
-0.355273 -0.357875 -0.0888952
-0.797462 -0.674968 0.161422
-0.918828 -0.737245 0.167663
-1.14848 0.0534507 -0.149163
-0.922144 0.917278 0.118221
-0.425634 1.11455 0.0877854
-0.30686 0.775615 -0.142766
-0.571857 0.786349 -0.212667
-0.434154 0.446976 -0.152317
-0.0835728 -0.137258 -0.125673
-0.249323 -0.269446 -0.00526637
-0.397755 -0.696742 0.174221
0.106904 -1.12847 0.217319
0.730635 -1.12526 0.20357
0.918284 -0.589919 0.0770578
1.19175 -0.141012 -0.0345485
1.00027 0.00221875 -0.0533213
0.585959 0.350836 0.125423
0.381555 0.127386 0.186851
0.37404 0.268001 -0.172174
0.465862 0.613829 -0.257003
0.0478743 0.34131 -0.292356
-0.346551 0.221616 -0.0301027
-0.578933 0.131669 0.101395
-0.0885779 -0.340995 -0.117751
0.341298 -0.410773 0.171623
0.579814 -0.039682 0.109458
0.886427 -0.0965236 -0.117161
0.490168 0.383292 -0.0852834
-0.222679 0.573155 0.0148956
-0.401009 0.643346 -0.12634
-0.422253 0.547812 -0.147034
-0.330843 0.245994 0.0142907
-0.221976 -0.0560885 0.0693338
-0.011932 -0.507944 -0.124195
-0.265322 -0.874923 -0.127202
-0.442635 -0.765242 0.13451
-0.728325 -0.446761 0.276859
-0.876147 -0.429064 -0.136615
-0.907935 -0.124147 0.128521
-0.509993 0.208376 0.279571
-0.523067 0.131789 0.306128
-0.113179 0.459483 0.0862149
0.391509 0.835717 -0.00598646
0.741648 0.592153 -0.215994
0.250426 0.384515 -0.0847244
-0.387183 0.129302 -0.0536618
-0.575212 -0.471795 -0.232053
-0.0048529 -0.458082 -0.0292374
0.543381 -0.224151 0.0783068
1.14672 -0.597451 0.056785
1.22267 -0.659039 -0.203142
0.916519 -0.12755 -0.123404
0.305003 -0.048506 -0.106291
-0.025861 -0.278497 -0.184513
-0.0226391 0.263833 -0.0829212
-0.179276 0.62583 0.153137
0.10878 0.302361 0.0858427
0.44514 0.314944 0.210919
1.01093 0.217252 0.10702
1.4172 0.13861 0.186312
1.00223 0.0528858 0.247767
0.0990706 0.222658 0.0764322
-0.877701 0.230892 0.128723
-1.16009 -0.0190308 -0.178097
-1.19209 -0.538496 -0.0536999
-0.825529 -1.09869 -0.280864
-0.320401 -0.696979 -0.0659782
-0.404055 -0.0192823 0.10454
-0.715233 0.804324 0.112329
-0.879652 1.34166 0.0762027
-0.718574 0.999518 -0.121469
-0.318234 0.460422 -0.00045236
-0.175927 -0.188007 -0.120997
0.147431 -0.542076 -0.312767
0.0306053 -0.841313 -0.140783
-0.296333 -0.712189 -0.185953
-0.51072 -0.162187 0.0332783
-0.259948 0.126805 -0.00114777
0.0538317 0.983925 0.204561
0.172291 1.69087 0.277301
0.393209 1.16793 -0.148385
0.372282 -0.0486804 -0.0890103
0.0887977 -0.593187 -0.113453
0.0626434 -0.939587 -0.0560982
0.294049 -0.936302 0.144464
0.877311 -0.51423 -0.0566407
1.25347 -0.128721 0.191143
0.77311 -0.277017 0.442326
0.433536 -0.662587 0.245322
0.318803 -0.755433 0.0740461
0.592658 -0.767969 -0.165582
1.01907 -0.899431 0.127472
0.978434 0.0310737 0.0637937
0.258663 1.37823 -0.100214
-0.432086 1.71506 -0.271761
-0.64808 1.7753 -0.391546
-0.796365 0.760856 -0.243912
-0.975468 -0.127431 -0.188015
-1.37068 -0.944289 0.10276
-1.49501 -0.733872 0.21904
-0.809742 -0.0713354 0.175057
0.313047 0.074592 -0.0131061
0.79737 -0.406426 -0.126961
0.52154 -0.920594 -0.180644
-0.247635 -0.969891 -0.0602966
-0.826369 -0.95506 0.104538
-1.05972 -0.238755 0.304565
-0.807919 0.560472 0.385072
-0.664876 1.38839 0.278421
-0.504279 0.994948 0.0914783
0.187947 0.769365 -0.312061
0.399065 0.533218 -0.249482
0.312101 0.150236 -0.201136
0.553284 -0.0590064 -0.186255
0.176508 0.0252942 -0.136023
-0.0479609 0.0797174 0.0223695
0.255814 0.0147819 0.129925
0.397745 0.154644 -0.103323
0.390088 0.15638 0.115487
0.579583 0.207336 0.239018
1.29428 0.259414 0.0496961
1.60135 0.208974 0.0478575
1.19939 0.369471 0.0512799
0.247794 -0.027653 -0.023305
-0.307912 -0.223598 -0.0545017
-0.532304 -0.0201395 -0.0155921
-0.435349 -0.142242 0.00921948
-0.32272 -0.769303 0.0668954
-0.434502 -0.936998 0.0769127
-0.408274 -0.307559 -0.0600671
-0.286187 0.0989772 -0.0730358
-0.239349 0.822776 -0.0724886
-0.504719 0.96324 -0.130312
-0.239888 0.320982 -0.188538
-0.0297333 0.0610201 0.0249499
0.373498 -0.271903 0.00885774
0.744423 -0.117504 0.040639
0.392822 0.0984212 0.171541
-0.146549 0.0985722 0.157286
-0.835728 -0.457341 0.00491194
-1.37198 -0.654659 -0.229647
-1.12748 -0.557214 -0.209031
-0.610821 -0.778091 0.0739988
-0.146807 -0.827509 0.0571147
0.282048 -0.258839 0.188362
0.502766 -0.0925278 0.0142688
0.457994 -0.126766 -0.0805813
0.51253 -0.0803389 -0.0809103
0.328635 -0.28038 0.0145835
0.187586 -0.232427 0.0100081
-0.319182 0.0851512 0.0184171
-0.375705 0.459667 0.0135416
0.201721 0.704514 -0.047298
0.630013 0.541571 -0.0879167
0.669351 0.532947 0.077912
0.635795 0.282065 0.145564
0.26429 0.227283 -0.0516163
-0.638182 0.209066 -0.10584
-1.10074 -0.176407 -0.193164
-0.437733 -0.364284 -0.118395
0.0673194 -0.105856 0.0726762
0.762808 0.0513545 0.085249
1.29279 0.253415 0.0310536
1.4357 0.0348997 0.184831
1.33209 -0.234023 0.279406
0.445766 -0.277245 0.0381837
-0.257172 -0.218413 -0.0347293
-0.319421 0.023487 -0.216184
-0.7847 0.57039 -0.0226087
-0.435666 0.682511 0.130786
-0.372419 0.550534 0.0566658
-0.158439 0.470982 -0.0475472
-0.352153 0.284662 -0.180761
-0.522 -0.0815144 -0.173171
-0.486357 -0.456483 -0.205719
-0.174603 -0.388045 0.0226419
-0.25145 -0.2059 -0.0661907
-0.401572 -0.041838 -0.0332905
-0.523859 0.277906 -0.0579355
-0.781534 0.548918 0.20125
-0.601804 0.664538 0.149084
0.00258926 0.420122 0.14689
0.303526 0.241423 0.154195
0.00674092 -0.51444 0.11321
-0.171052 -1.16282 0.0830618
-0.0543309 -1.00141 -0.114129
-0.174423 -1.08801 -0.193924
-0.230549 -0.797184 -0.260716
-0.223795 -0.206949 -0.146112
0.139185 0.0435598 0.138056
0.545263 0.402287 0.117644
0.724527 0.744335 0.133263
0.971168 0.465928 0.0468553
0.829356 0.268885 0.0596753
0.754742 -0.148753 -0.137634
0.932733 -0.548277 -0.134896
0.971265 -0.493847 0.0386413
0.77912 -0.490283 0.263658
0.698227 -0.255873 0.0440312
0.527191 -0.072816 -0.0316569
0.197845 -0.171436 0.223488
-0.311776 -0.221551 0.203667
-0.843097 0.00203208 0.199127
-0.976592 0.357823 -0.132723
-0.918742 0.452304 -0.249114
-0.813099 0.609822 -0.154972
-0.872887 -0.116462 -0.0511433
-0.78809 -0.526734 -0.223623
-0.401888 -0.412878 -0.296727
0.0117138 -0.246145 -0.0163627
0.364015 0.171552 0.181231
0.0761879 0.200047 0.177465
-0.388635 0.376866 0.0564933
-0.58001 0.373166 -0.078819
-0.42736 0.278594 -0.235219
-0.524936 0.349635 -0.199601
-0.566392 0.299779 0.00978283
-0.403516 0.141039 0.0806742
-0.254018 0.497107 0.0340295
-0.133469 0.585067 0.0325009
0.0753604 0.356618 0.180752
0.0207176 -0.00764078 0.0363458
0.271306 -0.543002 0.118201
0.695932 -0.810163 0.0522237
0.898734 -0.46089 0.117151
0.875759 0.34168 0.16331
0.585969 0.537681 0.105124
0.472256 0.449649 0.104746
0.715784 0.0974271 -0.0738068
0.993647 0.00817561 -0.10866
0.926527 0.162273 -0.112829
0.469268 0.1673 -0.0626458
0.111544 -0.184108 -0.114689
-0.21636 -0.477371 -0.0489314
-0.235775 -0.315327 0.0289107
-0.281041 -0.30563 -0.18935
-0.573547 -0.353985 0.0607224
-0.813004 -0.510063 0.129281
-0.71657 -0.793478 0.206838
-0.447708 -0.890407 0.204051
-0.0841124 -0.680769 0.0363301
-0.131126 -0.396635 -0.0278439
-0.141882 -0.236022 -0.0557326
-0.0550126 -0.0956238 -0.0656675
0.0380136 0.149347 -0.173956
-0.1475 0.22249 -0.244953
-0.483188 0.209474 -0.106687
-0.400931 -0.0192983 0.0512892
-0.262228 0.0797598 0.0995919
-0.0519822 0.359561 -0.0448508
0.168915 0.546807 -0.0345382
0.266764 0.225681 0.0600601
-0.207748 -0.19335 -0.00086529
-0.420934 -0.330954 -0.0588734
-0.54588 -0.141916 0.0377304
-0.371436 0.283387 0.123616
-0.106153 0.728525 0.0635956
0.224529 0.904518 0.111563
0.70429 0.579428 0.0995121
1.00664 -0.026322 0.0677586
0.975156 -0.501748 -0.0532444
0.828058 -0.857187 0.0890668
0.735768 -0.831635 -0.134175
0.37151 -0.179898 -0.107703
0.0976585 0.556683 -0.199788
-0.313803 0.811024 -0.115952
-0.609018 1.13622 -0.184405
-0.518811 1.27308 0.0893405
-0.588884 1.0547 0.0847245
-0.570884 0.773127 0.0322896
-0.138131 0.474435 -0.00789543
-0.00699138 0.0232469 -0.00803477
0.00548664 -0.398625 -0.0478725
0.145721 -0.372438 -0.0167789
0.199496 -0.186229 0.136077
0.100603 -0.700442 0.317367
0.208566 -0.916424 0.233644
0.3479 -0.554292 0.124228
0.307308 -0.200984 0.0490971
0.218231 -0.141987 0.0582364
-0.26521 -0.073638 -0.117968
-0.674774 -0.510964 -0.162213
-0.349235 -0.724334 -0.282817
-0.508715 -0.780854 -0.291089
-0.783643 -0.675864 -0.0455084
-0.646534 -0.55853 0.0438988
-0.411925 -0.447094 -0.0232733
-0.0498568 -0.470556 0.0673161
-0.00796248 -0.18916 0.22755
-0.17351 0.207141 0.0298252
-0.00406196 0.478994 -0.069028
0.467721 0.528602 -0.0557391
0.819695 0.511545 0.018153
1.16321 0.528496 0.103729
0.86882 0.410503 0.138752
0.320165 0.130422 0.0422075
0.0955347 -0.116877 0.076844
0.138177 -0.138169 0.0437119
0.0368564 -0.164421 0.0354456
0.0194261 0.0197726 0.00906744
0.0511684 0.238422 -0.206431
-0.102478 0.466082 -0.118963
-0.0740514 0.180382 -0.127161
-0.218724 -0.0704909 -0.0908802
-0.21721 -0.23286 -0.39245
-0.131669 -0.229813 0.18501
0.101529 0.10562 0.289955
0.0871521 0.564616 -0.0435003
0.503037 0.835348 -0.157748
0.933829 0.466176 -0.259809
0.642001 -0.157384 0.00709356
-0.000526172 -0.356837 -0.0504039
-0.702456 0.0336915 0.0986451
-0.712045 0.656707 0.0290491
-0.489427 1.10343 -0.134112
-0.444776 1.03128 0.03789
-0.449476 0.732516 0.214702
-0.501659 0.328865 0.0925505
-0.863518 0.153837 0.103275
-1.10635 -0.0692949 0.10437
-0.999407 -0.38938 0.251687
-0.620784 -0.530845 0.119175
-0.147209 -0.913409 -0.0947069
0.530347 -0.779091 -0.13845
0.90738 -0.653517 0.104779
1.25023 -0.371037 -0.0443516
1.31433 0.1609 -0.0520789
1.21334 0.277662 0.0157738
0.80605 -0.0447876 -0.330452
0.305521 -0.649737 -0.407785
-0.0770901 -0.992604 -0.129688
-0.269345 -0.60602 -0.18148
-0.340068 -0.0665697 -0.137579
-0.11818 0.351446 0.0394609
-0.0557832 0.00775009 0.218597
-0.189905 -0.657556 0.169526
-0.144498 -0.964232 0.321527
0.0912404 -0.679778 0.400557
0.470739 0.36131 0.140482
0.437013 1.08708 0.127406
0.176552 1.03156 0.193737
0.210964 0.650032 -0.108684
0.121008 0.126746 -0.01507
0.344539 0.0462373 -0.0728654
0.384964 -0.0466114 -0.353206
0.000890694 -0.0631474 -0.242869
-0.522039 -0.325241 -0.296946
-1.10722 -0.611961 -0.26459
-1.17602 -0.491395 -0.179681
-1.01777 0.126721 -0.162293
-0.852636 0.78828 -0.0496278
-0.531728 0.844214 0.149976
-0.267142 0.688797 0.371608
-0.165899 0.468091 0.326153
-0.101306 0.000155292 0.240468
0.091956 -0.181398 0.236938
0.38076 -0.293862 0.286754
0.587948 -0.490934 0.138933
0.495032 -0.423182 -0.0303356
0.325242 -0.0915035 0.0386688
0.364244 0.543684 -0.136718
0.352502 0.866209 -0.228344
-0.0092955 0.942817 -0.174508
0.139168 0.706434 -0.294389
0.263869 0.226519 -0.342354
0.105519 0.122788 -0.21788
0.0752632 0.066973 -0.0997011
0.17944 0.217153 -0.0708174
0.15378 0.350062 0.136153
0.0105402 0.0864684 0.124172
-0.0314753 -0.297624 0.327916
0.0251568 -0.610537 0.25698
0.27252 -0.885108 0.344221
0.394236 -0.872393 0.271488
0.0647908 -0.483114 0.0452808
-0.283718 -0.237404 -0.0167451
-0.256586 -0.149793 0.0608733
-0.24518 -0.118004 -0.172941
-0.0193499 -0.416251 -0.144328
0.0458256 -0.646582 -0.187434
-0.381465 -0.638798 -0.324737
-0.905736 -0.389004 -0.241416
-0.902251 -0.186523 -0.188994
-0.461608 0.274607 0.00987327
0.0298842 0.403554 -0.162857
0.22887 0.238848 0.0110423
0.344929 0.298133 0.131929
0.118731 0.197108 0.0853306
-0.357716 -0.00648888 0.22719
-0.400309 0.00372439 0.357407
-0.265694 0.250976 0.320282
-0.152064 0.285196 0.0850187
0.232568 0.357308 0.0900729
0.654433 0.146698 0.0424325
0.794129 -0.171013 -0.13052
0.770801 -0.440779 -0.0691015
0.413352 -0.446941 -0.279736
0.130361 -0.345951 -0.10833
-0.140881 -0.148015 -0.0935093
-0.179025 -0.154022 -0.147527
0.00809003 -0.257075 -0.0257066
0.348144 -0.268586 0.0122099
0.336315 0.0491286 -0.0672132
0.182996 0.322528 0.0357661
0.0050392 0.48812 0.0322892
-0.253349 0.717756 0.0823974
-0.402127 0.676482 0.00231406
-0.293757 0.528786 0.0144266
-0.228527 0.423635 0.184357
-0.0571276 0.311042 0.204221
0.0954182 0.20088 -0.00888141
0.173694 0.0614091 0.124634
0.190004 0.231226 0.0753178
-0.246181 0.137636 -0.0525014
-0.353392 0.103828 -0.149029
-0.316399 0.0483713 -0.162077
-0.272072 -0.211775 -0.261897
-0.0630386 -0.144368 -0.155162
0.018465 -0.108729 -0.162119
-0.228948 -0.112129 -0.0503025
-0.460759 -0.109468 0.150363
-0.2554 -0.343816 0.13057
-0.105658 -0.722679 0.177668
0.196565 -1.04571 0.199895
0.415166 -1.04785 0.0942599
0.444867 -0.896572 -0.0307425
0.0267199 -0.560231 0.0803258
-0.155492 -0.0937956 0.0851352
0.0536194 0.181514 0.0279402
0.397999 0.464283 0.134638
0.695807 0.600488 -0.00879173
0.847502 0.523804 -0.0319989
0.60721 0.241638 -0.038074
-0.00437491 0.1309 -0.204943
-0.231631 0.00247219 -0.046128
-0.158686 -0.162188 -0.176625
-0.138547 0.00708382 -0.236851
-0.250905 0.00701248 -0.111447
-0.143644 -0.298036 -0.160484
-0.386396 -0.314786 -0.136048
-0.372709 -0.302088 0.00290165
-0.0481083 -0.183225 0.193555
0.129081 0.123571 0.185737
0.289995 0.451444 0.0851161
0.347298 0.501288 0.248891
0.25484 0.0955388 0.091375
0.0786568 -0.330593 0.0249295
0.0861277 -0.447437 0.0835633
0.00787071 -0.402059 0.0891672
-0.0727149 -0.243022 0.027162
-0.271821 0.154312 0.16881
-0.56598 0.355877 0.0804179
-0.651926 0.556709 -0.0577274
-0.50703 0.732213 -0.206367
-0.318418 0.95067 -0.218208
-0.162622 0.873698 -0.131552
0.0666589 0.504384 -0.208815
0.384243 0.23541 -0.168503
0.339198 0.196781 -0.073577
0.110559 -0.0196152 0.0137765
0.15269 -0.169807 0.00756228
0.105634 -0.10058 0.0753806
0.184953 -0.530938 0.0147695
0.406368 -0.784347 0.138705
0.287945 -0.722082 0.0733719
0.0528737 -0.68945 0.103044
-0.160355 -0.566215 0.0813295
-0.420337 -0.318905 0.0975416
-0.367341 -0.123957 0.129879
-0.217819 -0.0446366 0.125722
0.170257 0.110009 0.0580314
0.415439 0.218074 -0.0143719
0.342239 0.158198 -0.113891
0.320483 0.0304297 -0.150977
-0.0156619 -0.0525407 -0.0909134
-0.103241 0.0390582 -0.178478
0.0778908 0.285259 -0.138098
0.298039 0.421948 -0.0869732
0.309457 0.420875 0.00553857
0.147011 0.40372 0.0248709
-0.125224 0.0298165 0.0363505
-0.277428 -0.264837 0.1208
-0.276386 -0.382376 0.120115
-0.0232875 -0.374101 -0.0181251
0.138782 -0.107125 0.00678268
0.168892 -0.117465 -0.0337039
-0.199828 -0.215862 0.106015
-0.575409 -0.107099 0.135939
-0.524798 -0.243755 0.0392493
-0.376979 -0.342768 0.161595
-0.326513 -0.363811 0.0645803
-0.0272209 -0.326132 -0.0312038
0.131193 -0.232889 -0.12706
0.0830578 0.0375898 -0.203087
0.0834975 0.405939 -0.176797
0.00149994 0.720662 -0.243655
-0.159295 0.941296 -0.27536
-0.127157 0.916691 -0.0880144
-0.0425401 0.670527 -0.0404106
0.124806 0.274035 0.0991985
0.260943 -0.154511 0.118286
0.139165 -0.42931 0.13835
-0.0938091 -0.266372 0.172038
-0.2227 -0.0332606 0.12684
-0.175118 0.121889 0.207327
0.204278 -0.0442657 0.189754
0.435229 -0.190364 0.187682
0.380725 -0.0561834 0.125937
0.202439 0.0381597 0.0643546
0.105533 -0.0168256 -0.126879
