0.00215152 -0.00236056 0.00955747
0.00461837 -0.00433071 0.0132466
0.0135637 -0.01081 0.00774967
-0.00432289 0.0124383 -0.00858238
0.00992955 0.054399 -0.0226082
-0.00180826 0.00557125 0.0345131
-0.019528 0.0125906 -0.028341
-0.0204075 -0.0144522 0.00289878
-0.0235777 -0.0833462 0.067137
-0.0649899 -0.0214177 0.00524882
0.0120566 0.00674264 -0.106803
0.00426241 0.0409006 0.0169457
0.0358069 -0.0258426 -0.0423836
-0.00925536 0.0521591 -0.0431871
-0.0558905 0.0992143 0.0220296
-0.0339421 0.0434903 0.0981127
0.0519632 -0.0114783 -0.0133285
0.0127725 -0.0338784 -0.0475796
0.0188022 0.00974697 -0.0139072
-0.0106587 -0.0171074 -0.0105118
-0.015162 -0.00315963 0.00683231
-0.0094867 -0.0127816 0.00493836
-0.0449465 -0.0586351 0.025063
-0.031793 0.0160207 0.043098
0.045719 0.085007 -0.0441623
0.0302167 0.0719795 -0.0512191
0.0252089 0.0134736 0.0859256
0.060225 -0.0665608 0.0848772
0.0227119 -0.035384 0.0696023
-0.0192388 0.00686574 0.119404
-0.0240309 0.0070103 -0.00685212
0.0520678 0.0250445 -0.0790251
0.100765 0.0288343 -0.0880969
0.0134462 0.0424929 -0.11493
0.026121 -0.0528311 -0.0296227
0.0134676 -0.086304 -0.0474943
-0.0409814 -0.0909765 0.0248699
-0.0304207 -0.0846323 0.00996012
0.0117106 -0.0231796 0.0645376
0.040536 0.119634 -0.14898
0.0725215 0.124689 -0.170465
-0.00932361 0.0628579 -0.0691156
-0.0551229 -0.0136268 0.0657981
-0.0278374 -0.0438603 0.165938
-0.0519714 -0.0300271 0.11417
-0.0300651 0.0815019 0.216019
-0.0215126 0.0416854 0.147654
0.0110167 -0.0018084 0.0791756
0.00671115 0.0652724 -0.0143103
-0.0261097 0.0410679 -0.162247
-0.00695107 -0.017649 -0.0615383
0.00885901 -0.0152667 -0.0613624
0.0236241 -0.0199094 -0.0618592
-0.029068 -0.0557017 -0.135995
0.0375995 -0.0274423 -0.181142
0.0484005 0.0375382 -0.131032
0.036386 -0.0305981 -0.0270605
-0.0276625 -0.0576599 -0.00668839
-0.027001 -0.0197775 0.0775641
-0.0417895 0.0866655 0.14595
-0.00381832 -0.00753328 0.167237
0.00673668 -0.092617 0.117266
-0.00637545 -0.064275 0.0909714
0.0399393 0.0430796 0.04003
0.0805812 0.040728 0.058044
0.00766478 0.0318981 0.00892571
-0.0421929 0.0122526 0.0686951
-0.0441 0.00508664 0.05591
-0.0244774 -0.0272185 -0.0380271
-0.00295045 0.0234434 -0.197952
0.0113505 0.0307532 -0.139335
-0.014619 -0.0311739 -0.237629
0.0293315 -0.004684 -0.189723
0.00375679 0.0619272 -0.0976997
-0.0281593 0.0198261 0.109013
-0.0146214 -0.0598855 0.0978669
-0.04424 -0.023233 0.0707402
0.00379741 -0.0417485 0.273557
0.0147275 -0.0984662 0.0906422
-0.0109725 0.00703484 0.139218
-0.04098 0.0103549 -0.023755
-0.0634047 -0.0324125 0.0569664
-0.0690546 -0.101121 0.102839
-0.0754073 -0.0698897 -0.0670845
0.00213797 -0.0823246 -0.182971
-0.00646421 -0.0389567 -0.0896463
0.0203733 0.00976459 -0.12847
0.0218624 0.064359 -0.0566332
0.0120122 -0.0193692 -0.0170207
-0.0691857 0.0157884 -0.106255
-0.0142026 0.033978 -0.195612
0.0693774 0.000241606 -0.0296354
0.00566806 0.040123 0.0289517
0.0149262 0.0783325 0.107229
0.0456146 0.0916141 0.104674
0.0717213 0.0485304 0.189594
-0.0171915 -0.00789097 0.132487
-0.0111045 -0.030477 0.118638
0.0912676 0.0556038 0.16704
0.0577798 0.112816 0.0891882
0.0725837 0.0357745 0.0282855
0.037144 -0.0376669 -0.058641
-0.0399771 -0.067383 -0.0633427
-0.0687141 -0.131727 -0.222803
0.057613 -0.0677384 -0.320434
0.0949876 0.0855789 -0.27346
-0.0041463 -0.0122832 0.0777423
-0.0275164 -0.0391197 0.150947
-0.0297169 -0.0410715 0.108948
-0.0507758 -0.112498 0.144326
-0.075577 -0.112104 0.0788453
-0.0201992 -0.104481 -0.0708741
-0.0240998 -0.0153422 -0.0434265
-0.0153638 -0.0120934 -0.0504146
-0.0392003 -0.020426 0.00136949
-0.0820057 -0.0208111 -0.0802103
-0.114792 -0.0514256 -0.0893216
-0.0267791 -0.0756887 -0.00821773
0.0305213 0.0050432 0.0514164
0.125986 0.0577968 -0.105355
0.0646459 0.026294 -0.0960309
0.0259967 0.0613198 -0.0499506
0.0238242 0.0525617 0.239089
0.0552726 0.0296771 0.11805
-0.00778746 -0.0187119 0.16009
0.0501 0.0718833 0.102968
0.0694072 0.110804 0.016006
0.113848 0.0801681 0.0310685
0.00286266 0.0236261 0.175521
-0.0319913 0.0449269 0.13923
0.00842189 0.0847454 -0.0536051
0.0624611 0.0510915 -0.229906
0.0127073 -0.0771381 -0.186382
-0.0333552 -0.0409016 -0.284008
0.0316765 -0.0117463 -0.13918
0.0676065 -0.0367244 -0.0743031
0.0181663 0.0158163 -0.0437939
-0.0356456 0.0357585 0.0945032
-0.0110072 -0.0266655 0.000485203
0.00756183 -0.0170706 0.134922
0.0189879 -0.0315106 -0.00555207
-0.0272839 -0.0749851 0.162365
-0.0563616 -0.0553572 -0.114727
-0.0952643 -0.0635072 0.0652715
-0.0644437 -0.0878521 0.0117055
-0.0883276 -0.00499035 0.133117
-0.0314222 -0.0182611 0.0876706
-0.0186432 0.0455598 -0.0588152
0.0253081 0.0681199 0.0390681
-0.0410713 -0.0641748 0.068249
-0.0323304 -0.0900103 -0.0157546
0.0374982 -0.0717483 -0.0904845
0.0700714 -0.0449906 0.0640019
0.0469517 0.0301941 -0.0579314
0.0413015 0.0776252 -0.0790058
0.0421187 0.0564274 -0.233169
0.00810884 0.0308467 -0.116722
-0.0266344 -0.0856415 0.00133081
-0.0423796 -0.0768195 -0.124801
-0.0129524 0.0145907 0.0247354
-0.039922 -0.0678314 0.364626
-0.0928811 -0.0439234 0.160981
-0.0840565 0.0343615 0.0746534
-0.0545011 0.125814 0.0812487
0.0392712 0.136114 -0.106857
0.0790054 -0.00537783 -0.270823
0.0143136 0.0179719 -0.0265837
-0.0365801 0.00663455 0.246094
-0.00449039 -0.00916253 0.0935857
0.0603204 0.0533413 0.0468963
0.0770295 0.0974798 -0.0595194
0.0199138 0.0850106 0.0106516
0.0783821 0.0553492 -0.154959
0.0715127 0.0670941 -0.215374
-0.0311768 -0.015934 -0.113357
-0.113138 -0.0297747 0.0969514
-0.0308948 -0.0421289 0.293352
-0.0787855 -0.0818488 0.0773477
-0.00593924 -0.0710105 -0.123256
-0.0593724 0.0726259 -0.102233
-0.045373 0.1298 -0.0933214
-0.0044317 -0.0123715 0.0340741
-0.0206219 -0.141511 -0.00538641
-0.0775252 -0.013723 0.161596
-0.0383599 0.0475139 0.125379
-0.0886752 -0.0839735 0.0994092
-0.0613444 -0.0785644 -0.11884
0.0050841 0.0369144 -0.0546157
0.0409353 0.0630501 -0.0939588
0.0183899 -0.0395136 0.14814
-0.0328689 -0.0959345 0.0411781
-0.111776 -0.0611567 -0.0202082
-0.0523722 -0.0205828 -0.178638
-0.021109 0.0169098 -0.256256
0.069726 0.0591871 -0.208823
0.0770656 0.040757 -0.034688
0.0129675 0.0506535 0.0282926
0.0224966 -0.000458419 0.153869
-0.0599309 -0.0414199 0.228469
-0.0244374 -0.0111399 0.209627
0.0184766 0.0342944 0.202071
0.124689 0.0131459 0.031095
0.112471 0.0386169 0.0320714
0.0656669 0.0164019 0.189003
-0.042291 -0.0311408 0.151555
-0.0310604 -0.0822552 0.04089
-0.0455009 -0.000761688 -0.151056
0.0433857 0.12628 -0.242418
0.076532 0.15928 -0.201449
0.0400707 0.049425 -0.284506
0.0135757 -0.0302341 -0.211189
-0.0459261 -0.0780414 -0.0540396
-0.12637 -0.00272951 -0.00894474
-0.0496186 -0.0233215 0.0966768
0.00544838 0.0383391 0.0636977
0.0311636 0.0438308 0.0752254
0.0661673 0.0667122 0.123443
0.00308608 0.0656595 0.00931713
-0.0642331 -0.00387785 -0.217792
-0.0118337 -0.0722597 0.143661
0.0157376 -0.0921293 0.0826656
-0.0111303 -0.0224097 0.110041
-0.0475574 0.0360903 0.0516567
-0.00516487 0.0995106 0.142342
0.0212859 0.0986674 0.102486
-0.0543369 -0.0421589 0.0917764
-0.0319788 0.0732438 -0.0475416
0.000456584 0.105819 -0.0595867
0.0503644 -0.00737641 -0.130939
0.071174 -0.0921515 -0.182554
0.0112844 -0.0168578 -0.210176
0.0233756 -0.00827372 -0.0981757
0.0409177 0.0480567 -0.124821
0.165189 0.0176287 -0.0286317
0.0846636 0.0279636 0.0249349
0.0629077 0.100074 0.111126
0.0999622 0.0192854 0.0843415
0.0892567 -0.027919 0.196527
0.0662336 -0.0229068 0.0155237
0.0303629 -0.0398992 0.104294
-0.0325178 -0.00732706 -0.0908132
0.0426482 -0.0310548 -0.00498263
0.0190114 0.0277291 0.103922
0.0186094 0.0663665 0.121913
-0.0253003 -0.00853856 0.123549
-0.0364605 -0.00650929 -0.0861641
-0.0264181 0.106964 -0.0246666
0.00737176 -0.0316554 -0.0845123
-0.0578194 -0.106329 -0.181374
0.0104831 0.0306319 -0.140646
0.0747317 0.0512436 -0.0633666
-0.00199788 0.0274385 0.14227
0.0137787 -0.0248602 0.0542461
-0.00395896 0.0119271 0.0892729
-0.00919962 0.0565187 0.0464263
-0.0044712 -0.040155 -0.0216692
-0.0176094 -0.133219 -0.159643
-0.0490071 -0.0336848 -0.151449
0.0372608 0.0288631 0.211609
0.051935 -0.0302969 0.173115
-0.0538163 0.0011586 0.186206
-0.0657962 0.0468345 -0.0476791
-0.0215293 0.0228129 -0.256945
0.120382 -0.0128824 -0.156023
0.110933 -0.0403308 -0.162418
0.117489 0.071508 -0.150628
0.0337239 0.0304088 -0.123189
-0.0745899 0.132816 -0.00137941
0.0568691 0.157677 0.0662191
0.091364 0.0688886 0.108916
0.0728315 -0.0488132 0.188256
0.112105 0.0606628 0.144095
0.125839 0.0114834 0.103498
0.00562225 0.022631 0.165822
0.0851468 -0.0467614 0.178807
-0.0352929 -0.0787479 0.153762
-0.0760636 0.0574499 0.0202147
0.00696133 -0.0244763 -0.105224
-0.0481549 -0.15649 -0.231204
-0.0711784 -0.0655813 -0.31416
-0.05095 -0.135823 -0.186981
-0.100777 -0.103778 -0.276959
-0.0608662 0.0247038 -0.154877
0.00116639 0.0246868 -0.0110521
-0.150502 -0.0485999 0.148229
-0.0478055 -0.00072104 0.384595
-0.0968401 0.0388481 0.0557198
-0.0707613 0.132938 0.0933307
-0.0408342 0.0947482 0.114422
0.00753459 0.04519 -0.014461
0.0351994 0.031075 0.177738
0.030232 0.00733924 0.125546
-0.0770316 0.12449 0.0385395
0.00292882 0.236926 -0.185174
0.0263377 0.159513 -0.0134503
-0.0262059 -0.0290597 -0.0287086
-0.0153122 -0.0690626 -0.119995
0.0140135 -0.0179951 -0.14316
-0.0763263 -0.0643111 -0.0218731
-0.0499407 -0.171641 -0.00376677
-0.163652 -0.251575 -0.0311249
-0.161464 -0.131804 -0.147472
-0.204521 -0.135056 -0.0567661
-0.0779856 -0.122253 -0.0590757
0.0382615 -0.0399363 0.0580807
0.0191907 -0.156431 0.0480998
-0.104967 -0.278977 0.121343
-0.0727599 -0.122787 0.108029
-0.0600795 -0.0320811 0.184529
-0.078647 -0.0469001 0.109644
0.0744702 0.0568942 0.233108
0.133981 0.012839 0.121963
0.0395464 0.0979162 0.00587082
0.0123995 0.139267 -0.142691
0.0553611 0.0353294 -0.10795
0.0603116 -0.043893 -0.158019
0.0577753 0.0363456 -0.0724619
-0.0446619 0.217456 -0.0989507
-0.041585 0.285832 -0.11146
-0.0143561 0.0638828 -0.019493
-0.0871137 -0.0159092 0.0227892
-0.110973 -0.0761411 -0.0874924
-0.0572342 -0.118209 -0.0266568
-0.112743 0.0875569 0.0192521
-0.117914 0.00838471 0.133336
-0.204336 -0.0370999 0.194942
-0.170122 0.0452388 0.221302
-0.0234792 -0.0562081 0.0977028
-0.0162963 -0.243244 -0.113961
-0.0178493 -0.126658 -0.145834
0.025768 -0.121515 -0.516779
0.116282 -0.0576418 -0.06936
0.107458 0.0193767 -0.0803994
0.0351728 -0.0325198 0.243749
-0.0702538 -0.0477578 0.270709
-0.0735981 0.0917204 0.125646
0.065405 0.177919 -0.0680671
0.183288 0.118281 -0.112319
0.223787 0.0782128 -0.153084
0.116992 -0.0532975 -0.0314212
0.141159 -0.0836329 0.11524
-0.00511072 0.0182561 -0.110691
-0.123076 -0.017346 0.0695526
-0.00366416 -0.0730053 -0.060929
0.131063 0.00916533 0.114311
0.156437 0.0930911 0.139723
0.231715 -0.0202251 0.205567
0.0463733 -0.168731 0.260973
-0.0303038 -0.179406 0.32051
-0.0481584 -0.133763 0.0152153
-0.0214055 -0.176801 -0.0188689
0.0204381 -0.000131377 -0.316662
0.0847176 0.0596483 -0.40583
0.0913934 0.0143114 -0.318112
0.0476126 -0.184516 -0.338552
-0.0992188 -0.156651 -0.118829
-0.238472 -0.111351 0.084989
-0.188597 0.0211537 -0.0815743
0.0132983 0.0309366 -0.173424
0.114087 0.00911261 0.00699078
0.073661 0.117782 0.0657894
0.0796841 0.228779 0.33302
-0.00321644 0.0271711 0.134834
-0.0865265 0.0305531 0.543605
0.0447326 0.107038 0.517802
0.138322 0.0336713 0.30364
0.0758385 0.083722 -0.249347
0.276983 0.159845 -0.282117
0.203041 0.106914 -0.242225
0.0929539 0.0378436 -0.198668
0.143039 0.0683441 -0.131239
0.0246279 -0.094742 -0.45614
0.00513273 -0.0355026 -0.216069
0.132584 -0.0246665 -0.293747
0.105003 -0.125579 0.113854
0.0196643 -0.160829 0.0821222
-0.00236331 -0.0151345 0.21029
-0.154068 0.0256547 0.118458
-0.249764 -0.148949 0.21406
-0.140198 0.0177177 0.237707
-0.108057 -0.00216686 0.147852
0.0293582 -0.256825 0.00974088
0.0875365 -0.0664203 -0.135824
0.0897127 0.165001 0.12504
0.0514364 0.0742258 -0.0470333
-0.062457 0.177062 -0.138383
0.134815 0.100117 -0.234354
0.00720418 -0.0629579 0.012676
0.0694125 -0.177763 0.105277
0.137 -0.0602928 0.415957
0.0886544 -0.0158925 0.0360871
-0.0526098 0.080264 0.104034
-0.143776 0.0896288 -0.137928
-0.0747648 0.130338 -0.0325905
0.0192948 0.0626922 -0.242625
-0.137924 -0.146048 -0.648343
-0.107483 -0.113184 -0.492522
-0.00405045 -0.0220138 0.147775
-0.0865643 -0.0194644 0.0647195
-0.107155 -0.0215942 0.0833682
-0.13863 0.112481 -0.146452
-0.0383368 0.136552 0.550167
0.0491893 -0.00419464 0.295547
0.0940888 -0.0613212 0.360685
0.0234596 0.0226904 0.199377
0.133111 0.0562679 0.652887
0.107133 0.172179 0.28278
0.13346 0.135985 0.283713
-0.0879207 0.0528996 -0.63225
-0.197873 0.0213237 -0.402737
-0.103481 0.169502 -0.696811
0.127111 0.178146 -0.848418
0.02248 0.123777 -0.515911
0.0735811 -0.0993413 -0.0268146
-0.0282467 0.00379903 0.449718
-0.253273 -0.0806367 0.415413
-0.368984 -0.0565913 0.312465
-0.157487 0.0501672 0.180866
0.0800188 -0.0215308 0.0334645
0.216965 -0.00124387 0.504084
0.231321 0.0283453 -0.202938
0.0564956 0.0812026 0.00185627
0.0078426 -0.0424781 -0.0855102
-0.091029 0.0126628 0.216903
-0.148762 -0.266315 0.255029
-0.0354072 -0.288274 -0.0708843
0.170007 -0.0273562 -0.0538955
0.210735 0.110541 0.209679
0.0177622 -0.0183304 -0.0315717
-0.254094 -0.0175227 -0.0829601
-0.200395 -0.0649248 -0.579069
-0.203071 0.0927415 -0.32639
-0.119568 -0.155255 -0.209886
-0.3088 -0.147537 -0.285026
-0.218848 -0.0121847 -0.144634
0.00568103 0.150793 0.0272937
0.183782 0.307109 0.187388
0.0316699 0.383361 0.529116
-0.0687145 0.195899 0.704685
-0.16232 0.029396 0.120692
-0.140939 0.0122744 -0.043666
-0.0846033 -0.0558457 -0.091294
0.103989 -0.192994 -0.408633
0.168449 -0.0749924 -0.20065
0.167686 0.00305541 0.451008
0.173798 0.324453 0.0780972
-0.00278854 0.327289 0.299093
-0.10767 0.023604 -0.118142
-0.060451 0.237484 -0.228798
0.0138335 0.21985 -0.0204501
0.125001 0.0154623 -0.238637
0.0540984 -0.27371 -0.295549
-0.113853 -0.182162 0.379118
-0.138917 -0.212475 -0.104679
-0.208111 -0.169012 0.0590841
-0.26822 -0.222095 -0.0594918
-0.221268 -0.0491424 -0.443622
0.00181547 -0.0916468 -0.288762
0.0558294 -0.34447 0.107083
0.146397 -0.119448 -0.19564
0.140206 -0.196033 -0.12383
0.110112 -0.131662 0.0893075
0.103304 0.216232 0.720187
0.117209 0.174263 0.445431
0.167789 0.246547 0.301838
0.179455 0.317222 0.366942
0.307427 0.0834276 0.581277
0.0940618 0.0124313 0.450512
0.00355135 -0.144057 -0.195213
-0.123567 -0.185797 -0.226686
-0.294903 0.05896 -0.331467
-0.0740934 0.264852 -0.574212
0.0755084 0.184827 -0.664359
-0.0793035 0.125496 -0.980705
0.0396551 0.128743 -0.412493
0.121509 0.0342216 -0.281868
0.11539 -0.288309 -0.2222
0.0883919 -0.339189 -0.181615
0.14454 -0.0296498 0.513416
0.211469 0.156654 0.151375
0.274345 0.0566854 0.602343
-0.0227829 -0.00809064 0.401949
-0.151517 -0.118345 0.770805
-0.0459769 -0.115771 0.697004
0.0729948 -0.0406552 0.585487
-0.0861719 -0.0044108 0.254686
-0.0837034 0.000889705 0.158916
-0.10918 -0.106929 -0.449949
-0.107726 0.101437 -0.679751
-0.250314 0.211922 -0.708855
-0.157995 0.0504466 -0.747111
-0.0131715 0.152487 -0.288905
0.279559 0.187615 -0.752582
0.0952532 0.00335765 0.0632484
0.0840569 -0.27315 0.0182811
-0.0738806 -0.303197 0.542029
0.202734 -0.142846 0.146225
0.297941 0.276 0.298051
0.554287 0.238534 0.204589
0.458319 0.0855573 0.282519
-0.0642387 0.0102696 -0.253477
-0.258865 -0.0593859 -0.197118
-0.3339 -0.145516 0.163977
-0.378896 -0.254819 0.615749
-0.247473 -0.117546 0.579103
-0.1631 0.247533 0.337388
-0.120302 0.406696 0.12718
-0.101704 0.0606801 -0.0189278
-0.337384 0.0887918 -0.520742
-0.0810983 -0.15322 -0.0911964
-0.0304896 -0.258211 -0.368907
0.319604 -0.182779 -0.321353
0.702827 -0.190985 -0.114552
0.34744 0.0734638 -0.31146
0.125208 0.117317 -0.46357
0.235428 0.133818 -0.672085
0.075976 -0.109304 -0.0997816
-0.0745593 -0.505602 0.0606915
-0.240532 -0.558075 0.206747
-0.167352 -0.139288 0.233401
-0.0359111 -0.0862765 0.59088
-0.428266 -0.0935538 0.818678
-0.334578 0.134753 0.693393
0.00927986 0.173209 0.47352
0.130223 -0.0629357 -0.163862
0.151897 -0.235729 0.108489
0.297659 -0.348142 0.284535
0.215658 -0.207214 -0.483652
-0.0823221 -0.143492 -0.391335
0.099182 0.0319308 -0.895101
0.267755 0.272164 -0.606338
0.0716639 0.194195 -0.757996
-0.0273395 0.450582 -0.733614
0.00420948 0.507014 -0.253868
0.107432 0.516188 0.201552
0.0982591 0.624078 0.551377
-0.0413193 0.538041 0.350936
-0.116849 0.377439 0.261087
-0.0995287 0.101118 -0.0825363
-0.0626578 -0.05856 0.227646
-0.176394 -0.204978 0.473227
-0.242602 -0.137913 1.00981
-0.0294234 -0.184445 1.11115
-0.0274586 -0.122419 0.498035
0.0491021 -0.306579 0.535837
0.133095 -0.403507 -0.784188
0.0903731 -0.2867 -0.648406
-0.00614885 -0.256943 -0.788797
-0.193036 -0.38661 -0.415731
-0.0474877 -0.171487 -0.657425
0.0467708 -0.156678 -0.270238
-0.0757116 -0.111147 -0.515301
-0.350746 -0.315154 0.382849
-0.533057 -0.305481 0.0658607
-0.406061 0.0551559 -0.0672769
-0.109453 0.305066 0.196387
-0.231218 0.479882 0.391287
-0.0311002 0.524409 0.378071
0.0383368 0.265997 -0.194964
0.214746 0.261778 -0.280923
0.137295 0.584467 0.313192
0.226606 0.13206 -0.0801939
0.156467 0.210026 0.119985
0.316067 0.212154 0.315289
0.0959248 -0.198269 0.17017
-0.178115 0.010981 0.27352
-0.0222118 0.224198 0.468533
-0.051497 -0.427704 0.481018
-0.362939 -0.946846 -0.450453
-0.487808 -0.582176 -0.00474272
-0.279748 -0.0228239 -0.273262
-0.0574384 0.185556 -0.393573
0.233732 0.0904731 -0.349406
0.217644 0.196995 -0.456046
0.437928 0.143445 -0.189635
0.332761 -0.264761 -0.0471325
0.120728 -0.478958 -0.269862
-0.024012 -0.523032 -0.294287
-0.120081 -0.570314 -0.468549
0.144428 -0.03742 0.264645
0.351696 0.0875626 0.127162
0.00496335 0.121713 0.88616
-0.370551 0.178779 1.01953
-0.442442 0.157692 1.44974
-0.452986 0.213918 0.761475
-0.533769 0.190497 -0.273646
-0.369825 0.308081 -0.0490561
-0.0455604 0.228466 -0.591307
0.0662548 -0.0109525 -1.48522
0.101019 -0.116682 -1.13093
0.0167208 0.169709 -0.185356
0.276444 0.317553 -0.810427
0.352334 -0.0423702 -0.141413
0.374459 -0.0257919 -0.6182
0.465233 0.314478 -0.134179
0.828342 0.342508 0.0856345
0.810583 0.0302823 0.475194
0.549934 0.110901 0.415957
0.179776 0.173796 0.74148
0.00413452 0.571678 0.607748
-0.163889 0.546551 0.437648
-0.189666 -0.237554 0.889808
-0.384298 -0.408495 0.769793
-0.57285 -0.203758 0.505354
-0.414357 -0.0707705 0.347671
-0.465713 0.107097 -0.12439
-0.510625 -0.294152 -0.483732
-0.357263 -0.897439 -0.598711
-0.0200457 -0.534861 -1.59098
0.117217 -0.0842131 -1.03336
-0.0579801 0.187893 -0.781701
0.0700954 0.26623 -0.907301
0.43498 0.19238 -0.119761
0.614836 -0.0053299 0.0757516
0.354403 0.0105925 0.3426
0.0795831 -0.593143 0.969797
-0.394163 -0.489324 0.757182
-0.415344 0.175911 0.967553
-0.513601 0.235551 0.434459
-0.436888 0.274996 0.55813
-0.10986 0.347459 0.250773
0.150598 -0.0307681 0.694388
-0.163662 -0.0616228 0.613546
-0.15743 -0.213221 0.116817
-0.2364 -0.214814 -0.887422
-0.34268 -0.262891 -0.890693
0.303888 -0.401141 -1.00329
0.644476 -0.370929 -0.765612
0.67868 -0.193321 -0.25819
0.72058 0.0496292 -0.2689
0.684801 0.239244 0.198532
0.659487 -0.0861924 0.259028
0.669779 -0.541813 0.397024
0.603829 -0.365436 0.282236
0.3672 -0.215654 -0.121334
-0.0608696 0.263242 -0.482685
-0.0504954 0.753441 0.190714
-0.505582 0.937893 0.170685
-0.599982 0.790156 0.514186
-0.591987 0.158317 0.0524311
-0.560558 0.181001 0.315568
-0.714035 0.330817 -0.149165
-0.633924 0.331885 0.147285
-0.66855 -0.0173462 -1.18683
-0.439016 -0.292716 -0.357744
0.0225774 -0.133765 0.0295622
0.408912 -0.133366 0.530862
0.626387 -0.333269 0.032275
0.669379 -0.320848 0.433101
0.562421 -0.142695 -0.044475
0.195144 -0.466434 0.195906
0.281173 -0.767854 -0.901622
0.398163 -0.489539 -0.184484
0.766789 -0.0245326 -0.372739
0.367647 0.0940909 0.0562385
0.205437 -0.0910906 0.514897
-0.0134042 0.324669 0.224104
-0.216877 0.496852 0.0624231
-0.374696 0.567379 -0.653517
-0.683712 0.464165 -0.523665
-0.473895 0.457087 0.491318
0.0363172 0.217836 0.139082
0.0208908 0.280506 0.493751
-0.0912971 0.41267 0.444299
-0.241584 0.408532 0.537816
-0.422992 -0.0341692 -0.0070988
0.0309064 -0.119867 -0.248753
0.454675 -0.0200476 -0.301106
0.546437 -0.335477 -0.577599
-0.176814 -0.735784 0.0206165
-0.582049 -1.03505 0.712503
-0.412468 -1.09765 0.646803
0.136176 -0.672004 0.00357989
0.261981 -0.669425 0.193702
-0.0786019 -0.708915 -0.187992
-0.521324 -0.678895 -0.00264525
-0.395721 -0.677667 -0.322052
-0.523539 -0.487801 -0.306499
-0.407544 -0.0328243 0.32123
0.0495809 0.198929 -0.00931633
0.552295 0.907667 -0.0607992
0.377113 0.902003 -0.519327
-0.101106 1.12543 0.039315
-0.241837 1.18231 0.183409
0.051337 1.26412 -0.246261
0.237819 1.09545 -0.0211174
0.319932 0.671818 -0.369129
0.179586 0.830902 -0.223783
0.0069709 1.10458 -0.481099
-0.127589 0.978609 -1.15507
-0.43705 0.766154 0.0257645
-0.687672 0.459674 0.924862
-0.389382 -0.401195 1.14593
-0.488838 -0.977151 0.798266
-0.248095 -1.04249 0.114324
-0.0130004 -0.922642 -0.349305
-0.257719 -0.439982 0.0647005
-0.256781 -0.519532 -0.306026
0.17728 -0.75961 -0.431482
0.258958 -1.00791 0.625781
0.173505 -1.29109 0.506969
-0.0950826 -1.32669 0.534727
-0.301067 -0.786757 0.264738
0.123944 -0.0397948 0.613718
0.608964 0.468959 0.282702
0.789061 1.48518 0.344494
0.511982 1.58488 -0.137222
0.119291 1.03927 -0.987498
-0.283447 0.51327 -1.05323
-0.305701 0.256071 -1.51451
0.165131 0.219972 -1.34817
0.0905043 0.314116 -0.432585
-0.0187734 0.802146 0.119847
0.118312 0.69067 0.36582
-0.224861 0.341311 0.524287
-0.111766 -0.281492 0.0738313
0.193015 -0.725736 0.3306
-0.314626 -0.763725 0.636599
-0.676637 -0.587172 0.967412
-0.289354 -0.633598 0.758736
0.298263 -0.567973 0.381794
0.416965 -0.460014 0.243725
0.460814 -0.762045 0.355996
0.0913312 -1.04356 -0.165866
-0.0812302 -0.874396 -0.666608
0.258296 -0.50457 -0.504094
0.333906 -0.379402 -0.404927
0.109411 0.0493176 -0.389306
0.193549 0.27768 -0.0226705
0.0988745 0.60732 0.0500446
-0.00951457 0.75368 0.42446
-0.307143 0.858441 0.0363078
-0.471207 1.10234 -0.00318277
-0.300926 1.08979 -0.52458
-0.217892 0.812107 -0.18024
0.0394751 0.911053 -0.257373
0.320537 0.679126 -0.689686
-0.314675 0.375553 -0.0889362
-0.294371 0.497658 0.110612
0.173164 0.370738 -0.149285
0.302505 -0.226456 0.16693
0.26101 -0.605566 0.107109
0.234222 -0.498704 0.231523
0.544829 -0.972855 0.822189
0.610994 -0.825684 0.514448
0.291284 -0.565173 0.553355
0.363047 -0.591817 0.375445
0.601008 -0.325422 -0.114715
0.39481 -0.213017 -0.248922
-0.106368 -0.777689 0.011141
-0.151953 -0.75727 -0.277878
-0.163104 -0.277702 -0.197825
-0.189475 -0.338 -0.388487
-0.183744 -0.311186 0.417178
-0.147237 -0.00390445 0.5822
0.124092 -0.0239969 0.0703379
0.265766 0.304602 -0.159689
0.328503 0.543404 -0.265577
0.186436 0.815789 -0.679121
-0.464464 1.16978 -0.743824
-0.644853 1.09682 -1.1227
-0.64155 1.08151 -1.00612
0.291402 0.713557 -1.02593
0.145473 -0.0690659 -0.818011
-0.465111 0.0622513 -0.0610067
-0.683001 0.278579 0.562436
-0.714904 0.455469 1.50718
-0.711963 -0.0669815 1.53219
-0.198702 -0.383802 1.44904
0.16913 -0.102059 1.6877
0.453013 0.102864 1.28421
0.183024 -0.595781 0.793177
0.133434 -1.11173 -0.00695753
0.610222 -0.915656 -0.654591
0.717639 -0.795262 -0.61032
0.913492 -0.245625 -0.988492
1.00931 -0.185177 -1.25146
0.742774 -0.336742 -1.14219
-0.0201883 -0.547024 -0.742877
0.046254 -0.850075 -0.729397
-0.26854 -1.12935 -0.410685
-0.682797 -0.934641 -0.0644727
-0.814149 -1.14942 0.0280885
-0.653821 -0.454389 0.352795
-0.513572 0.526994 0.0470944
-0.227303 1.13048 0.329867
0.116163 0.785751 0.905702
0.450138 0.608881 0.935747
0.474641 0.472523 1.18602
0.276307 0.392647 1.09667
-0.0601333 0.452254 0.791266
0.143983 0.546725 0.0694786
0.198999 0.834618 -0.290797
-0.365357 0.699409 -0.557414
-0.664557 0.732597 -0.771998
-0.280874 0.244688 -1.00203
-0.402119 -0.442346 -1.30827
-0.745993 0.106096 -1.41532
-1.07787 0.242544 -0.950824
-0.434876 -0.303146 -0.305764
0.00954348 -0.370541 -0.154869
0.110026 0.113959 0.433009
0.236908 -0.317512 0.132894
0.522564 -0.295936 0.189853
0.165542 -0.454127 0.157045
0.628259 -0.428655 -0.403326
0.399274 -0.0913478 0.280131
-0.0617633 -0.299802 0.977464
-0.300612 -0.365213 1.55073
0.852675 0.271668 1.45744
1.11534 0.100651 1.6521
0.355441 -0.640009 1.75737
-0.293713 -0.650602 1.43292
-0.730677 0.144572 0.341573
-0.685208 0.237653 -1.04298
-1.02958 -0.202149 -1.59093
-0.599933 0.320784 -2.64727
-0.238236 0.923109 -2.22452
0.292079 0.735197 -2.2399
0.774062 0.0856656 -1.39383
0.987172 0.0535522 -0.881356
0.779952 -0.392345 -0.433504
0.126071 -0.89392 -0.0711726
-0.189745 -0.429263 0.928592
0.223568 0.0846876 1.10851
0.671615 0.149603 1.89387
-0.00113229 0.0714175 1.9467
-0.455226 -0.221135 1.85789
-0.728572 -0.932045 1.76181
-1.18095 -0.768352 1.45046
-1.69552 -0.780267 0.833254
-1.3384 -0.779778 -0.525044
-0.615508 -0.345208 -0.618512
0.110497 0.356541 -1.17511
0.300564 0.304527 -1.0042
0.0388969 0.23419 -1.19665
0.144886 0.180644 -1.41855
0.859822 0.139505 -1.59172
1.01568 -0.041013 -1.17578
0.517842 -0.36636 -0.806263
0.437074 0.0590326 -0.454223
0.353494 0.880007 -0.0495117
0.552668 1.34736 0.261263
0.400457 1.14158 0.911214
0.505223 1.22037 1.27514
-0.116127 0.0112306 1.45586
-0.465016 -1.14281 1.25752
-1.06753 -0.87468 1.57772
-1.51879 0.320086 0.916295
-1.21955 0.610342 0.334021
-0.185492 0.607973 -0.643553
0.435321 1.17049 -0.561133
1.20196 0.782875 -0.766436
1.10739 -0.044238 -1.04739
0.337233 -0.556994 -0.7309
0.282904 -0.621743 -1.36121
0.306158 -0.270994 -0.952228
0.530172 -0.238579 -0.899764
1.15573 0.332143 -0.874025
1.37345 0.434264 0.0562934
0.859584 0.111447 0.925194
-0.494543 0.0169511 0.954611
-1.32335 -0.61602 1.38343
-1.56148 -0.947945 0.794496
-1.13815 -0.391309 1.29526
-0.442842 -0.198463 0.950741
-0.291615 0.433965 0.171913
-0.115596 0.861454 0.254789
-0.55227 0.34283 0.124179
-0.701549 -0.753473 -0.570117
-0.167023 -0.576362 -0.798461
0.362844 -0.472979 -1.24806
0.528703 0.151139 -1.59037
0.587569 0.400526 -1.05352
0.672497 0.194721 -0.519938
0.82035 0.374266 0.112583
0.461636 0.372001 0.971972
0.189058 -0.0157665 1.23446
-0.163944 -0.521344 1.00172
-0.0754021 -0.594288 1.15456
-0.360783 -0.237572 0.334329
-0.675937 0.267812 -0.479692
-0.197776 0.0082862 -0.766935
-0.0522608 -0.314278 -0.526985
-0.243257 0.0624231 -0.421085
0.217232 0.418919 -0.156848
1.19867 0.727781 -0.246411
1.30547 0.508712 0.435334
1.05911 -0.447781 0.107446
0.451458 -0.191423 0.736247
0.5663 0.182355 0.368623
0.631431 0.0764824 -0.270623
0.0707902 -0.0107134 0.311662
-0.408975 0.3621 -0.344172
-0.099243 0.871832 0.0224391
-0.528728 0.626922 0.411712
-1.12608 0.804115 0.681304
-1.17581 1.00665 -0.390801
-0.949483 0.788722 -0.358993
-0.475609 0.802766 -0.944777
-0.129328 0.62546 -1.324
-0.340859 -0.593476 -0.941588
-1.01795 -0.679001 -0.591108
-0.652852 -0.11261 -0.295034
-0.198484 0.207094 0.670639
-0.142895 0.341075 0.896025
-0.144766 0.249938 0.758519
-0.0682334 -0.867221 0.872686
-0.264254 -1.92647 0.891809
-0.536529 -1.77335 0.458123
-0.242363 -0.743488 -0.49431
-0.207722 0.440399 -0.327102
0.177733 1.8774 0.135859
0.640652 2.35659 0.139365
0.586968 1.40929 0.127504
0.958643 0.399455 -0.162582
1.12062 -0.387635 -0.37314
1.21133 -1.2469 -0.760466
0.963132 -1.42746 -0.741105
0.507927 -0.530127 -0.496298
0.290595 0.440005 0.137476
0.737627 1.05492 0.404562
0.699425 0.257106 0.610742
0.315837 -0.570981 0.632662
-0.463289 -1.24697 1.12901
-0.45225 -1.96369 0.682971
-0.157155 -2.73901 0.424174
-0.710518 -1.48042 0.168421
0.365463 -0.196831 -0.172719
0.286756 -0.298963 -0.169105
-0.657449 -0.834743 -0.308011
-1.30924 -1.009 -0.0297035
-1.04595 -0.996 0.0661545
-0.422017 -1.10785 -0.0253361
0.227186 -0.827964 -0.842122
0.335041 -0.672501 -0.418798
-0.413151 0.0140938 -1.28365
-0.377756 0.589412 -1.39608
0.180594 1.15825 -1.60268
0.362525 1.68385 -0.920395
0.644188 1.62923 -1.16319
1.59185 1.76948 0.0620704
1.30609 1.79191 0.52913
1.24957 1.25799 1.41746
-0.0436665 1.0014 1.32301
-0.704592 0.100748 1.38065
0.617254 -0.111019 1.09778
1.17107 0.521564 0.178076
0.261888 0.866865 0.599351
-0.387098 0.873957 0.530751
-0.706456 1.09434 0.655655
-1.28373 0.453277 0.43192
-1.38366 -0.408757 -0.210884
-1.10009 -1.29595 -0.676288
-1.40428 -1.89948 -1.36969
-1.35872 -1.42468 -1.95644
-1.22039 -0.0279119 -1.80742
-0.565841 0.948186 -1.32144
-0.270067 0.908921 -0.714632
0.078765 0.114926 0.163219
0.644907 -0.72474 0.848303
1.13788 -0.908183 1.48288
0.479968 -0.81281 1.68131
-0.481225 -0.0813953 2.00485
-0.153411 0.579202 1.25018
0.464356 0.650387 1.52418
0.70242 0.434199 1.14678
0.415973 0.521649 1.0257
-0.0108388 0.718531 0.294843
-0.129139 0.370603 -0.259737
-0.318901 -0.434342 -0.825477
-1.43718 -0.782681 -1.04216
-1.65525 -0.698233 -1.33267
-0.504361 -1.22535 -0.991482
0.978976 -0.191803 -1.22844
0.579677 0.798808 -1.29358
0.468596 0.0244001 -1.39779
-0.157627 -0.838548 -1.61505
-0.0550177 -1.47166 -1.13897
0.337873 -2.13669 -0.571742
0.123084 -1.71948 0.806528
0.334386 -0.50289 1.93559
0.510002 -0.556597 2.24299
0.672165 -0.144482 2.14681
-0.252842 0.624614 1.91383
-0.46736 0.340163 1.64071
-0.814146 -0.112646 0.642485
-0.331473 -0.522403 -0.258709
0.260205 -0.614948 -0.918781
-0.599751 -0.591954 -1.09151
-1.14537 0.762563 -0.988139
-1.26299 1.83743 -0.77568
-1.19416 2.36751 -1.18073
-0.962464 2.22842 -1.53987
-0.104312 1.62157 -1.23319
0.273815 0.850852 -1.89948
0.684504 0.517451 -0.556819
1.08763 0.995738 -0.685966
1.71136 1.88384 0.313248
1.73026 2.0538 1.27111
1.78876 2.72782 1.80976
2.04805 2.68924 1.56919
1.70069 2.20662 2.16161
0.843794 1.32681 1.53918
0.0513797 -0.266675 0.648716
-0.362669 -2.02491 0.0357076
-0.451411 -2.00673 -0.339111
-0.910433 -1.22612 -0.727904
-1.37561 -0.653197 -0.730314
-1.62391 -0.468243 -0.35426
-1.16267 0.0335948 0.0207808
-0.320327 -0.98268 -0.918485
-0.363364 -2.32739 -1.18773
-0.828014 -3.77144 -1.44728
-0.580614 -3.91788 -1.53344
-0.111467 -2.28626 -0.403841
1.13597 -0.288916 -0.213899
1.31731 -0.0586393 0.349902
0.39023 0.638379 1.68246
0.853777 0.00408191 1.37071
0.72463 -1.75788 1.28799
-0.516189 -2.18205 1.74252
-1.43149 -1.9738 1.12479
-0.565938 -1.37565 0.578617
0.346439 0.142301 0.20855
1.03576 0.830683 -0.00378789
1.10751 1.12678 -0.861271
0.487084 0.830724 -1.60511
0.357232 0.0874484 -1.95507
0.225954 -0.741458 -1.48377
-0.486803 -0.472676 -0.870607
0.0637182 -0.641512 -0.211881
0.714716 -0.606838 -0.434112
0.370939 -0.293262 0.143082
0.494079 0.0428439 0.410554
0.750665 0.195318 0.122675
0.253001 0.928023 0.418775
0.141607 1.23024 0.611496
0.704542 0.221641 0.812399
1.70378 -0.329301 1.72627
0.979777 0.273341 1.54412
0.132924 0.948475 0.912882
0.286071 1.82726 0.575634
0.571044 1.87884 -0.630104
0.0718562 1.22052 -0.808363
-0.282689 1.27916 -1.6747
-0.480027 1.61465 -2.15926
-0.97603 0.640746 -1.95009
-0.535899 0.639102 -1.83186
-0.523015 0.765206 -1.50368
-0.324426 1.15523 -1.41207
-0.645779 1.41689 -0.490679
-2.24189 0.869681 1.041
-2.1682 -0.753022 1.49907
-1.35851 -0.724058 1.39157
-0.843805 -0.531394 1.96474
-0.530581 -0.505168 1.17933
-0.365443 -0.46995 1.38383
-0.93491 -0.509414 1.22832
-0.73505 -0.281696 0.345094
1.04168 -0.299793 0.0262654
1.69511 -0.123845 -0.598449
2.26552 -0.301848 -0.601181
1.61214 -0.375628 -0.574335
0.609178 0.303544 -0.904819
1.07559 0.466261 -0.738952
1.49074 -0.352404 -0.492336
0.633041 -1.18021 -0.158038
0.150131 -1.85692 0.492986
0.0125624 -1.97645 1.33462
-1.20082 -1.45853 2.06942
-1.83912 -0.872526 1.37697
-1.45846 -0.885505 0.938388
-1.04275 -0.800381 0.972799
-0.738611 -0.802491 -0.0400267
-0.601245 -0.516955 -0.246747
-0.995194 0.506249 -1.03335
-0.976512 0.828097 -0.994491
0.0205961 -0.722311 -1.48227
1.15162 -1.40027 -1.12631
0.602975 -1.47313 -1.50295
-0.640962 -1.74629 -0.617182
-0.446834 0.18804 -0.0697588
-0.335812 1.91193 1.08773
-0.112437 2.51418 1.03241
-0.868444 2.90243 1.82024
-0.920175 1.9882 1.52537
-0.69371 0.775756 0.688298
-0.574502 -0.107127 -0.512626
-2.64593 -0.376352 -0.84799
-2.91637 0.759014 -0.788568
-1.89838 2.37946 -1.24048
0.0943223 2.20227 -0.864557
1.18233 2.15648 -0.32337
2.21843 1.27084 -0.384136
2.08595 0.514361 -0.489297
1.12327 0.493437 -0.203547
2.26246 0.906354 -0.114661
3.03204 1.00361 -0.0347881
3.72337 1.20404 -0.352331
3.94564 2.0823 -0.124524
2.94253 1.74751 -0.598677
1.31395 0.797579 -0.59982
-1.02928 1.65863 -0.16314
-2.67589 1.5577 0.946392
-3.86038 -3.0382 1.56218
-3.87291 -3.2266 1.90467
-1.71006 -2.26021 1.77121
-2.50531 -0.379222 1.27274
-2.67607 0.405785 0.583186
-1.01427 1.11314 -0.120778
-0.0828323 0.745385 -0.420988
0.608926 -0.62257 -0.934841
1.40816 -2.64819 -1.64624
2.78867 -4.69008 -2.07041
2.70294 -5.49973 -2.00112
2.80931 -4.1479 -1.42602
2.40158 -1.91993 -0.198152
1.08023 0.492287 0.613319
-0.100835 1.22494 1.50002
-0.722195 0.171565 2.38403
-2.65951 -1.61216 1.42991
-3.66607 -5.02595 1.64437
-2.50233 -4.88098 0.81099
-0.721817 -3.18969 0.588414
-0.570588 -0.168297 -0.0989847
0.281545 2.5897 -0.390134
1.08063 4.03732 -0.553715
0.914581 2.78593 -1.54863
1.14328 0.553947 -2.2956
1.19986 -2.24729 -1.73285
2.61061 -2.21519 -0.974711
3.19357 -1.18809 -0.0329787
1.67902 1.74602 0.852116
0.141379 3.97113 1.38679
0.471487 4.23622 1.29002
0.474693 3.56873 0.16315
-0.409429 2.22453 -0.0872756
-1.29699 0.445741 -0.210128
-1.63347 -0.37767 -0.608265
-1.1678 0.374857 -0.0929134
-0.520735 1.89433 0.0334563
-0.806852 2.24214 0.598626
-1.44618 3.06258 0.558961
-0.576141 3.17757 0.0162515
0.0867813 2.01898 -0.896921
1.22334 0.888229 -1.70661
0.943806 0.710545 -2.24428
-0.000599916 0.57364 -1.44882
-0.0368847 0.0192356 -0.606832
-0.913707 -0.2964 0.245652
-1.45057 -0.353554 1.40119
-1.94268 -0.559893 1.66431
-1.84335 -1.50033 1.61889
-2.1763 -3.11107 1.15933
-2.22392 -3.98102 0.305133
-0.870173 -4.19069 -0.0316624
0.0414396 -3.43565 0.362963
0.572882 -2.65885 0.756569
1.34051 -1.593 0.890165
2.96341 -1.26425 0.86655
3.6303 -1.81371 0.277526
3.8466 -2.65313 -1.03207
2.37584 -2.52142 -1.15301
2.27769 -1.70239 -1.77027
1.10096 -0.0855308 -1.31221
-0.173731 1.16898 -1.16717
-0.0770446 1.87677 -0.0258841
0.219785 1.29418 0.861377
-0.950325 0.611894 2.30404
-2.63768 1.49137 2.74259
-3.26495 1.86606 1.79859
-3.29616 2.45776 0.973811
-2.53863 2.83672 0.773123
-0.880051 2.74571 -0.387777
-0.0790019 2.09718 -2.04984
0.434573 2.04035 -2.53756
0.250032 0.97255 -3.06118
0.137206 -0.29068 -2.42486
0.994755 -0.298408 -1.98804
1.70954 -0.019379 -1.47217
1.91243 0.357027 -0.265303
0.714222 0.532135 1.23894
-0.693258 -0.0393479 2.18298
-1.5225 0.200271 2.90036
-1.6449 0.611766 3.10865
-0.703277 0.653044 2.61788
0.0221313 -0.428024 1.44631
-0.242312 0.544038 0.637331
-1.21447 0.540686 0.0706132
-0.6577 0.360487 -0.924989
0.373824 -0.00589139 -1.33853
0.911784 0.060952 -1.33467
2.37489 0.233421 -1.02637
3.15051 0.101106 -1.74866
2.71504 0.219624 -1.73351
1.48999 -0.12535 -1.30986
1.15178 -1.08628 -1.23498
0.845574 -1.29593 -0.561655
0.569949 -1.05959 -0.153683
0.27416 -0.635012 0.403725
-0.00412626 -0.0822331 0.746118
-0.0708664 0.550735 1.13185
-1.17779 0.325974 1.43154
-2.40788 -0.739936 1.81902
-1.6235 -0.521392 1.70421
-1.61422 -0.401299 1.48312
-1.63614 -0.936546 1.1052
-1.59257 -1.49254 0.406638
-1.09602 -0.463732 -0.345521
-0.406375 0.376086 -0.854362
0.301558 0.724225 -1.42009
0.274878 1.20495 -1.36533
0.0585083 1.31329 -1.21102
0.639044 1.57039 -0.991568
0.519964 1.16937 -1.5129
-0.28567 0.734265 -1.23244
0.345181 0.815278 -0.39854
0.496464 0.725096 0.152589
0.319818 0.383321 0.0374089
-0.159167 0.715787 0.488727
-0.742395 -0.117791 1.01154
-0.997437 -1.22607 1.46786
-0.310359 -1.44057 1.52762
0.174882 -1.5564 1.15239
0.0631135 -1.80663 1.14484
0.581128 -2.11707 0.361761
0.407816 -1.5375 0.312797
-0.245634 -0.016677 0.076448
0.53222 0.376251 -0.611081
1.01232 0.79163 -0.428852
1.91907 0.711021 -0.95607
1.40061 0.840206 -0.985162
-0.0271282 0.925103 -0.706936
-0.253044 0.711371 -0.436761
-0.252365 -0.122311 0.150714
-0.53813 0.130464 0.374044
-0.43024 0.991266 0.648306
-0.307561 1.88252 0.398467
-0.450752 1.74529 0.0207853
-0.431821 0.590714 -0.336966
-0.79211 -0.256801 -0.397544
-0.538387 -0.544343 -0.0368162
0.116839 -0.234828 -0.372706
-0.141047 -0.365643 -0.187502
-0.211976 -0.52259 -0.31453
0.249663 -0.318341 -0.112092
0.096173 0.0217663 0.143497
-0.276 -0.402538 0.00992492
-0.93913 -1.30854 -0.04456
-0.451844 -1.83391 0.321385
-0.630676 -1.89583 0.173795
-0.677023 -1.61603 0.611557
-0.643452 -0.349297 0.238854
-0.096976 -0.0229862 0.549781
0.427136 0.237224 0.418733
0.692264 0.588189 0.0168986
1.1748 0.376457 -0.246942
1.4004 0.949635 -0.975199
1.12918 0.674238 -1.37043
0.848668 -0.461999 -1.49184
0.524062 -0.188906 -0.998374
0.0329744 0.235426 -0.479417
0.191899 0.254997 0.16927
-0.0794867 0.0729334 0.779818
-0.1629 -0.153401 1.41034
-0.930047 -0.487594 1.48588
-1.32511 -0.40123 1.69179
-1.07046 -0.834324 1.15267
-0.992716 -1.26894 0.884534
-0.431616 -1.67175 0.334094
-0.235398 -0.5593 -0.184865
0.0128664 0.268928 -0.690079
0.374528 0.549283 -1.00223
1.09238 0.159114 -1.62174
2.09206 -0.315252 -1.75953
1.96931 -0.0735239 -1.49938
2.03918 0.451924 -1.252
2.08563 0.427834 -0.984553
0.613826 -0.159447 0.304881
0.043765 0.143109 1.18421
-0.312056 0.404085 1.80511
-0.295797 0.51957 2.00653
-0.186267 0.429896 1.41093
-1.50375 0.24156 1.24509
-2.64106 -0.345525 1.00843
-2.68647 -0.766208 0.0872219
-2.17043 -0.955125 -0.545251
-1.60761 -0.99941 -0.939992
-0.873759 -0.827209 -1.52634
-0.121393 -0.441319 -1.82341
-0.221022 0.148345 -1.84091
0.34836 -0.699311 -1.13447
1.24127 -1.15704 -1.3849
2.04232 -1.05181 -0.886403
2.51723 -1.45657 -0.578226
2.20523 -0.935037 0.160866
1.02484 -0.0597083 0.591615
0.239158 0.428608 1.56271
-0.00180341 1.12293 2.0242
0.194332 0.937995 2.42235
0.677554 0.974912 1.89755
-0.0964898 0.459054 1.55295
-1.40931 0.452012 1.18092
-0.776606 0.566525 0.47384
-0.619694 0.951995 -0.492132
-0.698578 0.801984 -0.77862
0.550754 0.46113 -1.60386
1.50781 -0.141716 -2.29637
1.19025 -0.423535 -2.12187
0.474279 -0.906201 -1.39256
0.298414 -0.993694 -0.727925
0.0667004 -0.651185 -0.440547
-0.246428 -0.563537 0.0895142
-0.245059 -0.513183 1.02552
-0.251698 -0.0942538 1.1695
-0.961934 0.0617202 1.17653
-1.36962 0.133221 0.982522
-1.5068 0.119396 0.872757
-1.76857 0.26884 1.02463
-1.50337 0.0883963 0.679532
-0.993761 0.368496 -0.301809
-0.262434 0.903693 -0.862828
0.603636 1.14703 -1.03355
0.530876 0.963345 -0.902984
-0.217344 0.778532 -0.717367
0.305658 0.650647 -0.83623
0.579757 0.10158 -1.0812
0.498062 -0.59573 -0.653327
-0.103815 -0.894188 -0.380069
-0.137494 -0.0979188 0.372742
0.286875 0.251396 0.0586177
0.346924 0.146509 0.378044
-0.418075 -0.719909 0.92162
-0.290291 -1.51177 1.21569
-0.167629 -1.69653 1.01443
-0.0697293 -1.04448 0.965082
-0.275493 -1.29966 0.968315
0.129822 -0.917519 0.716972
1.07887 0.00381523 0.799338
1.64822 0.355323 0.376986
1.34678 0.452212 -0.414439
0.863166 0.322922 -0.609483
0.750034 0.51975 -0.623143
1.09655 1.07301 -0.749109
1.38776 1.23004 -0.424711
1.29113 1.69232 -0.220814
0.764524 1.39444 -0.0685032
-0.130557 0.946396 0.00843654
-0.655664 1.09243 -0.336839
-1.15709 0.555899 -0.480186
-1.67834 0.177807 -0.326609
-1.95637 -0.0149847 -0.257272
-1.58102 -0.359757 0.18247
-1.17922 0.0398034 -0.0620346
-1.39262 0.434541 -0.0670959
-1.61179 -0.060225 -0.496466
-1.42549 -0.352552 -0.942723
-1.16502 -0.239172 -1.21188
-1.33506 -0.474934 -0.903077
-0.718292 -0.961235 -0.132132
-0.102992 -0.986469 0.325902
0.176687 -0.490324 1.06364
0.289732 -0.430201 1.46452
0.350092 -0.0204713 1.76974
0.291912 0.156254 1.3403
0.243769 0.120596 0.894266
0.30802 0.642262 0.512095
0.67512 1.06588 0.219134
1.0112 1.1049 0.036637
1.38906 1.14255 -0.315246
1.21854 0.765837 -0.122164
0.860937 0.301224 -0.527151
0.859612 0.442989 -1.04813
0.426686 0.15682 -1.52929
0.235116 -0.0158387 -1.49168
0.50871 0.0118317 -0.9927
0.739229 0.457758 -0.407173
0.622053 1.04061 0.430165
0.320536 0.152212 1.41961
-0.447342 -0.689728 1.81492
-1.11425 -0.581313 1.86608
-0.449749 -0.528972 1.37413
0.247987 -0.416258 1.10726
0.182899 0.280505 0.255895
-0.121094 0.799561 -0.558863
-0.430496 1.01741 -0.823307
-1.09457 0.593165 -1.11637
-1.20647 -0.566696 -1.27249
-1.17348 -0.781241 -0.936892
-0.692905 -0.115186 -0.604481
-0.588722 0.242586 -0.865642
-0.396006 0.352185 -0.492325
0.0415449 0.426451 -0.271973
0.0274829 0.0668788 0.245739
-0.364418 -0.231661 0.0433837
-0.405369 -0.580024 0.0470691
0.396862 -0.810901 0.0938345
0.561063 -0.692883 0.217898
0.299214 -0.0279416 0.235413
0.928036 0.0593739 0.322648
1.43014 -0.501343 0.377496
1.73952 -0.172615 0.517477
1.54098 -0.205919 0.32171
2.11821 -0.82277 0.0591358
1.47918 -0.299168 -0.208036
0.569189 0.528039 -0.130968
0.63646 0.924421 0.114763
0.845353 0.68771 0.279731
0.901837 0.877674 0.297117
0.485711 0.977206 0.265514
0.379352 1.18275 0.197133
0.294256 1.31017 0.0437668
-0.227354 0.990549 0.0196394
-0.753185 0.900579 -0.234162
-1.01322 1.06254 -0.227449
-0.848663 1.24448 -0.35564
-0.61447 1.1536 -0.412941
-0.706177 0.400945 -0.383418
-1.06689 -0.166659 -0.031348
-0.955172 0.102628 0.0722342
-1.08979 -0.341539 0.0342038
-1.24652 -1.14495 -0.180624
-1.04035 -1.68803 -0.263788
-0.851525 -1.2903 -0.259432
-0.481529 -1.08449 -0.706106
0.380418 -0.694196 -0.380576
0.548739 -1.10378 0.189756
-0.180388 -0.960795 0.576449
-0.511793 -0.698514 0.557845
-0.113074 -0.757029 0.305896
0.0396673 -0.657337 0.249777
0.395361 -0.77272 -0.00669571
0.141794 0.273021 0.196945
-0.156069 0.751831 -0.0966541
-0.178034 0.433769 -0.232022
-0.104233 0.0607416 -0.0550409
-0.248012 0.095579 0.323832
-0.146981 0.34074 0.472547
0.097372 0.67545 0.507338
0.116307 0.423259 0.502463
0.340557 -0.0080154 0.542464
0.594148 0.0122262 0.181375
0.582138 0.168298 -0.372527
0.665502 0.0760788 -0.628017
0.581079 0.0488505 -0.372167
0.794773 0.275084 -0.074985
0.993142 0.22383 0.114516
0.652937 -0.0672766 -0.0463204
0.627606 -0.786119 0.351482
0.491322 -1.00113 0.27116
0.00720457 -0.905541 0.320901
-0.756459 -0.192711 0.000307618
-0.857401 0.30183 -0.476153
-1.26974 0.424003 -0.347982
-1.02463 0.32818 -0.489697
-0.484976 0.1996 -0.254314
-0.715623 0.201686 -0.4078
-1.00181 -0.0166613 -0.238062
-0.697872 -0.220017 -0.242833
-0.432589 -0.330542 -0.588714
-0.290783 0.0314417 -0.810406
-0.267584 0.651846 -0.774713
-0.10763 0.781542 -0.493876
-0.124519 0.302516 0.330566
-0.197946 -0.413301 0.607948
-0.279884 -0.721163 1.1585
0.00894477 -1.14127 1.31204
0.508237 -1.22419 0.908024
0.453433 -0.388857 0.520611
0.0401572 0.0136335 0.277714
-0.119404 -0.295781 0.0730378
0.377022 -0.0814482 -0.234824
0.927824 -0.0893975 -0.206608
1.3635 -0.566185 -0.472965
1.68348 -0.614984 -0.718985
1.19857 -0.589155 -0.60423
0.519021 -0.322912 -0.229286
0.112132 0.53517 -0.119665
0.446995 0.497876 -0.0887238
0.956264 0.542642 -0.206121
0.717914 0.227951 -0.196352
-0.104816 0.100774 -0.0787568
-1.27883 -0.0283425 0.211062
-1.32936 0.178618 0.646234
-1.35544 0.463449 0.661605
-1.38359 0.55571 0.758013
-0.696445 0.223452 0.328945
-0.429475 -0.0344237 -0.18502
-1.15646 -0.217297 -0.408234
-1.24709 -0.857219 -0.230978
-0.961039 -1.30411 -0.048735
-0.698118 -0.770132 -0.290464
-0.150149 -0.0269244 -0.0938543
0.435187 0.00208118 -0.0487886
0.563687 -0.494293 -0.195055
0.202166 -0.272126 -0.343423
0.0750695 -0.0245044 -0.295106
0.195563 -0.146121 -0.134987
-0.0270584 -0.117216 0.10646
-0.278076 -0.265594 0.352875
-0.0789487 -0.166302 0.486612
0.192526 0.0899836 0.556122
0.104374 0.252679 0.408771
0.211822 0.0835789 0.11463
0.117562 -0.117363 -0.168085
0.117227 0.194008 -0.118933
0.406066 -0.0473038 0.0789929
0.773825 -0.0255438 -0.0923641
1.15687 0.266158 -0.18799
0.983868 0.1443 -0.345352
0.73775 0.266411 -0.185536
0.495449 0.319494 -0.0837264
0.738657 -0.154031 -0.347404
0.718302 -0.321608 -0.0686897
0.572448 -0.122058 0.092909
0.77914 -0.41519 0.0505201
0.48064 -0.170016 0.0315276
-0.157484 -0.0942493 0.101083
-0.347857 0.0281464 -0.0234637
-0.357357 0.0734715 -0.167583
-0.221026 -0.0458648 -0.186055
-0.16381 -0.0696448 -0.18643
-0.0712089 -0.172118 -0.424331
-0.326439 -0.280478 -0.554255
-0.374463 -0.10902 -0.27495
-0.531491 0.104172 0.152893
-0.582819 -0.0903367 -0.0705436
-0.530728 -0.0527269 0.143316
-0.154184 0.0220411 0.418214
-0.379599 -0.278508 0.766916
-0.263152 -0.145037 0.705031
0.0318525 0.132347 0.541649
0.281833 -0.0300868 0.144704
-0.18623 0.0038412 0.0316083
-0.613874 0.0541829 -0.181069
-0.501104 -0.281126 -0.612095
0.177548 -0.131337 -0.59889
0.499134 0.0974351 -0.403243
0.796946 -0.346389 -0.194096
0.877625 -0.475665 -0.389334
0.869675 -0.0129065 -0.38633
0.498804 -0.0850066 -0.335665
0.280288 -0.577944 -0.296744
0.453887 -0.217786 -0.11563
0.427114 0.231837 0.327999
0.549921 0.0921517 0.583362
0.501223 0.152276 0.914749
0.694766 0.125409 0.811898
0.837265 0.325203 0.716311
0.42615 0.488875 0.5633
-0.0363318 0.636165 0.202114
-0.351789 0.548381 0.0995988
-0.241298 0.392232 -0.269828
-0.386894 0.0416048 -0.165374
-0.445281 -0.529571 -0.410802
-0.373091 -0.340849 -0.272362
-0.80112 0.0502924 -0.128258
-1.38519 0.581279 -0.0656268
-1.67946 0.902718 -0.114181
-1.45517 0.601095 -0.390706
-0.952175 0.404891 -0.321968
-0.802228 0.159551 -0.37329
-0.45365 0.0015131 -0.544974
-0.407389 -0.280533 -0.41927
-0.5401 -0.103286 -0.420853
-0.650885 0.52126 -0.126864
-0.283336 0.646251 -0.0950796
0.248657 1.01286 0.213711
0.540332 1.24149 0.538277
0.773371 0.629012 0.331601
0.71678 -0.26768 0.362211
0.431953 -0.29057 0.280753
0.320683 -0.160211 0.306472
0.370345 0.0443999 0.458257
0.821618 0.38229 0.182705
1.09663 0.650875 0.313573
0.472793 0.441185 0.628483
0.0599727 -0.195076 0.584203
-0.00270043 -0.811114 0.34542
0.270619 -1.3166 -0.130291
0.595429 -1.67377 0.0377317
0.651197 -0.810227 0.0979011
0.399039 0.427621 0.0545375
0.257986 0.608995 -0.153995
0.292114 0.681473 -0.395023
0.0350237 0.0530134 -0.444435
-0.372318 -0.202145 -0.646632
-0.90625 -0.558387 -0.567511
-1.18007 -0.235722 -0.387217
-0.935173 0.470869 -0.113054
-0.522088 0.83196 0.0138114
-0.546019 0.589647 0.0587601
-0.746689 0.0978871 0.00518613
-1.00818 -0.188153 0.054121
-1.07188 -0.6108 0.176026
-1.002 -0.412003 0.429538
-0.598653 0.0419548 0.643491
-0.365135 0.860428 0.637627
-0.197238 0.639952 0.388
0.349901 0.552011 -0.325288
0.296089 0.429736 -0.722577
0.051908 0.187912 -0.971465
0.486852 0.0532474 -0.995706
0.553 0.119839 -0.789406
0.608897 0.173348 -0.249608
0.82103 0.101327 0.39383
0.689485 0.0804674 0.545513
0.414641 -0.194788 0.839728
0.318859 -0.313436 0.975551
0.739951 -0.213016 0.728055
0.897505 -0.0762386 0.453657
0.628667 0.32149 0.171181
0.106532 0.197897 -0.0843906
0.105696 0.300529 -0.273976
0.197133 0.747879 -0.377984
0.153902 0.701371 -0.424307
-0.0656835 -0.0289993 -0.36406
-0.355163 -0.329376 -0.289028
-0.457927 0.207651 -0.323696
-0.655182 0.343902 -0.203866
-0.946351 0.499547 0.0114748
-1.26249 0.183361 0.188342
-0.838595 -0.348016 0.239143
-0.542011 -0.154575 0.469218
-0.162935 -0.278046 0.448209
0.292093 -0.235649 0.348305
0.298811 -0.00103803 0.26145
0.306003 0.367567 0.0946064
0.128783 0.199895 -0.204442
-0.0785631 0.0536108 -0.688184
0.23167 -0.0601529 -0.939734
0.507411 -0.493897 -0.67898
0.529675 -0.690894 -0.412935
0.524422 -0.265132 0.120722
0.424587 -0.263476 0.369574
0.172824 -0.484976 0.56892
0.160103 -0.587671 0.646409
0.0626534 -0.808107 0.678533
0.087581 -0.712002 0.5322
-0.290184 -0.430235 0.354544
-0.372361 -0.147923 0.144476
-0.0199028 0.134754 -0.155978
0.100148 0.198353 -0.513785
-0.0233273 0.463984 -0.620411
0.102631 0.384845 -0.590096
0.161728 0.396698 -0.655775
-0.308298 0.45925 -0.552951
-0.556245 0.245091 -0.438201
0.0879581 0.249033 -0.113653
0.351849 0.585758 0.37771
0.584458 0.648673 0.702089
0.669115 0.658957 0.806849
0.729858 0.321222 0.956595
0.904498 0.106449 0.991243
0.426127 0.160232 0.534055
0.238876 0.124024 0.00955021
0.784213 0.0686248 -0.66053
0.667538 0.359912 -0.78356
0.837465 0.393401 -0.656676
0.445938 0.209322 -0.573131
0.308121 -0.0303064 -0.51969
-0.123553 -0.371482 -0.515991
-0.553352 -0.750092 -0.400021
-0.706304 -1.0429 -0.364238
-0.419349 -0.901387 -0.0308022
-0.526866 -0.689215 0.101253
-0.829295 -0.5489 0.34466
-1.08281 -0.280878 0.388059
-1.36964 0.00744583 0.585851
-1.23916 0.263291 0.36066
-0.725559 0.238357 0.0584653
-0.38648 0.343085 -0.207915
-0.425801 -0.0284134 -0.308666
-0.238483 -0.259456 -0.229145
0.168878 0.151375 -0.273597
0.157096 -0.00891188 -0.255673
0.0973279 -0.0712957 -0.268497
0.13484 0.0860794 -0.119247
0.501206 -0.0346433 0.261517
0.683438 -0.0140121 0.417817
0.467079 0.0121072 0.55753
0.466904 -0.393843 0.521494
0.359843 -0.389877 0.525033
0.39918 -0.398707 0.19161
0.608389 -0.456428 -0.0999347
0.701729 -0.285523 -0.164103
0.723254 -0.343782 0.108707
0.936123 -0.251581 0.0615929
0.986101 -0.273332 0.0184787
0.787114 -0.628511 0.315492
0.385605 -0.890767 0.495021
-0.0436862 -0.740828 0.623712
-0.164695 -0.344631 0.20629
-0.303082 -0.163148 -0.18029
-0.595775 0.172992 -0.350153
-1.09659 -0.200704 -0.385886
-1.37364 -0.194454 -0.703634
-1.28368 0.13405 -0.991657
-1.12919 0.197045 -0.783863
-0.887385 0.379018 -0.3627
-0.973799 0.320807 -0.079152
-0.967677 0.601432 -0.0540108
-0.674042 0.647893 -0.133138
-0.21496 0.380532 -0.289222
-0.144393 0.241849 -0.348704
-0.0101001 0.210651 -0.215411
0.365881 0.235105 -0.0497995
0.617032 0.670509 0.105357
0.602339 0.680367 0.292511
0.564439 0.415417 0.609891
0.366267 0.184941 0.550623
0.529828 -0.155833 0.547314
0.706949 -0.37256 0.346225
0.519799 -0.195509 0.31887
0.231808 0.32082 0.315648
-0.0654984 0.275429 0.20546
-0.0861475 0.0774715 0.112795
0.152264 -0.24682 -0.168868
0.352358 -0.269099 -0.324502
0.38004 -0.15876 -0.389845
0.327749 -0.271953 -0.269792
0.462413 -0.542371 -0.164308
0.390782 -0.434019 0.0875606
0.368893 0.117788 0.364141
0.294925 0.0866316 0.212835
0.0501361 -0.332593 0.316906
-0.247499 -0.663888 0.248914
-0.49905 -0.746197 0.257817
-0.736356 -0.705452 0.212127
-0.746796 -0.779651 0.0160886
-0.953948 -0.917883 -0.111492
-1.00118 -0.867166 -0.20461
-0.870977 -0.590805 -0.271568
-0.647444 -0.354306 -0.456575
-0.624754 -0.502799 -0.641772
-0.685464 -0.631078 -0.568256
-0.290676 -0.66947 -0.312868
0.0904088 -0.26836 -0.0654954
0.396285 0.147754 -0.0642905
0.66885 0.322919 0.00690621
0.924086 0.0882006 0.197849
0.668476 -0.0367153 0.241641
0.563423 0.123133 0.148469
0.382446 0.33378 0.154189
0.386557 0.522053 0.269981
0.355879 0.802959 0.289538
0.250931 1.11933 0.335612
0.268034 1.08983 0.283783
0.227142 0.668747 0.196315
0.0305848 0.248677 -0.0658599
-0.0686376 -0.0616431 -0.095289
0.132765 -0.0513564 -0.43968
0.216146 0.370027 -0.528313
0.344564 0.674703 -0.68454
0.179684 0.483588 -0.557795
-0.00215077 0.507314 -0.525392
0.0668534 0.504022 -0.0866303
-0.195661 0.246871 0.168895
-0.45839 0.04474 0.332191
-0.258021 0.0595285 0.350452
-0.31445 0.14088 0.336984
-0.499421 0.202587 0.240645
-0.501134 0.421501 0.164816
-0.465064 0.551692 0.243481
-0.515129 -0.086314 0.497046
-0.351125 -0.399228 0.541401
-0.113825 -0.128481 0.423443
0.0379674 0.0518584 0.220932
0.237291 -0.153801 0.116609
0.0827679 -0.224233 -0.159385
-0.0590056 -0.476877 -0.34672
0.390583 -0.410118 -0.592743
0.209264 -0.515609 -0.676221
-0.180884 -0.787398 -0.410332
-0.21744 -0.974117 -0.163387
-0.256393 -0.922878 -0.0748417
-0.317705 -1.01439 0.117167
-0.744654 -1.01682 0.454868
-1.19713 -0.958077 0.422781
-1.07699 -0.804491 0.260031
-0.627768 -0.615589 0.0958337
-0.383571 -0.36904 0.0969892
-0.000660659 -0.0453835 0.208208
0.13031 0.176915 0.289814
0.25589 0.26119 0.200061
0.619223 0.395728 0.198521
1.02758 0.7478 0.120521
1.1766 0.991913 0.05056
1.39103 1.26256 -0.0334855
1.55123 1.44371 -0.304158
1.27442 1.63944 -0.272619
0.955631 1.34669 -0.265097
0.435694 1.04017 -0.202736
0.146449 0.754022 -0.625428
-0.0535136 0.585749 -0.153615
-0.181569 0.678057 0.192571
-0.554182 0.815661 0.100409
-0.355387 0.773643 -0.153279
0.0312019 0.195144 -0.506627
-0.166765 -0.538298 -0.361282
-0.51367 -0.838447 -0.425568
-0.662574 -0.653718 -0.27065
-0.0541587 -0.357248 -0.231966
0.519924 -0.162595 -0.240059
0.575867 -0.157746 0.0136313
0.527073 -0.07683 0.33848
0.545513 -0.129686 0.395644
0.160649 -0.173086 0.502816
-0.377681 -0.273012 0.582326
-0.672422 -0.207369 0.842988
-0.612147 0.209409 0.753118
-0.503992 0.206762 0.348321
-0.385051 0.371317 -0.0519898
-0.548254 0.328144 -0.0415657
-0.405927 0.438771 -0.291587
-0.148788 0.817741 -0.473132
0.197646 0.761543 -0.524344
0.393448 0.319125 -0.859332
0.592307 -0.243765 -0.99716
0.854677 -0.453995 -0.698493
1.03547 -0.107998 -0.494863
1.00015 0.067979 -0.169663
1.05811 0.0146638 0.280635
0.862242 -0.553334 0.819646
0.372797 -1.16359 1.06761
0.00896983 -1.48232 1.31382
-0.13028 -1.53912 1.41831
-0.0783365 -0.983773 1.09875
-0.407527 -0.469959 0.801306
-0.859597 -0.279963 0.524366
-0.863627 -0.14544 -0.134351
-0.94194 -0.186437 -0.479482
-0.725383 0.0219943 -0.862195
-0.545725 0.086829 -1.36184
-0.454553 0.301885 -1.42199
-0.310963 0.457787 -1.42874
-0.40528 0.598273 -1.15432
-0.290831 0.842329 -0.712111
-0.128956 1.19373 -0.279137
-0.0570586 1.44606 0.19988
0.0662863 1.27032 0.700078
0.0285468 1.16818 1.17781
-0.237463 1.14147 1.28611
-0.508399 0.775293 1.13624
-0.511012 0.521916 0.901281
-0.281068 0.300733 0.705619
-0.0953607 0.0550199 0.300966
-0.172381 -0.0147151 -0.201387
-0.185707 -0.0949602 -0.398789
0.125036 -0.0695891 -0.655866
0.346682 -0.283925 -0.810429
0.155865 -0.472902 -0.821001
0.519264 -0.688201 -0.911732
0.876814 -0.963637 -0.890845
0.801903 -0.792835 -0.628833
0.670065 -0.563384 -0.243152
0.657581 -0.127141 0.0734087
0.585177 0.293847 0.504913
0.322514 0.306566 0.66468
0.0232193 0.155271 0.97319
-0.157528 -0.000790503 0.944673
-0.0540219 -0.201399 1.0089
-0.0773143 -0.171286 0.892572
-0.53025 0.213155 0.549995
-0.83284 0.435378 0.223752
-0.617323 0.456576 0.0492252
-0.504701 0.379583 -0.40716
-0.336719 -0.0397652 -0.658032
-0.262142 -0.411152 -0.90469
-0.45888 -0.597088 -1.12438
-0.708985 -0.570729 -1.05423
-0.637219 -0.566632 -0.87447
-0.336966 -0.260911 -0.375954
-0.0218934 -0.257472 -0.202545
0.0834625 -0.528557 0.210376
0.212336 -0.545163 0.542443
0.0609452 -0.668687 0.649488
-0.347473 -0.832062 0.783493
-0.326993 -0.705727 0.915295
-0.132009 -0.251416 0.942751
-0.0415712 0.034533 0.661638
0.197853 0.320707 0.459216
0.434013 0.303204 0.204871
0.444603 0.241089 -0.180126
0.411536 0.24999 -0.371955
0.226818 0.397206 -0.789708
0.277637 0.477528 -0.744752
0.32522 0.590999 -0.700352
0.397163 0.530916 -0.648594
0.474338 0.353868 -0.401333
0.618828 0.144451 -0.128954
0.411497 0.132788 0.0129004
0.113262 0.0453321 0.214505
-0.0838805 -0.069641 0.250735
-0.248158 0.0241777 0.32163
-0.317516 -0.0248789 0.231736
-0.232173 -0.144168 0.192775
-0.259896 -0.235249 0.353014
-0.210473 -0.294139 0.43529
-0.206273 -0.269908 0.157883
-0.233929 -0.254706 0.0834379
-0.177136 0.0190313 -0.0969352
-0.423424 -0.013181 -0.312635
-0.271738 0.0210997 -0.544669
-0.0158816 0.0708568 -0.621771
0.101791 -0.0509147 -0.664158
0.254416 0.153689 -0.446347
0.27987 0.290709 -0.332443
0.0381168 0.358633 -0.123496
-0.183292 0.436758 0.19406
-0.0263427 0.284324 0.310798
0.0133772 -0.0621279 0.420116
0.184898 -0.466075 0.479206
0.293601 -0.676989 0.411926
0.258669 -0.841909 0.244832
-0.172765 -0.900042 0.286026
-0.337097 -0.844072 0.300218
-0.110701 -0.913051 0.255032
0.229164 -0.870233 0.335362
0.516419 -0.866447 0.16862
0.729173 -0.940582 0.0493179
0.68519 -1.04075 -0.101337
0.326538 -0.801228 -0.435096
0.274156 -0.520233 -0.431163
0.428146 -0.352594 -0.606428
0.465722 0.0418455 -0.69319
0.289935 0.234161 -0.558287
0.250791 0.111332 -0.483271
-0.20168 0.214794 -0.334413
-0.463859 0.279041 -0.0775669
-0.447542 0.416433 0.309506
-0.481247 0.728017 0.520274
-0.351444 1.07769 0.493183
-0.216002 1.20164 0.63264
-0.195727 0.89849 0.473025
-0.221065 0.542963 0.302952
-0.0201979 0.413531 0.183271
0.125398 0.295707 0.0908387
0.295761 0.116786 -0.0313303
0.341465 0.123041 0.0775923
0.202359 0.0229791 0.0384166
0.131665 -0.0226184 -0.0712224
0.168564 -0.143366 -0.308576
0.147346 -0.198109 -0.466042
0.0320987 -0.329217 -0.472988
0.0109462 -0.475123 -0.588714
0.133412 -0.371665 -0.584212
-0.079985 -0.0487504 -0.433323
-0.423124 0.00252426 -0.167648
-0.36132 0.0466081 -0.00902805
-0.298928 0.313466 0.142263
-0.178086 0.0813527 0.122186
0.0191706 -0.0811673 0.296141
-0.0195301 -0.0788583 0.311412
-0.0388832 -0.172971 0.407522
-0.0361142 -0.179768 0.433575
-0.158324 -0.0745317 0.492143
-0.0416019 -0.0265001 0.532534
0.084607 -0.0813875 0.487947
0.346909 -0.0598976 0.301673
0.398677 -0.0731456 0.0460432
0.147953 -0.197535 -0.260536
0.0529337 -0.315225 -0.481983
-0.245182 -0.342148 -0.506126
-0.274463 -0.203621 -0.57027
-0.0739738 0.0315298 -0.468298
0.156399 0.115371 -0.309205
0.194688 0.114772 -0.0612112
0.0726169 0.219711 0.0937875
-0.129695 0.0327563 0.181623
-0.182505 -0.106163 0.330309
-0.105515 -0.0900026 0.432974
0.167948 0.0862393 0.336349
0.344186 0.510847 0.299189
0.427842 0.559947 0.184874
0.107354 0.448551 0.281415
-0.28546 0.553138 0.291619
-0.316627 0.380391 0.112125
-0.283247 0.114126 0.0940865
-0.359744 -0.148607 -0.0925737
-0.189585 -0.274019 -0.29138
-0.135607 -0.28455 -0.515341
-0.245248 -0.229208 -0.654703
-0.26592 -0.202128 -0.59248
-0.302701 -0.163373 -0.569007
-0.333005 -0.0269187 -0.560862
-0.144893 0.00797188 -0.327052
0.026406 -0.095372 -0.138274
0.185687 -0.234594 0.17062
0.27965 -0.280871 0.337837
0.151675 -0.172271 0.457943
-0.0231189 0.213015 0.531645
-0.0708636 0.477076 0.465067
-0.0120017 0.582334 0.48265
0.270329 0.398441 0.449943
0.353893 0.272817 0.489789
0.193496 0.386501 0.484294
0.000299757 0.373689 0.441469
-0.0611723 0.215666 0.143845
