0.00213596 -0.00236894 0.00799361
0.00458809 -0.00440048 0.00724361
0.0135696 -0.0110628 -0.000879059
-0.0046062 0.0120738 -0.0124016
0.00814896 0.0550385 -0.0159471
-0.00638484 0.00959105 0.0407542
-0.0260745 0.0201316 -0.0319376
-0.0262083 -0.0106906 0.00694895
-0.0278051 -0.0948446 0.0646832
-0.06601 -0.0508321 -0.0261285
0.0210828 -0.0271384 -0.107505
0.0279088 0.0238076 0.0662583
0.0732352 -0.0126254 -0.0171601
0.0366618 0.0912229 -0.0348657
-0.0213944 0.144737 0.0475217
-0.0347047 0.079052 0.079156
0.0204182 0.0121105 -0.0759698
-0.0198975 -0.0280496 -0.0567254
0.00464908 -0.0270982 0.0307476
-0.012873 -0.108344 0.011036
-0.0215854 -0.111814 0.00645218
-0.0208077 -0.0841411 0.00608849
-0.0464482 -0.0768613 0.00776736
-0.0180555 0.0311037 0.00522511
0.0643095 0.124158 -0.0620221
0.0514303 0.146241 -0.0169625
0.0608025 0.117816 0.118545
0.109744 0.0227544 0.0482993
0.0580043 -0.019315 0.00222912
-0.0326539 -0.0667156 0.0614559
-0.087764 -0.109731 -0.0669011
-0.0300207 -0.0673137 -0.0911797
0.0281891 -0.00884178 -0.0212066
-0.034692 0.0452454 -0.0282684
0.0114644 -0.0276715 0.0329518
0.0204533 -0.0399082 -0.0147361
-0.0375633 -0.0323669 0.0338533
-0.0394796 -0.0438786 0.00197428
0.000125943 -0.0203659 0.0480851
0.0368284 0.101581 -0.1395
0.0788694 0.120897 -0.0919601
0.00832315 0.0896214 0.0301039
-0.0285556 0.0290939 0.078919
-0.0133107 -0.0190282 0.0813352
-0.0757205 -0.0512439 -0.0109319
-0.0846964 0.0187674 0.0842747
-0.0693393 -0.0271685 0.0196842
-0.0075675 -0.0491068 0.00997405
0.0122768 0.0316636 0.0169803
-0.00461204 0.00134208 -0.0711394
0.0285897 -0.0549543 0.0355635
0.048815 -0.0189234 -0.00999379
0.052685 0.0138339 -0.0474021
-0.0185796 -0.0241693 -0.098691
0.0290474 -0.0304732 -0.100343
0.0289872 0.0131432 -0.0254715
0.0191577 -0.0432867 0.0573772
-0.0323804 -0.0445002 0.0252947
-0.0194746 0.0138394 0.0516764
-0.0391527 0.13411 0.0473175
-0.0152948 0.0561216 0.00959692
0.0048509 -0.00734939 -0.0257627
0.0290086 0.0243666 0.0155048
0.102024 0.0885146 0.0177368
0.136562 0.020292 0.0574576
0.0478562 -0.0162397 0.0158913
-0.011015 -0.0181959 0.073251
-0.0395308 -0.0219784 0.0398293
-0.0735787 -0.0927152 -0.0535808
-0.0866434 -0.0725468 -0.142711
-0.0473739 -0.04345 -0.00944322
-0.0134283 -0.05895 -0.100382
0.0715341 -0.0107518 -0.0604968
0.0489141 0.0518625 0.00398346
0.00236265 0.014659 0.10033
-0.000493418 -0.0364938 -0.0224486
-0.0550358 0.0289522 -0.0444091
-0.0379979 0.0110401 0.193707
-0.0375351 -0.0659977 -0.0135619
-0.0366044 0.0318281 0.06363
-0.026798 0.0519521 -0.0321432
-0.0296609 0.0288869 0.0534284
-0.0396293 -0.0359024 0.0622462
-0.0597268 -0.0165753 -0.110499
0.00857349 -0.0522804 -0.13229
-0.00250427 -0.0294386 0.0329142
0.0308038 0.020792 -0.0282295
0.049872 0.0939027 0.0312947
0.0477948 0.0182624 0.0582436
-0.0469193 0.0357153 -0.0821183
-0.0139197 0.0222309 -0.169221
0.0480398 -0.0379775 0.0316524
-0.0242905 -0.0108603 0.042933
0.000291208 0.0237057 0.0473229
0.0512411 0.0326231 0.0152667
0.0806434 -0.0144196 0.0696383
-0.0116214 -0.0640126 -0.00980374
-0.00242468 -0.0706998 0.0267479
0.0970581 0.0283616 0.136585
0.0462841 0.0994132 0.0523897
0.0522513 0.0522256 -0.00712724
0.0320218 0.0153756 -0.0447394
-0.033155 -0.00854471 -0.00912555
-0.0817664 -0.112782 -0.132368
0.0154281 -0.0920368 -0.157784
0.0593481 0.0675407 -0.0666598
-0.00211868 0.0221995 0.184761
-0.00461528 0.0437222 0.074783
-0.0262757 0.0493817 -0.0396291
-0.0863682 -0.0505196 0.032013
-0.130427 -0.0854569 -0.0189392
-0.0524121 -0.0950078 -0.113355
-0.0168935 -0.00790086 0.0284619
0.0112589 -0.0108474 0.0398416
-0.00559727 -0.0278559 0.0199868
-0.0369468 -0.0215721 -0.0869029
-0.0711545 -0.0350821 -0.0504768
-0.0113603 -0.0531556 0.05969
0.0164551 0.0198574 0.0891495
0.113351 0.063973 -0.0816684
0.0735017 0.0296467 -0.0430278
0.0387598 0.0624355 -0.0173448
0.00801385 0.0426423 0.168506
-0.00489848 -0.000936467 -0.0393649
-0.096452 -0.0663509 0.0190138
-0.0313719 0.0231474 0.00299807
0.0202458 0.0727368 -0.055175
0.102795 0.0565192 0.043663
0.0312644 0.0169187 0.226168
0.0347231 0.0462493 0.115948
0.0861044 0.0693979 -0.108631
0.106912 0.00869536 -0.193122
0.020173 -0.123896 -0.059077
-0.0290821 -0.0712254 -0.131521
0.0372426 -0.0402032 0.0248799
0.0473879 -0.0775916 0.0302121
-0.0193582 -0.00459182 -0.0600719
-0.0496791 0.0825434 0.0188049
-0.00728553 0.080218 -0.0618136
-0.0208299 0.0951026 0.111831
-0.0529382 0.0491423 -0.0134177
-0.0957978 -0.0250644 0.134901
-0.0853807 -0.0327107 -0.15509
-0.101249 -0.0761212 0.053291
-0.066187 -0.134135 0.0105555
-0.0647142 -0.0606894 0.0929874
0.0415385 -0.0516815 0.0243886
0.0868004 0.0536372 -0.103828
0.125886 0.118114 0.0425294
0.0305845 0.00935134 0.0757591
-0.0027915 -0.0306422 -0.0138908
0.012285 -0.0692542 -0.0389865
-0.0124584 -0.111999 0.106203
-0.0617161 -0.070885 -0.092412
-0.0500615 -3.78319e-05 -0.0950815
-0.0222713 0.0338164 -0.139075
-0.0411024 0.0532019 0.0218632
-0.0558566 -0.0415329 0.0761147
-0.0331883 -0.0246233 -0.11456
0.0367141 0.0648614 0.0388213
0.0322896 -0.0299274 0.291119
-0.00250079 -0.0211698 -0.054201
0.0338476 0.044581 -0.0737155
0.0709052 0.126037 0.0676616
0.144252 0.140046 -0.104754
0.169414 0.0299737 -0.190751
0.0914137 0.0850843 0.154762
-0.00998652 0.0491464 0.289759
-0.0688398 -0.0469221 -0.0647401
-0.0872152 -0.0483097 -0.0780903
-0.0895653 -0.00710854 -0.064259
-0.099151 0.00443453 0.0402659
0.0178549 -0.0152313 -0.0829447
0.0439754 0.003712 -0.0686312
-0.0318557 -0.0517334 0.00865289
-0.0783805 -0.0288554 0.0642997
0.0259171 -0.0225399 0.127246
-0.0275929 -0.0681382 -0.0861043
0.0380709 -0.0715396 -0.140689
0.00412878 0.06909 0.0245394
0.0436387 0.14655 0.0473819
0.0774808 0.0477557 0.125356
0.0210453 -0.0372191 0.0173485
-0.0828673 0.0916749 0.0796623
-0.0950937 0.0967438 -0.0583214
-0.204511 -0.0921319 -0.0769577
-0.202411 -0.0909826 -0.15487
-0.0935425 0.0361358 0.0466421
0.021525 0.0252615 0.0311077
0.0695783 -0.128869 0.201335
0.0700642 -0.171835 0.00311439
0.0160683 -0.0811942 -0.0745997
0.0482689 -0.0299654 -0.154233
0.0166575 -0.0242164 -0.130314
0.075759 0.0241844 -0.0167374
0.105051 0.0590487 0.11853
0.066571 0.0944964 0.0436685
0.0630346 0.011609 0.0343405
-0.0604675 -0.0646533 0.0212883
-0.0603783 -0.0338976 -0.0174285
-0.035314 0.024586 0.0380161
0.0666868 0.00583857 -0.0294056
0.0733609 0.0400388 0.0598581
0.0686153 0.0440671 0.216773
-0.0049076 0.0134971 0.0989578
0.00577964 -0.0502279 -0.0273137
-0.0345326 0.00797888 -0.140544
0.0395211 0.12472 -0.142458
0.0858256 0.161067 -0.0474597
0.0689849 0.0581756 -0.108489
0.0448206 -0.0279767 -0.0344965
-0.0384057 -0.115781 0.0434341
-0.16266 -0.102378 -0.0415568
-0.126036 -0.150714 0.0119597
-0.083629 -0.0439836 -0.000213797
-0.0345748 0.0427596 0.042419
0.0434745 0.118565 0.103791
0.0140604 0.131946 -0.0131895
-0.0413385 0.0731294 -0.186932
0.000159962 0.0180923 0.205718
0.00113537 -0.0217974 0.026811
-0.0472953 -0.0177616 -0.0259114
-0.0943557 -0.0231158 -0.0284993
-0.0550203 0.0315944 0.0829549
-0.0129184 0.0740104 0.0314845
-0.0540499 -0.0194116 0.0734594
0.0054269 0.110346 0.00695093
0.0571027 0.128195 0.00742357
0.094232 -0.00261045 -0.0847259
0.0918834 -0.0998778 -0.120753
0.0255228 -0.0554241 -0.101772
0.0280807 -0.111143 0.016245
0.0106227 -0.108357 -0.0558428
0.109392 -0.115132 0.00538374
0.0516566 -0.0130109 0.0229024
0.0706862 0.138239 0.051118
0.109292 0.0823873 -0.00736123
0.060851 0.0373998 0.100014
0.0114492 0.0422401 -0.0791535
-0.0185482 -0.00349713 0.0486011
-0.073325 -0.033762 -0.088376
-0.00276123 -0.105615 0.0439795
-0.0158832 -0.0404882 0.138747
0.0283888 0.040249 0.0719555
0.0371849 0.00690971 0.0280573
0.0424378 0.0420454 -0.143567
0.0258358 0.176429 -0.003843
0.0200907 0.026513 -0.0192423
-0.0758465 -0.0973173 -0.0888908
-0.0292424 -0.0266332 -0.0126871
0.0124736 -0.0655877 0.0183445
-0.0813891 -0.11972 0.113468
-0.0609558 -0.149623 -0.033998
-0.0615501 -0.0499256 0.0348621
-0.0651871 0.0496905 0.0249619
-0.0740502 -0.0144549 -0.0438881
-0.0779167 -0.0707376 -0.131187
-0.0692429 0.0634169 -0.0570183
0.0508064 0.115577 0.245678
0.0815444 0.00982953 0.0425226
-0.00122668 0.0212804 0.00875034
0.0104575 0.0873208 -0.12474
0.0401646 0.0718456 -0.187358
0.13347 0.0130266 0.0511919
0.0946226 -0.0285708 0.0646496
0.115819 0.0914506 0.00215083
0.0379758 0.0444707 -0.0607561
-0.121498 0.116369 -0.0406618
-0.051224 0.118174 -0.0394345
-0.0207131 0.0249691 0.0168673
0.0130794 -0.107636 0.125294
0.115376 -0.0375383 0.0498263
0.166437 -0.121857 -0.0161531
0.0533205 -0.104959 0.0631145
0.125771 -0.125706 0.0809032
-0.00776978 -0.103175 0.0666486
-0.0804316 0.0640693 -0.0123444
-0.0419838 0.00823511 -0.0574474
-0.1102 -0.0698539 -0.100172
-0.091146 0.0838536 -0.102932
-0.00868172 0.0295381 0.0472186
-0.0247842 0.024957 -0.114731
0.0132907 0.123457 -0.0780287
0.0592035 0.135631 -0.0154831
-0.113262 0.0792891 0.0462091
-0.0417498 0.1017 0.210252
-0.129103 0.0793119 -0.118673
-0.121281 0.111966 0.0214043
-0.0688515 0.0361426 0.0991734
0.0336697 -0.0376768 -0.0438644
0.110781 -0.0951872 0.183184
0.107522 -0.189999 0.106126
-0.0392873 -0.129837 -0.0433655
-0.00897392 -0.00576695 -0.206711
-0.0333982 -0.00112382 0.0649412
-0.105121 -0.0968556 0.0388741
-0.065808 -0.0952478 -0.0821216
0.0121226 -0.0605353 -0.0673321
-0.0400641 -0.122306 0.0218815
0.0238082 -0.183692 -0.0441241
-0.0437938 -0.174695 -0.0474024
-0.0216498 0.00211614 -0.061882
-0.0930519 0.0076938 0.0619575
0.00116737 0.0555807 0.000901305
0.138599 0.238646 0.0565105
0.178482 0.208263 0.00152532
0.0777394 0.05824 0.0243418
0.056724 0.0828117 -0.0243275
-0.0362741 0.0278343 0.0465352
-0.151909 -0.0823964 -0.00525789
-0.0347388 -0.021823 0.150091
0.0509574 -0.0910523 0.0512758
0.000185076 -0.0414646 -0.0266426
0.00107855 -0.0313024 -0.0834594
0.0623618 -0.125119 0.0145359
0.0835282 -0.161122 -0.0334721
0.0799569 -0.0614529 0.0370502
-0.0484262 0.0917285 -0.0230522
-0.0808648 0.14007 -0.0814636
-0.0748778 -0.0309802 -0.0204014
-0.126864 -0.0179788 -0.0103291
-0.085312 -0.0370068 -0.118254
0.0268196 -0.107346 -0.00641557
-0.0218938 0.0966499 0.0419918
-0.0480614 0.110614 0.104876
-0.151868 0.18927 0.132165
-0.145351 0.319299 0.138987
-0.0422751 0.173193 0.00956722
-0.0546303 -0.0820395 -0.141241
-0.0194967 -0.0116792 -0.0680316
0.0808879 -0.0526009 -0.341591
0.178454 -0.0556859 0.149366
0.118216 -0.0300018 0.0135474
-0.00668479 -0.0819601 0.150219
-0.150332 -0.076648 0.0780648
-0.208259 0.0593181 -0.0724524
-0.103893 0.129607 -0.125771
0.071141 0.0760856 0.00660512
0.25648 0.0479394 0.0287442
0.285795 -0.118694 0.0941046
0.329229 -0.240616 0.100624
0.0839181 -0.22054 -0.228665
-0.162634 -0.246891 -0.0179631
-0.132977 -0.196828 -0.0851971
-0.0253673 0.0176375 0.118019
0.0415337 0.202496 0.13447
0.216413 0.160588 0.131533
0.14124 0.0702304 0.113746
0.0983397 0.073398 0.122154
-0.00704145 0.0399259 -0.145085
-0.127348 -0.142693 -0.0352752
-0.187254 -0.0567817 -0.202996
-0.123294 0.0126717 -0.188598
-0.0412156 0.0226736 -0.0315446
0.0156069 -0.139853 -0.0817004
-0.0345297 -0.105701 0.0574967
-0.125449 -0.0757325 0.135773
-0.107499 0.0282781 -0.138743
0.0240973 0.0209506 -0.171358
0.0863735 0.00176557 0.0902135
0.0646325 0.0943334 0.0753799
0.100604 0.148406 0.205911
-0.00277956 -0.0995497 -0.085583
-0.142565 -0.077286 0.2543
-0.0508033 0.0487533 0.137108
0.0288214 -0.019104 -0.0315762
-0.0385268 0.00184657 -0.271088
0.171712 0.0904569 0.00744394
0.136874 0.101015 0.0978779
0.0749072 0.0809039 0.0464678
0.140184 0.116129 0.045516
0.000637178 -0.0571505 -0.324269
-0.0537387 -0.0029247 -0.100494
0.0476757 0.000910683 -0.192728
0.0335976 -0.108158 0.165427
0.00995487 -0.141503 0.0336024
0.0571036 0.0152216 0.0411276
-0.0623261 0.068821 -0.0998661
-0.170432 -0.0793932 0.0183235
-0.0848783 0.1361 0.110719
-0.0529104 0.150887 0.102663
0.103744 -0.128386 0.0538976
0.184091 -0.0050233 -0.021383
0.198724 0.17071 0.225307
0.136695 0.0548949 -0.0260905
-0.0553278 0.156656 -0.120319
0.0344603 0.0871251 -0.162502
-0.185325 -0.100281 0.0206596
-0.167794 -0.290897 -0.0156722
-0.0807815 -0.24868 0.218424
-0.0500186 -0.216103 -0.152897
-0.0862866 -0.0648116 0.0249706
-0.0922572 0.0337649 -0.0838215
0.0208484 0.161917 0.113069
0.121877 0.153861 -0.0261606
-0.036185 -0.0268248 -0.334047
0.0166223 0.00625928 -0.0901115
0.135816 0.0620462 0.36462
0.0277741 0.00244318 -0.0710098
-0.0244996 -0.0430398 -0.135557
-0.0709359 0.0962195 -0.263716
-0.00491821 0.147354 0.376839
0.0107349 0.0260112 -0.0279583
0.000941212 -0.0154791 0.112512
-0.0605982 0.0734292 0.113964
0.071051 0.0723424 0.486666
0.0305483 0.121804 0.00554394
0.04362 0.0379287 0.155048
-0.147899 -0.0649442 -0.465049
-0.219198 -0.133864 -0.0130697
-0.123497 -0.0462632 -0.278998
0.122609 -0.0557357 -0.445425
0.12322 -0.0377852 -0.100262
0.319764 -0.150026 0.145503
0.274147 -0.000279098 0.230421
-0.0525067 -0.121945 0.027963
-0.357603 -0.125673 0.0233841
-0.277628 0.0395965 0.0561426
-0.0560303 0.0727277 0.0259624
0.147869 0.154682 0.510974
0.276003 0.186218 -0.297456
0.199488 0.227049 -0.0762707
0.132503 0.0966206 -0.128152
-0.114202 0.123696 0.101811
-0.332939 -0.231663 0.143339
-0.305691 -0.366506 -0.0798315
-0.0901907 -0.207201 0.0531488
0.0619329 -0.0932789 0.267186
0.0639415 -0.131827 -0.0845889
-0.0110448 0.0245787 -0.0518338
0.100616 0.0804547 -0.385864
-0.0157337 0.216597 -0.065083
-0.0820256 -0.107977 -0.0206769
-0.321906 -0.128529 -0.171974
-0.196445 0.000406363 -0.0137765
0.0528142 0.098662 0.0730982
0.258558 0.178441 0.0583809
0.202962 0.292151 0.29797
0.180126 0.245325 0.379569
-0.00962014 0.16231 -0.211036
-0.246391 0.0794055 -0.14565
-0.408675 -0.126909 0.00951136
-0.220099 -0.356207 -0.256465
0.0281057 -0.258458 0.0381276
0.230975 -0.169653 0.569536
0.37899 0.189964 -0.135308
0.270912 0.304722 0.0478522
0.120936 0.177901 -0.18208
0.0192203 0.514448 -0.136275
-0.075609 0.457376 0.164925
-0.0641498 0.0877897 -0.103712
-0.0946305 -0.373337 -0.214306
-0.123544 -0.415153 0.355957
-0.0400488 -0.569054 -0.301279
-0.0849431 -0.583225 -0.0216805
-0.172825 -0.491525 0.0783799
-0.145831 0.0151553 -0.245913
0.0760755 0.294431 -0.0130398
0.111598 0.203955 0.307525
0.210824 0.446934 -0.238234
0.263602 0.288107 -0.200586
0.230092 0.167303 0.0565251
0.101319 0.265525 0.499117
-0.0509804 0.0164897 0.041707
-0.136646 -0.00882698 0.0332925
-0.199303 0.051166 0.247202
-0.0654863 -0.155569 0.326227
-0.185978 -0.188888 0.0855392
-0.132223 -0.313617 -0.365909
-0.133522 -0.356356 -0.0987946
-0.24194 -0.148595 -0.0998494
0.00510261 0.0411844 -0.266392
0.205805 0.026702 -0.135
0.135822 0.0914842 -0.328261
0.319138 0.185402 0.130773
0.379655 0.100761 -0.0211241
0.262704 -0.245782 -0.173684
0.0932531 -0.295883 -0.169995
-0.0032684 0.0263246 0.365636
-0.108805 0.209767 -0.246471
-0.197851 0.150114 0.189478
-0.535605 0.223654 0.0446076
-0.55545 0.251 0.34711
-0.279117 0.24499 0.24765
0.00287565 0.188789 0.237864
0.0567693 0.110253 0.112977
0.312626 0.043975 0.2066
0.420271 -0.191747 -0.228463
0.350622 -0.189081 -0.229184
0.0367612 -0.232676 -0.154195
-0.00052427 -0.379479 -0.309143
0.0672998 -0.129811 -0.0419528
0.275367 0.0532373 -0.626621
0.0164768 -0.055009 0.158818
-0.0280482 -0.289919 -0.0138784
-0.230278 -0.276485 0.344467
-0.0584578 -0.0966216 -0.0521415
-0.0613726 0.326628 0.166411
0.233621 0.364453 0.082682
0.304125 0.379316 0.117208
-0.0812559 0.423492 -0.331603
-0.263949 0.284169 -0.0898353
-0.391163 -0.00314465 0.249173
-0.413675 -0.27466 0.430522
-0.124488 -0.207087 0.202884
0.174888 0.0978733 0.0175095
0.366534 0.191638 -0.0501933
0.416359 -0.121314 -0.0650772
0.111823 0.0502973 -0.350008
0.193113 -0.103534 0.279981
-0.0457754 -0.290425 -0.088499
0.00382303 -0.359348 -0.180131
0.224702 -0.417691 0.0147732
-0.132323 -0.113709 -0.222381
-0.298304 -0.0203145 -0.30025
-0.174721 0.0710545 -0.315363
-0.337585 -0.0269865 0.241292
-0.40729 -0.265502 0.0906004
-0.396335 -0.252773 -0.0203693
-0.128525 0.130936 -0.0405002
0.170758 0.15748 0.242163
-0.0315705 0.213249 0.345851
0.281472 0.530801 0.241053
0.73067 0.552278 0.20983
0.732352 0.176993 -0.201672
0.505153 -0.14105 0.233131
0.401032 -0.357287 0.341894
0.032608 -0.360412 -0.514623
-0.630284 -0.490412 -0.224513
-0.740664 -0.408451 -0.559129
-0.591991 -0.0642895 -0.2025
-0.56182 0.0678946 -0.232283
-0.350381 0.506149 -0.129732
0.00662624 0.680415 0.214931
0.403415 0.75396 0.248501
0.597117 0.833425 0.202195
0.556739 0.582563 -0.100866
0.452934 0.153848 -0.0734175
0.288771 -0.39975 -0.248671
0.0564837 -0.754049 0.163666
-0.264987 -0.954538 0.34209
-0.408765 -0.759965 0.623839
-0.215215 -0.491934 0.458974
-0.23239 -0.00784346 -0.146155
-0.140075 0.193223 0.228072
0.0085381 0.324627 -0.642995
0.0147598 0.477001 -0.0154143
-0.103533 0.391057 0.0142209
-0.329944 0.0703351 0.064471
-0.145162 0.077852 -0.495221
0.0601107 -0.101688 -0.221637
0.079558 -0.201597 -0.478415
-0.0403827 -0.443361 0.415033
-0.125041 -0.35976 0.034607
-0.0225301 0.0934644 -0.0770214
0.163912 0.384432 0.234507
-0.0335844 0.576178 0.228526
0.174539 0.624712 0.0379288
0.213505 0.258953 -0.377283
0.23693 -0.0447355 -0.178056
-0.00163271 -0.107475 0.43157
0.0286756 -0.810181 -0.122201
-0.0468483 -0.744995 0.163688
0.0702675 -0.602537 0.363696
-0.190164 -0.827432 -0.0516564
-0.403315 -0.368771 -0.034533
-0.112663 0.222385 0.217012
-0.00105265 0.0102191 0.166574
-0.166887 -0.179406 -0.645006
-0.154384 0.286054 0.170572
0.119865 0.749185 -0.00806093
0.31824 0.848514 -0.182118
0.588636 0.799634 0.00972401
0.61331 0.997026 -0.0732805
0.791494 0.773033 0.046076
0.382328 -0.106615 0.0547254
-0.275455 -0.775668 -0.223718
-0.733282 -1.04831 -0.223186
-0.972111 -1.21368 -0.392787
-0.743355 -0.788264 0.234764
-0.374987 -0.607073 -0.110703
-0.291945 -0.221446 0.503874
-0.147967 0.319584 0.48681
0.0996536 0.62238 0.730605
0.133692 0.731066 0.108004
-0.012319 0.588873 -0.433844
0.12431 0.51247 0.327321
0.425321 0.174645 -0.153741
0.447634 -0.338096 -0.965806
0.354182 -0.59793 -0.294149
0.127405 -0.252299 0.390819
0.192219 0.149996 -0.738799
-0.0177713 0.176384 0.0308584
-0.279326 0.591959 -0.27359
-0.299921 1.13805 0.0683763
0.110861 1.05215 0.148204
0.212085 0.410912 0.350826
0.192631 0.123431 0.0387764
0.130317 -0.199295 0.169047
0.106511 -0.219864 -0.0257417
-0.098798 -0.515717 -0.059537
-0.13935 -1.21821 0.579517
-0.184982 -1.0708 0.438709
-0.171788 -0.61278 0.152079
0.0742883 -0.333111 0.163252
0.0319858 0.126068 -0.130962
0.0340672 0.19598 -0.239367
0.181006 -0.0774232 -0.0657886
0.292489 0.189365 -0.837846
0.0552187 0.306928 -0.140491
-0.421846 0.436769 -0.102617
-0.403968 0.672345 -0.574916
-0.0340094 0.742677 0.0939608
0.15857 0.370847 0.025954
-0.0299641 -0.0349397 -0.0298968
-0.153607 -0.991129 0.480213
-0.538697 -1.02639 0.168152
-0.583338 -0.409798 0.357591
-0.671328 -0.380492 -0.050243
-0.372125 -0.234946 0.254852
0.375276 0.132305 0.0781414
1.02752 0.0394497 0.555508
0.899406 0.0679888 0.412763
0.845119 -0.207013 -0.0841553
0.444671 -0.345366 -0.742679
-0.213284 -0.491865 -0.290202
-0.149549 -0.701028 -0.275219
-0.136933 -0.637581 -0.145553
-0.0900625 -0.222578 0.138722
0.151645 0.441195 -0.243644
0.318889 1.10554 -0.0402127
0.394044 1.15475 -0.0250619
0.394787 0.821433 0.172707
0.258558 0.759248 0.1425
-0.0791085 0.360649 -0.193922
-0.581097 0.233483 -0.412499
-0.508079 0.331613 0.31736
-0.698813 0.380851 0.126015
-0.393425 0.194601 0.356615
-0.0245893 -0.493925 -0.0439777
0.204008 -0.533689 0.284192
0.0608679 -0.415755 -0.128514
-0.0224887 -0.391478 0.272736
-0.332866 -0.630763 -0.870862
-0.398263 -0.733649 0.112883
-0.179693 -0.426034 0.211433
0.0859203 -0.281194 0.189728
0.329755 -0.172382 -0.350159
0.439324 0.35449 0.294481
0.293525 0.990178 -0.122275
-0.271337 0.792804 0.178594
-0.446305 0.332502 -0.649856
-0.440619 0.381888 0.265745
0.0950811 0.618782 -0.135312
0.0881456 0.484156 -0.000160272
0.394833 0.090397 0.32572
0.547627 0.394066 -0.119465
0.500577 0.437122 -0.215787
0.290638 0.285752 -0.552837
-0.150074 -0.0303722 -0.0551984
-0.0547194 -0.201022 0.877978
0.33974 -0.70391 0.0485828
0.251413 -1.05089 0.182129
0.171583 -1.21623 0.0719855
0.0478569 -1.14502 0.0754462
-0.303683 -1.18679 -0.251534
-0.22081 -0.775386 -0.0598071
-0.100668 -0.214661 0.0391547
-0.0379636 -0.0699433 -0.398665
-0.603977 0.0228391 0.0748408
-0.851752 0.134703 0.531829
-0.577138 0.224631 0.160362
0.122173 0.543123 -0.324342
0.541175 0.409347 0.284552
0.565754 0.382939 0.0146524
0.282302 0.467323 0.162178
0.153826 0.334086 -0.162172
-0.426123 0.174502 -0.263528
-0.544429 0.262167 0.114078
-0.0186106 0.2352 -0.384025
0.61221 0.705896 -0.185214
0.451442 0.377259 -0.197856
-0.0857186 0.237473 0.521474
-0.331389 -0.0119536 0.466753
-0.270564 -0.152706 -0.159047
-0.358136 -0.458392 0.0724119
-0.316872 -0.893265 -0.358365
-0.184829 -0.610641 -0.265021
-0.0240078 -0.117656 -0.381409
0.0316047 0.0959715 -0.813408
-0.134878 0.407637 0.471552
-0.21735 0.716488 0.887399
0.153173 0.29244 0.495046
-0.034707 -0.162965 0.110649
0.0977963 -0.268347 -0.25829
0.364842 -0.130624 -0.350635
0.197109 0.498859 0.349781
0.134792 0.644516 0.0145547
0.37488 0.605951 -0.191161
0.217176 0.399872 0.568292
-0.101726 -0.0891551 -0.11648
-0.539131 -0.515285 -0.208375
-0.836096 -0.394179 -0.0628239
-0.403551 -0.00515658 0.516128
0.282416 0.210693 0.158444
0.860401 1.01612 0.300525
0.981049 1.00652 -0.0399692
0.704551 0.381963 -0.728044
0.0221252 -0.345102 -0.475169
-0.468999 -1.01469 -0.690055
-0.314151 -1.55803 -0.426059
-0.391839 -1.76332 0.350185
-0.264302 -1.11419 0.361342
0.185629 -0.634707 0.0983796
0.051742 -0.197066 0.0707579
0.200507 -0.0395356 -0.370529
0.42008 0.174736 0.00905007
-0.284727 0.581672 0.335665
-0.938025 0.943706 0.473329
-0.797137 0.870321 0.132193
-0.235207 0.764087 -0.0895076
0.160053 0.587241 0.108936
0.653763 -0.0443071 0.461367
0.586995 -0.565046 0.0755072
0.316024 -0.471589 -0.230031
0.223658 -0.100149 -0.0163961
-0.128505 -0.0189448 -0.191167
-0.522902 0.306499 -0.400713
-0.401416 0.384955 -0.0555095
-0.387114 0.455146 -0.0966639
-0.290494 0.214875 0.126074
-0.241398 -0.0714992 -0.184279
-0.0519148 -0.103453 0.0837649
0.267144 -0.27245 -0.135326
0.271903 -0.604806 0.321731
0.423912 -0.422592 0.118933
0.706826 -0.410211 -0.450222
0.0800771 -0.34895 0.11368
-0.0303624 0.203934 0.0493286
0.205092 0.531128 -0.432417
0.14178 0.354447 0.00741232
0.019614 0.284057 -0.0235981
0.00362793 0.518792 0.00647316
0.290391 0.00278514 0.553154
0.252595 0.0531029 0.160309
-0.0781628 0.275152 0.225822
0.138032 0.256663 0.192632
0.491863 0.489634 -0.139824
0.27121 0.506408 -0.0467038
-0.257922 -0.194264 0.267536
-0.237879 -0.390419 -0.222603
-0.171542 -0.248843 -0.267529
-0.188726 -0.685625 -0.439553
-0.118975 -0.901547 0.31842
0.101807 -0.632606 0.315876
0.479189 -0.607799 -0.150605
0.487163 -0.255548 -0.0181257
0.294725 0.0746202 0.0858953
-0.0610442 0.580344 -0.278274
-0.946096 1.16063 -0.160117
-1.44133 1.11908 -0.417336
-1.60898 0.943628 -0.384479
-0.45673 0.340258 -0.540624
-0.0285664 -0.685176 -0.398667
0.0251825 -0.76234 0.21243
0.218241 -0.618797 0.417536
0.16004 -0.247 0.816463
-0.129175 -0.279653 0.425262
0.174272 -0.00970314 0.287621
0.52535 0.641992 0.72138
0.802245 0.88794 0.466069
0.44279 0.0861086 0.230118
0.310034 -0.52657 -0.161116
0.692323 -0.56122 -0.433901
0.555174 -0.91257 -0.140952
0.391576 -0.743926 -0.407032
0.257462 -0.528 -0.531986
-0.0236079 -0.0751106 -0.340532
-0.723667 0.217496 -0.141379
-0.536132 0.00121141 -0.377831
-0.557123 -0.427308 -0.106554
-0.508444 -0.382413 0.14531
-0.146905 -0.767876 -0.0220497
0.397847 -0.33527 0.115475
0.7458 0.411543 -0.246857
1.06905 1.01142 0.0498492
1.28759 0.920506 0.529479
1.28252 1.01504 0.332016
0.700974 0.841327 0.512547
-0.311688 0.32592 0.461123
-1.44437 -0.185607 0.242829
-1.7612 -0.470044 -0.137898
-1.81964 -0.301371 0.00111252
-2.0428 -0.398864 0.0229956
-1.61071 -0.165638 -0.173759
-0.343838 -0.229286 -0.423172
0.323562 -0.380547 -0.712962
0.578885 0.569527 -0.768929
0.587494 0.856649 -0.288243
1.17835 0.308263 0.163355
1.21712 0.18992 0.0126314
0.847332 0.533203 0.390026
0.61514 -0.140584 -0.0513986
0.522137 -0.246619 0.0146064
-0.359703 -0.225236 0.0861163
-0.415607 0.114208 -0.415008
-0.934432 0.59303 0.255475
-1.44477 0.348057 0.561571
-1.54666 0.228286 0.528152
-0.0162842 0.74538 0.209528
0.912761 0.238434 0.543152
1.01371 -0.981142 0.773798
1.09326 -1.38893 0.58928
0.846417 -0.842492 -0.0308728
0.488569 -0.875052 -0.656603
-0.387368 -1.18392 -0.530286
-0.131616 -0.192343 -1.1502
0.315529 0.923104 -0.4609
0.784006 0.966953 -0.604479
1.05718 0.378795 -0.290594
1.13309 0.433914 -0.360884
0.652391 -0.0992497 -0.342551
-0.733601 -1.04912 -0.193693
-1.98963 -1.04571 0.531251
-2.0867 -0.540767 0.2655
-1.35521 -0.050188 0.702752
-1.0538 0.405293 0.559907
-0.212913 0.528515 0.490271
0.59705 0.00409155 0.704174
0.597094 0.0477487 0.751914
-0.0302585 -0.326435 0.455739
-0.0267906 -0.709162 -0.425684
0.253817 -0.508265 -0.00590304
0.524655 0.11432 -0.39117
0.438819 0.114962 -0.253339
0.145419 0.278496 -0.440138
0.188822 0.585506 -0.681801
0.521831 0.75384 -0.800466
0.0778907 0.422221 -0.327574
-0.874742 -0.294115 -0.106622
-1.11745 -0.265848 -0.0795596
-1.18694 0.243871 -0.0540056
-0.724216 0.563408 -0.11579
-0.111781 0.522934 0.261658
1.1238 1.02507 0.495317
1.4014 0.136249 0.645897
1.28741 -1.07488 0.488863
0.38163 -1.11935 0.805244
-0.547396 -0.169675 0.144112
-0.689004 0.165359 -0.115645
0.0706746 0.539905 -0.473291
0.731214 1.63021 0.0557597
1.75551 1.58364 -0.0857903
1.72667 0.75951 -0.388607
0.514334 0.0703716 -0.0578733
-0.437128 -0.258001 -0.783573
-1.43459 -0.373887 -0.378816
-1.8921 -0.919069 -0.318974
-1.18637 -0.63365 -0.42687
-0.0754699 -0.316637 0.286089
0.663519 -0.153621 0.612407
0.354783 0.186275 0.0816642
0.00473328 -0.187078 0.396247
-0.400287 -0.464802 -0.0570661
-0.494467 -0.104659 0.617678
-0.189522 -0.284448 0.410191
-0.0204802 0.0366664 -0.106614
0.460498 0.401163 0.369263
0.240245 0.0133413 0.312224
-0.00479373 -0.948129 -0.36034
0.136155 -0.721537 -0.235234
0.0678231 -0.612687 -0.438201
-0.387765 0.0622844 -0.77537
-0.752576 0.483946 -0.303704
-0.758699 0.493143 -0.0949258
-0.368011 0.692444 0.00766651
-0.25201 0.433236 0.418611
0.0628162 -0.246068 0.366857
0.242623 -0.846027 0.122923
0.597548 -0.923037 0.551842
0.311893 -0.700533 0.00602975
-0.0216179 -0.366492 -0.431783
0.557632 -0.503197 -0.278783
0.84171 -0.352881 0.0301057
0.723189 0.481358 -0.0789821
1.10748 0.98651 0.0593704
1.79559 1.28252 -0.0959581
1.41286 1.14338 0.398668
0.578348 0.233352 -0.135936
-0.651243 0.159393 0.444766
-1.16237 -0.142865 0.0104166
-1.5067 -0.760974 -0.608046
-1.8659 -0.791953 0.181114
-1.47772 0.0289554 -0.411188
-0.117334 0.908875 0.0858679
0.198193 0.828905 0.593288
0.0681729 1.1844 0.634346
0.397744 1.57298 -0.465594
0.692541 1.22627 -0.0207841
0.74561 0.695346 -0.333548
0.551763 -0.115575 -0.632252
0.0135553 -1.75212 -0.143502
-0.965139 -2.04039 -0.0501519
-1.11102 -1.49047 -0.247012
-1.18839 -0.831822 0.3871
-1.30404 0.129068 0.327386
-1.02193 1.09833 0.0834877
-0.524399 0.711958 0.350126
-0.445399 -0.310843 0.410719
-0.478742 -0.652713 -0.0518394
0.200915 -0.199114 -0.665447
0.674868 0.673243 -0.00668232
1.36585 2.18489 0.462445
1.97109 2.9898 0.176493
1.90729 2.25095 0.143423
2.02257 0.986529 -0.0665624
1.63395 -0.577624 -0.261463
0.984164 -2.50522 -0.501698
-0.0251113 -3.67557 -0.289262
-1.10073 -3.34674 -0.140612
-1.67932 -2.31452 0.0764904
-1.20643 -0.929011 -0.0511372
-0.685033 -0.350743 0.0448741
-0.0466823 0.344188 0.192273
0.216404 0.653402 0.782492
0.80669 0.0393852 0.321584
1.15541 -1.23621 0.15643
0.418578 -0.580841 0.0521045
1.24778 0.277278 -0.223401
0.769575 0.0775497 -0.104187
-0.761975 -0.0759439 -0.128997
-1.99762 0.481242 0.121174
-2.16646 1.07827 0.0810695
-1.79394 1.08138 -0.06683
-1.03959 1.14856 -0.625167
-0.357961 0.86838 0.16526
-0.452112 0.676182 -0.567557
-0.210336 -0.0553498 -0.549432
0.155761 -0.61787 -0.594142
0.268539 -0.474333 -0.100441
0.818967 -0.259092 -0.664825
2.02529 0.298465 0.354104
1.67895 0.606089 0.394286
1.35883 0.27863 0.674652
-0.233788 0.199052 0.277984
-1.30093 -0.641344 0.389978
-0.497989 -0.915897 0.278607
-0.220691 -0.250236 -0.336299
-0.771753 0.509428 0.465808
-0.57872 1.38961 0.390877
-0.169436 2.66637 0.283672
-0.441617 2.76462 0.112415
-0.374341 1.96203 -0.220803
0.271837 0.479598 -0.213788
0.339833 -1.08741 -0.440092
0.422971 -1.63925 -0.686392
0.353024 -1.00536 -0.480395
0.837198 -0.177742 -0.379734
0.99334 0.329068 -0.349282
0.998419 0.366186 0.0410794
0.917967 -0.0048722 0.289961
0.580838 -0.421073 0.533084
-0.877293 -1.0322 0.515714
-2.36019 -1.01705 0.792169
-2.12506 -0.858928 0.153083
-1.17713 -1.10963 0.704219
-0.167548 -1.43118 0.503861
0.737503 -1.0697 0.449507
1.487 -0.192082 -0.0647944
1.87554 0.325567 -0.283602
1.39897 0.242184 -0.490666
-0.347381 0.182263 -0.372696
-1.20542 0.00378334 -0.383632
-0.680615 -1.10919 0.0397235
0.392432 -0.490704 -0.362743
0.162597 0.565852 -0.544001
0.606537 0.205101 -0.617938
0.12056 -0.245255 -0.818951
-0.473932 -0.736561 -0.418322
-1.11372 -1.62281 -0.162039
-1.90206 -1.62818 0.585824
-1.5655 -0.676109 0.878047
-0.844714 -0.63518 0.542949
0.0868572 0.0790306 0.412109
0.122477 1.12439 0.569257
0.79409 1.05369 0.761829
0.794427 0.829597 0.281511
0.970044 0.580744 -0.0170271
0.988178 0.289926 -0.246368
-0.342715 -0.352755 -0.324667
-1.22258 0.265938 -0.267389
-1.6014 1.08092 -0.124697
-1.62311 1.92484 -0.550602
-1.13289 2.30934 -0.725651
0.300165 2.01566 -0.224552
1.23411 1.12926 -0.900956
1.84638 0.307066 0.255145
2.0769 0.189496 -0.407236
2.33147 0.63755 -0.000888579
1.83835 0.643756 0.547533
1.2343 1.4334 0.705593
0.838686 1.71287 0.434718
0.0222775 1.63608 1.20728
-1.00756 1.12178 0.525366
-1.60629 -0.327223 -0.248576
-1.56989 -2.35549 -0.296943
-1.10784 -2.9853 -0.212017
-0.89286 -2.76698 -0.367834
-0.541743 -2.02888 -0.0966242
-0.0276124 -0.709522 0.35559
0.881446 1.41643 0.436648
1.77881 1.68459 -0.644866
1.50255 0.815371 -0.556696
0.555191 -0.899896 -0.543945
-0.0532383 -1.89761 -0.706972
-0.798372 -1.53816 0.17467
-0.689598 -0.734392 -0.170567
-1.01774 -0.931229 -0.130717
-1.83072 0.227961 0.811471
-1.14835 0.279881 0.126396
-1.18934 -1.26369 0.170427
-2.17651 -1.98429 0.974015
-2.37352 -2.29109 0.373749
-0.512395 -2.30083 0.0456066
1.28408 -1.37585 0.191162
2.82118 -0.920892 0.232493
3.85056 -0.239391 -0.476278
3.69645 0.276455 -0.776434
2.78917 0.350143 -0.72017
0.853536 0.0892063 -0.334009
-1.7138 0.615804 -0.146539
-2.38539 0.393223 0.0416888
-2.22673 0.142596 -0.519374
-2.31503 0.154075 -0.0573287
-1.15418 0.406713 0.152115
0.563927 0.795917 -0.0947126
1.26358 2.0504 0.39449
1.68675 3.00109 0.47988
2.23778 2.43496 0.278448
2.89906 1.7257 0.838918
1.64201 1.41541 0.393859
0.239168 0.730828 -0.0894612
-0.094833 0.4514 0.162403
-0.23656 0.0248194 -0.421813
-1.00544 -0.540075 -0.00776067
-1.3974 -0.252743 -0.428107
-1.54818 0.296642 -0.696943
-2.09319 -0.257654 -0.510022
-1.63022 0.419433 -0.708236
-1.13645 1.07993 -0.65591
-0.0782139 1.4697 -0.641686
0.305504 1.38477 0.113887
-0.982186 0.681875 1.0394
-0.852639 -0.78213 0.647557
-0.13138 -0.684835 0.157721
0.214173 -0.699465 0.71461
0.463808 -0.751397 -0.101371
0.693499 -0.277509 0.375115
-0.05278 0.372802 0.608195
-0.496435 0.909547 -0.0577677
0.511986 0.631276 -0.000357315
0.749511 0.364814 -0.212176
1.34231 -0.159598 0.0037263
0.827668 -0.658283 0.0537988
-0.213385 -0.660496 -0.377792
0.136331 -1.22316 -0.318389
0.674092 -2.4539 -0.289509
0.355666 -3.3208 -0.230169
0.600881 -3.89727 0.173351
0.891349 -3.89782 0.588496
-0.32086 -3.011 0.71192
-0.999854 -1.53164 -0.223966
-0.42938 -0.282501 -0.124072
0.209119 0.912899 0.644295
0.548602 1.48304 0.112023
0.623727 1.81348 0.418756
0.110244 2.58138 -0.0584825
-0.245563 2.49568 -0.14519
0.0554358 0.362198 -0.807368
0.452172 -1.15884 -0.480811
-0.572119 -2.28102 -0.897265
-2.11361 -3.43171 -0.204084
-2.21919 -1.62215 -0.065509
-2.20858 0.972997 0.544175
-1.50195 2.96827 0.155346
-1.18182 4.44679 0.951507
-0.0650768 3.78466 0.756848
0.862875 1.89667 0.215709
1.14724 -0.366627 -0.268322
-0.951812 -2.24387 0.0262408
-1.34274 -2.33288 0.108348
-0.767066 -1.01805 -0.61074
0.664497 -0.309797 -0.390777
1.76648 1.51662 -0.148168
3.44745 2.74961 -0.551351
3.585 3.49125 -0.485138
1.67178 3.94256 0.142042
1.0436 3.95241 0.207684
0.270648 3.07558 0.149539
0.180598 1.93331 -0.13229
0.343897 1.35206 0.105901
-0.154473 -0.119345 -0.481661
-0.906948 -1.49109 -0.477128
-2.25531 -0.34844 -0.0499515
-2.96702 0.13172 0.642405
-3.28995 -3.9926 0.630178
-2.38914 -4.02729 0.617588
0.8759 -3.31598 0.499167
1.296 -1.8289 0.292123
2.08178 -0.73568 0.181549
3.91486 1.45249 0.177049
3.78955 2.78958 0.327889
2.23229 1.95387 -0.0865862
0.291888 -0.784753 -0.758268
-0.770932 -3.83564 -1.05369
-2.67522 -5.5473 -1.00796
-3.52361 -5.16317 -0.713501
-3.67447 -3.5618 0.00781542
-3.62794 -0.494907 0.145693
-2.92714 2.33249 0.455996
-1.59088 3.63523 0.962242
-1.58378 2.94962 -0.0352616
-0.778983 -1.24465 0.651915
1.84738 -3.31591 0.314152
4.69854 -4.33017 0.399166
5.51492 -3.412 0.0984027
6.2907 -1.22261 0.165737
5.74145 1.35217 0.138978
2.77269 2.08472 -0.831895
-0.595183 1.55091 -1.32023
-3.71628 -0.469551 -0.623033
-4.21609 -0.642645 -0.352858
-4.05162 -0.56873 -0.0656797
-4.50138 1.23084 0.383005
-3.75923 2.87847 0.574103
-0.734084 3.48136 0.37096
1.57651 3.7513 -0.280802
2.51219 3.30366 0.233412
3.06166 1.93344 0.369988
3.37826 0.909191 -0.258141
3.36435 0.904079 0.055047
2.86463 1.30948 -0.0439212
1.47081 0.642896 0.361313
-0.317104 1.07576 0.442826
-1.14982 1.55879 0.204369
-2.51905 1.18932 -0.352786
-2.79528 0.891226 -0.872555
-3.31788 1.32595 -1.21426
-3.73139 1.29751 -0.468725
-3.06688 0.211051 -0.0932741
-3.02641 -1.01478 0.174898
-2.08047 -1.90871 0.898001
-0.676885 -2.5535 0.815492
1.15474 -3.29928 0.682619
1.99891 -3.97212 0.421912
2.53467 -3.45811 -0.194877
3.86233 -2.42627 -0.323706
3.9948 -0.865892 0.0839862
3.02847 0.465285 0.223441
1.8819 1.98262 0.171012
1.4577 2.3812 0.244461
0.220208 1.17493 -0.0533645
-0.876274 -0.937721 -0.778789
-2.74073 -2.24717 -0.17612
-2.47573 -2.68153 -0.539677
-2.81578 -1.9131 -0.335307
-2.6767 -0.899015 -0.641403
-0.452625 0.151846 -0.0745665
2.22898 0.0588103 0.18673
2.91099 -0.486366 1.06781
2.14171 0.0805265 1.13197
1.47633 -0.0171289 0.287046
0.491117 0.250243 0.196946
-0.276973 0.518347 0.749168
-0.0105712 0.405534 0.0324819
-0.108332 -0.225002 -0.940304
-0.323301 -0.0411826 -0.67325
-1.38776 -0.453944 -1.08091
-2.40321 -0.75942 -0.729823
-2.25208 0.144067 -0.626933
-1.90766 1.07186 -0.618557
-1.52247 1.96637 -0.115823
-1.83531 2.76519 0.501191
-1.83679 2.81335 0.662343
-1.17894 3.21348 1.03252
0.00292347 3.09406 1.21708
2.14655 2.22866 0.918769
3.91871 0.287297 0.339487
4.06597 0.439839 0.391139
2.4012 -0.558505 0.398579
1.24694 -1.73461 -0.368925
0.226335 -2.57084 -0.563302
-0.836684 -2.26301 -0.482167
-0.167217 -1.51678 -0.369227
0.445588 -1.05905 -1.11284
0.164523 -0.25873 -0.769203
-0.743688 0.154713 -0.271697
-0.694087 -0.32548 -0.547117
-0.64244 -0.541387 -0.145356
-0.523695 -0.534749 -0.00898626
-0.125869 -0.148754 0.121191
0.648575 0.72291 0.143163
1.63515 1.90151 0.385405
1.19845 2.18389 0.586807
0.124702 1.35219 0.856102
0.516022 1.38189 0.702402
-0.379464 0.860851 0.606306
-1.48261 -0.585353 0.45282
-2.19706 -2.02152 0.0386629
-2.0124 -1.71325 -0.293646
-1.45338 -1.45071 -0.343176
-0.729842 -1.33417 -0.565502
-0.390743 -0.446716 -0.304679
-0.124453 0.465826 -0.185414
0.498516 1.21298 -0.238983
-0.00710932 0.670489 -0.949692
-1.01124 -0.18391 -0.619888
-0.0854436 -0.44378 0.107231
0.553683 -0.803014 0.236735
0.790907 -1.30456 -0.137305
0.692599 -0.71908 0.255158
0.390981 -0.736121 0.461648
0.0394025 -0.767184 0.481955
0.254166 -0.0933239 0.428104
0.355853 0.294909 0.213712
0.284256 0.224812 0.387961
1.05606 -0.139369 -0.165257
1.0005 0.161598 0.192651
0.26431 1.21976 0.260472
0.866954 1.19603 -0.317263
1.14751 1.50477 -0.00211129
1.84302 1.51917 -0.50757
1.11152 1.47267 -0.51648
-0.585596 0.877804 -0.176218
-1.21211 -0.207947 -0.0661509
-1.58796 -1.7282 0.220937
-1.8759 -1.97668 0.171418
-1.22368 -1.53297 0.297752
-0.272927 -0.719713 0.0584088
0.267768 -0.213643 -0.131475
0.70548 -0.166055 -0.190467
0.551628 -0.00989131 -0.0667169
0.656931 -0.0422258 0.240288
0.690893 0.0492648 -0.239505
-0.372635 -0.102665 -0.0525736
-1.0106 0.123283 -0.139115
-0.822738 0.751924 0.0402261
-1.14847 1.29495 0.255944
-1.58061 1.07983 0.0351913
-2.01774 0.649038 -0.0689676
-1.10379 0.589487 0.205328
-0.916499 0.423092 -0.123855
-0.635416 -0.0554532 0.22563
-0.116693 0.330059 -0.143805
1.00122 0.108444 0.224239
1.89509 0.0802752 0.182935
2.23794 0.115232 -0.0168584
2.58773 -0.498193 0.0774708
2.37223 -0.25594 -0.381821
1.25422 -0.686353 -0.60722
-0.0286438 -1.86389 -0.627784
-1.12627 -1.66326 -0.267002
-1.98415 -1.36569 -0.110501
-1.7479 -1.2777 0.100687
-1.39876 -0.872123 0.288222
-0.349646 -0.044497 0.507328
0.121439 0.626986 0.343977
0.574858 1.25049 0.589878
1.15383 0.982765 0.24911
1.22983 0.592323 0.289882
1.61465 0.0506996 0.117634
1.43554 0.68743 -0.01743
1.06818 0.920622 -0.140049
0.637367 0.948173 -0.181256
0.554754 0.751313 -0.646868
0.861879 0.45467 -0.658796
0.1048 0.381498 -0.458207
-0.441234 0.207818 -0.539797
-0.871795 -0.406032 -0.618108
-2.50158 -1.29778 0.281194
-2.79378 -1.30516 0.51116
-2.41563 -1.52829 0.607408
-1.27455 -1.71249 0.736946
0.252657 -1.44628 0.357407
0.419886 -0.708545 0.573516
0.307919 -0.388376 0.666791
0.34953 -0.308704 -0.0178222
0.164687 -0.249031 -0.286075
-0.123077 -0.00483846 -0.357646
0.0287373 0.517548 -0.745747
0.326868 1.19261 -0.731959
-0.380356 1.97926 -0.483016
-0.491029 1.25688 0.0557115
-0.0825142 0.783544 -0.624865
0.474347 0.582798 -0.364423
0.818635 -0.452946 -0.276534
0.476066 -0.676373 0.0165681
-0.564358 -0.384751 0.00815308
-1.06053 -0.241652 0.584471
-0.83234 0.277176 0.600792
0.195878 0.0650983 0.735982
1.89044 0.181911 0.412982
2.31175 -0.315115 0.610266
1.62894 -0.486369 0.722136
2.07409 -0.62854 0.334875
1.42934 -0.388007 -0.220139
0.380332 -0.435092 -0.0734056
0.813868 -0.431274 -0.663195
1.1119 -0.559424 -1.07448
0.172051 -0.342972 -0.643848
-1.06546 -0.321495 -0.213823
-1.54858 0.115791 -0.264753
-1.96791 0.93083 -0.482038
-2.36561 1.29254 -0.147064
-2.04791 1.35363 0.544649
-1.17663 1.5844 0.401034
-0.761557 1.42756 0.415056
-0.202023 1.08776 0.383159
0.346961 0.588285 0.338655
0.436334 0.195487 0.564985
0.5684 -0.58242 0.379961
0.509686 -0.888243 -0.27543
0.527254 -0.772378 -0.378986
0.730808 -0.672591 -0.282785
0.0753095 -0.754396 -0.170573
-1.20438 -0.719516 -0.101476
-1.21161 -0.653713 -0.356199
-1.40824 -1.08453 -0.689864
-1.62553 -1.64432 -0.300777
-1.78508 -1.69192 -0.143726
-0.945117 -0.555762 0.38559
0.417748 0.225246 -0.165298
1.39538 0.767323 0.0366434
1.60715 0.73605 0.437513
2.46181 0.574062 0.482245
2.53069 0.417996 0.261507
1.80523 0.628987 0.380205
0.643382 -0.0267342 0.389112
0.396983 0.211648 0.0957687
0.826805 0.959967 0.337859
0.84955 0.86519 0.123645
0.210777 0.462856 -0.423834
-0.30236 0.0757741 -0.255977
-0.481611 0.0869232 -0.102239
-0.423598 0.160008 -0.275585
-0.25959 -0.378571 0.00757278
0.0761803 -0.39202 0.0462301
0.333433 -0.788902 -0.0723806
0.0280828 -1.17525 -0.0985605
-0.284255 -0.922406 -0.318512
-0.721457 -1.14103 -0.221056
-1.18587 -0.861475 0.067417
-1.47617 -0.212294 0.0608458
-1.1934 0.188035 0.324747
-0.855461 1.11742 -0.0777705
-1.00432 1.91352 -0.0674777
-1.10081 1.767 -0.302456
-0.959857 1.66517 -0.461169
-1.02254 1.63445 -0.434788
-1.60706 0.916932 -0.0841041
-1.18639 -0.157548 0.312051
-0.435176 -0.645666 0.181997
0.180508 -0.489328 0.436148
0.67126 -0.737754 0.485116
1.05485 -0.512817 0.573242
1.13389 -0.269479 0.227194
0.915059 -0.138727 0.138212
0.600996 0.366348 0.113163
0.660536 0.554273 0.0114829
0.932489 0.318667 -0.023431
1.47975 0.132353 -0.181288
1.61493 -0.482102 0.178789
1.51015 -1.21362 -0.13184
1.4866 -1.20136 -0.441783
0.735822 -1.26098 -0.592603
0.155967 -0.811613 -0.472097
0.201465 0.0446898 -0.286496
0.427994 1.27436 -0.244012
0.490573 2.44391 0.0298338
0.473537 1.89812 0.48554
-0.0753674 1.07307 0.516093
-0.81262 0.700179 0.631337
-0.559162 -0.21361 0.546221
-0.319443 -1.09291 0.68807
-0.517411 -0.851183 0.124011
-0.654717 -0.19656 -0.343058
-0.886794 0.342085 -0.259102
-1.76265 0.162587 -0.446556
-2.12556 -0.807683 -0.54403
-2.09474 -0.960814 -0.112784
-1.401 -0.540246 0.0732918
-1.01077 -0.607308 -0.414659
-0.459805 -0.67763 -0.081883
0.41135 -0.379112 0.00864026
0.710036 -0.416678 0.195299
0.259676 -0.543078 -0.216724
-0.194043 -0.690404 -0.180548
0.10068 -0.490287 -0.0782869
-0.109166 0.0858275 0.0166512
-0.475862 0.933065 0.0741292
0.350272 0.984989 0.228207
1.20089 0.421383 0.231112
1.81416 0.786246 0.266372
1.80424 0.632435 0.0623036
2.39729 -0.278887 -0.0791589
1.48815 -0.0163525 -0.224524
0.0891062 0.670015 -0.139428
-0.230153 0.920505 -0.00116286
-0.016174 0.485691 0.0440277
0.498357 0.496886 0.0570852
0.834532 0.378941 0.136573
1.42896 0.238578 0.18988
1.6223 0.0648304 0.126018
0.856025 -0.272705 0.151627
-0.224027 -0.186532 -0.102361
-1.11399 0.0850341 -0.111142
-1.52966 0.320664 -0.254778
-1.60256 0.483302 -0.286527
-1.45002 0.23944 -0.161895
-1.12774 0.11988 0.220629
-0.439595 0.473649 0.22787
-0.473198 -0.126122 0.123218
-0.847632 -0.953183 -0.0438928
-0.882003 -1.29608 -0.0725906
-0.914819 -0.731063 -0.0941794
-0.767983 -0.493728 -0.550734
0.0539907 0.0807242 -0.18383
0.512143 0.199442 0.207098
0.163136 0.858982 0.231898
-0.139912 1.11046 0.104397
-0.180745 0.508934 0.030936
-0.553733 -0.0417561 0.158567
-0.360224 -0.688555 0.00769232
-0.355682 -0.183302 0.279266
-0.253352 -0.275384 -0.0612517
0.0628037 -0.904396 -0.272956
0.472176 -1.16697 -0.105783
0.712559 -0.889827 0.186931
1.06298 -0.602363 0.213311
1.24282 -0.294286 0.218137
1.0059 -0.317459 0.208809
1.03078 -0.350421 0.203542
1.16187 -0.155126 -0.0983531
0.958828 -0.101629 -0.350557
0.739303 -0.169042 -0.257693
0.321276 0.228683 0.0591825
0.23127 1.03599 0.122647
0.166167 1.3185 0.0607363
-0.337625 1.05438 -0.199877
-0.332647 0.258067 0.168365
-0.26532 -0.0958568 0.0269032
-0.495919 -0.321035 0.111998
-1.01405 -0.0223948 -0.0524546
-0.853869 0.281217 -0.356039
-1.01022 0.555719 -0.0752916
-0.564106 0.691215 -0.162074
0.155288 0.5476 0.0965164
0.0935167 0.251669 -0.0302202
-0.18185 -0.35442 0.109626
-0.172797 -0.897514 0.0256172
-0.45934 -1.30542 -0.335807
-0.901036 -1.17739 -0.402722
-1.2829 -0.549183 -0.274464
-1.28908 0.0151463 -0.152014
-1.26781 0.319713 0.317022
-1.10614 0.361028 0.170217
-0.745718 0.403148 0.436618
0.0739787 -0.121344 0.468414
1.00943 -0.481671 0.13888
1.24734 0.177929 0.113319
0.993296 0.548002 0.230739
0.794978 0.278038 0.135704
1.03758 0.584241 -0.155325
1.30135 0.684449 -0.0914622
1.64434 0.224043 -0.352247
2.02458 0.0386331 -0.500248
1.44991 -0.219471 -0.18714
0.327137 -0.389629 0.169117
-0.72814 -0.0412612 0.0332849
-0.880417 -0.416336 -0.109685
-0.40911 -0.362911 -0.265697
-0.182168 -0.455917 -0.246942
-0.242337 -0.420223 -0.0919987
-0.727965 -0.52537 0.193605
-0.415902 -0.289444 0.473047
-0.311558 0.135548 0.27669
-0.201644 0.400186 0.330123
0.634903 0.162024 0.047993
0.854512 -0.0664627 -0.184065
-0.206659 -0.20874 -0.105484
-0.802025 -0.751701 0.124704
-1.05528 -1.02989 0.101843
-1.31108 -0.282165 -0.278095
-1.16945 0.658347 -0.0186144
-0.713474 0.872017 0.0482852
-0.402605 0.583139 -0.121401
-0.455922 0.89594 -0.16436
-0.351769 0.876983 -0.0612506
-0.0998688 0.181738 -0.0381217
-0.195618 -0.307121 0.030059
-0.261232 -0.742578 0.166429
0.162852 -0.893378 0.193946
0.646761 -0.94378 0.173031
0.769463 -0.87207 0.0451128
1.11427 -0.696048 -0.0744287
1.1531 -0.336065 -0.0905564
0.951086 0.354185 0.131879
0.696519 0.20971 0.260343
0.477046 0.244347 -0.0953662
0.495393 0.581605 -0.24167
0.170829 0.438528 -0.327294
-0.131395 0.419485 -0.0971805
-0.354753 0.352982 0.0330615
0.0135204 -0.0974959 -0.20123
0.222494 -0.162636 0.0909892
0.374344 0.115942 0.0956804
0.865787 -0.121097 -0.11194
0.717677 0.198765 -0.0686572
0.0507088 0.347283 0.0919971
-0.263528 0.466419 -0.0349915
-0.423789 0.404024 -0.104772
-0.437418 0.124532 0.0186048
-0.439334 -0.0720074 0.0496361
-0.271809 -0.380051 -0.20414
-0.444601 -0.713322 -0.262084
-0.543211 -0.688384 0.0216732
-0.857038 -0.457645 0.234244
-1.04612 -0.474534 -0.171835
-1.0441 -0.166657 0.0872346
-0.616123 0.185458 0.316783
-0.655972 0.101546 0.401557
-0.226709 0.370994 0.182003
0.388157 0.708211 0.0843119
0.82713 0.517064 -0.147418
0.367195 0.42663 -0.0455257
-0.220462 0.281359 -0.0249676
-0.403557 -0.284045 -0.239359
-0.0377283 -0.34651 -0.0802981
0.209247 -0.235517 0.0358628
0.820561 -0.660777 0.00410208
1.35293 -0.684918 -0.303566
1.5032 -0.126502 -0.247598
0.887113 -0.147368 -0.198385
0.268925 -0.566493 -0.249115
0.120023 -0.0671591 -0.120939
-0.0967888 0.481964 0.195189
0.021059 0.306819 0.188239
0.260102 0.304917 0.327637
0.96485 0.299886 0.222467
1.52098 0.477394 0.280384
1.15565 0.456154 0.329256
0.378005 0.411596 0.134335
-0.471308 0.294214 0.146966
-0.953487 0.165332 -0.189125
-1.47339 -0.282258 -0.0921461
-1.42096 -1.03811 -0.322966
-0.81938 -0.947096 -0.112341
-0.652681 -0.486155 0.0927092
-0.855212 0.256317 0.129311
-1.02375 0.902781 0.077299
-0.869579 0.961849 -0.141163
-0.544856 0.950126 -0.0315516
-0.523648 0.536999 -0.132114
-0.1293 -0.0401661 -0.341607
0.0577795 -0.715697 -0.17928
-0.0517375 -0.757022 -0.210853
-0.345618 -0.202968 0.00709709
-0.287299 0.0107445 -0.00792485
-0.0668346 0.715694 0.2344
0.0409803 1.46973 0.373189
0.304909 1.26336 -0.0356595
0.444892 0.355347 -0.00497621
0.362225 -0.130238 -0.0123703
0.360362 -0.708086 0.0412194
0.46824 -1.13908 0.231383
1.01329 -1.06159 -0.00318735
1.45267 -0.593557 0.173699
0.995244 -0.329736 0.413648
0.642823 -0.441642 0.195172
0.499065 -0.580283 -0.0312096
0.605313 -0.736965 -0.279464
0.79805 -0.987567 0.0826123
0.809728 -0.237785 0.137841
0.46401 0.879645 0.0336291
0.0295456 1.14995 -0.14351
-0.325904 1.51635 -0.319487
-0.807626 1.11511 -0.263018
-1.20596 0.715526 -0.278255
-1.63801 -0.165047 -0.0132099
-1.76522 -0.452828 0.149767
-1.21675 -0.193957 0.167733
-0.288252 -0.10154 0.0256719
0.267417 -0.479267 -0.0588175
0.43188 -0.958279 -0.1199
0.0910006 -1.09716 -0.0428632
-0.485721 -1.30121 0.0666627
-1.06181 -0.820527 0.232289
-1.08763 0.00416868 0.316741
-0.953874 1.21312 0.248095
-0.668402 1.2703 0.108919
0.0937511 1.29049 -0.278287
0.289506 1.12576 -0.230315
0.217937 0.714043 -0.189677
0.617933 0.346 -0.22149
0.462138 0.235615 -0.231935
0.300369 0.221505 -0.0739202
0.491124 0.131725 0.0946736
0.568312 0.100039 -0.0732866
0.609997 -0.153594 0.209404
0.796724 -0.225298 0.421645
1.40089 -0.123036 0.23006
1.61492 -0.0663903 0.140669
1.23773 0.217702 0.0707906
0.431227 0.00327256 -0.0817657
0.00853643 0.0199202 -0.186756
-0.337389 0.341755 -0.175209
-0.592005 0.178375 -0.137426
-0.632581 -0.542025 -0.0486039
-0.511415 -0.7063 0.00849669
-0.302284 -0.0620393 -0.0787682
-0.395052 0.103227 -0.0304221
-0.620781 0.400398 0.0557924
-0.807501 0.442754 0.0588655
-0.32253 0.20949 0.00484031
-0.129705 0.306883 0.201211
0.133194 -0.199456 0.1443
0.601267 -0.424697 0.0831609
0.591621 -0.205383 0.13669
0.294193 0.172389 0.0853177
-0.470984 -0.1199 -0.110825
-1.28585 -0.381715 -0.398289
-1.33713 -0.447007 -0.408248
-1.05109 -0.763669 -0.0801845
-0.641223 -0.929562 -0.0133746
0.0109886 -0.520484 0.204331
0.586168 -0.453917 0.124738
0.758394 -0.507201 0.0768052
0.846334 -0.412739 0.0901916
0.628215 -0.48714 0.189795
0.422474 -0.329586 0.152608
-0.196208 -0.0144043 0.0905647
-0.395891 0.358882 -0.00178497
0.0381526 0.769223 -0.147579
0.368166 0.878099 -0.25242
0.436871 1.03202 -0.0848282
0.59678 0.722658 0.0371817
0.448388 0.472618 -0.132139
-0.406903 0.288458 -0.185323
-1.00459 -0.162003 -0.25073
-0.471977 -0.377572 -0.133733
-0.0205847 -0.189616 0.141456
0.650413 -0.142889 0.248361
1.28451 0.00244026 0.227302
1.71733 -0.105917 0.373582
1.79783 -0.127588 0.436235
0.766489 -0.0101295 0.0960371
-0.150242 -0.0392746 -0.10965
-0.246329 0.0113839 -0.388517
-0.754249 0.53586 -0.242451
-0.584947 0.814675 -0.0547369
-0.574535 0.808851 -0.0694848
-0.164915 0.702127 -0.136315
-0.230195 0.44677 -0.236008
-0.541493 0.0263916 -0.199177
-0.682135 -0.467818 -0.193963
-0.396085 -0.591093 0.0934608
-0.4733 -0.574646 0.062028
-0.634532 -0.488666 0.0920963
-0.639133 -0.134573 0.0246901
-0.741366 0.309503 0.237226
-0.631511 0.677928 0.135143
-0.262648 0.643072 0.0758763
-0.0412551 0.593716 0.0611448
-0.179206 -0.0854407 0.0366211
-0.168359 -0.760758 0.0244469
0.0038256 -0.814776 -0.155538
-0.167328 -1.2549 -0.23287
-0.224121 -1.24746 -0.294483
-0.0707289 -0.686766 -0.166798
0.417358 -0.265534 0.171243
0.714463 0.240351 0.218028
0.706125 0.631144 0.265962
1.00413 0.441298 0.196458
1.07941 0.415559 0.197021
1.05016 0.092806 -0.0579364
1.07211 -0.396244 -0.146234
1.03258 -0.516211 -0.0368417
0.946532 -0.599493 0.166434
0.974582 -0.328145 -0.0864563
0.785116 -0.0881657 -0.196656
0.378751 -0.17893 0.119343
-0.183207 -0.248437 0.222218
-0.771538 -0.0766621 0.306641
-1.03993 0.144204 0.0208432
-1.18547 0.0768673 -0.11738
-1.21664 0.244498 -0.071609
-1.24149 -0.212001 -0.0237956
-1.04197 -0.31248 -0.294497
-0.635736 -0.132854 -0.475256
-0.302151 -0.127651 -0.226554
0.0657141 0.188074 0.0264825
-0.00162076 0.358032 0.0907913
-0.232462 0.756582 0.038236
-0.438967 0.742306 -0.0396014
-0.518378 0.372835 -0.183603
-0.782459 0.21727 -0.173127
-0.765546 0.189637 0.0273725
-0.440773 0.127714 0.10532
-0.225355 0.453225 0.0465932
-0.150438 0.488393 0.0351142
0.0795886 0.382278 0.207553
0.195176 0.261332 0.0858462
0.5715 -0.153673 0.166117
0.905036 -0.557614 0.0995252
0.961926 -0.494474 0.138734
0.980434 0.0901471 0.151419
0.847686 0.261125 0.0656437
0.751894 0.327016 0.0475696
0.804084 0.202656 -0.126134
0.856648 0.217572 -0.150415
0.767012 0.207926 -0.116818
0.53919 -0.0481019 -0.0190032
0.423389 -0.404395 -0.0435467
0.0839561 -0.420832 0.0302941
-0.156095 -0.110844 0.111405
-0.348857 -0.342507 -0.148275
-0.589383 -0.693839 0.0370561
-0.765122 -0.753758 0.0901459
-0.808505 -0.688462 0.155139
-0.794078 -0.756115 0.157578
-0.527443 -0.934819 0.00962737
-0.437914 -0.929444 -0.047303
-0.253428 -0.622614 -0.0551745
-0.0812232 -0.234959 -0.0516025
-0.00823233 0.00820225 -0.17548
-0.210559 -0.00932127 -0.296509
-0.491029 0.117146 -0.196936
-0.344583 0.191705 -0.0306934
-0.26304 0.413295 0.0535908
-0.200182 0.530186 -0.0566351
0.00192163 0.53233 -0.017306
0.296643 0.249566 0.115649
0.0220494 0.00959621 0.0637726
-0.196506 -0.0898678 -0.0301713
-0.454737 -0.126547 0.0397752
-0.36341 0.017571 0.122817
-0.110343 0.447578 0.0542053
0.221413 0.914004 0.106949
0.723727 0.891474 0.132105
1.07587 0.36929 0.122507
1.07235 -0.170311 -0.0213345
0.923425 -0.613328 0.0861933
0.840776 -0.742424 -0.183053
0.487468 -0.329414 -0.221961
0.191066 0.261907 -0.34135
-0.240423 0.622661 -0.24282
-0.521803 1.22206 -0.272091
-0.46931 1.57213 0.0816912
-0.685277 1.37293 0.175073
-0.785527 1.00372 0.167245
-0.325584 0.683479 0.122463
-0.133474 0.268229 0.107653
-0.131015 -0.23185 0.0262097
0.0364911 -0.415464 0.00759689
0.21938 -0.378927 0.130285
0.208645 -0.873722 0.312303
0.280267 -0.986168 0.223311
0.357269 -0.577206 0.0957462
0.29733 -0.328459 0.0307913
0.213506 -0.46245 0.0814298
-0.23659 -0.421222 -0.0652118
-0.621634 -0.622527 -0.113659
-0.375981 -0.658003 -0.262034
-0.67984 -0.876438 -0.331911
-0.977194 -1.02043 -0.132343
-0.696395 -0.836509 -0.0437924
-0.36172 -0.431653 -0.102719
-0.0993363 -0.347992 0.0319929
-0.192681 -0.250786 0.287204
-0.288938 -0.0459397 0.145623
0.0437483 0.218259 0.0265487
0.464421 0.339416 0.0106725
0.608219 0.370462 0.0568105
0.970976 0.465485 0.107379
1.00112 0.472518 0.122583
0.721147 0.287774 0.0103
0.458214 0.0926849 0.041007
0.298799 0.118816 0.0268603
0.0810244 0.0966108 0.0413046
0.101928 0.202349 0.0369482
0.224168 0.349998 -0.179426
0.0872853 0.614395 -0.108368
0.0444189 0.414209 -0.112461
-0.165222 0.176902 -0.0858299
-0.183561 -0.0552934 -0.434326
-0.156911 -0.159346 0.142288
-0.0438313 0.0503643 0.332196
-0.111334 0.425161 -0.00184711
0.388984 0.758973 -0.180919
0.930505 0.600584 -0.303899
0.678478 0.178266 -0.0483833
0.0677159 -0.00697517 -0.105873
-0.58202 0.146667 0.0356368
-0.648755 0.417964 -0.0250582
-0.648672 0.708031 -0.203862
-0.764341 0.863042 -0.0301891
-0.616204 0.952427 0.230769
-0.366423 0.665842 0.178606
-0.667144 0.255516 0.214596
-1.11897 -0.193225 0.225668
-1.16682 -0.464745 0.368818
-0.781978 -0.453732 0.210893
-0.353261 -0.864604 -0.0577039
0.210316 -0.912479 -0.149646
0.657289 -0.888747 0.0987167
1.28354 -0.560281 -0.0522934
1.57336 0.0435047 -0.101067
1.5133 0.215128 -0.036404
1.10292 0.0187759 -0.390254
0.637598 -0.393844 -0.512904
0.211243 -0.678384 -0.19558
-0.173141 -0.544726 -0.173175
-0.420265 -0.424822 -0.110791
-0.175019 -0.178584 0.0906905
0.0334014 -0.233638 0.305181
-0.047634 -0.45559 0.255205
-0.0926647 -0.674203 0.403109
0.0312915 -0.778203 0.51463
0.367503 -0.204233 0.248917
0.374568 0.426837 0.188541
0.24655 0.703271 0.244584
0.413796 0.775028 -0.100308
0.253086 0.50384 -0.0828343
0.186754 0.372749 -0.170443
0.0306923 0.0751252 -0.504987
-0.229152 -0.0319703 -0.436799
-0.529463 -0.162576 -0.45203
-1.11856 -0.299855 -0.36569
-1.36228 -0.268265 -0.204342
-1.29303 0.059175 -0.106278
-1.05733 0.521461 0.0502471
-0.596128 0.681015 0.279117
-0.21513 0.852262 0.520832
-0.0872569 0.910996 0.466075
-0.0921246 0.462255 0.332935
0.0252781 0.0854787 0.287241
0.297144 -0.19577 0.315788
0.505722 -0.423551 0.135242
0.430907 -0.383378 -0.0920412
0.357345 -0.181648 -0.0585697
0.509799 0.333003 -0.248787
0.49764 0.687599 -0.367941
0.0749954 0.925906 -0.291526
0.252934 0.838714 -0.353857
0.447597 0.372825 -0.367391
0.242376 0.135661 -0.200377
0.107829 -0.10021 -0.0384462
0.244551 -0.0407317 -0.00835219
0.342631 0.165862 0.181928
0.188018 0.105734 0.15417
0.00661975 -0.0672889 0.341874
-0.0102716 -0.293738 0.277474
0.220467 -0.662055 0.383086
0.262899 -0.865187 0.34402
-0.11047 -0.688888 0.126023
-0.337802 -0.562053 0.040955
-0.188801 -0.48398 0.118426
-0.280259 -0.36644 -0.146434
-0.259055 -0.515029 -0.182687
-0.196415 -0.621645 -0.265506
-0.416506 -0.599315 -0.447385
-0.817103 -0.412273 -0.392502
-0.930642 -0.259229 -0.298105
-0.678982 0.205729 -0.0167562
-0.236692 0.375176 -0.120739
0.0761391 0.251247 0.07801
0.387211 0.32718 0.216444
0.315447 0.207564 0.14059
-0.159556 -0.0534817 0.229978
-0.314633 -0.099928 0.36987
-0.284246 0.143007 0.362194
-0.24108 0.199437 0.136887
0.103305 0.274975 0.149241
0.575883 0.108238 0.119008
0.843094 -0.0709214 -0.088085
0.916145 -0.2222 -0.0884718
0.609384 -0.266081 -0.356921
0.371935 -0.301312 -0.239715
0.0806431 -0.167227 -0.221437
-0.0975845 -0.116658 -0.254464
-0.0572111 -0.158896 -0.0898275
0.259165 -0.20893 0.0210416
0.310515 0.00169967 -0.0327919
0.224605 0.202027 0.0670902
0.100066 0.389494 0.0626428
-0.151929 0.732103 0.101232
-0.397257 0.827403 0.00703913
-0.434526 0.735043 0.00952293
-0.418505 0.584082 0.19417
-0.176097 0.414213 0.236086
0.0552741 0.285131 -0.00697615
0.174381 0.122746 0.0932372
0.228012 0.242913 0.0495378
-0.188255 0.109117 -0.0940561
-0.330367 0.0686742 -0.210373
-0.377396 0.0241827 -0.210225
-0.426557 -0.234997 -0.298714
-0.241548 -0.192349 -0.183615
-0.0528965 -0.194581 -0.170993
-0.135175 -0.205922 -0.0453631
-0.299695 -0.145416 0.181996
-0.177816 -0.277808 0.183314
-0.173176 -0.58996 0.21778
0.0387404 -0.946441 0.231191
0.28292 -1.07282 0.104711
0.436882 -1.08445 -0.0617601
0.150135 -0.895388 0.0401994
0.0153287 -0.496079 0.0741377
0.171113 -0.17313 0.0350353
0.405362 0.219666 0.163474
0.628277 0.454696 0.0390313
0.849056 0.460925 -0.00972281
0.803482 0.275125 -0.0414289
0.317308 0.254385 -0.244412
0.0146981 0.142549 -0.113669
-0.0859611 -0.0988755 -0.238348
-0.183719 -0.0114329 -0.315285
-0.326734 -0.000792492 -0.184642
-0.201268 -0.24268 -0.206784
-0.425269 -0.249094 -0.180708
-0.454639 -0.289744 -0.0163096
-0.225477 -0.244313 0.233291
-0.0675414 0.000988103 0.273295
0.202297 0.335117 0.178111
0.38213 0.499711 0.345455
0.34071 0.268538 0.181501
0.163601 -0.0162078 0.0512633
0.133704 -0.095787 0.0597418
-0.00675449 -0.157947 0.0470457
-0.110845 -0.192427 -0.0384372
-0.267888 0.0974623 0.112709
-0.532482 0.348421 0.0656328
-0.664508 0.603888 -0.0567208
-0.601849 0.705122 -0.210688
-0.454205 0.82187 -0.227173
-0.254197 0.777068 -0.139706
0.0846482 0.543125 -0.22364
0.491991 0.36324 -0.202591
0.447778 0.303195 -0.101306
0.176016 0.00651388 0.00340546
0.217963 -0.188986 -0.00193595
0.165402 -0.0733241 0.0632772
0.129971 -0.425135 0.000139408
0.2268 -0.68652 0.12498
0.158293 -0.731909 0.0720716
0.0791499 -0.82381 0.114513
-0.0771514 -0.803209 0.115972
-0.385077 -0.627282 0.159421
-0.368417 -0.428048 0.207626
-0.232502 -0.262912 0.207151
0.137893 0.00165844 0.115126
0.40322 0.217044 0.0029798
0.413219 0.271104 -0.141098
0.485088 0.242791 -0.212435
0.165624 0.196875 -0.155577
-0.0295532 0.228149 -0.230839
-0.00760544 0.334479 -0.180728
0.140723 0.344056 -0.103707
0.211598 0.329916 0.0173726
0.166318 0.403529 0.0540804
-0.0177633 0.0950584 0.077459
-0.166014 -0.246966 0.178997
-0.256025 -0.458902 0.198268
-0.118491 -0.496601 0.0482662
0.0165956 -0.240058 0.0503371
0.136182 -0.250045 -0.00493636
-0.119426 -0.270094 0.117946
-0.465988 0.0128213 0.136748
-0.505843 -0.00699718 0.0121676
-0.508728 -0.166564 0.112043
-0.554628 -0.306494 0.0185742
-0.233596 -0.2912 -0.0889279
0.015845 -0.20568 -0.182438
0.0379872 -0.074702 -0.236934
0.078362 0.124646 -0.188322
0.0561867 0.455218 -0.242326
-0.0439739 0.863542 -0.288413
-0.0241488 1.0139 -0.101519
-0.022712 0.858697 -0.0369682
0.0784556 0.532699 0.112234
0.21501 0.154106 0.14622
0.132268 -0.194741 0.170816
-0.052082 -0.247146 0.195606
-0.151819 -0.215142 0.132256
-0.137773 -0.0849312 0.195223
0.165294 -0.103906 0.184305
0.367926 -0.0828263 0.197605
0.387429 0.0843138 0.160638
0.333948 0.0588224 0.124513
0.30172 -0.119897 -0.0650611
