0.00216459 -0.0023626 0.00938576
0.00468919 -0.0043423 0.0122978
0.0137156 -0.0108433 0.00566465
-0.00415188 0.0123513 -0.0106564
0.0100594 0.0541716 -0.0226243
-0.00168859 0.00512688 0.0364719
-0.0195928 0.0122508 -0.0271195
-0.0215524 -0.0134024 0.00371978
-0.0265227 -0.0791303 0.0687629
-0.0686748 -0.0142882 0.00131528
0.00888879 0.0117702 -0.115289
0.00194576 0.0351919 0.0190442
0.036588 -0.0470797 -0.0319677
-0.0026175 0.0233135 -0.0395632
-0.0430078 0.0821431 0.0245163
-0.0145733 0.0543883 0.101094
0.0734506 0.0252487 -0.0263399
0.0223099 0.00810991 -0.0664363
0.00588947 0.0351402 -0.0133545
-0.0383541 -0.0138342 -0.000894228
-0.0374074 -0.0138756 0.00690416
-0.0108617 -0.0337218 0.00490908
-0.0296933 -0.0955089 0.0291665
-0.0210845 -0.0353554 0.0367011
0.0393835 0.0389812 -0.0618686
0.0207961 0.0537762 -0.064061
0.0353054 0.0248342 0.0819323
0.0919917 -0.0416526 0.073037
0.0558583 -0.00508933 0.0425078
-0.00266811 0.0507508 0.0936504
-0.0231947 0.0646445 -0.0193019
0.0420735 0.0680775 -0.0738137
0.0737332 0.0210234 -0.0517621
-0.0330581 -0.017538 -0.0530918
-0.0230532 -0.121712 0.0221071
-0.0133543 -0.118085 -0.0301703
-0.0337656 -0.0834871 0.0104519
-0.00216208 -0.075045 -0.0231308
0.0341949 -0.0418967 0.0286103
0.0407923 0.0805657 -0.170076
0.0562327 0.0979112 -0.160188
-0.0224292 0.072131 -0.0257086
-0.0511947 0.032967 0.116549
-0.0145729 0.0284603 0.196014
-0.0495968 0.0514653 0.122672
-0.0481611 0.147096 0.209098
-0.0539497 0.0592304 0.120697
-0.0250975 -0.0518488 0.0391713
-0.0214154 -0.0354274 -0.0418371
-0.0323923 -0.0589003 -0.16653
0.0150403 -0.0682098 -0.0580862
0.0473598 -0.011265 -0.0647231
0.0572076 0.000176063 -0.0708438
-0.0125058 -0.0565379 -0.135964
0.0409275 -0.0441161 -0.159261
0.0484108 0.0409353 -0.091093
0.0363763 0.01225 0.0184339
-0.0308161 0.00327979 0.032747
-0.0347716 0.0232521 0.100948
-0.0502837 0.0996339 0.142302
-0.00512076 -0.00926729 0.129035
0.0165049 -0.0931029 0.0544843
0.00864068 -0.0646309 0.0264781
0.0534378 0.0358535 -0.0158404
0.0967925 0.0302703 0.00503863
0.0375083 0.0264092 -0.0407687
-0.000585639 0.00793573 0.033385
-0.012793 -0.00908164 0.0422235
-0.0245303 -0.0467573 -0.0264791
-0.0324576 0.0202035 -0.150306
-0.0302064 0.0514189 -0.051166
-0.0557413 -0.0135345 -0.134939
-0.00599877 -0.0237319 -0.107789
-0.0143685 0.0100631 -0.0495151
-0.013345 -0.0236701 0.115266
0.0292274 -0.0631701 0.0539601
-0.00185329 0.00362173 0.00185885
0.0181978 -0.0161612 0.218727
0.00300762 -0.0861375 0.0503989
-0.0334703 0.0199342 0.101894
-0.0674142 0.0348473 -0.0433634
-0.092374 -0.00547883 0.0576147
-0.0946753 -0.0850268 0.10392
-0.0895543 -0.0617818 -0.063865
0.00199508 -0.0687426 -0.153514
0.00204536 -0.0173445 -0.0278901
0.0338063 0.0226233 -0.0643683
0.0428465 0.0493233 -0.0154628
0.0410069 -0.0596091 0.00573431
-0.0379883 -0.0209446 -0.102022
0.00739851 0.0329469 -0.212089
0.0694913 0.0398738 -0.0446219
-0.0151259 0.0903326 0.0282746
-0.014816 0.100486 0.104294
0.0213215 0.0733727 0.0895866
0.06757 0.0123622 0.158478
0.00574866 -0.0295642 0.0739491
0.0282699 -0.0266659 0.0464199
0.127049 0.0683774 0.116456
0.0778445 0.111609 0.0677672
0.0782016 0.0132425 0.0214264
0.0354044 -0.0696417 -0.0516523
-0.0454753 -0.0873788 -0.0407915
-0.0795635 -0.12074 -0.189237
0.0404571 -0.0224698 -0.265059
0.073639 0.142088 -0.185041
-0.0292892 0.0154281 0.169605
-0.0547586 -0.0623409 0.191256
-0.0460211 -0.0899526 0.0828295
-0.039557 -0.131197 0.0866461
-0.0424759 -0.0704988 0.0162303
-0.00134243 -0.0341406 -0.127227
-0.0521666 0.0180121 -0.0633499
-0.0769243 -0.0510392 -0.0220349
-0.0856253 -0.10214 0.0404752
-0.0844159 -0.0814082 -0.0556088
-0.0891037 -0.0528237 -0.061753
-0.0065205 -0.0323997 0.034728
0.0312762 0.0506819 0.0956976
0.119545 0.0761077 -0.0727658
0.0663099 0.0173417 -0.0752666
0.0381982 0.0437371 -0.0492338
0.0432569 0.0454074 0.201597
0.077133 0.0423411 0.0488634
0.00409343 0.00977614 0.100039
0.0355811 0.0994154 0.0786863
0.0263396 0.116901 0.00950907
0.0652891 0.0566213 0.0247467
-0.0166596 -0.0168815 0.173313
-0.00498453 0.0123297 0.125862
0.0654421 0.0791674 -0.0955424
0.116765 0.0725592 -0.273379
0.0478157 -0.0479754 -0.195431
-0.0156318 -0.0287511 -0.256058
0.0340631 -0.0265447 -0.0787751
0.0559624 -0.064308 0.0116211
-0.000591849 -0.00105342 0.0310399
-0.0575253 0.0362001 0.127448
-0.040803 -0.0238693 0.00269017
-0.0300345 -0.0221567 0.130119
-0.0114725 -0.0292509 -0.00642274
-0.0352837 -0.0436852 0.160495
-0.0485454 -0.00137264 -0.13292
-0.0943617 -0.0214999 0.0254085
-0.0760722 -0.0845897 -0.0380441
-0.0951047 -0.0336211 0.0859208
-0.0261626 -0.0530549 0.0541975
-0.0164755 0.0190371 -0.06548
0.0167741 0.0462218 0.0588469
-0.0420859 -0.0861578 0.0977916
-0.00672333 -0.105253 0.0090365
0.0789556 -0.0682532 -0.0636823
0.0964997 -0.0211816 0.0987477
0.0414915 0.0575357 -0.0376075
0.00947221 0.0830747 -0.0782617
-0.000777153 0.0283613 -0.215756
-0.0277615 -0.0114893 -0.0684784
-0.0433199 -0.101943 0.0452242
-0.0414084 -0.0424598 -0.116246
-0.00364796 0.0803433 0.000154206
-0.0245261 -0.020159 0.304687
-0.0609997 -0.0490624 0.0472919
-0.0304092 -0.0121288 -0.0620649
0.00777583 0.0826066 -0.00641141
0.0928835 0.133212 -0.133834
0.113495 0.0339551 -0.257281
0.0271939 0.0722398 0.0476193
-0.0355339 0.0488394 0.358588
-0.00445665 0.0175297 0.161194
0.0568428 0.0742114 0.0593052
0.0593536 0.106598 -0.0484056
-0.0230602 0.0591174 0.0209313
0.0106034 -0.0119852 -0.163454
0.00927892 -0.00850364 -0.217207
-0.0447049 -0.0541625 -0.103252
-0.0716282 -0.0207702 0.0736485
0.0242535 -0.0199316 0.212999
-0.0525214 -0.0821125 -0.0206802
-0.0109224 -0.0926875 -0.177992
-0.0687139 0.0579195 -0.085801
-0.0417559 0.141063 -0.0292777
0.00471783 0.0178905 0.108083
-0.0188596 -0.109106 0.0652132
-0.0835767 0.0158032 0.216619
-0.0493955 0.0824196 0.141347
-0.109639 -0.0419103 0.0789776
-0.0950955 -0.0513018 -0.136231
-0.0353205 0.0168246 -0.0423526
0.00209092 -0.00892732 -0.0745667
-0.0102798 -0.122277 0.135225
-0.0363984 -0.140494 -0.0167199
-0.0755153 -0.0643751 -0.102331
0.0178072 -0.0229765 -0.246543
0.0540577 -0.0127259 -0.278627
0.120431 0.0189894 -0.179054
0.0933421 0.0210429 0.0249892
0.00689076 0.0579478 0.0722335
0.0169213 0.0236482 0.145474
-0.0480824 -0.00177518 0.171587
0.0011305 0.0442191 0.137889
0.0314389 0.0837376 0.154804
0.102258 0.0237835 0.0317336
0.0680015 0.00386283 0.0689231
0.0413504 -0.0337459 0.218786
-0.0167783 -0.061801 0.127955
0.0331083 -0.0834144 -0.0422856
0.0172293 0.014792 -0.247567
0.0706507 0.1403 -0.30118
0.0595131 0.15984 -0.202734
-0.00657445 0.0372136 -0.228728
-0.0324569 -0.0386055 -0.110956
-0.0638981 -0.0587165 0.0561746
-0.1144 0.05213 0.0670666
-0.0359804 0.0408057 0.129088
-0.0132134 0.0616056 0.0829806
-0.025805 -0.00840249 0.102112
-0.00171234 -0.0415522 0.149484
-0.0391977 -0.0292794 0.0185428
-0.0630872 -0.0208221 -0.226051
0.0194016 -0.00808014 0.131087
0.0457323 -0.0043216 0.0605189
-0.00870713 0.0311786 0.0687831
-0.0785728 0.0478079 0.0206137
-0.0484488 0.0986107 0.140832
-0.00585044 0.104915 0.103136
-0.0607109 -0.0347618 0.0885317
-0.0327644 0.0736197 -0.0298789
-0.00443029 0.10731 -0.028915
0.0481919 0.00301004 -0.117311
0.0876579 -0.0881944 -0.186261
0.0505028 -0.0454954 -0.209463
0.068205 -0.0715112 -0.0862982
0.0720556 -0.0185768 -0.113904
0.179333 -0.0216205 -0.0256382
0.0876084 0.0124247 0.0241326
0.0550805 0.0830087 0.101487
0.0803686 -0.00310119 0.0578925
0.0711864 -0.0271531 0.161946
0.0705647 0.0224033 -0.0168504
0.0547266 0.0295021 0.07514
-0.0173416 0.0415692 -0.115428
0.0311425 -0.0266687 -0.0235457
-0.00260321 -0.0013032 0.0890667
0.0114191 0.0260119 0.102428
-0.0193427 -0.0480327 0.0947643
-0.0373738 -0.0392479 -0.111202
-0.0380311 0.0876925 -0.0288373
0.00168315 -0.0349447 -0.0649751
-0.052319 -0.10041 -0.142302
0.00858142 0.0359912 -0.0805632
0.0490139 0.0514072 0.00753702
-0.0425982 0.0213769 0.194267
-0.0221068 -0.0396373 0.0800278
-0.0310473 -0.0137486 0.115439
-0.0375036 0.0256207 0.0856844
-0.0390436 -0.0618911 0.00855023
-0.0515921 -0.135763 -0.154516
-0.0740498 -0.0239408 -0.161917
0.0241485 0.0345276 0.180362
0.0530041 -0.0329392 0.0973667
-0.0362659 0.0042612 0.0815152
-0.035322 0.0690829 -0.120023
0.0115383 0.0615839 -0.257596
0.145774 0.032799 -0.0853946
0.125336 0.00850097 -0.0377855
0.122306 0.118888 -0.0144754
0.028732 0.0605145 -0.0278487
-0.0832426 0.129056 0.0213339
0.0597494 0.123072 0.0178736
0.104387 0.0257361 0.0312177
0.0689386 -0.0804925 0.129521
0.0743413 0.0454112 0.10638
0.081232 0.0072141 0.0563118
0.00686701 0.0182561 0.100673
0.151732 -0.0664877 0.108095
0.0530464 -0.121367 0.0905263
-0.0301838 0.00909647 -0.0138538
-0.00894866 -0.0433704 -0.0916223
-0.0931488 -0.127265 -0.172631
-0.110754 -0.00840455 -0.221529
-0.0821424 -0.0867102 -0.0723151
-0.134326 -0.072981 -0.166789
-0.0910451 0.0575736 -0.0759546
-0.00509333 0.0740831 0.0314123
-0.124764 0.0020783 0.152039
-0.00824853 0.029412 0.344884
-0.0686257 0.053061 -0.0157097
-0.0618405 0.153663 0.0161507
-0.0464524 0.123231 0.0468295
-0.0115976 0.0495598 -0.0777234
0.000715668 -0.0167662 0.129941
-0.00723751 -0.0792176 0.115085
-0.088152 0.0414946 0.0486083
0.032323 0.180124 -0.170984
0.075674 0.107985 0.0196242
0.0110659 -0.105835 0.012174
-0.00774773 -0.159185 -0.104743
-0.000897213 -0.0663059 -0.151048
-0.0871231 -0.031297 -0.0417976
-0.0372527 -0.0866023 -0.0480183
-0.135295 -0.193028 -0.0775763
-0.138349 -0.146839 -0.142186
-0.191243 -0.186192 0.00123284
-0.0565598 -0.128359 -0.00445186
0.0850885 0.0315947 0.0654863
0.0844588 -0.0551377 0.000106093
-0.0433089 -0.209491 0.0204369
-0.0206845 -0.0844227 -0.0321442
-0.00451294 0.0230538 0.0432577
-0.0222643 0.0384365 0.0124985
0.0949293 0.118074 0.204303
0.0848681 -0.0100988 0.151905
-0.0584784 0.00183891 0.0662836
-0.0646312 0.0441186 -0.0710987
0.0558179 -0.00415977 -0.0379578
0.127691 -0.0478015 -0.107981
0.128241 0.00799689 -0.0495506
-0.0197966 0.141724 -0.0966083
-0.0528107 0.203081 -0.128717
-0.023702 0.0288345 -0.050431
-0.0824405 0.00940151 0.000441589
-0.118403 -0.0150695 -0.079822
-0.104243 -0.0381455 0.0217447
-0.185665 0.188035 0.0987416
-0.168568 0.1122 0.211275
-0.203363 0.0221373 0.24668
-0.137052 0.0341216 0.24031
0.00186377 -0.0900036 0.0773904
-0.0147307 -0.216128 -0.166137
-0.0248216 -0.0163697 -0.195098
0.0263503 -0.00218315 -0.530143
0.120667 -0.0230423 -0.0366401
0.109077 -0.0477191 -0.0198402
0.038658 -0.13519 0.291908
-0.0663267 -0.112047 0.285845
-0.0821558 0.0863278 0.115084
0.0405193 0.203923 -0.087916
0.152942 0.13802 -0.11689
0.200507 0.0688824 -0.140636
0.108402 -0.0891086 -0.0341426
0.162101 -0.118814 0.0702846
0.0707634 0.011674 -0.192817
0.0021202 -0.00249181 -0.00853553
0.104797 -0.085229 -0.0904036
0.144795 -0.0710167 0.135991
0.0619493 -0.0307426 0.180242
0.0981026 -0.107305 0.225423
-0.0376224 -0.157046 0.228744
-0.0320376 -0.0821762 0.23899
0.00180458 -0.0163322 -0.0692244
0.0295544 -0.088665 -0.0434908
0.0348266 0.0534054 -0.251032
0.0487522 0.0874156 -0.273447
0.0159773 0.012476 -0.164908
-0.0325375 -0.2163 -0.210841
-0.145879 -0.193 -0.0513363
-0.245145 -0.121839 0.0883712
-0.18304 0.0293159 -0.121133
-0.000517134 0.0115731 -0.211642
0.0732703 -0.0725734 0.0161754
0.028705 -0.00182725 0.108263
0.0622182 0.147139 0.352586
0.0243279 0.0474247 0.111075
-0.0195791 0.143468 0.488932
0.111684 0.23428 0.438537
0.144881 0.0979503 0.222675
-0.00739174 0.0752749 -0.264283
0.145774 0.127426 -0.186702
0.109928 0.0899547 -0.09274
0.088713 0.0289011 -0.0860888
0.203198 0.045047 -0.0811562
0.0928932 -0.125643 -0.4535
0.0490735 -0.0456678 -0.252801
0.151824 -0.00521816 -0.34829
0.108331 -0.0982965 0.0734316
0.00782933 -0.147262 0.0629151
-0.0292398 -0.0107763 0.192501
-0.18244 0.0411673 0.084769
-0.260734 -0.112734 0.177137
-0.129775 0.0626782 0.232928
-0.0931771 0.0318484 0.201865
0.0295169 -0.239866 0.114082
0.0793914 -0.0536607 -0.0258439
0.105397 0.186476 0.181354
0.11347 0.094903 -0.08142
0.0258334 0.171428 -0.237907
0.19595 0.059888 -0.329162
-0.00154012 -0.10909 -0.0437253
-0.0117159 -0.186574 0.0661337
0.0153859 -0.0215774 0.382678
-0.0286786 0.0239761 0.0196768
-0.131611 0.0518079 0.10937
-0.173535 -0.0333475 -0.109098
-0.0596617 -0.0341396 0.0195939
0.0682552 -0.0444321 -0.167219
-0.0702811 -0.129147 -0.543872
-0.0361547 0.00925026 -0.364763
0.0602257 0.122674 0.245974
-0.0332352 0.0704947 0.0584156
-0.0698083 -0.0039435 -0.0133063
-0.130667 0.0912936 -0.239388
-0.0687735 0.117387 0.482871
-0.0111871 -0.00139756 0.208334
0.0306381 -0.0401402 0.276874
-0.0120291 0.042957 0.175819
0.135546 0.0520898 0.638289
0.1342 0.130787 0.187377
0.171099 0.0651718 0.148683
-0.0462851 -0.0245823 -0.694696
-0.166826 -0.0375844 -0.359773
-0.103124 0.147257 -0.591507
0.0999728 0.192278 -0.717675
-0.0085495 0.145902 -0.366174
0.0551312 -0.113391 0.0988718
-0.0226605 -0.0629134 0.460922
-0.203227 -0.158445 0.304037
-0.259129 -0.0843498 0.178195
-0.0220205 0.0782706 0.0942817
0.146831 -0.000534706 -0.00897682
0.147593 -0.0411686 0.487597
0.0750009 -0.0401467 -0.219518
-0.0592657 0.0749089 -0.037213
0.0178367 0.058182 -0.131864
0.0208594 0.166229 0.173515
-0.0381122 -0.153659 0.223579
-0.0219907 -0.259378 -0.0535163
0.0735627 -0.0568688 0.00767967
0.0744863 0.0588273 0.245282
-0.0695353 -0.0950913 -0.0765984
-0.252765 -0.142054 -0.165837
-0.13871 -0.221011 -0.605715
-0.129016 -0.0214267 -0.265157
-0.0594045 -0.153052 -0.0944934
-0.275652 -0.0341997 -0.153289
-0.22386 0.119419 -0.0171288
-0.0272943 0.211388 0.111444
0.168048 0.301273 0.17309
0.0670773 0.389336 0.425922
-0.00610616 0.261683 0.575835
-0.118505 0.123709 0.00471097
-0.122784 0.0838892 -0.113969
-0.0635325 -0.0156625 -0.0901195
0.124537 -0.174825 -0.379462
0.128603 -0.106271 -0.193564
0.0476199 -0.123981 0.426099
0.0710844 0.115397 -0.0197915
0.0298887 0.133198 0.136649
0.0615509 -0.0545944 -0.223568
0.1359 0.298379 -0.209346
0.124601 0.376047 0.0879152
0.124672 0.214702 -0.0952737
-0.00243123 -0.0731907 -0.177279
-0.174374 -0.0316199 0.41975
-0.186376 -0.168239 -0.162605
-0.239924 -0.249583 -0.0407999
-0.289618 -0.394645 -0.0796758
-0.237967 -0.269631 -0.350502
-0.0161067 -0.326543 -0.155324
0.0412313 -0.543337 0.201427
0.170818 -0.202701 -0.224674
0.226741 -0.107678 -0.294912
0.226433 0.0961767 -0.118465
0.195945 0.481868 0.561015
0.144745 0.39411 0.355002
0.109548 0.403219 0.342645
0.0448245 0.428519 0.564155
0.129829 0.153189 0.797245
-0.0808632 0.0190691 0.53665
-0.122337 -0.229506 -0.229634
-0.174257 -0.381126 -0.311213
-0.27818 -0.236933 -0.458106
-0.0213136 -0.0833698 -0.72909
0.130928 -0.137704 -0.741421
-0.0395201 -0.0927193 -0.887774
0.0698916 0.0717263 -0.187439
0.16637 0.165363 -0.0212064
0.192176 0.010959 0.0207109
0.173787 0.0407196 0.0403344
0.176571 0.296697 0.685509
0.145428 0.324537 0.195857
0.124213 0.057726 0.512211
-0.197848 -0.1023 0.250845
-0.297978 -0.229138 0.575125
-0.157935 -0.199166 0.438912
-0.0160371 -0.0812508 0.317125
-0.130804 -0.00973713 0.0497921
-0.049987 -0.00533282 0.0380968
0.00996337 -0.15156 -0.498085
0.08115 0.03685 -0.64781
-0.0172411 0.201146 -0.583773
0.0706168 0.131902 -0.561306
0.12717 0.259245 -0.0910063
0.26584 0.205532 -0.551196
-0.0429855 -0.10169 0.275731
-0.0750507 -0.41996 0.208727
-0.177831 -0.395479 0.649744
0.150087 -0.170386 0.158659
0.258179 0.253397 0.240363
0.513868 0.181195 0.0671904
0.427999 0.0232209 0.0463614
-0.0634394 0.0166594 -0.543073
-0.196317 0.0833365 -0.444533
-0.203217 0.148083 0.00357074
-0.247343 0.110687 0.509727
-0.233493 0.157727 0.511407
-0.316577 0.287536 0.341399
-0.333472 0.206936 0.208584
-0.185949 -0.234536 0.099938
-0.198763 -0.141895 -0.368084
0.19505 -0.269479 0.123103
0.20669 -0.308521 -0.143385
0.401669 -0.221001 -0.185116
0.634529 -0.237863 -0.0788922
0.200328 0.00436958 -0.326811
-0.0468545 0.0232501 -0.489029
0.0521276 0.0621027 -0.63739
-0.102886 -0.0771194 0.0282114
-0.226024 -0.336102 0.194803
-0.366157 -0.313916 0.244001
-0.265512 0.0701474 0.153833
-0.0553123 0.0149588 0.394772
-0.304683 -0.110889 0.501043
-0.07979 0.0351733 0.324536
0.293028 0.0675434 0.180387
0.344718 -0.0732592 -0.29828
0.283015 -0.0923467 0.151528
0.381077 -0.111783 0.477695
0.25069 -0.0300433 -0.198684
-0.143367 -0.137693 -0.0422637
-0.078847 -0.116601 -0.505155
0.00692706 0.0676471 -0.264737
-0.235655 0.010949 -0.51679
-0.342407 0.315641 -0.566192
-0.223959 0.441491 -0.180472
0.0810385 0.552452 0.0972761
0.305137 0.764849 0.238408
0.30736 0.736525 -0.0856953
0.236465 0.576793 -0.170856
0.180343 0.272997 -0.420227
0.130544 0.0696052 0.0333329
-0.0838648 -0.163136 0.435421
-0.295592 -0.244478 1.08553
-0.258408 -0.469672 1.22634
-0.376756 -0.543616 0.628794
-0.280818 -0.74986 0.722484
-0.0515223 -0.725246 -0.516845
0.0764041 -0.375925 -0.327168
0.0983517 -0.0910519 -0.485605
-0.0191902 -0.0420521 -0.267649
0.156797 0.22911 -0.761652
0.212938 0.207161 -0.557576
-0.0150674 0.186052 -0.847095
-0.400409 -0.0840457 0.10496
-0.629706 -0.166187 -0.101816
-0.470747 0.0420766 -0.115563
-0.112232 0.0994844 0.221001
-0.193483 0.113309 0.382852
0.0190239 0.0939714 0.251674
0.0981829 -0.110905 -0.370795
0.321624 0.0361398 -0.353044
0.322953 0.560251 0.38609
0.432889 0.275486 0.0725184
0.250313 0.391896 0.334236
0.223626 0.281404 0.585566
-0.108246 -0.292672 0.371087
-0.35616 -0.159879 0.293628
-0.113032 0.0937844 0.337194
-0.0804346 -0.500926 0.218296
-0.363766 -1.03079 -0.847132
-0.452513 -0.698424 -0.426535
-0.171898 -0.0809754 -0.612262
0.124858 0.298408 -0.637507
0.432946 0.376923 -0.422268
0.368563 0.549169 -0.269197
0.512636 0.486722 0.176367
0.347084 0.120469 0.37355
0.12217 0.00832765 0.160741
-0.0299835 -0.0582021 0.111134
-0.230518 -0.426169 -0.149454
-0.16891 -0.421052 0.434212
-0.114123 -0.713077 0.10956
-0.425714 -0.75239 0.700493
-0.595499 -0.47543 0.720959
-0.418389 -0.181955 1.06572
-0.23554 0.1719 0.340674
-0.208874 0.433431 -0.592245
-0.0388859 0.805487 -0.149447
0.188183 0.866902 -0.517319
0.160922 0.610098 -1.31965
0.110203 0.378366 -0.817915
0.0229949 0.496057 0.271794
0.283204 0.442025 -0.389618
0.274847 -0.160613 0.210714
0.174849 -0.382826 -0.23885
0.220816 -0.177336 0.156569
0.628354 -0.0989033 0.109435
0.695557 -0.196478 0.235352
0.537873 0.141141 -0.024664
0.256387 0.372951 0.17059
0.12515 0.813478 0.0491524
-0.0397358 0.764451 0.0530815
-0.0944127 -0.0575208 0.77611
-0.346073 -0.304661 0.886904
-0.612772 -0.24592 0.692274
-0.511025 -0.285845 0.475709
-0.524569 -0.240752 -0.0923447
-0.449437 -0.730096 -0.525404
-0.22094 -1.38805 -0.615556
0.0768257 -0.966438 -1.47878
0.139948 -0.236303 -0.768044
-0.0475126 0.456675 -0.42264
0.102463 0.815518 -0.565566
0.415153 0.700989 0.146887
0.463044 0.299985 0.241301
0.118415 0.258285 0.321615
-0.118688 -0.209572 0.737133
-0.481444 -0.0798512 0.386614
-0.400084 0.228892 0.51486
-0.456507 -0.322587 -0.04689
-0.39413 -0.732241 0.117454
-0.0967444 -0.664627 -0.118589
0.175319 -0.682328 0.404791
-0.0237585 -0.26163 0.426271
0.178018 -0.0670463 0.0571663
0.229989 0.125319 -0.768628
0.0619148 0.13841 -0.53
0.474725 -0.0339042 -0.438016
0.537284 -0.0717261 -0.118344
0.364588 0.0556148 0.364735
0.332585 0.255178 0.200542
0.365908 0.36199 0.369234
0.502734 -0.0823591 0.102852
0.673733 -0.615382 0.00678108
0.678357 -0.397188 -0.232583
0.413 -0.099462 -0.67146
-0.0650604 0.523126 -0.983526
-0.0668135 1.0314 -0.178472
-0.527055 1.08381 -0.0108374
-0.684777 0.768215 0.572004
-0.79116 0.0943683 0.409094
-0.815797 0.237423 0.943146
-0.876198 0.512432 0.605552
-0.601146 0.433328 0.87797
-0.476947 -0.238732 -0.578569
-0.222255 -0.875882 0.0566994
0.148912 -0.844694 0.169632
0.417141 -0.634478 0.342289
0.54086 -0.435603 -0.36634
0.520619 -0.0978453 0.0706769
0.392303 0.194929 -0.27505
0.0455639 -0.124432 0.0458798
0.166574 -0.340626 -0.962605
0.304031 0.133465 -0.143213
0.665385 0.717422 -0.34394
0.261018 0.689873 -0.0485462
0.163402 0.130174 0.303479
0.110116 0.168075 -0.0161343
0.103389 0.144653 -0.155283
0.0397784 0.204539 -0.746898
-0.34662 0.147446 -0.408415
-0.324732 0.128379 0.742475
0.018213 -0.18756 0.343419
-0.0494299 -0.176896 0.548085
-0.115209 0.00688373 0.371132
-0.207181 0.120373 0.360936
-0.37939 -0.256118 -0.210467
0.0445363 -0.368379 -0.301634
0.43876 -0.282732 -0.161675
0.487275 -0.478697 -0.434537
-0.315367 -0.662771 -0.0111029
-0.764532 -0.80954 0.470752
-0.5205 -0.859729 0.222876
0.160949 -0.464453 -0.461707
0.327659 -0.414439 -0.0850022
-0.0956637 -0.354139 -0.226645
-0.596148 -0.291467 0.084632
-0.343956 -0.357976 -0.158406
-0.206401 -0.242829 -0.0783556
0.0419196 0.197231 0.52777
0.286231 0.395417 0.102637
0.369693 0.935474 0.00618102
-0.0533093 0.662841 -0.376943
-0.398011 0.706225 0.293409
-0.212851 0.795281 0.457702
0.236575 1.04238 -0.0504946
0.29117 0.983829 0.06824
0.156217 0.519899 -0.416992
-0.0582305 0.557404 -0.455517
-0.131393 0.76121 -0.836224
-0.0928981 0.683177 -1.49321
-0.258654 0.599916 -0.208728
-0.472681 0.428712 0.777505
-0.262671 -0.317163 1.03443
-0.489671 -0.758506 0.789145
-0.276222 -0.654317 0.312519
0.0689259 -0.419275 0.00258262
-0.0614421 0.0017981 0.437975
-0.0583831 -0.308939 0.00192645
0.305171 -0.762643 -0.255868
0.326967 -1.00637 0.59862
0.206074 -1.06676 0.212287
-0.114567 -0.8775 0.0198851
-0.401399 -0.351949 -0.239193
-0.0297395 0.0851921 0.290184
0.458881 0.171063 0.0823177
0.660475 0.926311 0.196605
0.423244 1.07622 -0.224612
0.148388 0.812665 -1.03003
-0.0510964 0.578911 -1.02348
0.104607 0.440593 -1.31378
0.549095 0.308581 -0.960221
0.169285 0.152055 0.040255
-0.342788 0.317196 0.513037
-0.39984 -0.0853038 0.54763
-0.606969 -0.543889 0.530958
-0.19157 -0.970123 0.036287
0.314132 -0.947895 0.316833
-0.208721 -0.474466 0.632933
-0.678337 0.00438488 0.893995
-0.32499 -0.022316 0.532789
0.304845 -0.0742964 0.0314024
0.422755 -0.0169374 -0.100661
0.360593 -0.229049 0.136022
-0.12272 -0.394582 -0.191859
-0.258762 -0.275182 -0.450818
0.279399 -0.213695 -0.0850415
0.527214 -0.553468 0.0182831
0.248868 -0.518093 -0.179396
0.0846707 -0.435191 -0.0690582
-0.192055 0.00312436 -0.178684
-0.228577 0.390089 0.108034
-0.312258 0.734336 -0.202012
-0.370735 1.14157 0.0207711
-0.27352 1.20271 -0.189495
-0.267125 0.936817 0.364214
0.0815405 1.02465 0.321938
0.560923 0.771983 -0.263077
0.0358368 0.414061 0.0407214
0.0100356 0.426383 -0.149028
0.368275 0.164568 -0.789419
0.392922 -0.515717 -0.622962
0.225927 -0.862096 -0.529695
0.0421769 -0.599647 -0.12891
0.244435 -0.845136 0.745669
0.364602 -0.482332 0.697087
0.246551 -0.101625 0.904853
0.490009 -0.130721 0.784808
0.743936 0.062227 0.251054
0.462552 0.11674 -0.00191772
-0.0691956 -0.463488 0.116566
-0.0753836 -0.482857 -0.32961
-0.0941437 -0.146704 -0.392902
-0.252534 -0.455114 -0.624204
-0.407445 -0.701404 0.236923
-0.427829 -0.596321 0.46613
-0.0941746 -0.682614 0.0288383
0.16926 -0.254673 -0.0677177
0.363092 0.224683 -0.0514007
0.309361 0.77686 -0.442065
-0.366378 1.32688 -0.496644
-0.687975 1.33633 -0.789521
-0.850012 1.37416 -0.589792
-0.0415328 1.09955 -0.592349
-0.273917 0.389027 -0.399832
-0.898657 0.44097 0.294123
-0.956497 0.382442 0.728892
-0.622075 0.184352 1.35625
-0.217804 -0.660238 1.03457
0.458613 -1.12768 0.679129
0.650497 -0.764089 0.770174
0.617859 -0.255539 0.343024
0.192067 -0.550199 -0.0158252
0.227102 -0.763611 -0.471206
0.817024 -0.493381 -0.641252
0.833001 -0.451042 -0.156277
0.770127 0.0445888 -0.224645
0.701309 0.111505 -0.330863
0.519996 -0.115272 -0.252392
-0.0163905 -0.55844 -0.142219
0.214763 -1.0845 -0.647128
-0.0923146 -1.35891 -0.862913
-0.608226 -0.981762 -0.867039
-0.847709 -1.11816 -0.89654
-0.719038 -0.589171 -0.460844
-0.494208 0.179402 -0.439029
-0.0431135 0.816456 0.254479
0.440593 0.793775 1.15783
0.812442 1.00518 1.35291
0.777022 1.11076 1.63805
0.458673 1.09082 1.51699
-0.0512559 1.06821 1.12247
-0.111328 0.918755 0.311813
-0.411453 0.780504 -0.0286459
-1.29823 0.166685 -0.199284
-1.70443 -0.0747107 -0.380768
-1.11337 -0.483033 -0.690529
-0.765454 -0.850214 -1.16144
-0.553163 0.0066694 -1.49738
-0.438225 0.303708 -1.27338
0.434384 -0.168456 -0.804657
0.898528 -0.130792 -0.698858
0.857593 0.52021 0.0369542
0.704502 0.255188 0.0525057
0.59895 0.359127 0.495336
-0.152922 0.127532 0.854897
0.0644959 -0.100383 0.597843
-0.220002 -0.108819 1.33171
-0.642867 -0.580623 1.69449
-0.798185 -0.721444 1.5596
0.552677 -0.0343615 0.642
1.16083 -0.157069 0.226574
0.778573 -0.881044 0.0547186
0.37231 -0.842416 -0.222075
0.0117196 0.0523783 -0.907198
0.0453628 0.219644 -1.56851
-0.413737 -0.242582 -1.30111
-0.313501 0.180002 -1.69884
-0.460437 0.694852 -0.893025
-0.314906 0.525164 -0.84689
0.217035 0.0219274 -0.26922
0.853375 0.171963 -0.225634
1.03552 -0.200703 -0.234378
0.434357 -0.779551 -0.194689
-0.0823165 -0.436907 0.618109
0.117109 0.00386774 0.678798
0.379808 0.0057557 1.36361
-0.547658 -0.176946 1.32306
-1.23441 -0.518613 1.14026
-1.44111 -1.06671 1.01495
-1.41762 -0.559629 0.834046
-1.3038 -0.305065 0.496975
-0.580995 -0.344703 -0.508831
0.0723181 -0.224808 -0.264307
0.503283 0.144089 -0.614439
0.485488 -0.0110862 -0.401476
0.180754 0.0904431 -0.593862
0.238035 0.317151 -0.784879
0.747828 0.448531 -0.932454
0.609429 0.253559 -0.508837
-0.0824851 -0.186982 -0.190702
-0.17022 0.133589 -0.0289906
-0.113029 0.877347 0.0399686
0.333531 1.26107 -0.0706162
0.477201 0.98093 0.162902
0.801315 1.05896 0.235925
0.261289 -0.0382903 0.339198
-0.0354372 -0.996206 0.277335
-0.499038 -0.547449 0.881399
-0.833194 0.664873 0.55853
-0.685379 0.709871 0.332644
-0.104391 0.289245 -0.256629
0.0636497 0.560548 0.17176
0.706386 0.30902 0.135929
0.852489 0.0530471 -0.165195
0.465247 0.184006 0.0287317
0.676893 0.369218 -0.799058
0.68169 0.402902 -0.645312
0.573275 -0.186244 -0.832652
0.699436 -0.108236 -1.02506
0.523828 -0.153124 -0.32179
-0.0353154 -0.38137 0.315721
-1.03873 -0.339538 0.140298
-1.32652 -0.86773 0.51876
-1.1429 -1.10114 0.111812
-0.608057 -0.460384 0.911669
-0.0946266 -0.246122 0.85412
-0.22215 0.345705 0.320493
-0.19127 0.744142 0.615171
-0.555773 0.277725 0.632952
-0.534254 -0.680944 0.0306641
0.0380434 -0.339802 -0.0422595
0.345522 -0.155822 -0.294924
0.153736 0.34908 -0.63088
-0.0168528 0.261773 -0.379065
0.140625 -0.338295 -0.360386
0.592356 -0.337064 -0.40074
0.520274 -0.1292 -0.185105
0.355324 -0.03662 -0.289753
-0.0224409 -0.144636 -0.500104
0.0447894 -0.190397 0.0512511
-0.173385 -0.130653 -0.151088
-0.374644 0.0744093 -0.373735
0.141871 -0.241699 -0.234117
0.214663 -0.439279 0.203147
-0.0612026 0.0289946 0.262622
0.398712 0.382279 0.380496
1.44839 0.716855 0.177027
1.58634 0.621181 0.745062
1.25173 -0.216348 0.27631
0.462394 0.061205 0.79156
0.383898 0.43129 0.333764
0.283249 0.387939 -0.415842
-0.435341 0.325209 0.0737424
-1.07413 0.495523 -0.65146
-0.846079 0.627878 -0.360741
-1.12824 0.160532 0.0180091
-1.27358 0.495899 0.351584
-0.758075 1.06781 -0.628176
-0.210982 1.07468 -0.408402
0.216578 1.04741 -0.730536
0.351578 0.751171 -0.887735
-0.0494362 -0.486474 -0.294128
-0.917194 -0.549519 0.256182
-0.826693 -0.0723359 0.591429
-0.684136 0.0228495 1.44233
-0.840345 -0.0967905 1.49181
-0.902636 -0.352887 1.08421
-0.748528 -1.44849 0.838186
-0.653345 -2.22027 0.442942
-0.386731 -1.55763 -0.439642
0.45429 -0.0646911 -1.70942
0.707436 1.19662 -1.55471
0.929806 2.2645 -0.884781
1.11495 2.27952 -0.600169
0.933141 1.24248 -0.233141
1.33209 0.657733 -0.0915587
1.49958 0.459151 -0.0133245
1.45281 -0.224179 -0.293549
0.967271 -0.98246 -0.236909
0.285683 -1.23977 -0.0267955
-0.0923013 -1.41239 0.439459
0.262232 -1.33197 0.474782
0.197799 -1.83656 0.520032
-0.141109 -1.7757 0.492727
-0.777894 -1.39904 0.978542
-0.4893 -1.23392 0.471671
0.175696 -1.45836 0.115464
-0.0982255 -0.0493669 -0.192591
0.963877 0.998167 -0.516845
0.569528 0.453786 -0.399789
-0.759456 -0.43421 -0.269417
-1.63057 -0.688801 0.368076
-1.453 -0.57109 0.737071
-0.996304 -0.642502 0.738207
-0.655696 -0.564877 -0.112759
-0.774051 -0.82663 0.228764
-1.37949 -0.551631 -0.767775
-0.778399 -0.0945782 -1.0259
0.513389 0.774683 -1.27451
1.2032 1.8073 -0.549757
1.49155 2.06513 -0.788509
2.01874 2.13705 0.396317
1.31287 1.92644 0.764579
1.19838 1.31832 1.41259
0.0861185 1.16707 1.01443
-0.576236 0.283262 0.874505
0.398058 -0.164575 0.53569
0.540494 0.134431 -0.305597
-0.473217 0.314442 0.33372
-0.845647 0.414085 0.473389
-0.694808 0.90112 0.613972
-0.803056 0.634561 0.298081
-0.569529 0.256784 -0.365197
-0.231829 -0.112639 -0.767726
-0.80623 -0.412409 -1.34748
-1.11286 -0.118909 -1.77428
-1.06201 0.580217 -1.47125
-0.213234 0.631189 -0.933501
0.211865 -0.145662 -0.417037
0.377393 -1.21078 0.281076
0.631364 -1.83163 0.72111
1.0304 -1.50289 1.02154
0.526809 -0.926994 0.848456
-0.330685 -0.0598587 0.884212
-0.182206 0.307821 0.0145928
0.0608626 -0.0610998 0.413424
0.0247759 -0.400039 0.414259
-0.21296 0.0957229 0.801966
-0.274545 0.943914 0.544818
0.131186 0.951763 0.296352
0.438148 -0.0607645 -0.227762
-0.410443 -0.937619 -0.644485
-0.757463 -1.22561 -1.2396
-0.120199 -1.72441 -1.16558
0.737792 -0.434785 -1.52325
-0.0733602 0.688868 -1.47063
-0.293456 -0.21036 -1.21912
-0.844949 -1.2313 -1.0073
-0.562874 -1.72383 -0.219344
0.0967497 -1.90288 0.424416
0.0924805 -1.00645 1.54243
0.244743 0.238397 2.05852
0.150833 -0.340513 1.60048
0.206923 -0.627495 0.943128
-0.442393 -0.169598 0.611605
-0.250979 -0.114976 0.69478
-0.451017 0.158856 0.345712
-0.108013 0.316418 0.190256
0.352381 0.288656 0.105753
-0.469536 0.000172546 0.0843571
-0.939647 1.04674 -0.0851757
-1.09074 2.01843 -0.318253
-1.13907 2.53571 -1.08513
-1.04099 2.32437 -1.56877
-0.324796 1.66846 -1.14476
-0.0338375 1.06112 -1.61993
0.513264 1.06594 -0.180867
1.35842 1.72415 -0.393695
2.52184 2.33507 0.314895
2.79561 1.86338 0.878633
2.65249 1.98242 1.05752
2.44482 1.89083 0.595335
1.65209 1.87592 1.21862
0.484892 1.60778 0.839633
-0.551306 0.334763 0.282346
-1.19983 -1.5482 0.0895981
-1.39909 -1.92491 0.131632
-1.69124 -1.54246 -0.045694
-1.72995 -1.26941 -0.0425587
-1.45204 -1.34226 0.220662
-0.534216 -1.02707 0.315659
0.581901 -1.92164 -1.01038
0.579543 -2.62784 -1.526
-0.0870959 -3.10227 -1.80212
-0.246279 -2.53243 -1.7724
-0.278289 -0.94252 -0.408499
0.501862 0.300414 0.102494
0.296742 -0.400764 0.906198
-0.924132 -0.267792 2.29034
-0.518993 -0.904558 1.80943
-0.287193 -2.24789 1.39031
-0.841172 -2.15702 1.48156
-1.14707 -1.73485 0.459584
-0.100617 -1.48822 -0.525117
0.646604 -0.745873 -1.1026
1.25924 -0.707599 -1.13974
1.57115 -0.394637 -1.52401
1.28773 0.0612234 -1.54412
1.31473 0.377985 -1.05957
1.11905 0.383473 0.00535343
0.139917 0.967743 0.752734
0.139168 0.611239 1.14057
-0.01692 0.177889 0.373274
-1.04401 0.0353461 0.31428
-1.00805 0.138787 0.0721873
-0.194181 0.301965 -0.469241
0.0961187 1.14992 -0.144526
0.623411 1.53292 0.215903
1.61566 0.559078 0.459137
2.87501 0.0924989 1.21425
2.18663 0.898607 0.809101
1.09079 1.8232 0.0633206
0.750455 2.7847 -0.0894837
0.416514 2.56036 -0.722166
-0.706931 1.32761 -0.0281152
-1.5726 0.87023 0.0678839
-1.99692 1.10567 0.30724
-2.29577 0.419655 0.699424
-1.27954 0.667032 0.366447
-0.575463 0.647489 -0.265598
0.0925352 0.649877 -1.35886
-0.097935 0.782874 -1.5317
-1.70033 0.623002 -0.763325
-1.57328 -0.382772 -0.566932
-0.768006 0.0139337 -0.332341
-0.563152 0.172212 1.05225
-0.80151 -0.0402073 1.11938
-1.01879 -0.282596 1.88979
-1.4732 -0.672465 1.96756
-0.741834 -0.850285 0.968766
1.56733 -1.08634 0.253192
2.3707 -0.752549 -0.817928
2.68449 -0.592188 -1.15896
1.68708 -0.54774 -1.30312
0.611684 -0.090515 -1.59457
1.31038 -0.203053 -1.23156
1.89425 -1.0543 -0.790654
0.806025 -1.72799 -0.413114
-0.157988 -2.33658 0.0986142
-0.510338 -2.59994 0.655987
-1.35223 -2.32728 1.03279
-1.31071 -1.94506 0.0789612
-0.565214 -2.06608 -0.314279
-0.400353 -1.91236 0.100257
-0.628154 -1.49747 -0.35743
-0.744689 -0.389154 0.076041
-0.95921 1.58145 -0.0827451
-0.680163 2.49146 0.300978
0.264875 0.911464 -0.238737
1.02988 -0.214002 -0.141676
0.104696 -0.736766 -0.8245
-1.30068 -1.2837 -0.282671
-1.04217 0.331988 -0.113631
-0.753521 1.39661 0.676389
-0.418611 1.10402 0.349623
-1.25606 0.956341 1.05413
-1.4542 0.469547 0.853045
-1.09804 0.632518 0.243617
-0.41041 1.31254 -0.545212
-1.78406 1.85626 -0.347318
-1.7642 2.67832 0.0898502
-1.05946 3.26559 -0.268484
0.373863 2.09459 0.0768773
1.13065 1.61251 0.544903
2.14867 0.886302 0.267666
2.11396 0.609517 -0.151383
1.3181 1.05945 -0.126932
2.75308 1.6917 -0.271838
3.69927 1.67189 -0.416471
4.01128 1.55785 -0.822313
3.34699 2.24155 -0.534313
1.64888 2.07085 -0.920351
0.123869 1.52011 -0.806872
-1.51474 2.57426 -0.184075
-2.61068 2.11236 1.03575
-3.84442 -3.30037 1.51762
-4.22884 -4.31824 1.56161
-2.16774 -3.83017 1.15575
-2.52037 -2.06556 0.520146
-1.9374 -1.2706 -0.0833609
0.350469 -0.585349 -0.405849
1.49475 -0.829916 -0.114738
1.94609 -1.4891 -0.0429569
2.13354 -2.02888 -0.340945
2.64063 -2.3985 -0.596395
1.60055 -2.50299 -0.649171
0.937389 -2.0918 -0.499493
0.144772 -1.89348 0.0763622
-1.16532 -1.29043 0.153713
-2.00849 -1.26696 0.390115
-1.96476 -1.99069 0.82688
-2.92142 -2.88796 -0.364166
-2.84095 -5.18318 -0.203768
-0.813931 -3.95768 -0.949466
1.42109 -1.71903 -0.989568
1.63806 0.880059 -1.2729
2.26706 2.44166 -0.758621
2.66083 2.78991 0.210016
1.98826 1.42698 0.426547
1.6059 0.254877 0.712962
0.838208 -1.00648 1.78453
1.17503 -0.0436463 2.15502
0.728627 0.594634 1.83415
-1.22964 2.03126 1.06642
-2.29792 2.65912 0.0440424
-0.80114 2.3101 -1.17037
0.521618 2.42017 -2.65309
0.707715 2.77802 -2.43623
0.525493 2.67285 -1.71083
0.540938 2.64021 -1.42096
1.0336 2.97083 -0.480178
1.38801 3.17689 -0.00607979
0.414428 2.07426 0.992624
-1.34552 2.01276 1.65011
-1.72199 2.04157 2.12587
-1.84314 1.31388 2.28081
-0.758066 0.678349 2.12633
-0.705553 0.763965 1.44486
-1.384 0.622405 1.16604
-1.15353 -0.0595198 0.203856
-1.40749 -0.442808 -0.968816
-1.05597 -0.426042 -1.46171
-0.974247 -0.495502 -2.11769
-0.930913 -1.39754 -2.28348
-1.57539 -3.17118 -2.11009
-1.62261 -4.36583 -1.7831
0.0915517 -4.89938 -0.777474
1.27531 -4.29369 0.743278
1.67744 -3.44015 1.81355
2.0471 -2.16375 2.16899
3.28506 -1.58257 2.1204
3.65251 -1.78047 1.46893
3.52062 -2.05626 0.158342
1.57758 -1.27116 0.0946775
1.03183 -0.147802 -0.588319
-0.323403 1.02497 -0.53934
-1.40149 1.16524 -1.14221
-0.841357 0.65432 -0.978847
-0.000565525 -0.629498 -1.20861
-0.594497 -1.25412 -0.786327
-1.58122 0.2003 -0.915813
-1.46887 1.16651 -1.70468
-1.14858 1.96844 -1.54641
-0.824518 2.17613 -0.0939262
-0.290356 1.9419 0.632283
-0.759813 1.63428 0.704656
-1.08361 2.4275 1.55419
-1.40849 2.20728 1.62928
-1.13937 1.18202 1.9245
0.166497 0.664603 1.28728
1.05243 0.128857 0.284952
1.20559 -0.0258272 -0.261394
0.0834763 0.127642 -0.442744
-0.904849 -0.157574 -0.779407
-1.1616 0.41204 -0.709286
-0.931448 1.15801 -0.465976
-0.015035 1.60063 -0.376479
0.458568 0.869462 -0.578851
0.0337436 1.86554 -0.154407
-0.739032 1.46346 0.521115
0.326357 0.692425 0.481899
1.72728 -0.17899 0.671679
1.99471 -0.517691 0.970702
2.51 -0.794451 1.2307
2.2152 -1.37818 0.183925
1.27952 -1.44442 -0.186252
0.337535 -1.52375 -0.173316
0.63623 -1.86909 -0.693889
0.724776 -1.34886 -0.774341
0.440763 -0.436562 -1.09569
0.064273 0.499164 -1.19313
-0.026396 1.27522 -1.38
0.342867 1.79553 -1.23686
-0.36335 1.27252 -0.813837
-1.48052 -0.0260194 0.0372814
-0.928309 0.112756 0.695265
-1.38809 0.131529 1.48439
-1.93434 -0.762127 2.16793
-2.29139 -1.96539 2.32287
-1.97989 -1.6369 2.02461
-1.2676 -1.21318 1.53512
-0.367198 -0.805047 0.630383
-0.0969234 0.111809 0.106734
-0.0269912 0.737403 -0.441924
0.759602 1.39165 -0.980896
0.810038 1.31795 -2.2217
0.154544 1.24481 -2.46913
0.779043 1.60308 -1.92182
0.655133 1.44179 -1.491
0.111202 0.631033 -1.54568
-0.48198 0.383427 -0.800448
-0.823058 -0.810773 0.100038
-0.731507 -1.98346 0.853609
0.13878 -2.0897 1.20701
0.63301 -2.02171 1.19411
0.474882 -2.02748 1.49187
0.952159 -2.06796 0.875578
0.777363 -1.25998 0.95876
0.188935 0.446771 0.899268
1.01488 1.04597 0.361098
1.35654 1.68093 0.582084
1.91977 1.71091 -0.0850764
1.08845 1.74859 -0.523394
-0.378846 1.5939 -0.903779
-0.393276 1.08337 -1.40658
-0.195064 -0.138109 -1.50998
-0.555316 -0.447362 -1.64736
-0.799028 -0.223381 -1.26447
-1.03476 0.262009 -0.981442
-1.20394 0.173529 -0.515027
-0.759773 -0.556699 0.144276
-0.512874 -0.828397 1.03621
0.0831422 -0.483151 2.01759
0.635867 0.509696 1.87093
0.0546607 0.929425 1.91389
-0.272221 0.858267 1.45518
0.0183285 0.621747 1.20156
-0.363903 0.42266 0.927209
-1.0108 -0.130906 0.252762
-1.81888 -0.75699 -0.334914
-1.25642 -1.09199 -0.495515
-1.20265 -1.42512 -1.15077
-0.930967 -1.69021 -1.13453
-0.523632 -0.784168 -1.733
0.392538 -0.46892 -1.36921
1.18487 -0.0783419 -1.1011
1.57192 0.36136 -0.728537
2.04913 0.275046 0.0564629
2.14712 1.11746 0.388957
1.62887 1.10339 0.775376
1.03505 -0.071546 1.00221
0.392783 -0.20376 1.35229
-0.403754 -0.277521 1.23783
-0.50627 -0.521451 0.896662
-0.870723 -0.677411 0.388322
-0.763788 -0.776635 -0.0129975
-1.10098 -1.00378 -0.697335
-0.979609 -0.712588 -0.834088
-0.253939 -0.687007 -1.27878
0.138594 -0.518184 -1.10938
0.735289 -0.514133 -0.985394
0.653961 0.596719 -0.700858
0.460824 1.14858 -0.37283
0.432007 1.1459 0.102721
0.880271 0.548745 0.140904
1.63011 -0.147552 0.440962
1.21173 -0.157685 0.822045
1.06211 0.195756 0.785546
1.13518 0.0891673 0.410012
-0.0828224 -0.666888 0.873193
-0.395667 -0.705539 0.871888
-0.698092 -0.716035 0.684384
-0.803167 -0.466975 0.381471
-0.753871 -0.0438849 -0.280876
-1.88854 0.24507 -0.149136
-2.63641 -0.214628 0.13174
-2.25157 -0.706365 -0.20665
-1.43466 -0.79695 -0.290667
-0.833636 -0.509802 -0.214451
-0.371311 -0.094831 -0.474902
-0.0796978 0.181017 -0.585905
-0.536802 0.447498 -0.476074
0.00824473 -0.570451 0.256139
1.08079 -0.87641 -0.167344
1.90705 -0.475557 0.0144524
2.14986 -0.739363 -0.0715282
1.66332 -0.376916 0.13183
0.692451 0.102886 -0.0929251
0.41599 0.134596 0.255215
0.581084 0.505405 0.209043
0.793569 0.267109 0.290143
1.00005 0.514558 -0.196288
0.0130341 0.311766 -0.0795163
-1.16449 0.522769 0.27413
-0.0794404 0.665619 0.328766
0.501076 0.92804 0.0425878
0.422005 0.609875 0.300531
1.16304 0.167081 -0.205503
1.43054 -0.387653 -0.814312
0.687431 -0.460679 -0.676018
-0.0349105 -0.677685 -0.108203
-0.0642709 -0.611739 0.168489
-0.370678 -0.320205 -0.0493308
-1.0218 -0.39911 0.0616846
-1.30578 -0.422648 0.662331
-1.25372 0.148353 0.472139
-1.56209 0.604795 0.206999
-1.4234 0.902816 -0.122873
-1.06651 0.870429 -0.266966
-1.03121 0.763633 -0.0192544
-0.753962 0.227743 -0.0216996
-0.474683 0.181878 -0.413813
-0.0532704 0.451277 -0.283548
0.558737 0.448427 0.145852
0.299233 0.0259562 0.631039
-0.611266 -0.311506 0.90414
-0.212115 -0.389665 0.659431
0.019616 -0.655078 0.0984375
-0.0361273 -0.953248 0.0536803
-0.577723 -0.931082 -0.245381
-0.490524 -0.00119763 -0.126232
0.18994 0.355469 -1.06373
0.664592 0.275692 -1.23165
0.349947 -0.470878 -0.958112
0.757496 -1.07916 -0.717687
0.910021 -1.07933 -0.725291
0.912068 -0.301652 -0.295435
0.598148 -0.597223 0.33625
0.778561 -0.535528 0.661409
1.25127 -0.143919 1.22742
1.26568 -0.196976 1.20857
0.692982 -0.0563414 0.689767
0.323508 0.234179 0.627476
0.459334 0.785313 0.597036
0.940233 1.29364 0.234041
1.24112 1.11719 0.126472
1.12969 1.29676 -0.207403
0.596062 0.916707 -0.643325
-0.28753 0.482281 -1.0503
-0.719771 0.635012 -1.56438
-1.08151 0.127949 -1.50918
-1.63069 -0.169496 -0.901407
-2.22192 -0.29563 -0.286996
-2.22759 -0.619786 0.64893
-1.93252 -0.136691 0.781601
-1.89878 0.52854 1.02762
-1.76178 0.441892 0.743325
-1.37015 0.501991 0.352122
-1.08051 0.783367 0.0600217
-1.27565 0.561774 0.24627
-0.679591 -0.000879103 0.715612
-0.121303 -0.229415 0.661311
0.0669702 -0.136695 0.771964
0.171946 -0.624551 0.558181
0.40525 -0.703782 0.344706
0.632039 -0.779775 -0.399154
0.810518 -0.820388 -0.85922
0.948068 -0.14848 -1.00843
1.2655 0.516331 -0.959265
1.49925 0.858862 -0.745386
1.77505 1.1964 -0.632166
1.54663 1.02667 0.0525266
1.20072 0.650599 0.0677731
1.25484 0.80194 -0.153072
0.856301 0.449225 -0.457764
0.622555 0.0701661 -0.438714
0.756756 -0.253661 -0.254419
0.783274 -0.143942 -0.242267
0.497266 0.346352 -0.0688435
0.160036 -0.308351 0.336461
-0.527846 -0.728589 0.372106
-1.12758 -0.224907 0.427971
-0.516333 0.0787194 0.3372
0.011832 0.277924 0.694993
-0.265785 0.864483 0.455034
-0.743871 1.04222 0.117517
-1.09892 0.794771 0.162598
-1.62878 0.0478667 -0.017919
-1.53147 -1.11005 -0.210908
-1.4512 -1.12701 0.0578679
-1.19454 -0.383988 0.289523
-1.38103 -0.222375 -0.169721
-1.20602 -0.422658 -0.00991684
-0.400255 -0.488975 0.0545254
0.0937171 -0.651843 0.406376
0.0104976 -0.436811 0.0204303
-0.0074347 -0.146163 -0.0993389
0.683628 0.0735865 -0.136656
0.719204 0.193197 -0.125249
0.301531 0.454505 -0.221398
0.752237 0.0957132 -0.196624
1.15973 -0.612595 -0.158856
1.56657 -0.135223 0.0270276
1.63748 0.0133208 -0.0138068
2.51597 -0.579615 -0.0538832
2.07696 -0.164517 -0.153569
1.2336 0.528082 -0.0548192
1.25837 0.820883 0.0659145
1.3 0.545386 0.0415274
1.04334 0.802973 -0.0616087
0.274024 1.06547 -0.0529171
0.0015379 1.42815 0.0555399
0.0759675 1.5832 0.13814
-0.0786959 1.10856 0.347882
-0.315142 0.740468 0.24345
-0.572711 0.658127 0.216287
-0.674661 0.789878 -0.143342
-0.783401 0.859432 -0.515692
-1.12121 0.310491 -0.7165
-1.61126 -0.185051 -0.408469
-1.56888 0.0550417 -0.166288
-1.68929 -0.333682 0.0844595
-1.67128 -0.937736 0.261982
-1.18345 -1.32339 0.54383
-0.798542 -0.997573 0.712417
-0.406933 -1.01483 0.155327
0.425193 -0.758824 0.158233
0.632846 -1.13221 0.293097
-0.0507372 -0.917788 0.239793
-0.443357 -0.638813 -0.045305
-0.174853 -0.640492 -0.262219
-0.103455 -0.372955 -0.069267
0.219542 -0.363591 -0.0533134
-0.089505 0.550765 0.310047
-0.40275 0.679892 -0.0258102
-0.232671 0.0644262 -0.410329
0.248783 -0.380933 -0.548437
0.474605 -0.286532 -0.397967
0.641251 -0.0175274 -0.334976
0.679841 0.276981 -0.214536
0.511364 -0.0187823 0.0213151
0.742558 -0.474497 0.353629
1.05688 -0.43067 0.246963
0.944728 -0.0970545 -0.0994024
0.787754 0.188471 -0.200483
0.522695 0.553773 0.0946482
0.708353 0.909696 0.274045
0.924675 0.699633 0.23383
0.531011 0.245507 -0.186942
0.408326 -0.404986 -0.0234803
0.229715 -0.435316 -0.262477
-0.214556 -0.34386 -0.216819
-0.918952 0.0635767 -0.34713
-1.01 0.134034 -0.52386
-1.47462 -0.0398032 -0.110663
-1.29694 -0.192846 -0.0319771
-0.770838 -0.148165 0.360416
-0.932736 0.191255 0.3086
-1.09856 0.320429 0.513766
-0.67572 0.253868 0.466997
-0.348462 -0.0423331 0.0457229
-0.259908 -0.047607 -0.205173
-0.434488 0.302979 -0.150756
-0.550734 0.404984 0.0883519
-0.761559 0.0479311 0.733279
-0.817947 -0.550683 0.70516
-0.698636 -0.761899 0.871813
-0.16398 -1.01928 0.639264
0.544335 -0.883171 -0.0500073
0.702859 0.0644111 -0.506283
0.552168 0.348289 -0.576964
0.64144 -0.199651 -0.496288
1.23831 -0.0761536 -0.516446
1.67139 0.10441 -0.20534
1.82913 -0.0686165 -0.225664
1.83088 0.0010261 -0.315477
1.11572 -0.189285 -0.116487
0.397663 -0.352048 0.263358
0.11765 0.124574 0.237945
0.546077 -0.0735339 0.0349971
0.932463 0.0110514 -0.308441
0.422272 -0.186921 -0.485246
-0.537481 -0.191502 -0.51673
-1.50864 -0.175065 -0.32389
-1.12552 0.200638 0.0603152
-0.830159 0.589406 0.0696577
-0.90933 0.638281 0.252903
-0.579656 0.180981 0.0362636
-0.635542 -0.103286 -0.169301
-1.35108 -0.128174 -0.0392957
-1.14536 -0.559518 0.444692
-0.651844 -0.968519 0.769979
-0.584785 -0.638388 0.503799
-0.541125 -0.189186 0.60521
-0.363456 -0.32133 0.507459
-0.258694 -0.745363 0.145076
-0.321535 -0.285696 -0.231697
-0.0722565 0.231602 -0.380132
0.320923 0.313378 -0.436421
0.211054 0.410257 -0.404344
-0.0570747 0.133966 -0.250398
0.0807591 -0.0707269 -0.0888896
0.335701 -0.134836 0.044784
0.30103 -0.130496 -0.0219072
0.477208 -0.295592 -0.180362
0.396025 -0.493145 -0.262105
0.350086 -0.260093 0.0168873
0.5975 -0.526794 0.406183
0.96204 -0.314836 0.335634
1.3252 0.326235 0.258486
1.04658 0.490013 0.0620512
0.643934 0.71669 0.124441
0.311732 0.782204 0.0892016
0.578696 0.341712 -0.307417
0.605646 0.196893 -0.14903
0.435892 0.304082 -0.134472
0.592327 -0.21603 -0.352558
0.341961 -0.244036 -0.476231
-0.118511 -0.387983 -0.373669
-0.129871 -0.378089 -0.386124
-0.136764 -0.31551 -0.371005
-0.217665 -0.294311 -0.143446
-0.455257 -0.110703 0.165939
-0.553759 -0.0268123 0.230364
-0.827404 -0.0310534 0.368853
-0.772179 0.154649 0.833889
-0.796419 0.309742 1.25895
-0.75895 0.00283127 0.825522
-0.692707 -0.0946021 0.724091
-0.344973 -0.123595 0.628992
-0.566648 -0.451811 0.533123
-0.372583 -0.274935 0.042365
0.0374156 0.0669663 -0.373126
0.375848 -0.0495733 -0.802222
-0.0529997 0.0244426 -0.763409
-0.464188 0.149704 -0.66983
-0.332963 -0.0689623 -0.715092
0.352767 0.184405 -0.354932
0.646311 0.421314 0.0449591
0.884695 -0.152185 0.2639
0.920601 -0.506838 -0.0570661
0.968974 -0.258617 -0.191344
0.800365 -0.43872 -0.244281
0.809714 -0.919083 -0.29947
1.00541 -0.491451 -0.200855
0.70935 0.0172557 0.157344
0.469652 -0.058569 0.263377
0.248005 0.127714 0.398564
0.529677 0.289194 0.16333
0.859628 0.657582 0.0667365
0.572871 0.896471 0.0345673
0.157381 1.02253 -0.121649
-0.147629 0.839134 0.0178787
-0.0902673 0.516445 -0.128977
-0.405982 -0.0441008 0.128991
-0.733785 -0.786993 -0.0415152
-0.92627 -0.675061 0.127497
-1.47748 -0.313125 0.302927
-1.96112 0.15169 0.411216
-1.98618 0.38926 0.407856
-1.49741 0.124051 0.150008
-0.873438 0.195128 0.160279
-0.722928 0.396866 -0.0642871
-0.370235 0.662157 -0.487348
-0.254191 0.545749 -0.5954
-0.309743 0.51626 -0.746345
-0.429968 0.664067 -0.501928
-0.195553 0.31593 -0.407485
0.125567 0.455393 0.0474676
0.238443 0.73036 0.499199
0.443224 0.284262 0.301522
0.556815 -0.462807 0.213707
0.572262 -0.365221 -0.058097
0.750008 -0.121902 -0.230219
0.951803 0.131235 -0.181805
1.3728 0.365113 -0.381425
1.48993 0.402267 -0.0270785
0.705754 0.00946671 0.534135
0.246171 -0.583367 0.631651
0.250459 -0.935635 0.409328
0.573888 -1.1692 -0.107504
0.80912 -1.47642 -0.0173232
0.652837 -0.815777 -0.0935227
0.215226 0.15488 -0.282842
0.0624637 0.232 -0.537473
0.245523 0.452874 -0.679552
0.102028 0.164522 -0.518843
-0.421987 0.321157 -0.445173
-1.26516 0.308406 -0.097262
-1.7809 0.727193 0.235483
-1.51676 1.13017 0.476099
-0.906014 0.837686 0.425472
-0.768604 -0.0847595 0.262026
-0.895621 -0.896702 0.0556577
-1.0263 -1.02255 0.0463056
-0.825855 -1.04883 0.204491
-0.534314 -0.583414 0.539596
-0.219226 -0.149104 0.803206
-0.418304 0.522162 0.776044
-0.734011 0.325034 0.477322
-0.364514 0.598762 -0.223726
-0.202154 1.06998 -0.499488
-0.0583843 1.34647 -0.586002
0.669546 1.3667 -0.555202
0.865981 1.1485 -0.48761
0.990725 0.64158 -0.258113
1.27909 0.00686013 -0.0278501
1.17684 -0.369835 -0.27621
0.820573 -0.7504 -0.212403
0.576439 -0.824763 -0.0636539
0.878552 -0.661545 -0.10094
0.978965 -0.491435 -0.0112278
0.689797 -0.0378089 0.168998
0.182794 -0.0123057 0.321889
0.252068 0.336831 0.364209
0.437132 1.0568 0.318135
0.410367 1.21233 0.1845
0.0437298 0.53486 0.029868
-0.509448 0.1023 -0.179061
-0.812549 0.360228 -0.477296
-1.00146 0.184356 -0.529182
-1.12496 0.107148 -0.373423
-1.31137 -0.334615 -0.182351
-0.911895 -0.906875 -0.0922528
-0.687109 -0.642555 0.179101
-0.250457 -0.529531 0.191145
0.379328 -0.157003 0.144017
0.486491 0.278478 0.19563
0.410322 0.574306 0.267281
0.0547764 0.197716 0.256027
-0.306861 -0.0190907 0.0656835
-0.134112 0.00380009 0.0540396
-0.0339006 -0.308473 0.377583
-0.167725 -0.627509 0.421091
-0.153146 -0.529638 0.470516
0.025288 -0.826393 0.110671
0.214259 -1.14345 -0.258393
0.600344 -1.13955 -0.54556
0.69545 -1.13435 -0.571144
0.675776 -0.761417 -0.49206
0.104871 -0.211402 -0.26768
-0.196815 0.251782 -0.0158143
-0.0257953 0.576628 0.11264
-0.0550684 0.586426 0.106286
-0.29011 0.812863 0.257258
-0.170787 0.771367 0.401128
0.0435234 0.833008 0.245365
-0.162187 0.824538 0.066352
-0.189204 0.361477 -0.235325
0.497517 0.0341731 -0.400934
0.618289 0.127464 -0.366653
0.649115 0.129762 -0.334803
0.624753 0.222842 -0.285414
0.722958 0.0159188 0.0424004
1.02279 -0.0642203 0.424712
0.654173 0.151018 0.395359
0.473308 0.315078 0.309783
0.884762 0.435596 0.0157717
0.532767 0.785929 0.113142
0.470821 0.75196 0.264881
-0.0466383 0.478943 0.214252
-0.181772 0.238469 0.0502619
-0.527886 -0.0294954 -0.160608
-0.83388 -0.382996 -0.203284
-0.862839 -0.788091 -0.269369
-0.50212 -0.861976 -0.0176739
-0.597624 -0.862218 -0.00341558
-0.890743 -0.854709 0.0694699
-1.08724 -0.623258 -0.0353132
-1.30759 -0.280701 0.145925
-1.18076 0.116211 0.0899636
-0.758572 0.293393 0.120465
-0.539201 0.59267 0.243053
-0.647796 0.325777 0.417082
-0.41813 0.069558 0.53562
0.159233 0.346755 0.305915
0.367014 -0.0104465 0.0063297
0.42539 -0.302671 -0.367477
0.400704 -0.379519 -0.553798
0.621937 -0.672155 -0.427751
0.747187 -0.667244 -0.414784
0.614093 -0.461596 -0.302849
0.736559 -0.569669 -0.265584
0.691047 -0.287438 -0.121568
0.748239 -0.114995 -0.266133
0.997002 -0.0675341 -0.313683
1.13515 0.165672 -0.118682
1.12017 0.0986067 0.322256
1.19316 0.0682088 0.291066
1.0871 -0.156989 0.173309
0.791107 -0.697249 0.388209
0.315474 -1.06208 0.485095
-0.240247 -0.955086 0.541992
-0.526154 -0.593904 0.126625
-0.777675 -0.444879 -0.172051
-1.08786 -0.0980174 -0.229125
-1.54241 -0.378501 -0.174356
-1.73141 -0.184867 -0.423034
-1.49337 0.396936 -0.640232
-1.14153 0.688228 -0.367684
-0.739107 0.94019 0.0636826
-0.795456 0.725761 0.296579
-0.876907 0.722483 0.273398
-0.677518 0.565634 0.178914
-0.261751 0.294574 0.014667
-0.260409 0.260456 -0.0405894
-0.302773 0.257607 0.121167
-0.130775 0.178957 0.281055
0.0803157 0.505044 0.332757
0.26896 0.533244 0.337617
0.541997 0.401819 0.444562
0.567733 0.312584 0.178582
0.826166 0.0644067 0.0229245
1.0738 -0.0914725 -0.230485
0.991753 0.10292 -0.23014
0.764771 0.519517 -0.166154
0.403355 0.234175 -0.17672
0.247069 -0.218581 -0.134614
0.389766 -0.619496 -0.259539
0.549387 -0.469333 -0.269626
0.523078 -0.0720983 -0.24608
0.393292 -0.0117487 -0.130208
0.507064 -0.348264 -0.114264
0.503111 -0.465664 0.0197716
0.53796 -0.0874465 0.203432
0.388919 -0.0957148 0.00941458
-0.0526608 -0.363423 0.143246
-0.532473 -0.619234 0.166556
-0.840319 -0.806021 0.256148
-1.02667 -0.933461 0.22901
-0.967107 -1.06536 0.000904718
-1.12784 -1.14861 -0.175479
-1.12555 -1.07279 -0.287346
-0.902827 -0.846064 -0.305074
-0.552736 -0.591744 -0.372612
-0.439446 -0.536277 -0.400629
-0.519836 -0.376801 -0.176515
-0.263904 -0.2503 0.171599
-0.0688853 0.139471 0.437917
0.0981546 0.493491 0.417313
0.316895 0.644603 0.444004
0.579004 0.3621 0.534285
0.373154 0.0967 0.399903
0.378637 0.0950375 0.101358
0.359523 0.244227 -0.0638537
0.492669 0.454573 -0.092318
0.472514 0.702548 -0.205502
0.286881 0.882452 -0.229468
0.261637 0.759511 -0.238901
0.306098 0.46448 -0.180092
0.278266 0.365209 -0.210366
0.313897 0.342157 0.0517318
0.539784 0.400968 -0.0222765
0.542854 0.632301 0.0572682
0.540055 0.670849 -0.0504642
0.241314 0.300313 0.00976045
-0.0636743 0.307264 -0.125237
-0.106391 0.452256 0.0962965
-0.446991 0.451266 0.132618
-0.729695 0.488189 0.0996801
-0.497124 0.580297 -0.0221114
-0.481586 0.529257 -0.104728
-0.543402 0.353183 -0.221947
-0.369743 0.382645 -0.278384
-0.162584 0.420172 -0.137252
-0.132063 -0.287462 0.192558
-0.0143187 -0.715505 0.303142
0.0899158 -0.57748 0.269338
0.0851157 -0.476001 0.204685
0.144294 -0.690613 0.277071
-0.113769 -0.739676 0.177385
-0.313608 -0.947301 0.139052
0.118343 -0.750331 -0.0279401
-0.0509018 -0.603446 -0.157961
-0.403453 -0.59668 -0.0712608
-0.377682 -0.657876 -0.0952979
-0.334532 -0.704738 -0.315302
-0.297884 -0.981718 -0.397276
-0.615153 -1.06195 -0.248896
-0.972905 -0.942735 -0.377423
-0.811963 -0.734575 -0.507606
-0.368698 -0.605488 -0.476934
-0.128157 -0.462698 -0.190889
0.261079 -0.14449 0.181057
0.371157 0.196268 0.455074
0.4567 0.418162 0.491119
0.811876 0.61489 0.557245
1.22183 0.949883 0.504013
1.27033 1.13259 0.422447
1.24357 1.30726 0.284663
1.16711 1.35629 -0.0851674
0.840753 1.41489 -0.184481
0.660527 1.04081 -0.316019
0.30347 0.75069 -0.383345
0.0793785 0.563279 -0.895913
-0.123494 0.511016 -0.446068
-0.23139 0.670832 -0.0891838
-0.541296 0.814265 -0.168003
-0.29145 0.766886 -0.323441
0.105072 0.243966 -0.43806
-0.0997995 -0.337713 -0.00238411
-0.459586 -0.427284 0.200764
-0.656686 -0.0786331 0.594213
-0.159987 0.216076 0.781379
0.241715 0.201027 0.742588
0.0994255 -0.110549 0.792736
-0.108696 -0.244374 0.808776
-0.117892 -0.251934 0.501472
-0.332389 -0.042254 0.265992
-0.566651 0.0664365 0.100483
-0.625691 0.0623042 0.20125
-0.553705 0.143658 0.00703793
-0.569374 -0.214038 -0.408684
-0.463315 -0.196459 -0.687056
-0.426153 -0.179064 -0.467296
-0.0159266 0.0300323 -0.496552
0.397284 0.430895 -0.454684
0.770324 0.362063 -0.271534
0.931142 -0.0345176 -0.422176
1.02989 -0.473703 -0.472238
1.09479 -0.529215 -0.163918
1.04193 -0.0441013 -0.0530088
0.832989 0.213229 0.0470587
0.787565 0.127199 0.199466
0.526308 -0.594657 0.422201
0.039166 -1.35627 0.358924
-0.186106 -1.64673 0.372938
-0.0597997 -1.47772 0.374278
0.254043 -0.719494 0.0483955
0.0438515 -0.270944 -0.159961
-0.442182 -0.388534 -0.219249
-0.531842 -0.487612 -0.551975
-0.670369 -0.396662 -0.476108
-0.50982 0.261727 -0.35211
-0.45631 0.737646 -0.364306
-0.590186 0.993516 -0.0836523
-0.680658 0.802379 0.0298873
-0.871503 0.483687 0.15982
-0.684432 0.455316 0.225697
-0.409751 0.796703 0.162676
-0.318483 1.15045 0.136169
-0.25116 1.01471 0.208734
-0.279707 0.880609 0.395234
-0.389322 0.8846 0.364481
-0.433552 0.711301 0.231247
-0.275299 0.742623 0.166196
-0.0102321 0.717663 0.248213
0.121155 0.46987 0.16321
-0.0245757 0.257999 -0.0200385
-0.062384 0.0374903 0.051082
0.27626 -0.0014049 -0.0532813
0.528918 -0.236466 -0.172531
0.308689 -0.447676 -0.200803
0.572732 -0.663861 -0.349636
0.823185 -0.868434 -0.466539
0.713122 -0.572697 -0.414328
0.639593 -0.262335 -0.280191
0.713011 0.129045 -0.235429
0.671116 0.403464 -0.0403295
0.383448 0.277136 -0.0259431
0.0676417 0.0851306 0.228236
-0.0964255 -0.0225516 0.214419
0.0205717 -0.184637 0.352789
-0.0179558 -0.230239 0.364041
-0.493716 -0.0601884 0.199395
-0.805855 -0.109567 0.107976
-0.599197 -0.277059 0.214589
-0.507559 -0.347931 0.0400491
-0.370209 -0.552453 0.0307168
-0.340783 -0.59435 -0.0599531
-0.593554 -0.481541 -0.278617
-0.868734 -0.29873 -0.369287
-0.754159 -0.301843 -0.440853
-0.392983 -0.0984755 -0.231379
-0.103484 -0.183875 -0.351375
-0.108826 -0.452759 -0.177921
-0.0221197 -0.37891 0.00241066
-0.0271927 -0.400527 0.0305059
-0.183902 -0.542006 0.16101
-0.0111621 -0.511022 0.367226
0.124797 -0.226762 0.495234
0.0148363 -0.0956757 0.321
0.0772606 0.125983 0.279358
0.282465 0.149083 0.242646
0.40896 0.188022 0.076303
0.546181 0.293651 0.0753534
0.492052 0.487772 -0.201344
0.588996 0.547532 -0.115942
0.593714 0.576791 -0.152162
0.553648 0.403869 -0.279256
0.487738 0.157475 -0.273074
0.507867 -0.0127269 -0.267467
0.240631 0.11157 -0.371856
-0.0401851 0.163151 -0.314426
-0.170546 0.103015 -0.265523
-0.266442 0.178046 -0.0610369
-0.305899 0.131241 0.0340129
-0.232943 0.106683 0.180466
-0.286806 0.172006 0.482946
-0.251692 0.226114 0.639145
-0.242456 0.236481 0.401224
-0.251167 0.114885 0.39614
-0.176819 0.200504 0.317654
-0.429557 0.000929207 0.185528
-0.321648 -0.0811218 0.000727748
-0.128943 -0.100203 -0.0809441
-0.0619565 -0.253727 -0.237481
0.0628369 -0.053307 -0.25355
0.083773 0.0905406 -0.416385
-0.126772 0.158904 -0.438301
-0.277457 0.234071 -0.245621
-0.0397336 0.103277 -0.127412
0.0410735 -0.172729 0.0835069
0.192841 -0.474588 0.286894
0.265448 -0.612642 0.33413
0.25005 -0.793662 0.214778
-0.0853849 -0.962399 0.264289
-0.133529 -1.04873 0.276539
0.140998 -1.19685 0.228084
0.417804 -1.1033 0.326509
0.57749 -0.921706 0.201386
0.695664 -0.760403 0.11476
0.657998 -0.661687 -0.0229569
0.396872 -0.324443 -0.355606
0.447061 -0.0525281 -0.361957
0.601348 0.033523 -0.560278
0.496467 0.305696 -0.681394
0.106706 0.348601 -0.581684
-0.077102 0.0647418 -0.548041
-0.507126 0.0284883 -0.456234
-0.615617 0.00173464 -0.24099
-0.442837 0.0880415 0.143683
-0.414095 0.360105 0.378725
-0.305513 0.682373 0.413009
-0.184529 0.835751 0.668706
-0.105362 0.667012 0.638804
-0.0347783 0.545783 0.569213
0.195588 0.675052 0.535525
0.242211 0.732266 0.506495
0.221538 0.567491 0.388535
0.0784542 0.428608 0.451082
-0.16805 0.112508 0.325853
-0.245103 -0.0875906 0.0777827
-0.146428 -0.212332 -0.323015
-0.08211 -0.146614 -0.618359
-0.114895 -0.147956 -0.724831
-0.0540073 -0.246907 -0.902195
0.176793 -0.167777 -0.901695
0.106832 0.133782 -0.690291
-0.105186 0.197228 -0.324212
-0.00179055 0.237752 -0.0396738
-0.0189063 0.428519 0.267219
-0.046067 0.0609947 0.40206
0.0202476 -0.231182 0.663068
-0.087364 -0.318117 0.654801
-0.116402 -0.488501 0.630613
-0.0792882 -0.590855 0.486963
-0.142866 -0.575315 0.36902
0.0163771 -0.542744 0.253009
0.131218 -0.494033 0.0905788
0.348763 -0.268196 -0.164227
0.392256 -0.0396472 -0.432686
0.205868 0.0478457 -0.693523
0.206789 0.0678875 -0.814991
-0.0325198 0.0899991 -0.699503
-0.0726549 0.196805 -0.611257
0.0544408 0.336691 -0.370856
0.173701 0.278577 -0.108623
0.107996 0.111273 0.18515
-0.0536972 0.0652693 0.324405
-0.206615 -0.207362 0.35968
-0.165438 -0.348992 0.44358
-0.0384672 -0.294064 0.476803
0.183849 -0.105894 0.317885
0.237257 0.277677 0.246493
0.221909 0.277234 0.122572
-0.0942718 0.17689 0.211398
-0.390175 0.38057 0.216815
-0.326204 0.362095 0.0549718
-0.291651 0.24111 0.0838262
-0.465256 0.052366 -0.0457507
-0.403428 -0.10361 -0.202131
-0.369437 -0.224586 -0.398071
-0.37544 -0.279376 -0.520736
-0.220457 -0.286889 -0.462538
-0.115694 -0.200661 -0.454201
-0.11919 0.0181076 -0.44328
-0.00769558 0.141524 -0.180923
0.0675115 0.143369 0.0287146
0.178 0.119348 0.3192
0.263663 0.141169 0.4338
0.132955 0.21314 0.480261
-0.0385984 0.459794 0.470568
-0.0574093 0.532461 0.333367
0.0442074 0.43913 0.307508
0.344796 0.0878505 0.238714
0.415256 -0.120296 0.213203
0.25498 0.0362195 0.108732
0.117752 0.155584 -0.0252484
0.150434 0.111686 -0.34192
