0.00215272 -0.0023606 0.00965265
0.00462218 -0.00433087 0.0138809
0.0135567 -0.0108102 0.00951935
-0.00438179 0.0124415 -0.0060016
0.00976811 0.0544316 -0.0208871
-0.00210282 0.00572147 0.0342855
-0.0199272 0.0129946 -0.0291527
-0.0207033 -0.0138603 0.00229016
-0.0231613 -0.0833475 0.0650175
-0.0630258 -0.0236716 0.00445561
0.0156772 0.000959147 -0.101682
0.00858409 0.033341 0.0197571
0.0396104 -0.0288725 -0.0505315
-0.00753763 0.0613428 -0.0533579
-0.0583863 0.121997 0.0144608
-0.0422889 0.0696649 0.0869019
0.0371276 0.000858192 -0.0168817
-0.00632791 -0.0468346 -0.0315348
0.00386088 -0.0243186 0.00276425
-0.010555 -0.0557767 -0.00955245
0.00228127 -0.0312263 0.00327414
0.0135034 -0.0248228 0.00198754
-0.0344962 -0.0535068 0.0169108
-0.042225 0.043161 0.0402544
0.0250269 0.137366 -0.0307063
0.0179868 0.137629 -0.0366491
0.0272534 0.0650599 0.0814034
0.0645855 -0.0524963 0.0681049
0.0164524 -0.0607773 0.0632922
-0.0346074 -0.0435169 0.13117
-0.0373364 -0.0552889 0.0188266
0.0462407 -0.0408969 -0.0421317
0.100139 -0.0234696 -0.0569855
0.0203082 0.0337156 -0.11633
0.0489703 0.000947645 -0.0645061
0.0522231 0.0110939 -0.0935215
-0.00367411 -0.000333405 -0.0156535
-0.0173023 -0.0425672 -0.0163943
-0.00583681 -0.0315186 0.0575197
0.0101747 0.0898707 -0.142637
0.0563313 0.0990862 -0.166552
0.00242661 0.0444086 -0.0770477
-0.0237925 -0.0339309 0.0584152
0.00264596 -0.0690714 0.181887
-0.0358592 -0.0557029 0.153786
-0.02583 0.0573758 0.259018
-0.0190819 0.0172039 0.18668
0.0175957 -0.0219052 0.116842
0.0178982 0.0661829 0.00655575
-0.0123442 0.0780616 -0.179111
0.00367814 0.0485313 -0.108709
0.00705829 0.0494029 -0.10907
0.00432687 0.0127877 -0.0896112
-0.0596921 -0.0595966 -0.147944
0.00877521 -0.0487977 -0.196988
0.0307374 0.0149087 -0.161988
0.0304738 -0.0583871 -0.0645817
-0.0259406 -0.100398 -0.0341641
-0.0218042 -0.0679993 0.0722752
-0.0373967 0.0614845 0.170654
-0.00507457 0.00932308 0.226637
-0.00400366 -0.0460241 0.201009
-0.026298 -0.0198539 0.166802
0.0176613 0.0637271 0.076652
0.0653328 0.0394197 0.0529436
0.00174722 0.0205874 -0.0181456
-0.0478439 -0.00281789 0.0380886
-0.0598459 -0.0117975 0.0329515
-0.0468865 -0.0400342 -0.0487528
-0.0153679 0.0205697 -0.205652
0.0213738 0.0331429 -0.1619
0.0147437 -0.0345928 -0.277401
0.0663383 -0.0133931 -0.229769
0.0384849 0.0644908 -0.128127
-0.00513325 0.0451623 0.0901258
-0.0159003 -0.0251707 0.104561
-0.0752596 -0.00623024 0.108812
-0.0408313 -0.052907 0.319226
-0.0129408 -0.121587 0.126956
-0.00212434 -0.00780802 0.174519
-0.000377517 0.00457037 0.00657829
-0.0100207 -0.042004 0.0689459
-0.0214408 -0.11809 0.110187
-0.0466461 -0.0820091 -0.0478138
0.00497411 -0.0786442 -0.171926
-0.0278836 -0.0252781 -0.118042
-0.0128103 0.017511 -0.191086
-0.00664258 0.0597385 -0.122144
-0.00356371 -0.025476 -0.0721105
-0.0749504 0.022613 -0.149401
-0.0181466 0.052094 -0.212139
0.0624993 0.00907081 -0.0148745
-0.00199019 0.0193863 0.0575163
0.0112195 0.0304845 0.139275
0.0473719 0.0427249 0.137694
0.0754662 0.0252387 0.21766
-0.0198944 -0.00183245 0.16626
-0.0291864 -0.0139908 0.17174
0.0574631 0.0632624 0.217045
0.0197119 0.111021 0.103266
0.0456682 0.0384327 0.00785066
0.0299542 -0.0210662 -0.0933355
-0.0295587 -0.0429751 -0.0973454
-0.0486842 -0.115726 -0.244442
0.0800505 -0.0737112 -0.334715
0.115177 0.0559282 -0.307687
0.0109808 -0.0518411 0.0169416
-0.0160938 -0.0629095 0.104433
-0.0165838 -0.0268029 0.115909
-0.0351836 -0.0626861 0.193645
-0.0667012 -0.0598392 0.141178
-0.0251299 -0.0885623 -0.0055629
-0.0306542 -0.0435113 0.00499878
0.0025276 -0.0513437 -0.0530656
0.0127769 -0.0285028 -0.0451802
-0.0206381 0.0124252 -0.127246
-0.0810725 -0.00625059 -0.12137
-0.0341119 -0.0547888 -0.0386789
0.00042059 -0.00660502 0.0212335
0.0995016 0.0342019 -0.12828
0.0517417 0.012697 -0.115717
0.0201392 0.0590782 -0.0633182
0.0171882 0.047293 0.259569
0.0449081 0.0111251 0.191208
-0.0236422 -0.0462598 0.255698
0.0293452 0.0476983 0.168996
0.0522685 0.0990272 0.0401868
0.112971 0.0821549 0.03431
0.0205815 0.0354477 0.161404
-0.0114834 0.0604124 0.103949
0.00885263 0.0967551 -0.0918322
0.0335461 0.0527287 -0.257549
-0.0333823 -0.0895159 -0.209193
-0.0758472 -0.0638243 -0.300328
0.00746689 -0.0341158 -0.150535
0.0679761 -0.0460733 -0.105163
0.0422666 0.0235484 -0.0966266
0.00259938 0.0535005 0.0629486
0.0266416 -0.00723777 0.0208777
0.0347026 0.00487831 0.188959
0.0344525 -0.00297405 0.0429538
-0.0219323 -0.0489243 0.179423
-0.0606143 -0.0543649 -0.125767
-0.103278 -0.0999139 0.0524192
-0.0612384 -0.143483 0.0200216
-0.0637814 -0.042779 0.164264
0.00472992 -0.0148593 0.122624
0.0101647 0.0833845 -0.0473992
0.0408273 0.11822 0.0187157
-0.0321838 -0.0169682 0.0411907
-0.0304072 -0.0503019 -0.0207553
0.020592 -0.045563 -0.0805797
0.0304947 -0.0455623 0.0575644
0.00239234 -0.0069086 -0.081088
0.0165667 0.0136793 -0.0890336
0.0470412 -0.00256736 -0.229833
0.0332972 0.012333 -0.127533
1.82595e-05 -0.0523682 -0.0244134
-0.0305626 -0.0178117 -0.145198
-0.0215695 0.054436 0.0105607
-0.0630046 -0.0737943 0.355691
-0.120018 -0.0835064 0.186532
-0.110505 -0.00382289 0.14702
-0.0820049 0.112063 0.148543
0.0116375 0.140469 -0.0880515
0.0572259 -0.00421858 -0.278654
0.0025959 0.00528046 -0.0483622
-0.0403446 -0.0115117 0.196811
-0.00823491 -0.0209176 0.0507778
0.0490212 0.0437784 0.0490819
0.0587546 0.0730664 -0.0423282
0.00412712 0.041946 0.0173418
0.0793164 0.0195741 -0.137238
0.0995329 0.0744449 -0.197658
0.0151084 0.0410093 -0.135311
-0.0788838 0.0411394 0.0554897
-0.0334834 -0.002383 0.293364
-0.109398 -0.0859769 0.126572
-0.0303067 -0.0953669 -0.0809145
-0.0530103 0.0548373 -0.116439
-0.0134634 0.122335 -0.156807
0.0325445 -0.0203551 -0.0318875
0.00920007 -0.151728 -0.0405149
-0.0558986 -0.0137484 0.165117
-0.0270523 0.0658601 0.175651
-0.0923782 -0.0593459 0.194472
-0.0759552 -0.0708328 -0.0211557
-0.00552673 0.0207574 -0.0130505
0.0479976 0.0459711 -0.125819
0.0453038 -0.0253112 0.0775589
0.00308166 -0.0451585 -0.0219231
-0.0876951 -0.00360625 -0.0518873
-0.0631057 0.0119114 -0.184886
-0.0751282 0.0241717 -0.262598
-0.00933644 0.0642593 -0.239593
0.0084019 0.0542983 -0.0938489
-0.01789 0.0587713 -0.0325564
0.030607 -0.0125581 0.137918
-0.0357553 -0.0694132 0.289396
-0.0138681 -0.0416447 0.33828
-0.00139106 0.00667267 0.349283
0.0823246 -0.010428 0.130853
0.0739501 0.028347 0.0434414
0.0510658 0.031376 0.129287
-0.0378632 0.00642024 0.0818762
-0.0292945 -0.0416104 0.00996087
-0.0604319 0.0230531 -0.148814
0.0187817 0.126547 -0.244432
0.0611552 0.141428 -0.226502
0.0483041 0.0235623 -0.327205
0.0474511 -0.0548724 -0.265241
0.00229556 -0.0981083 -0.108112
-0.0840924 -0.0243277 -0.0343637
-0.0300442 -0.0561688 0.118803
0.00348598 -0.00384023 0.110131
0.0283042 0.0149373 0.104778
0.0852013 0.0816894 0.121772
0.0487485 0.133712 -0.00841144
-0.00894229 0.0866537 -0.232272
0.0280663 -0.0131459 0.141876
0.0261162 -0.0995161 0.103016
-0.0244758 -0.0847844 0.161059
-0.0647583 -0.0391755 0.108988
-0.00610937 0.0430556 0.165087
0.0423938 0.0637124 0.0984038
-0.0228705 -0.0625137 0.0953195
-0.00546201 0.0743634 -0.0455677
0.0154187 0.141265 -0.0840224
0.0531231 0.0542472 -0.167539
0.0590222 -0.0378606 -0.207705
-0.0215104 0.00100815 -0.230016
-0.0292753 -0.0238048 -0.129117
-0.0160525 0.0262911 -0.165871
0.12497 0.0103935 -0.0655169
0.0693434 0.0357699 0.00503638
0.0635941 0.117897 0.120096
0.104545 0.0508784 0.130189
0.0933546 0.0190191 0.264453
0.0670916 0.0202404 0.0746341
0.0187402 -0.0323372 0.137458
-0.0617658 -0.0475226 -0.0830166
0.0104231 -0.0943184 -0.016263
0.0090503 -0.0172815 0.0834568
0.0399962 0.0642274 0.10504
0.0125051 0.0296503 0.119515
-0.000790943 0.0560063 -0.0791325
0.00313811 0.17715 -0.014773
0.0334625 0.0296049 -0.0748267
-0.0405641 -0.0710373 -0.175806
0.0125392 0.029001 -0.156461
0.0708058 0.014893 -0.111303
0.00878632 -0.0284499 0.0895545
0.048567 -0.0777187 0.0368847
0.0427085 -0.0148968 0.107183
0.0312917 0.0705237 0.0692605
0.0234834 0.0118875 -0.00461724
0.00237165 -0.0658156 -0.139257
-0.0328047 0.0186405 -0.133641
0.0496806 0.0477162 0.217655
0.0606352 -0.0420446 0.184721
-0.048268 -0.0270607 0.217683
-0.0659059 0.011933 -0.0222879
-0.0318649 -0.0156886 -0.268425
0.0988522 -0.0500083 -0.199329
0.0834004 -0.0675673 -0.22287
0.0914552 0.0570416 -0.224733
0.0142869 0.0220245 -0.198919
-0.0854419 0.123891 -0.0486051
0.0513432 0.150792 0.0805475
0.0801995 0.0704499 0.185855
0.0485583 -0.0399087 0.280356
0.0865696 0.0678114 0.202837
0.122226 0.00874842 0.131111
0.0282324 0.00852436 0.19358
0.1047 -0.0669567 0.222431
-0.0543272 -0.093586 0.204259
-0.132858 0.0613925 0.0453373
-0.0457898 0.00168814 -0.140607
-0.0560675 -0.123355 -0.322684
-0.0318429 -0.0486405 -0.417346
0.0088749 -0.143082 -0.264517
-0.0425501 -0.121479 -0.321829
-0.00973583 0.0116166 -0.174935
0.0400553 0.0127122 -0.0139707
-0.139631 -0.0720762 0.166363
-0.076022 -0.0324097 0.437933
-0.149196 0.0203878 0.138869
-0.111517 0.140264 0.168827
-0.0432275 0.112512 0.149665
0.0420563 0.0478169 -0.0107073
0.0862013 0.0154716 0.173366
0.0774185 -0.00308028 0.109996
-0.0481992 0.138857 0.009852
-0.00126846 0.267697 -0.207354
-0.0204082 0.184174 -0.02484
-0.103823 -0.014083 -0.0367719
-0.0906804 -0.042037 -0.11702
-0.0251232 0.0352969 -0.136989
-0.0682402 -0.008641 -0.0380325
-0.0149612 -0.159774 -0.0265485
-0.136663 -0.300229 -0.0267286
-0.16434 -0.199066 -0.139301
-0.234169 -0.154611 -0.0897887
-0.118488 -0.0700412 -0.122195
-0.00316472 0.0414884 0.0129777
-0.0232244 -0.106691 0.0473986
-0.146894 -0.276193 0.16496
-0.105384 -0.13435 0.187035
-0.081029 -0.0353535 0.277367
-0.103989 -0.0665861 0.186136
0.027559 -0.0147824 0.275956
0.0780118 -0.0944735 0.135807
0.0153339 0.0251738 0.00384538
0.0457706 0.155427 -0.159525
0.120796 0.11934 -0.149741
0.0984482 0.0333901 -0.22339
0.0317563 0.0548109 -0.145857
-0.114346 0.189458 -0.167515
-0.101009 0.255257 -0.160451
-0.0288535 0.0476654 -0.026518
-0.0625101 -0.0401409 0.0657189
-0.0682905 -0.130214 -0.0161719
-0.00183545 -0.19081 0.0330922
-0.0369547 0.0246855 0.0365636
-0.0296909 -0.0345533 0.114358
-0.139184 -0.0689055 0.169614
-0.162135 0.0264273 0.20447
-0.067002 -0.0425199 0.0898847
-0.066669 -0.194642 -0.109494
-0.0326318 -0.0831128 -0.133844
0.0507804 -0.132957 -0.513281
0.153268 -0.125992 -0.0856008
0.130089 -0.0512303 -0.113243
0.0353757 -0.0498054 0.215597
-0.0917835 -0.00879761 0.269993
-0.113447 0.145016 0.154203
0.0194126 0.208494 -0.0230593
0.150244 0.123503 -0.0755882
0.217195 0.076204 -0.156226
0.135795 -0.0510302 -0.0807442
0.169928 -0.0830331 0.0509365
0.00656817 0.00178959 -0.14489
-0.161666 -0.0586674 0.0909667
-0.106283 -0.122566 0.000533437
0.00293408 -0.00551267 0.173651
0.0833044 0.155613 0.162594
0.273548 0.117367 0.188188
0.185893 -0.0172197 0.238935
0.122066 -0.0931192 0.346404
0.032782 -0.147827 0.103929
-0.0390945 -0.262089 0.0833895
-0.0641409 -0.101448 -0.272497
-0.00715572 -0.022902 -0.449809
0.0492672 -0.0389978 -0.427498
0.088745 -0.196986 -0.470839
0.0191963 -0.1109 -0.236129
-0.0898394 -0.0118111 0.00351437
-0.0707556 0.131598 -0.123983
0.0634926 0.0989345 -0.184056
0.101556 0.016447 0.0133676
0.0340746 0.0919233 0.088013
0.0516547 0.206655 0.392261
-0.0016817 0.0134161 0.232741
-0.0652669 -0.0031659 0.653457
0.0580652 0.0321493 0.635608
0.125615 -0.0624599 0.440222
0.0518372 0.0144945 -0.140769
0.276947 0.146253 -0.290306
0.241948 0.131074 -0.3836
0.142123 0.0615271 -0.390941
0.156081 0.0785304 -0.298186
-0.0158919 -0.0794805 -0.580624
-0.0661429 -0.00255798 -0.288697
0.0649465 0.00522424 -0.298976
0.0609032 -0.131982 0.160306
0.00525084 -0.208863 0.144386
0.0172572 -0.0744756 0.27429
-0.100315 -0.0101018 0.197971
-0.180102 -0.151868 0.321494
-0.0894197 0.0324099 0.354439
-0.1023 0.0131223 0.221372
-0.00360165 -0.244848 -0.0140798
0.0502756 -0.0548306 -0.263702
0.0781621 0.171779 -0.043447
0.0620966 0.0638913 -0.159558
-0.0608772 0.146372 -0.145946
0.103462 0.0676193 -0.174124
-0.0459307 -0.0701611 0.0815079
0.0320714 -0.153924 0.176516
0.147191 -0.0332034 0.507739
0.149427 -0.0212448 0.13139
0.0340003 0.0402357 0.165089
-0.0663996 0.058117 -0.134784
-0.0331503 0.159884 -0.0930239
0.0150211 0.162657 -0.35948
-0.182366 -0.0266856 -0.809033
-0.172578 -0.0479118 -0.678216
-0.0621801 -0.0477578 -0.0129936
-0.113414 -0.111521 0.011729
-0.0956701 -0.122227 0.170207
-0.103367 0.0457945 0.00472109
-0.00229259 0.111219 0.692912
0.0713703 0.00143761 0.45389
0.100897 -0.0309271 0.543612
0.0178352 0.0762955 0.314226
0.113363 0.123309 0.644336
0.0718741 0.230969 0.229312
0.0895809 0.165267 0.253784
-0.130712 0.0471316 -0.681002
-0.235376 -0.00570941 -0.512747
-0.131112 0.142958 -0.827685
0.122155 0.164736 -0.94741
0.048683 0.120843 -0.589856
0.119847 -0.0972111 -0.0966902
0.0151598 0.0188893 0.421023
-0.233402 -0.0380896 0.468913
-0.39025 0.00686545 0.404471
-0.233534 0.0991754 0.243888
-0.038304 -0.0151193 0.0702165
0.119118 -0.0181402 0.545842
0.235669 0.0400315 -0.155366
0.182101 0.142057 0.0468408
0.173299 0.0217291 -0.0453239
-0.00662168 0.012876 0.261132
-0.205895 -0.343869 0.313524
-0.189338 -0.388315 -0.0380031
0.0284826 -0.0845814 -0.105203
0.171971 0.112327 0.100621
0.0976969 0.0160976 -0.100503
-0.109373 0.0330099 -0.0737783
-0.0694104 0.0196742 -0.563347
-0.140522 0.22682 -0.374932
-0.139228 -0.0103089 -0.302661
-0.393077 -0.0791642 -0.362315
-0.325773 -0.0840917 -0.188467
-0.0650356 -0.033252 0.00491338
0.1947 0.114293 0.201378
0.11387 0.269825 0.597834
0.0182914 0.167772 0.803647
-0.136389 0.0369453 0.219537
-0.193097 0.0216031 0.0452836
-0.190366 -0.0413119 -0.0298832
-0.0208927 -0.172328 -0.387117
0.0642939 -0.0732712 -0.220493
0.139785 -0.0292246 0.368298
0.257349 0.292813 -0.047527
0.141367 0.354448 0.221175
-0.0277032 0.12398 -0.111311
-0.134871 0.359062 -0.177346
-0.186173 0.289554 0.0468877
-0.080725 -0.00902712 -0.184822
-0.0483598 -0.394378 -0.295353
-0.0869846 -0.374015 0.336323
-0.0241922 -0.425385 -0.126504
-0.0647536 -0.327378 0.089418
-0.150037 -0.251614 -0.0420666
-0.166664 0.0825979 -0.514826
-0.0175432 0.178897 -0.424582
-0.0113526 0.0033207 -0.0175719
0.0816731 0.217519 -0.249504
0.111919 0.0227581 -0.0792383
0.11293 -0.124233 0.184516
0.112481 -0.00591743 0.79739
0.11386 -0.191803 0.522815
0.150959 -0.121721 0.40652
0.167595 0.0613362 0.456437
0.326793 -0.0163132 0.663445
0.162459 0.055964 0.59985
0.115558 0.0058213 -0.0127572
-0.00258702 0.0263026 -0.155372
-0.211793 0.286688 -0.427286
-0.0558572 0.466037 -0.759808
0.0394745 0.330265 -0.886408
-0.13118 0.203169 -1.26196
0.0134797 0.141806 -0.727114
0.141207 -0.00923797 -0.523134
0.166179 -0.38973 -0.317377
0.128819 -0.508891 -0.150624
0.140025 -0.259048 0.62483
0.168314 -0.07625 0.345643
0.23438 -0.0901601 0.879817
-0.0218232 -0.00383888 0.68836
-0.105273 0.0320175 0.995585
0.0240674 0.115547 0.865491
0.149478 0.188902 0.695499
-0.00883604 0.15417 0.257342
-0.0221556 0.0463618 0.0438545
-0.0957904 -0.17587 -0.629792
-0.163763 -0.0380662 -0.875635
-0.367626 0.0609519 -0.903612
-0.307251 -0.0802924 -0.914768
-0.156493 0.0459028 -0.385718
0.18907 0.122924 -0.769132
0.101944 0.0259192 0.0869202
0.187512 -0.141981 0.049152
0.0590815 -0.11938 0.586008
0.275918 -0.0100078 0.202572
0.270703 0.298988 0.336848
0.45539 0.186793 0.226705
0.346793 0.0409083 0.337122
-0.141299 0.0170049 -0.153327
-0.283158 -0.0292103 -0.119357
-0.321005 -0.161335 0.162128
-0.364078 -0.371675 0.581319
-0.242739 -0.329515 0.598008
-0.126286 0.0225591 0.415867
0.0058166 0.288295 0.211853
0.09996 0.122366 0.0513143
-0.170687 0.298492 -0.472447
-0.0714773 0.0971788 -0.123295
-0.198903 -0.0604095 -0.520554
0.0744531 -0.0681069 -0.525215
0.518175 -0.155769 -0.276103
0.298644 0.0296924 -0.400979
0.201836 0.00646124 -0.490187
0.38433 0.00709574 -0.676921
0.244998 -0.18595 -0.140944
0.0679699 -0.509233 0.00909336
-0.164936 -0.52457 0.243574
-0.164624 -0.118944 0.381398
-0.0671093 -0.0975764 0.781352
-0.450954 -0.12067 1.00287
-0.346265 0.120157 0.841854
-0.0166504 0.195395 0.529858
0.0823324 -0.00135241 -0.216879
0.100524 -0.173768 0.0194429
0.252595 -0.354236 0.250798
0.162447 -0.319872 -0.441878
-0.149797 -0.322298 -0.346242
0.0484108 -0.120901 -0.943282
0.275284 0.211165 -0.74962
0.146442 0.226038 -0.925376
0.0963167 0.543648 -0.916369
0.155859 0.636144 -0.47842
0.249858 0.651189 -0.00313915
0.162707 0.701797 0.483935
-0.115324 0.483758 0.459712
-0.318169 0.164718 0.477162
-0.339243 -0.220203 0.14938
-0.242809 -0.393586 0.421341
-0.251896 -0.461185 0.608777
-0.214606 -0.244737 1.09761
0.0931935 -0.0943365 1.19373
0.180252 0.177348 0.605556
0.299367 0.159382 0.636209
0.334186 0.122252 -0.75715
0.147231 0.152921 -0.742969
-0.118162 -0.0392747 -1.01515
-0.408142 -0.458674 -0.705432
-0.267939 -0.496454 -0.871193
-0.111506 -0.607008 -0.327179
-0.136812 -0.531456 -0.450918
-0.295246 -0.591866 0.494292
-0.371739 -0.395187 0.152257
-0.202633 0.146995 -0.0660434
0.0369047 0.555068 0.117934
-0.213636 0.847393 0.335411
-0.138394 0.933624 0.461109
-0.130057 0.610912 -0.00222297
0.0531005 0.444717 -0.162621
0.00481719 0.555596 0.244938
0.099726 -0.099012 -0.239385
0.0225254 -0.158138 0.00369601
0.218404 -0.175296 0.262914
0.0974138 -0.459488 0.192544
-0.0767308 -0.0198356 0.416413
0.10179 0.418205 0.683019
0.0186906 -0.113523 0.659056
-0.354508 -0.625725 -0.33577
-0.501876 -0.306325 0.0397527
-0.294041 0.1911 -0.337497
-0.0910001 0.29044 -0.532137
0.160253 0.0132012 -0.504486
0.12575 -0.0731602 -0.658026
0.377045 -0.213465 -0.431208
0.331692 -0.563815 -0.217674
0.16022 -0.676905 -0.305927
-0.00039432 -0.70284 -0.225088
-0.151155 -0.798277 -0.335679
0.104447 -0.219814 0.433096
0.417082 0.153172 0.305263
0.243401 0.535359 1.04231
-0.0252754 0.809642 1.11917
-0.145517 0.743477 1.50156
-0.324695 0.556188 0.820436
-0.592088 0.228999 -0.205833
-0.557283 0.0511497 -0.0444666
-0.273511 -0.304875 -0.672385
-0.102592 -0.75199 -1.59854
0.0661302 -0.899165 -1.28997
0.110007 -0.435264 -0.438749
0.405267 0.0564376 -1.04853
0.413793 0.0886327 -0.244774
0.340947 0.434717 -0.688462
0.379093 0.967873 -0.260699
0.733505 1.00672 0.0110629
0.730432 0.508637 0.526918
0.502513 0.250009 0.551128
0.168571 -0.067114 0.950918
0.0090129 0.052426 0.899877
-0.170917 -0.0535795 0.756609
-0.220711 -0.725939 1.14945
-0.419146 -0.671779 0.914751
-0.564788 -0.205372 0.541893
-0.316831 0.182784 0.310956
-0.271919 0.566498 -0.213786
-0.289623 0.266671 -0.602945
-0.225874 -0.359132 -0.749461
-0.041266 -0.102161 -1.82862
-0.00931447 0.198648 -1.37721
-0.197512 0.258653 -1.1412
-0.0378697 0.0576629 -1.13504
0.355545 -0.250667 -0.14654
0.583425 -0.472345 0.187519
0.421424 -0.254785 0.523941
0.242607 -0.632439 1.20598
-0.22867 -0.480481 1.01465
-0.356231 0.103124 1.21428
-0.590869 0.198811 0.669952
-0.58219 0.524582 0.746636
-0.216536 0.965409 0.33111
0.150889 0.736415 0.655072
-0.0680184 0.509286 0.491874
-0.0634285 -0.0433076 -0.029139
-0.276796 -0.422688 -1.00788
-0.582803 -0.706707 -0.989865
-0.0663576 -0.945309 -1.10458
0.305386 -0.912004 -0.86366
0.515017 -0.63075 -0.365167
0.785883 -0.182915 -0.394185
0.931345 0.279124 0.12982
0.961484 0.219017 0.332419
0.872619 -0.0754113 0.582563
0.601448 0.0750165 0.468746
0.173615 -0.00772481 -0.0158605
-0.313141 0.110477 -0.465866
-0.201848 0.267153 0.170021
-0.46469 0.299231 0.177889
-0.362979 0.243241 0.557807
-0.205646 -0.125998 0.0487871
-0.0967522 0.159773 0.192173
-0.279041 0.424834 -0.3275
-0.35949 0.383313 0.0425201
-0.64213 -0.0366893 -1.19582
-0.629424 -0.274114 -0.361054
-0.240532 0.0341447 -0.0250819
0.235522 0.161768 0.48598
0.619757 -0.0624046 0.0690503
0.798797 -0.216944 0.505003
0.741441 -0.210933 0.00276179
0.332714 -0.590806 0.258279
0.308045 -0.85848 -0.824569
0.288699 -0.597738 -0.191064
0.556817 -0.282238 -0.467427
0.150905 -0.339925 0.00316269
0.0848057 -0.522906 0.561386
-0.00523315 0.158331 0.304454
-0.155182 0.71505 0.129276
-0.38734 1.04527 -0.61889
-0.838819 0.952516 -0.569871
-0.715143 0.781992 0.359132
-0.156098 0.369425 0.0089487
-0.0196603 0.342368 0.436381
0.0136132 0.438315 0.439623
-0.087044 0.3781 0.585268
-0.321364 -0.139855 0.136237
0.0294061 -0.224449 -0.0781192
0.354469 0.029014 -0.245378
0.385294 -0.0480348 -0.631995
-0.327713 -0.306774 -0.0175566
-0.626022 -0.676209 0.743108
-0.298731 -0.946648 0.723668
0.34337 -0.694542 0.0849468
0.430909 -0.749985 0.186169
-0.0158357 -0.792417 -0.31391
-0.517401 -0.785483 -0.109107
-0.38479 -0.807542 -0.294858
-0.536952 -0.579595 -0.191496
-0.544733 -0.0409865 0.461546
-0.214901 0.22809 0.152907
0.341094 0.885485 0.0675628
0.43635 0.8125 -0.551992
0.237095 1.04423 -0.203136
0.123105 1.16899 -0.153463
0.158634 1.2718 -0.513656
0.0414651 1.01863 -0.155073
0.0264049 0.472355 -0.382138
0.0161926 0.587765 -0.118025
0.0309287 0.936501 -0.305013
-0.0048892 0.937478 -1.04933
-0.321276 0.81299 -0.0358027
-0.634121 0.528314 0.768092
-0.405327 -0.338167 1.07166
-0.547665 -0.913692 0.885684
-0.310197 -0.999663 0.264547
-0.0626547 -0.971906 -0.239286
-0.315829 -0.630189 0.12591
-0.335821 -0.777024 -0.3062
0.100874 -0.897698 -0.519002
0.197658 -0.880028 0.515069
0.0951294 -0.945179 0.538458
-0.220588 -0.987306 0.821524
-0.439871 -0.667795 0.679553
0.0536828 -0.166502 0.881356
0.650017 0.265461 0.29976
0.902378 1.40815 0.215204
0.628945 1.70255 -0.310598
0.191617 1.2509 -1.13864
-0.297322 0.655884 -1.14334
-0.453911 0.235318 -1.62133
-0.125291 0.0513543 -1.60162
-0.235588 0.0720252 -0.851011
-0.16462 0.570263 -0.330409
0.328892 0.57135 0.0952675
0.299815 0.465309 0.565787
0.461541 0.172783 0.382856
0.525352 -0.0156628 0.767056
-0.322103 -0.0579098 1.05886
-0.896328 -0.189968 1.27559
-0.520837 -0.692482 0.939342
0.170485 -0.994524 0.478094
0.413702 -1.03102 0.277852
0.587701 -1.28497 0.322929
0.361867 -1.43633 -0.277923
0.282318 -1.12104 -0.880349
0.544867 -0.573368 -0.796311
0.34279 -0.20917 -0.629349
-0.201312 0.476806 -0.375568
-0.229136 0.860892 0.206792
-0.123409 1.14028 0.29412
0.114192 1.03838 0.549799
0.0224848 0.815511 0.0536719
-0.197122 0.786665 -0.066375
-0.213436 0.620659 -0.664392
-0.258598 0.3 -0.37711
-0.0379805 0.435551 -0.484249
0.195127 0.303131 -0.919055
-0.542806 0.156153 -0.279445
-0.584896 0.477922 0.0245452
-0.04877 0.55914 -0.059457
0.226753 0.124022 0.404779
0.282372 -0.19482 0.349465
0.264031 -0.154926 0.403589
0.562277 -0.800198 0.963434
0.649949 -0.868345 0.633997
0.342115 -0.796085 0.616932
0.345562 -0.923274 0.371976
0.465613 -0.639509 -0.174564
0.204973 -0.411577 -0.337064
-0.23172 -0.831627 -0.0648934
-0.155324 -0.711199 -0.299161
-0.0790536 -0.196925 -0.129966
-0.0615682 -0.250058 -0.251979
0.00449435 -0.198088 0.55419
0.128955 0.161089 0.682877
0.446647 0.195898 0.113045
0.535593 0.554479 -0.244065
0.465739 0.775041 -0.505527
0.17619 0.961999 -0.965112
-0.577074 1.17022 -0.963926
-0.77003 0.939447 -1.30945
-0.673387 0.808445 -1.21748
0.418738 0.373137 -1.21174
0.428255 -0.459007 -0.910214
-0.0749175 -0.353701 -0.0650622
-0.262145 -0.0709104 0.627759
-0.397142 0.325237 1.65726
-0.680325 0.142154 1.77865
-0.561397 0.164525 1.77472
-0.471677 0.65594 2.05351
-0.148105 0.862464 1.64298
-0.0932759 -0.0579738 1.08984
0.200388 -0.961079 0.146533
0.780919 -1.17723 -0.694752
0.737113 -1.32612 -0.7804
0.728698 -0.821073 -1.17646
0.746234 -0.633391 -1.43371
0.512397 -0.579209 -1.38145
-0.226978 -0.526912 -1.05096
-0.178185 -0.503044 -1.00775
-0.469243 -0.494607 -0.574335
-0.756362 -0.258049 -0.134222
-0.706068 -0.765416 0.0174472
-0.414177 -0.508412 0.418308
-0.251305 0.202584 0.187959
-0.040412 0.827756 0.512435
0.175695 0.636276 1.11777
0.383974 0.51755 1.17483
0.323936 0.290567 1.41807
0.0928699 0.0764802 1.26916
-0.226684 0.0446347 0.896698
0.055252 0.0866239 0.141855
0.274707 0.362247 -0.276802
-0.0368644 0.332086 -0.678422
-0.0658411 0.6512 -1.02312
0.474783 0.547145 -1.28852
0.289278 0.136037 -1.55438
-0.347737 0.699351 -1.59647
-1.0953 0.613208 -1.08288
-0.827494 -0.248576 -0.445479
-0.588016 -0.602395 -0.345036
-0.48449 -0.330934 0.214804
-0.190513 -0.890388 -0.0361948
0.352989 -0.885404 0.163349
0.271605 -0.923035 0.306347
0.941001 -0.648007 -0.150777
0.752547 0.0163979 0.528856
0.138449 0.118808 1.19398
-0.338567 0.229719 1.82336
0.648074 0.832539 1.8741
0.864989 0.457502 2.14799
0.107701 -0.52183 2.18148
-0.556291 -0.696318 1.70877
-1.00648 0.012132 0.435673
-0.941697 0.0483165 -1.19496
-1.26297 -0.41234 -1.99023
-0.817716 0.187274 -3.1799
-0.3599 0.986385 -2.79983
0.428289 1.03555 -2.86358
1.22087 0.522078 -2.0344
1.52336 0.427405 -1.38666
1.02696 -0.250475 -0.647654
-0.123348 -1.00869 0.0459667
-0.78765 -0.679883 1.31089
-0.371181 -0.14862 1.65025
0.362072 0.0239186 2.49463
0.0987755 0.0996949 2.52699
0.0987978 0.0140453 2.37756
0.233218 -0.482332 2.19618
-0.0783031 -0.251248 1.73493
-0.923325 -0.474522 0.900024
-1.28223 -0.889632 -0.674418
-1.25137 -0.811231 -0.926596
-0.773852 -0.178348 -1.54892
-0.31113 -0.0108173 -1.33511
-0.0672584 0.229971 -1.46753
0.418242 0.372232 -1.71494
1.23966 0.345326 -1.93684
1.30942 0.0661546 -1.48358
0.659364 -0.384201 -0.993946
0.411431 -0.0915675 -0.498168
0.170334 0.575097 0.0249194
0.283504 0.91123 0.415674
0.160192 0.703314 1.14112
0.372612 0.964983 1.58444
-0.133749 0.0387388 1.79112
-0.414365 -0.914195 1.52996
-1.04569 -0.668001 1.75109
-1.65513 0.291713 1.04206
-1.56616 0.302728 0.474394
-0.593441 0.202394 -0.532803
0.254947 0.964268 -0.601158
1.41911 0.960695 -1.00002
1.58366 0.412577 -1.40772
0.719198 -0.168537 -1.13479
0.26936 -0.626941 -1.72175
-0.161083 -0.711742 -1.17339
-0.188317 -0.850467 -0.973861
0.549927 -0.106706 -0.892548
1.24148 0.347201 0.0339358
1.36892 0.348931 0.940476
0.504921 0.484175 1.11471
-0.258582 0.0196713 1.74429
-0.900649 -0.225439 1.26418
-1.12023 0.232299 1.72288
-0.946237 0.0964722 1.2463
-0.920062 0.302683 0.283428
-0.444234 0.44039 0.144103
-0.384965 -0.0851001 -0.157675
-0.168535 -0.951802 -0.873339
0.394062 -0.488949 -1.04143
0.653729 -0.216478 -1.48938
0.478866 0.408713 -1.8507
0.342684 0.580858 -1.24345
0.432438 0.360828 -0.582931
0.688821 0.644251 0.171532
0.423891 0.763711 1.14851
0.195582 0.343602 1.49514
-0.141247 -0.412497 1.2877
-0.0669778 -0.814987 1.42317
-0.421954 -0.632052 0.543824
-0.854741 -0.035742 -0.371362
-0.477449 -0.0606055 -0.802472
-0.331421 -0.215349 -0.728059
-0.404203 0.191049 -0.712923
0.197719 0.545581 -0.425532
1.21605 0.912832 -0.462887
1.21488 0.736089 0.282803
0.802331 -0.338693 0.0959311
0.104151 -0.360681 0.900971
0.267782 -0.256221 0.643521
0.488067 -0.477545 0.0471045
0.130886 -0.531911 0.628406
-0.121688 -0.0366147 -0.0970451
0.426757 0.696935 0.13326
0.185536 0.786784 0.337151
-0.39883 1.27027 0.422792
-0.711282 1.52292 -0.722591
-0.954155 1.03014 -0.654808
-0.887365 0.637811 -1.19353
-0.635581 0.179463 -1.51458
-0.636741 -1.12174 -1.07146
-1.01269 -1.18568 -0.735503
-0.429244 -0.550817 -0.452619
0.143875 -0.0521518 0.634274
0.25679 0.427311 1.05348
0.235491 0.769543 1.06548
0.19718 -0.00663183 1.23533
-0.16342 -0.983218 1.20069
-0.61481 -1.08433 0.679734
-0.544201 -0.599443 -0.330398
-0.757909 -0.0422173 -0.267803
-0.502808 1.01214 0.0287333
0.0673739 1.58781 -0.0680743
0.281043 1.13872 -0.097765
0.860752 0.654792 -0.406313
1.03471 0.0389073 -0.574321
0.999886 -1.08534 -0.789782
0.635646 -1.692 -0.614973
0.154996 -0.980598 -0.373162
-0.00467521 0.262793 0.183515
0.563694 1.50304 0.437497
0.71083 1.35423 0.695034
0.55795 0.885186 0.762045
-0.00915225 0.14524 1.26188
0.101792 -1.02089 0.784194
0.305163 -2.52462 0.476049
-0.528568 -2.12732 0.174007
0.218156 -1.59301 -0.164439
-0.0148296 -2.00895 -0.0954838
-0.804471 -2.21909 -0.195322
-1.08915 -1.55228 0.0246784
-0.499193 -0.602339 0.0290613
0.245906 -0.117778 -0.0975447
0.87154 0.233344 -0.907908
0.961517 0.0464815 -0.51464
0.219831 0.231367 -1.46815
0.145886 0.353412 -1.68528
0.362953 0.583688 -1.98839
0.0508916 0.858227 -1.35082
-0.0601839 0.654388 -1.50023
0.844597 0.855134 -0.0843071
0.905853 1.20991 0.528077
1.33467 1.12174 1.52046
0.295965 1.11168 1.56475
-0.486355 0.0993631 1.74524
0.552069 -0.397553 1.51968
0.975712 0.114039 0.620131
0.164399 0.639141 0.98607
-0.343725 0.964538 0.74594
-0.65476 1.4062 0.686666
-1.35282 0.804452 0.35419
-1.61481 -0.15881 -0.371777
-1.48292 -1.26867 -0.925598
-1.87454 -2.23676 -1.68538
-1.75857 -2.19351 -2.32971
-1.38675 -1.0552 -2.23855
-0.513194 0.0989388 -1.74227
-0.203209 0.728237 -0.988963
-0.0156761 0.849694 0.123338
0.411586 0.765548 1.01856
0.880747 0.839499 1.79825
0.203964 0.592017 2.09962
-0.86456 0.555775 2.48562
-0.619544 0.39921 1.7417
0.133706 -0.00980706 1.97643
0.744627 -0.202744 1.50891
0.858872 0.256845 1.27022
0.610168 0.852851 0.424337
0.354235 0.72979 -0.254481
-0.201893 0.0245729 -0.951609
-1.74881 -0.208256 -1.28266
-2.28122 0.00193663 -1.69192
-1.16583 -0.558352 -1.48643
0.643843 0.177493 -1.79761
0.828064 0.757898 -1.79517
1.27288 -0.216656 -1.72958
0.895793 -0.884537 -1.7711
0.849363 -1.09768 -1.15987
0.787097 -1.52846 -0.504274
-0.00576219 -1.34375 0.945612
-0.24253 -0.697227 2.20178
-0.108625 -1.21008 2.7152
0.497868 -0.772424 2.79546
0.20285 0.471716 2.56463
0.328673 0.701564 2.10681
-0.168822 0.381323 0.839054
-0.105937 -0.357665 -0.335717
0.128355 -0.958275 -1.21767
-0.914645 -1.27806 -1.48276
-1.53057 -0.00579669 -1.33852
-1.62429 1.08837 -1.0799
-1.40323 1.60041 -1.5222
-0.944157 1.49048 -1.93969
0.0805892 1.13264 -1.61471
0.488446 0.783162 -2.15374
0.81029 0.712578 -0.632601
1.01593 1.00202 -0.643186
1.3071 1.34973 0.379863
0.916556 1.08516 1.33227
0.70151 1.82523 1.91165
1.0334 2.31973 1.78848
1.09307 2.42924 2.51392
0.75543 1.80513 1.97572
0.374463 0.0683125 1.14839
0.200174 -1.9897 0.540757
0.229015 -2.16172 0.00898931
-0.216307 -1.38865 -0.654324
-0.815137 -0.716163 -0.949686
-1.3384 -0.350313 -0.869449
-1.18158 0.509244 -0.67682
-0.53337 0.062674 -1.52789
-0.597802 -0.74403 -1.54891
-0.951863 -2.12842 -1.6274
-0.541423 -2.94553 -1.61785
0.0930411 -2.43861 -0.407789
1.48717 -1.3478 -0.154109
1.77895 -1.26092 0.500876
0.92346 0.0682515 2.01136
1.43584 0.395916 1.90995
1.29817 -0.590978 1.9455
-0.117795 -0.724918 2.31468
-1.41053 -0.744522 1.44724
-0.943604 -0.716606 0.665993
-0.161715 0.198575 0.116318
0.761833 0.545923 -0.281212
1.18619 0.852668 -1.25992
0.691004 0.758205 -2.03347
0.368994 0.164614 -2.42608
-0.096742 -0.694946 -1.96278
-1.09723 -0.622487 -1.18195
-0.688579 -1.0818 -0.256843
0.0694371 -1.34834 -0.291454
0.177026 -1.2414 0.361219
0.976687 -0.914846 0.645991
1.73658 -0.544833 0.342324
1.20049 0.557234 0.570219
0.523865 1.23869 0.65626
0.346097 0.470209 0.826747
0.778332 -0.0957026 1.85446
-0.174394 0.18889 1.8299
-0.875422 0.304846 1.26792
-0.246016 0.57336 0.847861
0.69259 0.238266 -0.579075
0.78948 -0.342673 -1.00762
0.785262 0.297749 -2.05753
0.647013 1.46291 -2.65644
-0.0295626 1.13334 -2.49761
0.0591665 1.29774 -2.3491
-0.362159 1.19824 -1.93513
-0.541132 1.31868 -1.77173
-1.0201 1.49068 -0.81195
-2.48967 0.922543 0.821058
-2.1451 -0.879974 1.5461
-1.15909 -1.16921 1.79728
-0.646122 -1.13649 2.62874
-0.358136 -0.891423 1.94164
-0.0883371 -0.37852 2.12016
-0.529126 0.0212169 1.75929
-0.44989 0.514721 0.509362
0.84998 0.669106 -0.136635
0.899692 0.970393 -0.924998
1.12325 0.755199 -0.964921
0.578435 0.397834 -0.906103
-0.00643812 0.692906 -1.19567
0.83916 0.626913 -1.00883
1.35423 -0.17886 -0.682855
0.404361 -0.886003 -0.132178
-0.0701009 -1.46547 0.799121
0.0311791 -1.48278 1.83928
-0.927979 -0.774222 2.65378
-1.61514 0.063116 1.96825
-1.60646 0.241219 1.43426
-1.52648 0.380087 1.21428
-1.15318 0.288267 -0.124652
-0.574478 0.307604 -0.612033
-0.561689 0.815375 -1.62401
-0.51139 0.409542 -1.66787
0.209546 -1.83079 -1.95963
1.09909 -2.8426 -1.24718
0.556523 -2.78133 -1.37427
-0.529188 -2.63651 -0.423071
-0.223349 -0.267802 0.112398
-0.106233 1.83399 1.28323
0.0971425 2.89314 1.28333
-0.611166 3.87549 2.08783
-0.51971 3.41387 1.69534
-0.137122 2.01071 0.688169
-0.036674 0.0310269 -0.695158
-2.44965 -1.88942 -1.20287
-3.27987 -2.12795 -1.20678
-2.68117 -0.873964 -1.53102
-0.668744 -0.290586 -0.962734
0.805734 1.06316 -0.320983
2.23661 1.54907 -0.327211
2.24375 1.69086 -0.38079
1.17535 1.94807 -0.161707
2.04824 2.04151 -0.253533
2.39383 1.3474 -0.286101
2.61696 0.554145 -0.593945
2.71131 0.618391 -0.301788
2.24674 -0.045108 -0.640762
1.60565 -0.785946 -0.443808
0.0202571 0.65502 0.121538
-1.57071 1.30221 1.24942
-3.2087 -2.51586 1.89346
-3.61222 -2.03164 2.30907
-1.45451 -0.678511 2.18466
-2.02688 1.18345 1.57206
-2.08853 1.64082 0.667352
-0.589208 2.01578 -0.342691
-0.00673656 1.59283 -0.97631
0.306493 0.428044 -1.67321
0.806046 -1.52824 -2.29174
2.05421 -4.10023 -2.41931
2.11584 -6.05486 -2.01835
2.70521 -5.79307 -1.19544
2.98015 -3.70197 0.143373
2.23364 -0.167433 0.95537
1.25072 2.34065 1.85108
0.39556 2.74507 2.84393
-2.0754 1.53323 2.04377
-3.7188 -2.20093 2.2833
-3.09385 -3.0997 1.20835
-1.58565 -3.02828 0.547359
-1.39968 -1.8208 -0.573328
-0.334156 -0.30216 -1.15703
0.662608 1.20699 -1.38324
0.551688 1.34098 -2.15582
0.682711 0.977753 -2.52255
0.586532 -0.612522 -1.65707
1.98328 -0.67299 -0.732781
2.89465 -0.803748 0.318502
2.05008 0.765774 1.22111
1.19346 2.24111 1.63704
1.76115 2.62423 1.41648
1.37009 2.59273 0.25453
-0.304639 1.84138 -0.0442987
-1.94884 0.25274 -0.28565
-2.7 -0.815955 -0.76579
-2.23151 -0.562201 -0.269036
-1.25976 0.464282 -0.18811
-1.06735 0.575579 0.320584
-1.20928 1.57492 0.282672
0.127282 2.27589 -0.227025
1.16146 1.93363 -1.08983
2.39154 1.57937 -1.7776
1.79242 1.86982 -2.14314
0.299453 1.72033 -1.25402
-0.104341 0.682851 -0.483151
-0.992225 -0.3697 0.17825
-1.44239 -1.08469 1.14788
-2.03481 -1.58064 1.37796
-2.09705 -2.31859 1.5367
-2.31894 -3.30194 1.4111
-1.98806 -3.32813 0.790164
-0.417303 -2.74461 0.470504
0.211522 -1.48703 0.726617
0.123337 -0.63495 0.950406
0.381435 0.101525 0.970201
1.84515 -0.127512 0.880312
2.60006 -1.23957 0.233414
2.97301 -2.53436 -1.11087
1.71637 -2.80316 -1.2517
1.981 -2.39344 -1.90915
1.28998 -1.06671 -1.45863
0.425796 0.305754 -1.23448
0.663572 1.69308 0.0305671
0.829014 2.12262 1.05603
-0.571636 2.26878 2.63824
-2.44409 3.35109 3.1442
-3.25468 3.23122 2.13526
-3.57885 2.9375 1.13289
-3.12958 2.49218 0.713789
-1.47777 1.9467 -0.615838
-0.178577 1.21377 -2.40977
1.14122 1.20669 -3.11941
1.58217 0.116814 -3.88437
1.51144 -1.19633 -3.23214
1.80645 -1.0532 -2.50092
1.71594 -0.307598 -1.66119
1.34641 0.654887 -0.198734
0.0656714 1.17561 1.56769
-1.04045 0.532483 2.78388
-1.49565 0.443412 3.68826
-1.38375 0.54833 3.91175
-0.343671 0.381055 3.27391
0.4139 -0.966559 1.86884
0.100894 -0.412085 0.776372
-1.08071 -0.787108 -0.0807421
-0.942975 -0.965566 -1.26525
-0.468311 -0.857823 -1.74318
-0.388023 -0.0788666 -1.76648
1.0335 0.734287 -1.4444
2.33311 1.04776 -2.06311
2.75505 1.43775 -1.95402
2.20414 1.16024 -1.54119
1.95601 -0.0392402 -1.47224
1.20842 -0.805242 -0.699601
0.391973 -1.27806 -0.168415
-0.142407 -1.47421 0.497328
-0.299441 -1.26903 0.992782
-0.0984897 -0.618045 1.52106
-0.990585 -0.462722 1.84664
-2.10169 -0.927508 2.17033
-1.25835 -0.154752 1.98556
-1.23975 0.230704 1.71302
-1.30256 -0.36243 1.29882
-1.30061 -1.11442 0.568613
-0.775213 -0.190931 -0.2581
0.0212988 0.720246 -0.933395
0.828558 1.22397 -1.72537
0.767444 1.78856 -1.85077
0.319851 1.83559 -1.75045
0.551835 1.93885 -1.44794
0.138023 1.36717 -1.79712
-0.795659 0.717969 -1.36153
-0.13351 0.456606 -0.461279
0.172862 -0.0483764 0.125547
0.270605 -0.604346 0.0778236
0.110678 -0.0180241 0.583111
-0.321216 -0.165553 1.15685
-0.77088 -0.502069 1.76644
-0.54215 -0.22099 2.02041
-0.487911 -0.245911 1.66634
-0.779325 -0.732355 1.48119
-0.177485 -1.48235 0.502192
-0.11785 -1.43646 0.330127
-0.524836 -0.41708 -0.00150089
0.394034 -0.365382 -0.764961
0.868119 -0.0700051 -0.611701
1.71423 -0.0716157 -1.12986
1.22372 0.275835 -1.11253
-0.065549 0.638494 -0.764617
-0.167293 0.645952 -0.459367
-0.161399 -0.124146 0.120254
-0.50664 0.0656369 0.334864
-0.360444 0.914202 0.619159
-0.00807789 1.99235 0.405468
0.176745 2.17703 0.0784423
0.391389 1.25258 -0.275397
-0.0978712 0.384268 -0.419672
-0.26552 -0.154181 -0.172307
-0.0505134 -0.241628 -0.562804
-0.484591 -0.878011 -0.356938
-0.42746 -1.56177 -0.429901
0.289084 -1.64858 -0.165929
0.369462 -1.09462 0.150034
0.211604 -0.848761 0.0530864
-0.247605 -1.04707 0.0190134
0.321286 -1.23697 0.436479
-0.016924 -1.35486 0.391341
-0.415552 -1.23391 0.928076
-0.748333 -0.0422551 0.548663
-0.448517 0.194655 0.712231
-0.0421103 0.215887 0.378826
0.181816 0.27985 -0.176655
0.654052 -0.0324076 -0.522348
0.874812 0.673972 -1.28485
0.606894 0.552428 -1.67391
0.362683 -0.606586 -1.76399
0.118032 -0.467303 -1.23514
-0.260846 -0.0563293 -0.647765
0.0456721 0.177738 0.136861
-0.0272208 0.311462 0.925702
0.0944519 0.31557 1.73663
-0.581775 0.0772492 1.97117
-1.08851 0.184552 2.2576
-1.11219 -0.308789 1.65849
-1.35672 -0.998726 1.21005
-1.03302 -1.89321 0.427109
-0.88364 -1.3177 -0.323548
-0.440023 -0.761398 -1.01817
0.288191 -0.342009 -1.44892
1.35338 -0.314482 -2.10424
2.51222 -0.329914 -2.20204
2.35631 0.274981 -1.84574
2.32892 1.02779 -1.44757
2.30752 1.0446 -0.98847
0.780448 0.277635 0.464434
0.140963 0.287969 1.4479
-0.226221 0.360141 2.16007
-0.0431902 0.487239 2.42133
0.415561 0.474988 1.78482
-0.554094 0.25674 1.5092
-1.58361 -0.43379 1.1604
-1.8537 -0.85025 0.122953
-1.78992 -0.891349 -0.647318
-1.7057 -0.852566 -1.18831
-1.28657 -0.846541 -1.88035
-0.567626 -0.755673 -2.22024
-0.430898 -0.270053 -2.28099
0.460909 -0.88777 -1.63277
1.48822 -0.992131 -1.84421
2.10915 -0.746078 -1.16717
2.25241 -1.33876 -0.633563
1.72755 -1.15105 0.337381
0.52718 -0.487475 1.00355
-0.240781 0.0350558 2.12118
-0.548705 0.946999 2.59893
-0.408988 1.01356 2.98063
0.210914 1.20585 2.44384
-0.22038 0.693082 2.00002
-1.20562 0.559024 1.40467
-0.528315 0.482065 0.431169
-0.689846 0.677908 -0.776294
-1.25713 0.395047 -1.26056
-0.317445 0.0321373 -2.18382
0.755293 -0.446283 -2.83054
0.916917 -0.491298 -2.55111
0.720956 -0.740956 -1.73934
0.801873 -0.719663 -0.942234
0.531635 -0.416258 -0.432428
0.103228 -0.433435 0.296032
0.11652 -0.464107 1.35164
0.240205 -0.0992226 1.59488
-0.366572 -0.0333405 1.64389
-0.785446 -0.112689 1.33551
-1.02517 -0.26779 1.02482
-1.43887 -0.145691 1.05197
-1.3613 -0.207176 0.66533
-1.03405 0.269148 -0.383561
-0.395908 0.982025 -1.076
0.514441 1.35283 -1.37619
0.580429 1.28987 -1.28406
-0.0286449 1.26067 -1.03343
0.555567 1.28183 -1.06032
0.770777 0.759021 -1.23209
0.517259 -0.121649 -0.720069
-0.283919 -0.765306 -0.340775
-0.419414 -0.298203 0.499027
0.0492811 -0.0830806 0.213899
0.20979 -0.0859624 0.505708
-0.549699 -0.725386 1.02322
-0.572683 -1.31695 1.36928
-0.665617 -1.41183 1.2764
-0.710531 -0.79064 1.26239
-0.949487 -1.17842 1.19081
-0.521875 -0.973287 0.875089
0.507047 -0.149342 0.959394
1.30254 0.29889 0.524806
1.36325 0.638334 -0.333237
1.16138 0.671721 -0.624356
1.03317 0.768528 -0.74748
1.11485 1.03339 -0.945518
1.15537 0.96146 -0.620128
1.02537 1.38759 -0.393155
0.681356 1.15146 -0.211573
0.0738826 0.728004 -0.0638354
-0.167913 0.882753 -0.336603
-0.49519 0.451608 -0.471317
-1.0162 0.283404 -0.363321
-1.39187 0.278113 -0.34886
-1.04114 -0.00913771 0.0550944
-0.535676 0.326244 -0.192686
-0.661092 0.590938 -0.171326
-0.972351 -0.0806854 -0.569341
-1.04278 -0.587504 -1.01381
-1.04889 -0.669213 -1.32864
-1.39366 -1.00886 -1.08513
-0.877812 -1.4984 -0.320363
-0.321513 -1.46967 0.250569
-0.0272373 -0.869542 1.17699
0.195812 -0.598432 1.74221
0.368027 0.156659 2.14953
0.259437 0.716943 1.77027
-0.0659779 0.928859 1.30229
-0.383644 1.45167 0.824677
-0.295579 1.65335 0.423007
-0.00923902 1.34367 0.144879
0.52937 0.994657 -0.340832
0.616984 0.270286 -0.340281
0.483779 -0.414944 -0.919225
0.578766 -0.298005 -1.51488
0.0956392 -0.414455 -1.97465
-0.223929 -0.280769 -1.8444
-0.0363657 0.134519 -1.16724
0.257385 1.00216 -0.344144
0.387599 1.94314 0.690525
0.442964 1.19215 1.7838
-0.0166067 0.155773 2.22937
-0.556847 -0.211012 2.29626
0.0499937 -0.7188 1.73841
0.625267 -1.04861 1.32572
0.507259 -0.567453 0.334226
0.280112 0.00390321 -0.575539
0.148107 0.562332 -0.938464
-0.338436 0.712926 -1.34483
-0.397305 0.149985 -1.57978
-0.482335 0.257362 -1.29728
-0.18103 0.819215 -1.01168
-0.136708 0.78198 -1.24163
0.16227 0.49976 -0.734354
0.706561 0.383403 -0.366668
0.591427 0.0241637 0.274819
-0.128548 -0.214623 0.18644
-0.537409 -0.563984 0.240387
0.0397858 -0.895926 0.256759
0.143734 -0.91925 0.361009
-0.0812965 -0.310321 0.395328
0.652232 -0.114793 0.445331
1.31871 -0.477252 0.38869
1.76793 -0.0315401 0.448068
1.53806 -0.108677 0.27338
1.84561 -0.834453 0.0932261
0.80758 -0.351302 -0.0988097
-0.416883 0.507836 0.0157895
-0.423827 0.907192 0.257131
-0.0359621 0.591309 0.382684
0.376693 0.672576 0.34485
0.408247 0.703757 0.259526
0.735947 0.885302 0.147251
0.907514 0.99515 -0.0361886
0.312424 0.655074 -0.0782106
-0.600951 0.58369 -0.336142
-1.32241 0.852501 -0.307503
-1.379 1.21988 -0.385423
-0.966604 1.30419 -0.392712
-0.579363 0.617596 -0.360148
-0.417219 0.000606676 -0.0728201
0.0375307 0.19698 -0.0590233
-0.0202551 -0.276303 -0.144103
-0.355277 -1.11405 -0.344212
-0.534573 -1.7725 -0.368527
-0.821091 -1.51302 -0.272451
-0.800022 -1.29585 -0.62876
0.0244838 -0.670585 -0.279404
0.432607 -0.76655 0.244589
-0.0122889 -0.443514 0.604685
-0.216648 -0.194533 0.6212
0.128607 -0.372158 0.391616
0.125225 -0.440425 0.308769
0.28773 -0.798952 0.0364711
-0.128308 -0.0398045 0.246046
-0.467383 0.274169 -0.068787
-0.396323 0.0565548 -0.236537
-0.234258 -0.0102882 -0.0551035
-0.45968 0.328546 0.35652
-0.597048 0.731696 0.535463
-0.548698 1.08657 0.569055
-0.523217 0.778237 0.518256
-0.146552 0.241304 0.522722
0.231016 0.126501 0.196114
0.254435 0.158192 -0.305153
0.379232 -0.0391476 -0.586941
0.408693 -0.189665 -0.423267
0.7313 -0.0936338 -0.178902
0.930184 -0.171632 0.0464576
0.518206 -0.308982 -0.0351359
0.492004 -0.805412 0.435635
0.497393 -0.949217 0.413434
0.219746 -1.00167 0.488305
-0.396114 -0.473243 0.12061
-0.447364 0.0292551 -0.459259
-0.853781 0.377731 -0.415419
-0.581218 0.551454 -0.59129
0.0157915 0.555423 -0.385442
-0.175918 0.495127 -0.610605
-0.492935 0.0552167 -0.532616
-0.29596 -0.452236 -0.568498
-0.178738 -0.831189 -0.838819
-0.179038 -0.567368 -0.932308
-0.244216 0.181923 -0.803245
-0.0725317 0.589758 -0.473683
0.03437 0.399604 0.402456
0.127743 -0.0977952 0.750049
0.126938 -0.271577 1.37242
0.325591 -0.675938 1.5815
0.595295 -0.937371 1.19799
0.272546 -0.477393 0.76491
-0.379555 -0.472554 0.393842
-0.735678 -0.940089 0.0437599
-0.374502 -0.531037 -0.331017
0.157583 -0.154328 -0.292607
0.728661 -0.353796 -0.535834
1.29328 -0.39375 -0.773071
1.05176 -0.536381 -0.682256
0.504996 -0.407894 -0.369411
0.0578923 0.45387 -0.286119
0.204133 0.505803 -0.185263
0.520353 0.615416 -0.185111
0.283275 0.314572 -0.0725017
-0.264304 0.210716 0.106214
-1.04207 0.14631 0.372988
-0.852466 0.387573 0.696068
-0.945398 0.57634 0.601605
-1.23234 0.457199 0.678533
-0.730319 -0.0489288 0.309472
-0.407881 -0.303693 -0.134208
-0.916111 -0.333671 -0.344624
-0.859145 -0.828874 -0.235953
-0.649281 -1.24387 -0.143793
-0.596454 -0.735133 -0.418143
-0.154004 0.0505198 -0.196999
0.553456 0.219454 -0.105332
0.903429 -0.144772 -0.188517
0.636423 0.0761754 -0.294426
0.392866 0.16559 -0.278715
0.284072 -0.193495 -0.170308
-0.148759 -0.390352 0.102058
-0.532559 -0.697166 0.437375
-0.381137 -0.644061 0.623469
-0.0714394 -0.280015 0.686934
-0.0529777 0.126737 0.502568
0.172368 0.233628 0.149802
0.13575 0.229546 -0.206459
0.0950741 0.636155 -0.22195
0.25838 0.423906 -0.0490569
0.463136 0.390507 -0.188982
0.713942 0.467678 -0.220777
0.514823 -0.0215255 -0.325326
0.391192 -0.254274 -0.13334
0.376364 -0.34988 -0.0132762
0.827137 -0.732633 -0.291754
0.886238 -0.702854 -0.066768
0.703496 -0.329563 0.0591347
0.866395 -0.484653 0.0566004
0.588824 -0.0878605 0.102628
-0.00701099 0.15381 0.158318
-0.214343 0.393596 -0.0534707
-0.294536 0.448116 -0.271765
-0.178066 0.22064 -0.323329
-0.00161184 0.00817533 -0.320086
0.312341 -0.303122 -0.505714
0.243918 -0.577574 -0.577521
0.234134 -0.487798 -0.302797
-0.0414188 -0.264589 0.0909182
-0.288832 -0.370376 -0.11765
-0.413298 -0.178292 0.142087
-0.127593 0.0954014 0.446923
-0.3411 -0.0155969 0.850918
-0.147724 0.220593 0.88977
0.216349 0.465264 0.77544
0.466442 0.158416 0.319292
-0.0857922 0.0142566 0.111197
-0.657292 -0.0779209 -0.177778
-0.708266 -0.500995 -0.692593
-0.168392 -0.398694 -0.780136
0.0880553 -0.181653 -0.653106
0.423286 -0.578261 -0.425507
0.620448 -0.577494 -0.527625
0.729437 0.0805121 -0.438398
0.373177 0.198503 -0.347162
0.00368327 -0.193972 -0.267337
-0.0789363 0.139969 -0.0264171
-0.272255 0.475686 0.457849
-0.0415416 0.210036 0.737637
0.275562 0.171164 1.10488
0.863216 0.0500192 1.01547
1.19353 0.132165 0.869264
0.71888 0.182302 0.62924
0.061696 0.284321 0.197706
-0.45198 0.249131 0.0641587
-0.477121 0.214931 -0.297487
-0.638234 0.0120241 -0.157739
-0.524608 -0.413302 -0.373863
-0.0925026 -0.109247 -0.258143
-0.101045 0.332577 -0.200886
-0.415938 0.85103 -0.238907
-0.752652 1.15092 -0.332854
-0.874852 0.863135 -0.581979
-0.828826 0.677415 -0.441339
-0.992983 0.339524 -0.407968
-0.688785 -0.0675487 -0.522013
-0.493362 -0.683583 -0.408929
-0.460824 -0.753866 -0.480268
-0.511082 -0.126062 -0.235061
-0.194028 0.295019 -0.188601
0.234675 1.12646 0.167003
0.429374 1.77321 0.550759
0.601481 1.37127 0.428543
0.511465 0.454936 0.543485
0.182701 0.245526 0.490641
-0.0164432 0.0743488 0.488113
-0.0921972 -0.0983178 0.58844
0.246484 -0.104554 0.242218
0.489516 0.0406839 0.299277
-0.0435595 0.0565304 0.592252
-0.266951 -0.0910869 0.607745
-0.136628 -0.236591 0.458256
0.231603 -0.559858 0.00490387
0.539125 -1.07559 0.107896
0.551166 -0.5329 0.100268
0.321016 0.451594 0.0466856
0.270067 0.54522 -0.154079
0.37853 0.640134 -0.410666
0.115083 0.0456899 -0.474985
-0.329436 -0.217408 -0.686362
-0.800227 -0.642478 -0.657397
-0.850611 -0.463863 -0.570139
-0.335791 0.0530314 -0.350097
0.203001 0.302905 -0.171831
0.0959422 0.181323 -0.00123961
-0.280577 0.0615191 0.0666248
-0.681858 0.210435 0.182457
-0.867491 0.0276574 0.304922
-0.993155 0.164809 0.515474
-0.822601 0.371783 0.690384
-0.661376 0.953857 0.678521
-0.261686 0.594769 0.432165
0.697527 0.400174 -0.317489
0.907406 0.0991648 -0.80829
0.539 -0.399638 -1.16747
0.525212 -0.751742 -1.24451
0.100697 -0.716667 -0.994914
-0.138657 -0.45452 -0.342951
0.0122597 -0.155807 0.441621
-0.0310485 0.208632 0.730295
-0.129387 0.213433 1.09747
0.0218996 0.228389 1.20525
0.699246 0.336348 0.885694
0.999213 0.388721 0.563896
0.680335 0.627683 0.247903
-0.0314716 0.280189 -0.0448454
-0.226673 0.124898 -0.263319
-0.231828 0.346807 -0.412558
-0.249526 0.181293 -0.543238
-0.333529 -0.527591 -0.557251
-0.387554 -0.687809 -0.488687
-0.193964 0.0597908 -0.465954
-0.143939 0.43249 -0.262709
-0.368523 0.808558 0.0301277
-0.82818 0.654374 0.26434
-0.628601 0.204207 0.34842
-0.456657 0.402269 0.581136
-0.0482761 0.200133 0.541738
0.479571 0.0453668 0.425355
0.482307 -0.027429 0.314221
0.422108 0.0559051 0.0952677
0.206636 -0.187563 -0.260539
0.015624 -0.152043 -0.781152
0.343307 0.00480367 -1.06419
0.622875 -0.282096 -0.830079
0.700363 -0.485981 -0.55275
0.834897 -0.0717224 0.0360736
0.861199 0.0268981 0.354494
0.56134 -0.0518041 0.633542
0.268836 -0.109676 0.811741
-0.219868 -0.435533 0.930788
-0.485268 -0.523659 0.802567
-0.90169 -0.415808 0.562954
-0.774545 -0.270545 0.245191
-0.0992024 -0.0979819 -0.163587
0.296695 -0.108675 -0.609808
0.309674 0.141444 -0.800632
0.417575 0.0983723 -0.854923
0.316306 0.154142 -0.960003
-0.432138 0.236957 -0.808152
-0.999227 0.0406313 -0.565754
-0.570423 0.108346 -0.0752631
-0.282542 0.563922 0.563643
0.228214 0.744924 0.954812
0.701715 0.802937 1.03048
1.04642 0.427953 1.10681
1.25685 0.135052 1.09474
0.577525 0.110448 0.644437
0.0885264 -0.0141882 0.125229
0.402556 -0.196971 -0.61955
0.251851 -0.0475811 -0.883723
0.619323 -0.0787101 -0.873487
0.581702 -0.17401 -0.831802
0.797959 -0.205628 -0.761882
0.565704 -0.3522 -0.706071
0.112262 -0.660153 -0.505898
-0.247139 -0.995752 -0.367689
-0.230794 -0.909815 0.0452425
-0.526346 -0.688424 0.206864
-0.836657 -0.480886 0.449379
-0.941865 -0.138796 0.486877
-1.05315 0.199864 0.670894
-0.842371 0.479473 0.415171
-0.369934 0.440035 0.0562514
-0.142812 0.461397 -0.300979
-0.309549 -0.0732415 -0.486931
-0.239671 -0.501294 -0.412059
0.0589106 -0.2334 -0.367087
-0.0701573 -0.406697 -0.235016
-0.25837 -0.328376 -0.176198
-0.31428 0.095323 -0.0113059
0.0584717 0.302861 0.348395
0.343336 0.619661 0.474931
0.231187 0.795729 0.59833
0.246238 0.307463 0.560648
0.0738562 0.00639651 0.571392
0.0433269 -0.410667 0.254101
0.21661 -0.823508 -0.0307141
0.282658 -0.85537 -0.120532
0.274836 -0.943721 0.123963
0.511218 -0.721368 0.101719
0.691811 -0.472288 0.120867
0.692703 -0.476093 0.44624
0.456889 -0.429982 0.608979
0.107771 -0.144384 0.712922
0.0300702 0.172367 0.249762
-0.0338132 0.130367 -0.225774
-0.219722 0.2176 -0.473522
-0.62671 -0.346462 -0.514108
-0.847977 -0.452042 -0.793834
-0.742146 -0.182585 -1.08392
-0.626377 -0.16349 -0.941113
-0.494139 -0.0216882 -0.575237
-0.729604 -0.0790749 -0.269299
-0.832846 0.297489 -0.181239
-0.558764 0.528783 -0.228391
-0.0679125 0.434402 -0.370259
0.00952518 0.340341 -0.388718
0.113859 0.216988 -0.208738
0.482092 0.128866 -0.0257904
0.769877 0.543908 0.136951
0.754158 0.611077 0.352414
0.578281 0.374428 0.719028
0.127943 0.0870268 0.718416
0.0708867 -0.339586 0.75403
0.175461 -0.589555 0.528153
0.0378943 -0.387916 0.418224
-0.181893 0.163105 0.337339
-0.434507 0.159414 0.190563
-0.395893 0.0679088 0.0828722
-0.0688506 -0.0644177 -0.218677
0.192683 0.0995149 -0.402833
0.207794 0.250051 -0.492866
0.107613 -0.0178647 -0.37197
0.231226 -0.533925 -0.223463
0.191486 -0.589946 0.10278
0.192866 -0.0286312 0.457285
0.12395 0.0667972 0.36869
-0.0687227 -0.241106 0.500709
-0.213532 -0.540592 0.405541
-0.25403 -0.608484 0.348287
-0.327677 -0.483193 0.234541
-0.285473 -0.430704 -0.021495
-0.528129 -0.531821 -0.198346
-0.642097 -0.598383 -0.316898
-0.582338 -0.486328 -0.389466
-0.439949 -0.303338 -0.577388
-0.51209 -0.387532 -0.768314
-0.651583 -0.484599 -0.694543
-0.274218 -0.633882 -0.416033
0.166147 -0.419616 -0.114931
0.567856 -0.126812 -0.0551718
0.90142 0.0289219 0.042985
1.13809 -0.18591 0.237109
0.79837 -0.290475 0.302013
0.585375 -0.0741228 0.251296
0.292554 0.246323 0.27512
0.184336 0.531334 0.372038
0.0760555 0.824572 0.375845
-0.00560153 1.09454 0.41452
0.153224 1.04433 0.323528
0.283005 0.639962 0.166538
0.149903 0.180693 -0.153544
-0.0510988 -0.297624 -0.217109
-0.0480786 -0.51463 -0.57777
-0.133531 -0.211468 -0.655241
-0.0581842 0.19203 -0.779088
-0.152204 0.272591 -0.624006
-0.183928 0.600323 -0.575005
0.0596344 0.806247 -0.127327
-0.0491294 0.599902 0.137788
-0.218618 0.281656 0.333771
-0.0127456 0.0563459 0.4121
-0.141771 -0.126146 0.455909
-0.430587 -0.229481 0.392315
-0.521641 -0.00632593 0.317529
-0.545951 0.279106 0.353089
-0.629682 -0.117564 0.537196
-0.463733 -0.157127 0.53975
-0.177072 0.373866 0.424124
0.0565991 0.731626 0.226774
0.33079 0.544713 0.103759
0.213026 0.32601 -0.198971
0.0649121 -0.15023 -0.411156
0.477559 -0.262085 -0.682048
0.248174 -0.457686 -0.767041
-0.179622 -0.778274 -0.456033
-0.228199 -1.01483 -0.142666
-0.253543 -0.973636 -0.0154501
-0.2896 -0.964148 0.164622
-0.699574 -0.775205 0.464087
-1.16135 -0.566801 0.425076
-1.07956 -0.416742 0.303399
-0.677089 -0.351949 0.172138
-0.466356 -0.221793 0.166004
-0.108325 0.0571712 0.266117
-0.00872265 0.243272 0.347974
0.0818244 0.215695 0.243496
0.410475 0.178454 0.215487
0.767022 0.395704 0.127004
0.847564 0.608327 0.0630578
1.04475 0.932415 -0.0214456
1.32097 1.19634 -0.31176
1.26788 1.47437 -0.308619
1.13588 1.26251 -0.3176
0.650919 1.02667 -0.250317
0.280613 0.76905 -0.667217
0.0091973 0.558277 -0.223619
-0.110575 0.54849 0.0789074
-0.424318 0.582784 -0.00371909
-0.166317 0.503923 -0.203264
0.272654 -0.0210479 -0.544638
0.126945 -0.65237 -0.42978
-0.194434 -0.879415 -0.500342
-0.381273 -0.704614 -0.343828
0.135091 -0.486176 -0.332135
0.626348 -0.35687 -0.338013
0.679571 -0.314426 -0.00157117
0.73207 -0.0715636 0.430654
0.907998 0.0742017 0.549041
0.63101 0.120473 0.663966
0.0432839 -0.0781042 0.724608
-0.475092 -0.223988 0.986611
-0.684536 0.0465975 0.946723
-0.700968 0.0812237 0.582724
-0.491496 0.416612 0.117479
-0.483615 0.528897 -0.0453782
-0.285618 0.698664 -0.473542
-0.146194 1.09439 -0.760999
0.000777376 1.0951 -0.854114
0.00943972 0.729624 -1.17724
0.0560354 0.157193 -1.2403
0.224101 -0.207797 -0.843916
0.435683 -0.0958289 -0.562158
0.582624 -0.103389 -0.154679
0.89356 -0.198216 0.396265
0.902264 -0.646921 1.03695
0.507571 -1.01801 1.39837
0.128468 -1.07958 1.75114
-0.118249 -1.00724 1.88008
-0.228518 -0.544953 1.48525
-0.689142 -0.278176 1.06044
-1.1418 -0.286535 0.625921
-0.993368 -0.15477 -0.200376
-0.857414 -0.0732783 -0.685536
-0.491297 0.160626 -1.17912
-0.281481 0.0207045 -1.76059
-0.232707 -0.0889751 -1.84571
-0.117544 -0.127012 -1.8175
-0.192966 0.0955672 -1.46198
-0.0632925 0.607729 -0.90054
0.0525208 1.19532 -0.337428
0.0458651 1.52204 0.258528
0.151072 1.31455 0.865675
0.194006 1.20878 1.437
0.0247803 1.24065 1.60433
-0.255779 0.879614 1.45799
-0.399695 0.448528 1.16022
-0.34816 -0.102857 0.858267
-0.267687 -0.626617 0.352094
-0.345595 -0.715831 -0.235639
-0.30433 -0.533768 -0.523056
0.0454564 -0.133437 -0.856496
0.249074 -0.0576942 -1.03432
-0.00801239 -0.113741 -1.03147
0.288002 -0.306611 -1.11241
0.6222 -0.623547 -1.0752
0.573083 -0.576713 -0.766496
0.482273 -0.574077 -0.308642
0.492115 -0.397411 0.10108
0.427164 -0.122339 0.636594
0.190417 -0.0397353 0.881576
-0.0520428 0.0543801 1.24314
-0.175076 0.1641 1.23968
-0.041857 0.103879 1.29302
-0.0492469 0.116483 1.12366
-0.467633 0.406732 0.698001
-0.718805 0.568761 0.268567
-0.470978 0.617011 -0.0226366
-0.365923 0.62498 -0.5819
-0.228081 0.275565 -0.897811
-0.174685 -0.0987775 -1.18141
-0.362721 -0.369643 -1.41078
-0.575357 -0.475261 -1.30356
-0.468848 -0.597956 -1.05461
-0.181715 -0.369149 -0.485827
0.0696961 -0.370078 -0.238549
0.129064 -0.579739 0.257401
0.291999 -0.503987 0.670087
0.207964 -0.551654 0.857878
-0.222893 -0.689819 1.06264
-0.361693 -0.59106 1.20878
-0.359676 -0.191736 1.18598
-0.34502 0.041965 0.835757
-0.0150375 0.293546 0.561862
0.392542 0.25581 0.225417
0.523189 0.176439 -0.231539
0.482632 0.161475 -0.476079
0.176051 0.273225 -0.952945
0.0571929 0.306615 -0.965288
-0.0392799 0.373154 -0.93214
-0.0256127 0.2939 -0.837644
0.117048 0.153256 -0.52961
0.44797 0.0294331 -0.206366
0.486115 0.101047 -0.0136108
0.384582 0.0387942 0.251527
0.240932 -0.11375 0.346768
-0.0282784 -0.0715351 0.459484
-0.283336 -0.14328 0.397268
-0.343872 -0.269388 0.357986
-0.392821 -0.398376 0.476656
-0.239946 -0.540287 0.500305
-0.0768277 -0.59529 0.173393
0.0237341 -0.585842 0.0446116
0.119853 -0.220767 -0.201402
-0.184945 -0.107038 -0.455002
-0.149753 0.0611405 -0.68035
-0.00104292 0.194942 -0.742755
0.0740734 0.109814 -0.773586
0.261534 0.317925 -0.522638
0.372178 0.42779 -0.367245
0.216039 0.437833 -0.143338
0.0244732 0.445797 0.168511
0.121733 0.244965 0.290683
0.0321123 -0.106677 0.432054
0.0774429 -0.483478 0.54116
0.139718 -0.663147 0.527228
0.152786 -0.804112 0.403858
-0.19921 -0.826146 0.456089
-0.335674 -0.694659 0.437996
-0.16275 -0.650138 0.344611
0.0868845 -0.499593 0.385486
0.321658 -0.456389 0.186951
0.556924 -0.599331 0.0476401
0.58224 -0.866897 -0.112567
0.275934 -0.839179 -0.468304
0.213049 -0.746184 -0.507288
0.303584 -0.693501 -0.725876
0.289031 -0.32257 -0.830194
0.144363 -0.0646298 -0.6783
0.238259 -0.0467275 -0.561839
-0.0396873 0.238819 -0.361875
-0.18666 0.464734 -0.0686619
-0.17414 0.675227 0.320716
-0.302637 0.943873 0.522263
-0.277604 1.17164 0.506424
-0.19667 1.16443 0.669215
-0.183097 0.765293 0.5334
-0.208442 0.342039 0.394916
-0.0230808 0.142456 0.289079
0.112482 -0.0553512 0.161282
0.310747 -0.289576 -0.014732
0.422737 -0.261016 0.0624779
0.352864 -0.232669 0.0117187
0.316276 -0.0708169 -0.0952841
0.341643 0.0143272 -0.322693
0.280155 0.0723312 -0.489394
0.117887 -0.0803825 -0.530539
0.0551446 -0.345037 -0.680396
0.142696 -0.379912 -0.70219
-0.108622 -0.165252 -0.575013
-0.504581 -0.19371 -0.30849
-0.503308 -0.209116 -0.10218
-0.475653 0.0497738 0.119971
-0.331116 -0.0913095 0.156682
-0.0574816 -0.0699821 0.373053
-0.0127805 0.126152 0.431667
0.0109955 0.14147 0.563606
-0.001434 0.137514 0.597082
-0.189247 0.196363 0.631431
-0.166298 0.21418 0.631986
-0.122196 0.15421 0.546996
0.120859 0.155676 0.32421
0.237724 0.0735755 0.0364349
0.0937714 -0.160193 -0.296781
0.0699164 -0.389058 -0.539579
-0.235596 -0.493477 -0.580901
-0.329224 -0.385762 -0.656114
-0.194596 -0.138276 -0.556813
0.0161387 -0.00268057 -0.392285
0.103576 0.0902788 -0.125705
0.0872712 0.326058 0.0658399
-0.00563057 0.274872 0.193417
-0.014238 0.216203 0.366449
0.0123019 0.205533 0.489125
0.184864 0.253729 0.428359
0.296969 0.520662 0.427905
0.41058 0.4685 0.320394
0.193724 0.346823 0.39303
-0.100237 0.498274 0.364331
-0.105203 0.369143 0.133296
-0.119337 0.107002 0.0537444
-0.257032 -0.187892 -0.182509
-0.100575 -0.35399 -0.398886
-0.00712705 -0.381347 -0.625225
-0.0745323 -0.300247 -0.782672
-0.108473 -0.213744 -0.744247
-0.231671 -0.112299 -0.71612
-0.384031 0.0653554 -0.671969
-0.288804 0.115218 -0.393242
-0.139044 -0.00443721 -0.156881
0.0604558 -0.215388 0.206803
0.21354 -0.404528 0.42013
0.130275 -0.470866 0.559529
-0.024442 -0.203997 0.637755
-0.0853526 0.0712048 0.581906
-0.0843575 0.321856 0.613034
0.111005 0.363544 0.58152
0.133755 0.468674 0.609927
-0.0115855 0.741121 0.58779
-0.127753 0.749184 0.523001
-0.122043 0.457996 0.193218
