0.00212995 -0.00236664 0.00784186
0.00456558 -0.00439687 0.00683938
0.0134995 -0.0110474 -0.00116993
-0.00484778 0.0122124 -0.0121935
0.00760062 0.0555371 -0.0152441
-0.00705568 0.0103454 0.0406517
-0.0262342 0.0197127 -0.032465
-0.025669 -0.0141909 0.007646
-0.0272024 -0.100223 0.0634854
-0.0648435 -0.0531636 -0.028153
0.0241106 -0.0226847 -0.10472
0.031939 0.0334373 0.068833
0.0761045 -0.00403774 -0.0185933
0.0362277 0.0924198 -0.0339184
-0.0271665 0.138024 0.0483528
-0.0429962 0.0712539 0.0753198
0.0181089 0.00865295 -0.0773818
-0.0132434 -0.031922 -0.0530568
0.0114187 -0.0373772 0.0324988
-0.0147926 -0.117347 0.00975199
-0.0281765 -0.1068 0.00621924
-0.0217368 -0.0683398 0.00553467
-0.0401271 -0.0658055 0.00648208
-0.0125919 0.032435 0.00476418
0.0639456 0.125248 -0.0606417
0.0494142 0.152832 -0.0142863
0.06116 0.122104 0.117271
0.108694 0.0136351 0.043422
0.0502645 -0.0404152 -7.42498e-05
-0.0437784 -0.0834641 0.059912
-0.0927428 -0.107615 -0.0681475
-0.0255471 -0.0509489 -0.087084
0.0367339 0.00305874 -0.0165822
-0.0275367 0.0422667 -0.026948
0.013496 -0.0365551 0.0331871
0.0151922 -0.0411521 -0.0154706
-0.0451343 -0.0254128 0.0331467
-0.0410817 -0.035858 0.00141579
0.00466502 -0.0128746 0.0473581
0.040358 0.110403 -0.137838
0.0784696 0.127796 -0.0861822
0.00720739 0.0881588 0.0333021
-0.030071 0.0159437 0.07618
-0.0178659 -0.0416134 0.0769456
-0.0795921 -0.07319 -0.0150636
-0.0799321 0.0114647 0.080843
-0.0575749 -0.0161284 0.0164306
0.000859761 -0.0334174 0.00988152
0.0128707 0.0364744 0.0184126
-0.00757457 -0.00264816 -0.0697551
0.0258925 -0.0524396 0.0377496
0.0460441 -0.00483482 -0.0100613
0.0496765 0.0247165 -0.0464257
-0.0216746 -0.0293604 -0.0952351
0.0260501 -0.0439514 -0.0960261
0.0278169 0.00634147 -0.0215823
0.0210188 -0.0407227 0.0579009
-0.0287269 -0.0400562 0.0233766
-0.0184528 0.0141476 0.0491733
-0.0432086 0.130287 0.0436988
-0.0178383 0.0536593 0.0065561
0.0112327 -0.00474512 -0.026106
0.0379598 0.0259289 0.0155972
0.100718 0.0834296 0.0165322
0.126202 0.0181127 0.0557018
0.041036 -0.00481865 0.0143655
-0.0119392 -0.00465405 0.0718499
-0.0437335 -0.0265844 0.0376891
-0.08074 -0.111855 -0.0536135
-0.0838881 -0.0824874 -0.137709
-0.0315811 -0.0351509 -0.00405591
0.00100869 -0.0477188 -0.0970964
0.0728495 -0.010433 -0.0559014
0.0417211 0.0458216 0.00629679
-0.00353886 0.0136027 0.0966462
-0.00355016 -0.030183 -0.0265815
-0.0584641 0.035078 -0.0443396
-0.0412819 0.0101902 0.191283
-0.0367046 -0.0708005 -0.0194635
-0.0303434 0.03108 0.0628333
-0.0198848 0.0566763 -0.0321697
-0.0266119 0.0330594 0.0523404
-0.0387657 -0.0365754 0.0606946
-0.0570592 -0.0218204 -0.110644
0.0132592 -0.0582031 -0.126434
0.000896785 -0.0276953 0.0366769
0.0316753 0.0334634 -0.0279366
0.0472448 0.107616 0.032864
0.0401453 0.0205882 0.057459
-0.0556934 0.0259417 -0.0834181
-0.0179476 0.0104778 -0.16378
0.0501985 -0.042523 0.0371368
-0.0172938 -0.00817386 0.0413967
0.00827387 0.0258672 0.0439172
0.053265 0.0281948 0.0118661
0.0750557 -0.0227464 0.0650775
-0.0175772 -0.0695643 -0.0125786
-0.00481225 -0.0714724 0.0272846
0.0928542 0.0308321 0.134663
0.0389612 0.105438 0.0470362
0.0499928 0.0609415 -0.00909304
0.0357811 0.0191352 -0.0431977
-0.0341351 -0.0179202 -0.00669905
-0.0896333 -0.128927 -0.12765
0.0143369 -0.0956075 -0.149521
0.0721762 0.0846129 -0.0598336
0.0114606 0.044172 0.18271
-0.00532247 0.049706 0.0669072
-0.0395999 0.0357001 -0.0431405
-0.0986019 -0.0695135 0.0316731
-0.129198 -0.0913893 -0.0204073
-0.0383871 -0.0820323 -0.109795
-0.00506078 0.0113326 0.0332808
0.0116622 -0.00124711 0.0384029
-0.00765362 -0.0286798 0.0171745
-0.033307 -0.0237208 -0.0860594
-0.0672778 -0.0349509 -0.0469462
-0.0116916 -0.0522028 0.0613973
0.0169762 0.021107 0.0868831
0.117104 0.0646365 -0.0825179
0.074088 0.0280058 -0.0403896
0.0307256 0.0577647 -0.0160505
-0.00627907 0.0355389 0.165593
-0.0167373 -0.00783311 -0.0436816
-0.0969253 -0.0693191 0.017436
-0.0218419 0.0245698 0.000641138
0.0286568 0.074923 -0.0560259
0.104286 0.0573756 0.0467005
0.0302438 0.016407 0.223067
0.0331618 0.0414561 0.107368
0.0788258 0.0601092 -0.111072
0.0963932 0.00372575 -0.186381
0.0177887 -0.118607 -0.0508791
-0.0242012 -0.0653698 -0.124735
0.035814 -0.0450152 0.0299496
0.039392 -0.0842363 0.0281023
-0.0176075 0.0036343 -0.0636846
-0.0366145 0.101353 0.0189873
-0.00238369 0.0884161 -0.0606595
-0.0299251 0.0855995 0.112746
-0.0581511 0.0360383 -0.015194
-0.0876095 -0.0301821 0.131324
-0.0776542 -0.0318466 -0.156749
-0.104687 -0.0739623 0.0558363
-0.0710123 -0.130889 0.0111138
-0.059228 -0.055542 0.0902814
0.0536534 -0.0450578 0.0214445
0.095041 0.0614232 -0.10534
0.127246 0.125248 0.0443124
0.0271377 0.0107516 0.074428
-0.00972688 -0.0396351 -0.0143194
0.00385567 -0.0839679 -0.0363833
-0.0176389 -0.118539 0.104794
-0.0600295 -0.0605672 -0.0949938
-0.0460937 0.0195318 -0.0908625
-0.0234712 0.0447297 -0.131858
-0.0456762 0.0461664 0.0257908
-0.0550702 -0.0578462 0.0752723
-0.0258727 -0.0358647 -0.115667
0.042057 0.0642934 0.0406044
0.0317134 -0.0222998 0.283822
-0.00298749 -0.0117567 -0.0634765
0.0352782 0.0484081 -0.0712814
0.068705 0.123711 0.0691206
0.141316 0.139836 -0.106088
0.172907 0.035525 -0.182364
0.0947704 0.0835035 0.160398
-0.0193312 0.0280222 0.279479
-0.086316 -0.0739024 -0.0744953
-0.0931791 -0.0549927 -0.0760129
-0.0765434 0.00829856 -0.0608872
-0.0829356 0.0192361 0.0422784
0.0194975 -0.014301 -0.0788675
0.0337288 -0.00155993 -0.0639781
-0.038577 -0.0534642 0.00958429
-0.0764001 -0.02673 0.0605171
0.0285652 -0.0201759 0.122201
-0.0286987 -0.0673105 -0.0891002
0.0401391 -0.071954 -0.136505
0.0128838 0.0701904 0.0293175
0.0504196 0.152557 0.0476193
0.0766139 0.056817 0.124117
0.0187037 -0.035723 0.0141919
-0.0828008 0.0754898 0.075315
-0.0983782 0.073279 -0.061708
-0.209311 -0.096478 -0.0754444
-0.19666 -0.0711836 -0.148907
-0.0780094 0.0518923 0.0509744
0.0321109 0.0191549 0.0304969
0.0702867 -0.135633 0.196598
0.0679757 -0.158949 -0.00262189
0.0113058 -0.0655833 -0.0747056
0.0370418 -0.0321026 -0.147936
0.00873066 -0.0308172 -0.122093
0.0827445 0.0321699 -0.0100794
0.117068 0.0700002 0.11754
0.0651725 0.0874961 0.0376206
0.0487556 -0.00735024 0.0295212
-0.071494 -0.0750505 0.0178331
-0.0593491 -0.0329812 -0.0191182
-0.0278676 0.0260008 0.0377193
0.0732482 0.00620586 -0.030157
0.0772252 0.0447448 0.059054
0.067268 0.0496097 0.211954
-0.0149496 0.0123697 0.0913089
-0.00877751 -0.0544236 -0.0288815
-0.0421961 0.00995343 -0.136285
0.0448459 0.132406 -0.135266
0.0972296 0.167108 -0.0406918
0.0757286 0.0571535 -0.103591
0.0433268 -0.0406016 -0.0304876
-0.0455442 -0.139506 0.0430084
-0.169112 -0.122168 -0.0437966
-0.12465 -0.146629 0.0124512
-0.0730892 -0.0178219 -0.000466526
-0.0218092 0.0645778 0.0410555
0.0491318 0.11798 0.100967
0.0104344 0.1201 -0.0161505
-0.048368 0.06939 -0.182848
-0.00491713 0.0227962 0.208766
-0.000197996 -0.0225738 0.0206891
-0.0452212 -0.0280844 -0.0284408
-0.0918805 -0.0309785 -0.0278176
-0.0537313 0.03546 0.0793698
-0.0100559 0.0830977 0.0289901
-0.0474043 -0.0179875 0.0733138
0.0125071 0.0999336 0.0066921
0.0571442 0.114732 0.00711857
0.0869991 -0.00713496 -0.0826974
0.0874468 -0.0946041 -0.115551
0.0262943 -0.0521696 -0.0953392
0.0226877 -0.115607 0.0190357
-0.00297597 -0.106715 -0.0559603
0.103339 -0.095351 0.00590165
0.05916 0.00984674 0.0218942
0.0758982 0.140248 0.0486274
0.100497 0.0652224 -0.00869683
0.0478478 0.0211709 0.0978705
0.00819881 0.0340352 -0.0816025
-0.0144851 -0.0105929 0.04889
-0.0737386 -0.0390587 -0.0873746
-0.00852295 -0.100778 0.0458395
-0.016928 -0.0272852 0.136804
0.0356318 0.0502869 0.0656212
0.0444056 0.0101896 0.0244511
0.0422202 0.0440885 -0.142726
0.0212875 0.176692 0.000693246
0.0178761 0.0204702 -0.0163389
-0.0732903 -0.106443 -0.0855477
-0.0251221 -0.0325986 -0.00885729
0.0127865 -0.0672698 0.0172898
-0.0837608 -0.115803 0.109765
-0.0603223 -0.1386 -0.0367928
-0.05891 -0.0413566 0.0348658
-0.0666952 0.0454827 0.0236474
-0.0762423 -0.0223957 -0.0443534
-0.0719087 -0.067946 -0.126369
-0.059934 0.0710139 -0.0513009
0.0522162 0.11467 0.24321
0.0780592 0.0070068 0.0331464
5.89351e-06 0.0291121 0.00470929
0.0118564 0.0966323 -0.123686
0.0324339 0.065671 -0.180521
0.124142 -0.00253133 0.0604524
0.0976415 -0.0359018 0.0661614
0.125126 0.0907105 0.000711253
0.0326166 0.0395421 -0.0613226
-0.142132 0.1111 -0.0408621
-0.063646 0.120495 -0.0380732
-0.0123074 0.0282636 0.0184835
0.0298772 -0.113691 0.122278
0.122167 -0.0486933 0.0425424
0.157889 -0.125255 -0.0199712
0.0384074 -0.0954337 0.0620507
0.11671 -0.111644 0.0784875
-0.00952812 -0.0980011 0.0640604
-0.0836689 0.058315 -0.013871
-0.0474861 0.00505996 -0.0567098
-0.106953 -0.0604181 -0.0956357
-0.0754421 0.0952219 -0.0949454
0.00750848 0.0268712 0.0531456
-0.0188725 0.0137799 -0.112741
0.0127739 0.123136 -0.0748891
0.0599914 0.148395 -0.0146072
-0.111971 0.0869324 0.0433103
-0.0447101 0.0931076 0.204482
-0.134991 0.0625803 -0.123707
-0.122721 0.100745 0.0231569
-0.061459 0.0365708 0.0978562
0.0465774 -0.0329957 -0.045916
0.119133 -0.0998025 0.183432
0.104803 -0.204288 0.0988143
-0.0472508 -0.136748 -0.0486287
-0.0151564 0.00878796 -0.201738
-0.0358533 0.024983 0.0709623
-0.102993 -0.0854228 0.0386629
-0.0626418 -0.112422 -0.0811942
0.0096086 -0.0902904 -0.0636061
-0.0458407 -0.131906 0.0211222
0.0271058 -0.160433 -0.0448218
-0.0304847 -0.143511 -0.0440521
-0.013733 0.00968698 -0.0579524
-0.0959694 -0.00260173 0.062619
0.00260145 0.0609304 -0.000658196
0.153892 0.26722 0.0554516
0.192784 0.228396 -2.1028e-05
0.0722402 0.0457077 0.0222911
0.0327289 0.0525844 -0.0258708
-0.06025 0.010589 0.044638
-0.156549 -0.0740459 -0.00742933
-0.0164534 0.000171635 0.146805
0.0735506 -0.0791077 0.0463125
0.00543349 -0.051951 -0.0278606
-0.00983176 -0.0495273 -0.0794749
0.0524824 -0.128075 0.0182007
0.0816574 -0.149739 -0.0313355
0.0793306 -0.0564374 0.0382754
-0.054631 0.0834537 -0.0237331
-0.0924072 0.135416 -0.0808465
-0.0817002 -0.0209423 -0.0176313
-0.116685 -0.0118984 -0.00929347
-0.0633779 -0.0575212 -0.116123
0.0405179 -0.139719 -0.00346571
-0.0213504 0.0901865 0.0403924
-0.046172 0.13664 0.100945
-0.143154 0.213712 0.127671
-0.139944 0.313779 0.133019
-0.0437563 0.147804 0.00548355
-0.0532292 -0.0973949 -0.138479
-0.0112099 -0.00468988 -0.061176
0.0842953 -0.0365351 -0.331717
0.168411 -0.0439173 0.15783
0.105619 -0.0210853 0.00965006
-0.00957593 -0.0753519 0.142751
-0.152144 -0.0784556 0.0708799
-0.217592 0.0518571 -0.077017
-0.106272 0.128331 -0.119572
0.0889032 0.0823434 0.0138836
0.280714 0.0458219 0.0311725
0.287851 -0.141302 0.0918097
0.298764 -0.271435 0.093928
0.0437346 -0.230926 -0.231188
-0.182997 -0.222752 -0.0123006
-0.128015 -0.15693 -0.081476
-0.00908271 0.0421787 0.118296
0.0574665 0.202212 0.129735
0.228335 0.152269 0.122215
0.144453 0.0695954 0.106531
0.0859923 0.0735072 0.116118
-0.0300725 0.0272992 -0.14481
-0.142835 -0.157337 -0.0292233
-0.18294 -0.0513994 -0.196896
-0.106934 0.0339667 -0.179277
-0.0297757 0.0362104 -0.0225438
0.0176522 -0.143588 -0.0779281
-0.0358864 -0.117637 0.0597971
-0.128654 -0.0838794 0.131794
-0.110105 0.0341095 -0.142401
0.0320623 0.0446288 -0.164476
0.108039 0.0277245 0.0952437
0.0840401 0.0966123 0.0718778
0.0957029 0.125993 0.198978
-0.0310853 -0.118195 -0.093019
-0.167633 -0.0767473 0.246491
-0.0547906 0.0481489 0.12525
0.0374291 -0.0406167 -0.0370698
-0.0307722 -0.0237097 -0.262361
0.177105 0.0869856 0.0175653
0.139777 0.114059 0.10045
0.0697022 0.0895169 0.0461851
0.127009 0.116566 0.0461995
-0.0149196 -0.0580069 -0.32085
-0.0688978 -0.00357546 -0.0902279
0.037987 0.00163797 -0.184161
0.0368862 -0.102491 0.167649
0.0224941 -0.133237 0.0275747
0.0653373 0.0181414 0.0330395
-0.0644096 0.065909 -0.102407
-0.174408 -0.0773933 0.0188676
-0.0773198 0.145241 0.110891
-0.0340412 0.152179 0.0989929
0.120098 -0.142047 0.0504484
0.189045 -0.0173712 -0.0231087
0.191362 0.174229 0.222989
0.117304 0.0694298 -0.0292646
-0.0789707 0.170975 -0.115844
0.0201149 0.0887039 -0.154786
-0.187562 -0.122297 0.0221124
-0.162841 -0.324786 -0.0179454
-0.0698533 -0.262695 0.2123
-0.0354521 -0.196826 -0.158591
-0.0751981 -0.029683 0.0264779
-0.0887767 0.0602785 -0.0799548
0.0171573 0.16683 0.115956
0.115057 0.141525 -0.0233884
-0.0362226 -0.040925 -0.325646
0.0239493 -0.000919511 -0.0762806
0.134638 0.0580594 0.361913
0.0167328 -0.00166291 -0.0820896
-0.0253549 -0.0434541 -0.134391
-0.0578501 0.0995676 -0.25867
0.00317538 0.147376 0.372687
0.00895543 0.022408 -0.0379721
0.00656676 -0.0169812 0.110019
-0.0481669 0.0718578 0.109159
0.0667653 0.0656738 0.47029
0.00811105 0.117933 -0.00709044
0.0273713 0.0463833 0.154101
-0.149892 -0.056506 -0.456359
-0.222729 -0.143629 0.00238106
-0.131333 -0.0656177 -0.266541
0.132368 -0.0593816 -0.428581
0.158592 -0.02133 -0.0826707
0.351249 -0.139613 0.141801
0.267209 -0.0186641 0.216209
-0.094071 -0.152035 0.0165913
-0.391441 -0.12813 0.018408
-0.272435 0.0744939 0.0550068
-0.0237522 0.112056 0.0274326
0.179379 0.165268 0.505906
0.290812 0.17045 -0.307492
0.189654 0.207834 -0.0711364
0.099047 0.0877679 -0.124054
-0.146345 0.119972 0.10056
-0.338693 -0.242071 0.14139
-0.292561 -0.384698 -0.0835821
-0.0760531 -0.217989 0.0534643
0.0758831 -0.0747987 0.26166
0.0822783 -0.0827702 -0.0883841
-0.00149752 0.0714364 -0.0448257
0.0842829 0.0855036 -0.375303
-0.0424807 0.182503 -0.0539878
-0.082828 -0.132336 -0.0165002
-0.289749 -0.116526 -0.169116
-0.167776 0.0166276 -0.00828066
0.0530239 0.0868895 0.0701883
0.255807 0.157764 0.0526303
0.219626 0.292725 0.290362
0.18717 0.251279 0.362046
-0.0441302 0.136908 -0.221816
-0.296283 0.0268636 -0.136861
-0.418284 -0.163701 0.0178781
-0.178499 -0.350232 -0.249391
0.0761873 -0.222657 0.0489057
0.244483 -0.130297 0.557288
0.360948 0.222267 -0.156766
0.244291 0.332703 0.0470135
0.0977865 0.193454 -0.177253
0.0031374 0.49484 -0.126989
-0.0841879 0.400005 0.174008
-0.0627911 0.0259078 -0.105666
-0.0794949 -0.408538 -0.210936
-0.106256 -0.428695 0.352933
-0.0377926 -0.576427 -0.309623
-0.0915606 -0.564991 -0.0131803
-0.165202 -0.422162 0.0822272
-0.119128 0.103371 -0.245609
0.0976399 0.343514 -0.00160757
0.114311 0.207259 0.305964
0.208754 0.436439 -0.244305
0.257233 0.276698 -0.191239
0.202995 0.148635 0.0601585
0.0618775 0.243919 0.483508
-0.0753814 -0.000284465 0.0243889
-0.136673 -0.0291782 0.0289562
-0.186401 0.0180173 0.24148
-0.0493487 -0.191773 0.312171
-0.170164 -0.210142 0.0767469
-0.123889 -0.313632 -0.361353
-0.138756 -0.340088 -0.0875885
-0.254226 -0.115386 -0.0940648
0.00368662 0.0964755 -0.255145
0.22366 0.0922509 -0.11729
0.158629 0.133071 -0.314716
0.324658 0.174688 0.139921
0.359895 0.046988 -0.0218386
0.235514 -0.304763 -0.171996
0.0809526 -0.333839 -0.163135
-0.00616506 0.00449174 0.359055
-0.121247 0.197711 -0.257239
-0.21293 0.163618 0.188742
-0.529412 0.262459 0.0371653
-0.533486 0.275844 0.332871
-0.268481 0.23588 0.234172
0.00822964 0.182355 0.22446
0.0830722 0.138526 0.105714
0.342385 0.0785174 0.201855
0.411262 -0.197589 -0.224719
0.307828 -0.230309 -0.212508
0.00705873 -0.262319 -0.138183
0.00339247 -0.373698 -0.297907
0.0806263 -0.11197 -0.0325592
0.279634 0.0490991 -0.616774
0.0204682 -0.0821419 0.16928
-0.0225762 -0.310901 -0.0183837
-0.237303 -0.272793 0.333571
-0.0765158 -0.0720609 -0.059356
-0.0653039 0.369532 0.161091
0.253466 0.422319 0.0789551
0.314491 0.419853 0.112845
-0.114566 0.399545 -0.326018
-0.327005 0.198749 -0.0795578
-0.431542 -0.0825993 0.247363
-0.390658 -0.293305 0.412533
-0.0497085 -0.184686 0.184644
0.247661 0.111006 0.00745671
0.396257 0.193005 -0.052211
0.412054 -0.100719 -0.0602309
0.100948 0.0827564 -0.335794
0.175256 -0.0992332 0.290621
-0.0806006 -0.313539 -0.0939727
-0.0283704 -0.364044 -0.177847
0.217441 -0.385524 0.0217812
-0.128122 -0.0780549 -0.219414
-0.308496 -0.00839459 -0.286022
-0.19755 0.0703377 -0.296727
-0.344899 -0.0305376 0.246452
-0.382685 -0.283719 0.081042
-0.356999 -0.287348 -0.0268773
-0.105668 0.109095 -0.0420434
0.172907 0.180216 0.233685
-0.0226986 0.272106 0.330541
0.30104 0.575968 0.224432
0.726409 0.545302 0.197282
0.697657 0.138266 -0.205073
0.480524 -0.164438 0.238306
0.396621 -0.360832 0.335828
0.0102044 -0.37397 -0.51491
-0.673159 -0.508729 -0.20535
-0.753343 -0.393266 -0.542669
-0.554282 -0.015253 -0.182215
-0.512607 0.109496 -0.212189
-0.319556 0.515746 -0.11718
0.0203375 0.667131 0.216967
0.40034 0.726728 0.234721
0.583849 0.785083 0.187462
0.543194 0.512852 -0.108387
0.426613 0.0787451 -0.0735409
0.238235 -0.462096 -0.244269
0.0130621 -0.79084 0.166546
-0.259365 -0.953782 0.331152
-0.363575 -0.712531 0.597025
-0.171298 -0.407384 0.427162
-0.202016 0.0820515 -0.162709
-0.110951 0.25699 0.230433
0.0310163 0.353042 -0.629679
0.00931243 0.480943 0.0133936
-0.140637 0.387598 0.0275272
-0.373846 0.0651656 0.061218
-0.171427 0.059544 -0.488398
0.0552549 -0.142956 -0.208659
0.095203 -0.251926 -0.464415
-0.0113093 -0.472025 0.419933
-0.101602 -0.357101 0.02361
-0.0108427 0.110916 -0.08321
0.18575 0.412668 0.233265
0.0133259 0.625072 0.21644
0.212345 0.674794 0.033184
0.192776 0.263756 -0.369412
0.169787 -0.0976051 -0.166855
-0.0541438 -0.170304 0.426857
0.0164244 -0.833704 -0.134013
-0.0472803 -0.739651 0.165376
0.0573947 -0.614187 0.353993
-0.198552 -0.86779 -0.0659009
-0.38701 -0.39361 -0.0323673
-0.082199 0.254013 0.214415
0.0262904 0.0807729 0.153226
-0.145943 -0.1203 -0.639929
-0.144221 0.305034 0.18809
0.107244 0.748685 -0.00840181
0.299029 0.882383 -0.177229
0.603644 0.877318 0.0235652
0.64976 1.02598 -0.0722625
0.775739 0.662815 0.0468979
0.296053 -0.293793 0.0543391
-0.35048 -0.89174 -0.221671
-0.740093 -1.0469 -0.21318
-0.946134 -1.16192 -0.380056
-0.717907 -0.726782 0.239798
-0.330136 -0.508929 -0.118015
-0.22272 -0.0847834 0.490906
-0.103272 0.43372 0.458506
0.0846951 0.659919 0.694713
0.0931387 0.69927 0.0859504
-0.0217388 0.522272 -0.425933
0.150454 0.424015 0.345111
0.442877 0.0676951 -0.152158
0.438488 -0.441929 -0.940583
0.341725 -0.667995 -0.255675
0.122187 -0.274789 0.389536
0.179226 0.175313 -0.741201
-0.0391047 0.24581 0.0538636
-0.285614 0.673517 -0.26625
-0.292404 1.17908 0.0708334
0.0996495 1.04747 0.152914
0.184373 0.409899 0.338813
0.178612 0.140588 0.0234225
0.111573 -0.215062 0.155368
0.0495226 -0.292078 -0.0369763
-0.154721 -0.586188 -0.0631984
-0.12473 -1.24188 0.571423
-0.109956 -1.09002 0.411697
-0.111875 -0.664594 0.131974
0.0906877 -0.350643 0.15648
0.0497279 0.226611 -0.131469
0.0798214 0.366053 -0.222872
0.210995 0.0211973 -0.0462493
0.268238 0.16852 -0.814668
0.00722376 0.271044 -0.110563
-0.443855 0.488772 -0.0917526
-0.395914 0.76539 -0.563667
-0.0293142 0.737178 0.112379
0.146597 0.209393 0.0186897
-0.0380179 -0.250924 -0.0401048
-0.156298 -1.10816 0.468079
-0.55746 -0.999564 0.143646
-0.605973 -0.310251 0.340721
-0.652162 -0.272307 -0.05859
-0.297234 -0.126746 0.250543
0.456177 0.229583 0.0720067
1.05901 0.0877082 0.54192
0.877744 0.0586303 0.389038
0.796819 -0.235819 -0.0991917
0.385222 -0.374843 -0.724186
-0.273436 -0.541362 -0.256067
-0.179316 -0.768281 -0.25019
-0.113824 -0.680753 -0.128701
-0.0428093 -0.212683 0.141038
0.173899 0.491542 -0.253342
0.298855 1.16605 -0.0402746
0.348509 1.19654 -0.0222401
0.349585 0.817274 0.171809
0.221182 0.704781 0.137623
-0.120754 0.301549 -0.197954
-0.622288 0.235076 -0.401362
-0.517634 0.397832 0.32581
-0.657705 0.428167 0.11864
-0.321607 0.143155 0.345992
0.0443309 -0.629093 -0.0551613
0.255835 -0.670778 0.272964
0.0954487 -0.485618 -0.132023
-0.00228019 -0.371653 0.276654
-0.322512 -0.549192 -0.854104
-0.399021 -0.656428 0.136658
-0.193568 -0.395384 0.206628
0.0717934 -0.256513 0.169352
0.327884 -0.0848859 -0.351504
0.435631 0.479275 0.294099
0.261564 1.03564 -0.127109
-0.332247 0.706015 0.18317
-0.495382 0.194591 -0.63287
-0.437648 0.292317 0.281133
0.137285 0.593465 -0.136921
0.124337 0.496831 -0.00126959
0.394469 0.125288 0.320436
0.50657 0.417799 -0.135897
0.440838 0.414669 -0.213735
0.255736 0.253858 -0.534199
-0.131645 -0.0084339 -0.0338168
-0.0119247 -0.152283 0.871918
0.366379 -0.714113 0.020354
0.275809 -1.11993 0.169911
0.211 -1.24863 0.058399
0.0648589 -1.09534 0.0641468
-0.345691 -1.11377 -0.243894
-0.281656 -0.747851 -0.0456723
-0.109584 -0.231806 0.0425071
0.0030381 -0.0795108 -0.395365
-0.57721 0.0544278 0.0849985
-0.876771 0.18437 0.520307
-0.620665 0.247584 0.137764
0.130498 0.544542 -0.324533
0.628878 0.443894 0.289724
0.662819 0.462956 0.00927881
0.278157 0.524197 0.164175
0.0425265 0.307729 -0.156094
-0.513199 0.100589 -0.258022
-0.506617 0.224782 0.115674
0.0835215 0.255318 -0.38654
0.658518 0.729082 -0.174371
0.420898 0.359722 -0.186327
-0.12886 0.185083 0.519849
-0.357112 -0.0773123 0.450636
-0.292125 -0.215665 -0.167489
-0.35964 -0.504188 0.0787278
-0.278123 -0.918513 -0.354909
-0.146621 -0.637764 -0.251552
-0.042366 -0.156179 -0.364745
-0.0151592 0.0811878 -0.791547
-0.13672 0.443371 0.485859
-0.176742 0.754898 0.856946
0.177665 0.259407 0.453561
-0.0352598 -0.25255 0.0916937
0.11749 -0.320077 -0.260971
0.413247 -0.0864962 -0.333791
0.224646 0.614693 0.365744
0.11535 0.765673 0.0122226
0.332887 0.667928 -0.191385
0.178539 0.376196 0.558057
-0.126228 -0.158716 -0.140577
-0.547531 -0.548744 -0.2061
-0.837736 -0.346476 -0.051659
-0.396017 0.0863089 0.505757
0.321512 0.279711 0.14138
0.925949 1.037 0.291191
1.0105 0.984351 -0.0445168
0.637764 0.312422 -0.712181
-0.110719 -0.471367 -0.435523
-0.566505 -1.17665 -0.655336
-0.311605 -1.6884 -0.396037
-0.315325 -1.78127 0.357137
-0.18343 -1.00443 0.336869
0.222643 -0.477615 0.07831
0.0481611 -0.08572 0.0633758
0.200672 0.00073291 -0.368093
0.44225 0.173182 0.0197919
-0.278778 0.573592 0.3305
-0.975671 0.949424 0.447816
-0.844389 0.886124 0.109305
-0.233304 0.758645 -0.0959418
0.226628 0.53599 0.113593
0.727447 -0.113688 0.458527
0.586143 -0.593048 0.0680378
0.228812 -0.439243 -0.225547
0.134564 -0.0444716 -0.00749188
-0.13388 0.0312324 -0.185392
-0.463988 0.359569 -0.38433
-0.371056 0.439507 -0.0410129
-0.420803 0.484844 -0.100581
-0.325099 0.213516 0.116667
-0.216371 -0.0886353 -0.18822
0.00649402 -0.144988 0.0880523
0.294829 -0.360341 -0.127473
0.263121 -0.725579 0.326636
0.424502 -0.53272 0.113923
0.727241 -0.481182 -0.447938
0.0769694 -0.376341 0.123652
-0.0823117 0.219241 0.0419831
0.139907 0.579787 -0.430685
0.115122 0.414702 0.0200545
0.0465422 0.333435 -0.0274504
0.0464446 0.547268 0.00200749
0.291008 0.0235704 0.544501
0.216659 0.0896112 0.139838
-0.0891086 0.324459 0.21475
0.151695 0.281626 0.18561
0.46729 0.465181 -0.141989
0.203695 0.453393 -0.0353205
-0.306839 -0.242846 0.269754
-0.244765 -0.425772 -0.227263
-0.164772 -0.266177 -0.260321
-0.166417 -0.660145 -0.427318
-0.0530624 -0.815187 0.320216
0.181564 -0.520483 0.300136
0.505579 -0.53686 -0.161162
0.458521 -0.235655 -0.012736
0.267448 0.0937711 0.0882044
-0.0787125 0.604416 -0.267223
-0.996687 1.13111 -0.135825
-1.50964 1.00648 -0.396613
-1.6159 0.78419 -0.364651
-0.365787 0.184808 -0.518322
0.115397 -0.805819 -0.377259
0.135609 -0.825741 0.218026
0.225008 -0.603401 0.39672
0.0809725 -0.147859 0.778681
-0.18735 -0.132461 0.383422
0.206583 0.109119 0.260657
0.581587 0.67801 0.699499
0.781698 0.875894 0.437041
0.363349 0.104499 0.213722
0.257705 -0.481218 -0.163018
0.681372 -0.582355 -0.421382
0.542049 -1.01687 -0.119983
0.373354 -0.799563 -0.387625
0.252353 -0.440321 -0.505657
-0.0450321 0.0580102 -0.315409
-0.78435 0.24212 -0.128905
-0.591432 -0.0783816 -0.364574
-0.559769 -0.477932 -0.089817
-0.466978 -0.327804 0.146957
-0.0893997 -0.647873 -0.0308076
0.458203 -0.217535 0.1091
0.804231 0.49811 -0.251692
1.12233 1.06324 0.0497252
1.31878 0.924521 0.51632
1.25596 0.933907 0.304108
0.59994 0.650164 0.48755
-0.448782 0.0817403 0.433391
-1.54602 -0.357767 0.222947
-1.78232 -0.500034 -0.134271
-1.75833 -0.24125 0.0175064
-1.9203 -0.330744 0.0340783
-1.4699 -0.103794 -0.164893
-0.233843 -0.15666 -0.406346
0.390898 -0.314474 -0.686999
0.620585 0.597655 -0.733009
0.585781 0.851369 -0.257525
1.09937 0.295815 0.169481
1.10328 0.163294 0.00329297
0.786867 0.461152 0.376726
0.612516 -0.234567 -0.0657676
0.507961 -0.282112 0.0147639
-0.397346 -0.184135 0.0916263
-0.418072 0.149167 -0.408229
-0.883216 0.576141 0.262222
-1.38812 0.343948 0.538108
-1.51902 0.287484 0.488941
-0.00768003 0.819685 0.181538
0.921701 0.270904 0.51849
1.01603 -0.975849 0.738923
1.0399 -1.3833 0.55343
0.700172 -0.853059 -0.0451193
0.327084 -0.89357 -0.638526
-0.398157 -1.14952 -0.488248
0.0451879 -0.117599 -1.09471
0.502214 0.925066 -0.402105
0.837601 0.874431 -0.569903
1.04747 0.313507 -0.274114
1.13888 0.440131 -0.350253
0.593902 -0.12337 -0.334265
-0.914645 -1.12878 -0.182193
-2.18473 -1.05506 0.524228
-2.15634 -0.417669 0.238863
-1.27045 0.109752 0.669711
-0.872611 0.497445 0.517736
-0.0364126 0.530421 0.451547
0.665204 -0.0668142 0.674865
0.56269 -0.0528256 0.718345
-0.0464194 -0.377595 0.428483
0.0314861 -0.66095 -0.42499
0.307887 -0.407977 0.0161539
0.512285 0.178936 -0.37051
0.40114 0.128106 -0.228531
0.120987 0.289543 -0.416174
0.147352 0.596441 -0.660285
0.452518 0.707516 -0.765099
0.0404968 0.317478 -0.292881
-0.844787 -0.383995 -0.0872409
-1.0835 -0.298688 -0.073507
-1.20827 0.252997 -0.0554763
-0.745467 0.609561 -0.122591
-0.0600765 0.599439 0.251802
1.19293 1.0569 0.473905
1.36906 0.0378785 0.612502
1.152 -1.26681 0.453047
0.266629 -1.25849 0.767636
-0.554149 -0.152015 0.114949
-0.603942 0.323693 -0.115392
0.20604 0.737883 -0.449743
0.879144 1.73074 0.0768876
1.83838 1.50598 -0.0773168
1.67493 0.581837 -0.377669
0.349373 -0.0551581 -0.042456
-0.635508 -0.303167 -0.765746
-1.59127 -0.415854 -0.343025
-1.94164 -0.955578 -0.291161
-1.10091 -0.588328 -0.410577
0.0767416 -0.193133 0.29104
0.764905 -0.0397469 0.582388
0.358727 0.238166 0.047867
-0.0527706 -0.182353 0.377666
-0.45724 -0.488278 -0.0726927
-0.489191 -0.14259 0.604334
-0.0962039 -0.292605 0.389039
0.109994 0.0944002 -0.119409
0.527751 0.484576 0.368781
0.200634 0.033902 0.299051
-0.0874759 -1.02508 -0.357455
0.0913862 -0.839482 -0.209163
0.0751733 -0.686165 -0.416362
-0.35671 0.0900839 -0.745954
-0.724762 0.606635 -0.26877
-0.753977 0.61399 -0.0822769
-0.392908 0.703442 0.00394702
-0.283212 0.35518 0.402509
0.0471494 -0.289398 0.334981
0.220073 -0.807398 0.0995698
0.547606 -0.888891 0.537052
0.277688 -0.744396 -0.00761812
0.01171 -0.428147 -0.421065
0.636759 -0.478038 -0.253571
0.903554 -0.256812 0.0397708
0.736132 0.534057 -0.0775727
1.07551 0.958478 0.0602503
1.73402 1.25485 -0.0988245
1.34256 1.16356 0.390411
0.507229 0.22521 -0.143602
-0.749268 0.0449785 0.440759
-1.29267 -0.296166 -0.00120924
-1.57679 -0.802758 -0.603455
-1.77503 -0.685016 0.197812
-1.28695 0.15032 -0.409056
0.0059946 0.913717 0.0951933
0.211125 0.757933 0.585298
0.085077 1.15129 0.600585
0.462167 1.57383 -0.474466
0.707385 1.17551 -0.00103959
0.684032 0.585784 -0.315335
0.510625 -0.216228 -0.603936
0.0220555 -1.81733 -0.112268
-0.980515 -2.08387 -0.050344
-1.15608 -1.48596 -0.252239
-1.16825 -0.723735 0.381645
-1.1685 0.326917 0.30609
-0.8489 1.26402 0.0687735
-0.442666 0.723093 0.342766
-0.488187 -0.435822 0.390983
-0.556281 -0.765221 -0.0657363
0.168977 -0.173814 -0.650058
0.670953 0.836762 0.0162581
1.34556 2.37583 0.458475
1.93422 3.04736 0.160349
1.86231 2.07208 0.135923
1.96228 0.626239 -0.0733694
1.56407 -0.940912 -0.256718
0.917756 -2.7029 -0.478663
-0.0882567 -3.64348 -0.264012
-1.16343 -3.13144 -0.130996
-1.72784 -2.00619 0.0702556
-1.20171 -0.589029 -0.0618625
-0.596802 -0.0333814 0.038086
0.0794877 0.53022 0.186166
0.271405 0.61302 0.763152
0.746555 -0.171117 0.293645
1.07076 -1.43807 0.141599
0.414209 -0.656998 0.0470628
1.29808 0.305362 -0.221524
0.772447 0.153597 -0.091014
-0.82198 0.0165543 -0.119518
-2.04463 0.526933 0.122404
-2.15583 1.02606 0.0764521
-1.71041 1.01736 -0.0666821
-0.853944 1.20574 -0.60431
-0.134331 1.00368 0.190729
-0.369928 0.723378 -0.551887
-0.332529 -0.115053 -0.519656
-0.00190306 -0.637258 -0.559348
0.24205 -0.399602 -0.0832543
0.868099 -0.225044 -0.648618
1.99098 0.164446 0.363504
1.53557 0.342261 0.371021
1.21881 0.017634 0.63433
-0.293863 0.0294033 0.245076
-1.3078 -0.705662 0.36496
-0.482336 -0.888553 0.261697
-0.147562 -0.142043 -0.336253
-0.630515 0.687649 0.472973
-0.47481 1.59771 0.372616
-0.211733 2.80374 0.262233
-0.570523 2.72086 0.105037
-0.420573 1.73254 -0.217822
0.356238 0.18757 -0.193524
0.430165 -1.304 -0.41297
0.435224 -1.71585 -0.650623
0.356401 -0.925157 -0.445025
0.907302 0.0408641 -0.358141
1.09107 0.588948 -0.336862
1.03691 0.517008 0.0433466
0.85539 -0.0431154 0.271837
0.43723 -0.563964 0.500759
-1.02244 -1.09996 0.480129
-2.42574 -0.924265 0.755287
-2.11474 -0.702644 0.124974
-1.13223 -1.03764 0.687287
-0.070209 -1.47385 0.477592
0.889172 -1.14643 0.421482
1.57743 -0.228591 -0.0784369
1.80677 0.333429 -0.281038
1.25307 0.241867 -0.468888
-0.434325 0.115745 -0.342122
-1.23315 -0.113081 -0.353314
-0.701235 -1.14913 0.0580459
0.437284 -0.333015 -0.35266
0.334465 0.867091 -0.521613
0.779116 0.450702 -0.584606
0.105653 -0.206106 -0.781933
-0.651766 -0.896472 -0.382472
-1.24275 -1.84576 -0.147222
-1.86446 -1.73089 0.569149
-1.45889 -0.559739 0.829461
-0.807088 -0.393628 0.487204
0.0585182 0.24938 0.375232
0.11207 1.13483 0.541073
0.812683 0.985506 0.732863
0.792923 0.79784 0.260741
0.955168 0.579888 -0.0166081
1.0049 0.217714 -0.231721
-0.305382 -0.513154 -0.302573
-1.21343 0.149122 -0.242459
-1.62651 1.11382 -0.108247
-1.62271 2.0429 -0.535059
-1.04267 2.35343 -0.693476
0.452291 1.88096 -0.189457
1.3326 0.842992 -0.868236
1.8234 0.0176794 0.282334
1.97654 0.050497 -0.409894
2.21238 0.67327 -0.00978701
1.69627 0.751959 0.525793
1.05662 1.49079 0.659745
0.653122 1.66383 0.400917
-0.12488 1.5157 1.17171
-1.06386 0.990467 0.479974
-1.55272 -0.462292 -0.261327
-1.45649 -2.51618 -0.276957
-0.985985 -3.12147 -0.196982
-0.756756 -2.73392 -0.352727
-0.392124 -1.71942 -0.08079
0.0761823 -0.217294 0.352498
0.891012 1.81463 0.4192
1.72381 1.77462 -0.639723
1.44258 0.650309 -0.517163
0.494822 -1.10563 -0.506646
-0.146168 -2.01131 -0.674503
-0.890562 -1.53406 0.194414
-0.667423 -0.583944 -0.181156
-0.840455 -0.649312 -0.140417
-1.64621 0.480762 0.791392
-1.13484 0.309247 0.0898281
-1.3204 -1.44677 0.158614
-2.26455 -2.16053 0.953673
-2.33095 -2.29967 0.333249
-0.446237 -2.16792 0.0330904
1.29473 -1.17392 0.192633
2.86273 -0.684196 0.224156
3.94618 -0.0371662 -0.470876
3.67309 0.342571 -0.744342
2.54888 0.25599 -0.680296
0.56619 -0.0958289 -0.302055
-1.83617 0.413461 -0.125911
-2.33931 0.214481 0.0476716
-2.12202 0.0279415 -0.515805
-2.18469 0.143609 -0.0479992
-0.995463 0.496635 0.150749
0.683601 0.938057 -0.0979782
1.27501 2.19659 0.392882
1.60983 3.09869 0.457109
2.11843 2.40642 0.251542
2.74323 1.52901 0.811021
1.46854 1.11659 0.354171
0.095285 0.486073 -0.10931
-0.18882 0.393301 0.161689
-0.260955 0.117955 -0.414308
-0.913519 -0.491396 0.0182946
-1.20791 -0.379466 -0.39873
-1.38276 0.0958956 -0.659547
-2.02686 -0.329108 -0.466805
-1.58144 0.51841 -0.673941
-1.02939 1.18499 -0.619393
-0.00839782 1.44677 -0.609491
0.233002 1.30308 0.126254
-1.12847 0.671467 1.01208
-0.941055 -0.753789 0.59591
-0.105017 -0.74507 0.124814
0.365127 -0.83235 0.68718
0.703183 -0.797816 -0.13059
0.884342 -0.165883 0.36555
-0.0456518 0.521827 0.588025
-0.629285 0.952258 -0.0813409
0.407582 0.600237 0.00540835
0.74265 0.397153 -0.197837
1.33042 -0.0439184 0.0205545
0.685255 -0.568938 0.0652583
-0.465864 -0.664098 -0.370317
-0.0679134 -1.27138 -0.304271
0.660553 -2.47388 -0.278934
0.515548 -3.30781 -0.223455
0.74724 -3.88555 0.169467
0.870338 -3.8626 0.557423
-0.429265 -2.8587 0.659722
-1.00112 -1.22846 -0.259426
-0.294725 0.0569458 -0.122724
0.332394 1.12488 0.643599
0.577729 1.50916 0.102757
0.614354 1.72784 0.423197
0.107782 2.48702 -0.0569993
-0.256439 2.41275 -0.137
0.0452817 0.223982 -0.776243
0.477545 -1.41042 -0.441216
-0.541893 -2.58541 -0.864827
-2.1545 -3.58533 -0.18472
-2.31353 -1.43485 -0.0669992
-2.22887 1.44175 0.524181
-1.36417 3.40532 0.134734
-0.960821 4.57311 0.92745
0.0662202 3.57117 0.718675
0.825244 1.50187 0.18941
1.06259 -0.750525 -0.259734
-0.934701 -2.49126 0.0437457
-1.2752 -2.42689 0.11622
-0.771204 -1.00717 -0.597474
0.666152 -0.240157 -0.366542
1.92303 1.58903 -0.140919
3.64587 2.73952 -0.548388
3.5317 3.36389 -0.462516
1.30755 3.78203 0.156456
0.639611 3.87082 0.205167
0.0731865 3.07244 0.149523
0.165307 1.90869 -0.124856
0.34935 1.24836 0.110845
-0.228104 -0.25449 -0.474487
-1.04155 -1.59087 -0.4563
-2.34475 -0.419711 -0.0360444
-2.91377 0.0377741 0.623517
-3.09493 -4.1096 0.588951
-2.11191 -4.11323 0.573118
1.18502 -3.30162 0.458613
1.58135 -1.57456 0.262204
2.27261 -0.11053 0.171108
3.93776 2.22947 0.178779
3.60087 3.15392 0.329483
1.91361 1.63495 -0.0825691
0.0251639 -1.40497 -0.73201
-0.916283 -4.24451 -1.00224
-2.76717 -5.65219 -0.952172
-3.55907 -5.10555 -0.669017
-3.5908 -3.32391 0.0222171
-3.47529 0.0136047 0.127104
-2.80385 2.96572 0.425763
-1.50028 4.04785 0.923537
-1.49221 2.93435 -0.0652949
-0.701005 -1.57932 0.643663
1.90168 -3.68317 0.292496
4.76183 -4.46593 0.372386
5.58743 -3.18373 0.0811547
6.28505 -0.72995 0.152804
5.54799 1.76414 0.134793
2.40935 2.07608 -0.812609
-0.924045 1.10445 -1.25762
-3.82408 -1.0521 -0.558763
-4.13598 -1.0448 -0.323016
-3.91146 -0.656098 -0.0572739
-4.33904 1.44449 0.369529
-3.60357 3.26876 0.538581
-0.678437 3.82009 0.341042
1.53946 3.81712 -0.279452
2.50657 3.04031 0.250879
3.07336 1.471 0.367433
3.25027 0.428548 -0.266084
3.11522 0.516783 0.056
2.73681 1.06885 -0.0547371
1.57601 0.593462 0.346555
-0.163899 1.20815 0.426388
-1.12703 1.75289 0.192506
-2.53147 1.30871 -0.339647
-2.65404 0.902241 -0.828969
-3.06134 1.25052 -1.14711
-3.60549 1.14515 -0.410922
-3.18897 0.0296234 -0.0760165
-3.2223 -1.1315 0.161106
-2.12453 -1.92057 0.86065
-0.55593 -2.48772 0.75919
1.30523 -3.16475 0.639281
2.10484 -3.77201 0.397331
2.6217 -3.25979 -0.203765
3.94336 -2.2839 -0.31495
4.03224 -0.698355 0.0852937
2.99263 0.779057 0.205247
1.75364 2.38722 0.150042
1.21968 2.64956 0.229162
-0.0683669 1.16184 -0.0583664
-1.08437 -1.15022 -0.750923
-2.8346 -2.48008 -0.1289
-2.55287 -2.81676 -0.506443
-2.88515 -1.90268 -0.307901
-2.59714 -0.758398 -0.619627
-0.188782 0.307236 -0.0691167
2.49017 0.0886049 0.169765
2.99957 -0.587731 1.02098
2.07454 -0.0125571 1.06036
1.33645 0.0189159 0.228882
0.351758 0.387579 0.182548
-0.297305 0.606223 0.744628
0.158607 0.305125 0.0320417
0.126344 -0.502535 -0.903369
-0.206512 -0.335216 -0.618906
-1.39782 -0.624573 -1.03357
-2.43362 -0.820346 -0.673858
-2.26674 0.0949136 -0.577899
-1.9309 1.01353 -0.589154
-1.5554 1.99564 -0.102911
-1.878 2.95166 0.48188
-1.91059 3.05172 0.62125
-1.26132 3.31 0.98232
0.0164453 2.99232 1.15417
2.32898 2.04916 0.855799
4.1762 0.135329 0.303108
4.19891 0.281803 0.378334
2.29976 -0.773767 0.389035
0.997939 -1.9231 -0.364391
0.0287367 -2.59722 -0.533359
-0.871495 -2.13606 -0.451355
-0.121724 -1.35597 -0.347926
0.421303 -0.898515 -1.07859
0.0448916 -0.0581923 -0.718716
-0.865723 0.345914 -0.237967
-0.755533 -0.252379 -0.527861
-0.65595 -0.589298 -0.124059
-0.501526 -0.601716 -0.00781791
-0.0625101 -0.166005 0.107821
0.712064 0.735162 0.129056
1.63993 1.87943 0.365872
1.16066 2.08121 0.557614
0.0974604 1.17788 0.816218
0.502497 1.19664 0.65964
-0.375461 0.752976 0.571681
-1.39249 -0.540894 0.429628
-1.99857 -1.83657 0.030118
-1.82301 -1.50219 -0.281209
-1.37473 -1.29511 -0.319738
-0.696701 -1.17767 -0.537702
-0.327578 -0.242222 -0.274773
-0.125045 0.583532 -0.165297
0.336562 1.07653 -0.226018
-0.2158 0.337964 -0.923294
-1.08576 -0.497841 -0.579913
-0.0321303 -0.631977 0.125398
0.608614 -0.901134 0.224996
0.817331 -1.32876 -0.148898
0.738387 -0.63623 0.243963
0.43411 -0.573907 0.435611
0.0206562 -0.614384 0.453433
0.212759 0.0128493 0.405511
0.378907 0.392061 0.191568
0.344196 0.345953 0.366546
1.04377 -0.0131605 -0.176781
0.893732 0.243129 0.196702
0.142542 1.23229 0.259187
0.801437 1.17498 -0.315762
1.14949 1.48286 0.0126237
1.87601 1.43454 -0.49541
1.11423 1.23919 -0.491782
-0.663281 0.560659 -0.151341
-1.34712 -0.420858 -0.0593353
-1.67008 -1.74936 0.217662
-1.80796 -1.88966 0.158295
-1.04228 -1.42145 0.281112
-0.120841 -0.54702 0.0457266
0.32051 0.0482131 -0.130718
0.724948 0.0487398 -0.178194
0.585144 -0.0346669 -0.0561877
0.648013 -0.300569 0.239102
0.607685 -0.207022 -0.244696
-0.454329 -0.159615 -0.047373
-1.02651 0.209006 -0.132846
-0.807099 0.782131 0.0463277
-1.1392 1.20371 0.257791
-1.53967 0.998647 0.0294254
-1.91607 0.694496 -0.0683393
-0.999125 0.697343 0.204603
-0.858106 0.466992 -0.127008
-0.585034 -0.0581851 0.224959
-0.048593 0.405376 -0.149909
1.02588 0.28724 0.215756
1.8331 0.242175 0.170488
2.14196 0.140893 -0.0236114
2.49685 -0.613882 0.0828339
2.24688 -0.428945 -0.371452
1.09271 -0.831153 -0.579961
-0.148513 -1.95449 -0.591881
-1.16089 -1.72835 -0.241933
-1.96239 -1.4103 -0.102244
-1.68402 -1.22854 0.0947382
-1.27215 -0.668401 0.270171
-0.193388 0.223756 0.477842
0.210695 0.775341 0.314528
0.551616 1.22361 0.563385
1.08132 0.902849 0.224681
1.1907 0.556595 0.274747
1.61576 0.0184158 0.110101
1.42812 0.607419 -0.0174244
1.02127 0.849092 -0.128503
0.578179 0.964986 -0.164199
0.537367 0.814627 -0.619146
0.885356 0.431557 -0.618236
0.102881 0.239843 -0.422852
-0.513312 0.0918048 -0.515528
-0.989295 -0.355908 -0.593308
-2.60553 -1.13487 0.288657
-2.8384 -1.20304 0.483309
-2.38925 -1.54774 0.567892
-1.1826 -1.73105 0.695859
0.410985 -1.35002 0.319434
0.604819 -0.572363 0.550762
0.411835 -0.376478 0.644455
0.32691 -0.446475 -0.0321317
0.130637 -0.397232 -0.27423
-0.0394135 -0.0376227 -0.336598
0.185378 0.601865 -0.715881
0.398029 1.32041 -0.685528
-0.451222 2.07693 -0.439904
-0.602698 1.28321 0.0768716
-0.130719 0.736731 -0.610091
0.478022 0.49453 -0.338801
0.797812 -0.523015 -0.260352
0.388981 -0.669734 0.0168082
-0.708547 -0.303031 0.000985275
-1.21609 -0.150839 0.558964
-0.912314 0.325635 0.555229
0.257145 0.0732014 0.68678
2.04093 0.152761 0.374518
2.41417 -0.395147 0.58152
1.60264 -0.598591 0.693453
1.96506 -0.717853 0.311532
1.35106 -0.416583 -0.218207
0.401236 -0.412225 -0.0557562
0.880138 -0.399025 -0.638188
1.10452 -0.555098 -1.0243
0.0646412 -0.360607 -0.587719
-1.17551 -0.315561 -0.186723
-1.59343 0.176591 -0.256611
-1.97287 1.02024 -0.471235
-2.33217 1.35446 -0.137271
-1.93261 1.36675 0.535153
-1.0121 1.56795 0.375666
-0.644354 1.39677 0.392815
-0.154039 1.04249 0.359402
0.373911 0.524769 0.315217
0.447675 0.105783 0.546251
0.547371 -0.691945 0.361025
0.494354 -0.970539 -0.279273
0.554969 -0.771238 -0.360774
0.777046 -0.586142 -0.26076
0.101835 -0.640381 -0.151857
-1.21785 -0.64675 -0.0868129
-1.27419 -0.653517 -0.345302
-1.47864 -1.12349 -0.669531
-1.61826 -1.65612 -0.274466
-1.69156 -1.65701 -0.128976
-0.873729 -0.511012 0.382733
0.402258 0.266062 -0.178322
1.3756 0.82836 0.028771
1.65009 0.790411 0.421855
2.46925 0.531787 0.453503
2.39721 0.27122 0.239921
1.62346 0.528725 0.36089
0.584249 0.0592998 0.364497
0.454757 0.418144 0.0788783
0.861208 1.09434 0.331605
0.821274 0.856827 0.115101
0.19144 0.419621 -0.418955
-0.311856 0.0812262 -0.233997
-0.557155 0.0737801 -0.0873984
-0.544999 0.0522642 -0.262401
-0.306149 -0.519831 0.0210077
0.130686 -0.470276 0.0443351
0.367219 -0.817306 -0.0798886
-0.0414216 -1.21739 -0.0988506
-0.377866 -0.970577 -0.311355
-0.718902 -1.13734 -0.205473
-1.07163 -0.793749 0.0780115
-1.31764 -0.131962 0.0606341
-1.04782 0.232854 0.31812
-0.729831 1.13319 -0.0857772
-0.882607 1.93472 -0.0639543
-1.00212 1.79407 -0.288341
-0.934926 1.6474 -0.436791
-1.07278 1.52687 -0.40277
-1.65535 0.75117 -0.0624868
-1.16331 -0.28426 0.311549
-0.357778 -0.672775 0.165324
0.248874 -0.449621 0.413224
0.698302 -0.673185 0.451614
1.04145 -0.405454 0.535663
1.07744 -0.118499 0.199534
0.822409 -0.0167702 0.125148
0.5121 0.40328 0.108365
0.606542 0.534161 0.00996723
0.902477 0.282271 -0.0197458
1.45495 0.0639293 -0.175934
1.583 -0.616678 0.180372
1.44374 -1.39333 -0.134143
1.37645 -1.34491 -0.428065
0.630059 -1.29732 -0.560531
0.109954 -0.741712 -0.438672
0.214214 0.161143 -0.261552
0.458852 1.37877 -0.233351
0.512816 2.5195 0.0247794
0.482489 1.95561 0.458691
-0.0881851 1.09043 0.476402
-0.85553 0.622334 0.596177
-0.597316 -0.364983 0.518138
-0.277723 -1.18356 0.66415
-0.380605 -0.798642 0.110171
-0.528534 -0.098268 -0.332409
-0.885259 0.3476 -0.234589
-1.84922 0.0805281 -0.423931
-2.15121 -0.884018 -0.514213
-1.99514 -0.995234 -0.0880178
-1.25459 -0.53391 0.0765632
-0.897745 -0.516878 -0.409944
-0.376108 -0.483245 -0.0655463
0.478194 -0.192813 0.014204
0.72262 -0.386445 0.189481
0.196257 -0.652628 -0.220939
-0.291205 -0.783964 -0.179038
0.0202389 -0.497833 -0.0763353
-0.149 0.0858388 0.0165686
-0.460184 0.882921 0.0754474
0.39812 0.938894 0.222467
1.21702 0.436302 0.217069
1.77829 0.833197 0.250996
1.74619 0.660939 0.0527979
2.30604 -0.258771 -0.0788542
1.32737 0.0258116 -0.216931
-0.104511 0.708375 -0.130545
-0.369843 0.914325 0.00172473
-0.0544128 0.449757 0.0397183
0.556469 0.446129 0.0503806
0.939868 0.278463 0.129032
1.49453 0.0960478 0.180985
1.59922 -0.029519 0.119363
0.796702 -0.281059 0.148116
-0.249267 -0.191114 -0.102162
-1.12186 0.0190592 -0.104807
-1.55694 0.255266 -0.244816
-1.59395 0.509463 -0.272745
-1.3369 0.327421 -0.147448
-0.968978 0.146392 0.222928
-0.350234 0.392352 0.217776
-0.454834 -0.215397 0.114326
-0.810612 -0.940886 -0.0439378
-0.801393 -1.20681 -0.0660527
-0.855547 -0.664291 -0.0850986
-0.76497 -0.458022 -0.535344
0.0460972 0.174114 -0.165305
0.52627 0.363838 0.205213
0.153114 0.967792 0.21369
-0.22235 1.07303 0.09162
-0.285441 0.408112 0.0255159
-0.569159 -0.0760821 0.157036
-0.251161 -0.657075 0.00933926
-0.220684 -0.173339 0.279481
-0.216928 -0.300734 -0.068072
-0.000971263 -0.902644 -0.272208
0.412553 -1.13609 -0.0984274
0.706329 -0.904297 0.183524
1.05337 -0.666716 0.200969
1.1871 -0.300515 0.202761
0.945647 -0.215727 0.192421
1.01074 -0.251799 0.189477
1.16312 -0.175695 -0.10157
0.942974 -0.189437 -0.337832
0.699586 -0.183812 -0.238743
0.272578 0.3102 0.0680639
0.183868 1.09174 0.119611
0.126824 1.254 0.0552409
-0.357496 0.917514 -0.20026
-0.335984 0.150246 0.169037
-0.27796 -0.14417 0.0219354
-0.522197 -0.32478 0.108785
-1.0154 0.0371287 -0.0534409
-0.804199 0.419098 -0.349552
-0.930228 0.706606 -0.0598319
-0.474814 0.750362 -0.150462
0.256858 0.482984 0.104272
0.187708 0.133598 -0.0292783
-0.142054 -0.440153 0.106162
-0.201897 -0.934641 0.0230627
-0.51446 -1.33195 -0.328093
-0.923962 -1.20721 -0.379163
-1.25722 -0.539933 -0.252654
-1.24628 0.0999969 -0.140153
-1.23589 0.438131 0.313441
-1.0694 0.41223 0.151542
-0.684774 0.336192 0.414284
0.12978 -0.233495 0.441109
1.02427 -0.512895 0.117225
1.22571 0.267405 0.108557
0.939605 0.679927 0.227322
0.695222 0.356733 0.12979
0.917415 0.57786 -0.153027
1.23201 0.612745 -0.0836757
1.65094 0.133752 -0.344326
2.04099 -0.0165451 -0.483107
1.39426 -0.230177 -0.167778
0.196408 -0.392098 0.171595
-0.851003 -0.0367996 0.0272157
-0.909872 -0.357144 -0.109298
-0.336423 -0.250523 -0.258298
-0.0758517 -0.376713 -0.235618
-0.193544 -0.441912 -0.0821593
-0.776543 -0.609254 0.191269
-0.494205 -0.344157 0.453642
-0.296148 0.139988 0.250853
-0.0608681 0.4157 0.311654
0.792757 0.143187 0.0386537
0.915026 -0.116912 -0.178556
-0.238789 -0.259605 -0.0908175
-0.843066 -0.764347 0.129841
-1.05467 -0.982207 0.0970445
-1.27742 -0.1969 -0.277424
-1.11712 0.741737 -0.00974805
-0.64875 0.951326 0.0514227
-0.34981 0.660245 -0.116826
-0.444643 0.916717 -0.152541
-0.383446 0.797643 -0.0545002
-0.148946 0.0698813 -0.0374278
-0.23226 -0.348827 0.0294619
-0.271927 -0.732882 0.161308
0.162395 -0.927054 0.181307
0.64087 -1.01165 0.158214
0.779807 -0.863374 0.0340528
1.1556 -0.578281 -0.0770044
1.17486 -0.211085 -0.0851671
0.898182 0.393388 0.136098
0.603526 0.188366 0.25539
0.423364 0.237176 -0.101081
0.490449 0.598116 -0.23638
0.155778 0.431937 -0.315427
-0.188253 0.371563 -0.0854974
-0.426583 0.286331 0.038584
-0.0310467 -0.168899 -0.198062
0.229259 -0.23454 0.0937579
0.419344 0.0672719 0.0892257
0.895841 -0.119132 -0.115179
0.691227 0.251766 -0.0628437
-0.00771268 0.423822 0.0921506
-0.302724 0.534054 -0.0382837
-0.430468 0.451742 -0.101075
-0.415917 0.157043 0.02458
-0.385005 -0.0635999 0.0515332
-0.202137 -0.411163 -0.198346
-0.398705 -0.770938 -0.248834
-0.529646 -0.737381 0.0296264
-0.846425 -0.478137 0.228099
-1.02033 -0.470863 -0.177202
-1.0145 -0.151923 0.0897536
-0.592212 0.200885 0.308555
-0.630736 0.117975 0.382852
-0.199447 0.398962 0.166736
0.4045 0.749085 0.0741176
0.826051 0.552083 -0.15057
0.353411 0.434392 -0.0402745
-0.247523 0.25426 -0.01744
-0.446504 -0.337272 -0.228959
-0.065945 -0.400038 -0.066881
0.247369 -0.260393 0.0404028
0.905888 -0.652875 0.00258222
1.37624 -0.667136 -0.299118
1.39951 -0.117195 -0.23716
0.726655 -0.131008 -0.189799
0.161383 -0.508941 -0.240906
0.0889984 0.0234702 -0.112025
-0.0982885 0.544713 0.191774
0.0268003 0.314202 0.172633
0.290203 0.296385 0.309352
1.00789 0.286671 0.204059
1.52918 0.4144 0.265098
1.1116 0.349583 0.316383
0.305201 0.335301 0.125114
-0.553583 0.270605 0.144952
-1.0174 0.138346 -0.18552
-1.46207 -0.340127 -0.0825012
-1.31667 -1.07645 -0.311848
-0.688275 -0.911505 -0.102227
-0.567111 -0.381016 0.0944682
-0.811709 0.392576 0.122811
-0.975466 1.02871 0.0751211
-0.802416 1.01808 -0.135434
-0.476921 0.878443 -0.0200423
-0.465087 0.360807 -0.122894
-0.0897956 -0.209868 -0.330539
0.053169 -0.794575 -0.167744
-0.101857 -0.763074 -0.206051
-0.396589 -0.193161 0.0101465
-0.300151 0.0320873 -0.00695579
-0.0391188 0.777265 0.230647
0.0950936 1.5512 0.360186
0.356194 1.29356 -0.0482226
0.447388 0.295501 -0.00585862
0.29361 -0.244663 -0.0135813
0.25377 -0.80357 0.0375606
0.378907 -1.14672 0.224592
0.970486 -0.965579 -0.0138619
1.44405 -0.470266 0.165945
0.980885 -0.283232 0.398835
0.597404 -0.487724 0.176537
0.441299 -0.646668 -0.0376149
0.582048 -0.764183 -0.274148
0.834907 -0.965944 0.0886258
0.86498 -0.16508 0.13464
0.458233 1.00838 0.0288861
-0.0539662 1.3078 -0.141672
-0.407258 1.62541 -0.309899
-0.814289 1.08361 -0.244738
-1.16433 0.528063 -0.257613
-1.60886 -0.400571 0.00216703
-1.74089 -0.594425 0.1513
-1.13904 -0.201571 0.159543
-0.139024 -0.0438709 0.0190908
0.427736 -0.428392 -0.0605326
0.508912 -0.931689 -0.118074
0.0403494 -1.0769 -0.0413538
-0.602552 -1.2544 0.0640496
-1.12435 -0.719108 0.223004
-1.03931 0.138513 0.302048
-0.852451 1.30283 0.233414
-0.597257 1.25607 0.101417
0.123667 1.18576 -0.271475
0.313097 0.97822 -0.209812
0.234672 0.559533 -0.169128
0.593774 0.216756 -0.204996
0.389311 0.15743 -0.217941
0.210273 0.186202 -0.0691069
0.416572 0.118675 0.0874043
0.515567 0.121063 -0.0842319
0.568776 -0.0758442 0.199355
0.765696 -0.107856 0.401928
1.39104 -0.0130063 0.208694
1.62694 0.00756268 0.131512
1.25042 0.25598 0.0674193
0.413259 0.00447211 -0.0804436
-0.0576688 -0.0303329 -0.177797
-0.418832 0.241912 -0.164091
-0.617177 0.0673648 -0.129059
-0.583901 -0.624452 -0.0430864
-0.461144 -0.766102 0.0110648
-0.306677 -0.121424 -0.076129
-0.405154 0.080549 -0.0256763
-0.557803 0.483217 0.057051
-0.686592 0.603641 0.0553684
-0.23341 0.312376 0.000846157
-0.108057 0.281704 0.194032
0.139179 -0.257712 0.132355
0.624869 -0.400458 0.0750233
0.58827 -0.126864 0.132537
0.220301 0.190423 0.0809631
-0.581278 -0.196305 -0.108435
-1.35538 -0.478875 -0.382771
-1.32301 -0.501206 -0.382871
-0.968589 -0.777575 -0.0602874
-0.53464 -0.913283 -0.0078564
0.0915934 -0.462215 0.198296
0.597901 -0.357972 0.109097
0.701195 -0.400474 0.0616979
0.768139 -0.318276 0.0814831
0.564062 -0.423483 0.182124
0.366371 -0.304235 0.144032
-0.242758 -0.00594958 0.0831079
-0.403585 0.371123 -0.00541356
0.0827684 0.765542 -0.143885
0.444355 0.823327 -0.238624
0.509349 0.927938 -0.0687645
0.626613 0.61272 0.0448747
0.415259 0.399429 -0.128206
-0.475112 0.258339 -0.177099
-1.05616 -0.169897 -0.240336
-0.487887 -0.377467 -0.124829
-0.0142903 -0.176271 0.140723
0.672146 -0.104853 0.232505
1.31038 0.0630394 0.205198
1.70545 -0.0552768 0.350774
1.72442 -0.134419 0.412737
0.673589 -0.0791715 0.0821907
-0.21272 -0.111759 -0.105454
-0.281047 -0.0112404 -0.371697
-0.771579 0.546005 -0.2201
-0.567448 0.804893 -0.0381644
-0.531264 0.764089 -0.0620121
-0.145945 0.650096 -0.130673
-0.248403 0.409132 -0.229058
-0.548463 0.00408761 -0.188814
-0.646948 -0.466706 -0.181869
-0.340701 -0.549032 0.0996173
-0.419763 -0.489751 0.0566182
-0.581632 -0.377962 0.0821249
-0.597014 -0.0241323 0.0162233
-0.728383 0.385367 0.228962
-0.625567 0.691542 0.128143
-0.214409 0.597127 0.0747786
0.0491577 0.510828 0.0635917
-0.108661 -0.189392 0.0375079
-0.164267 -0.870327 0.0259522
-0.0402468 -0.893941 -0.152079
-0.210818 -1.25957 -0.225856
-0.244919 -1.16644 -0.285957
-0.0899977 -0.564603 -0.159577
0.37351 -0.166999 0.170483
0.666994 0.29489 0.206545
0.700968 0.668365 0.25206
1.02657 0.470827 0.182911
1.06189 0.409057 0.185425
0.980917 0.0401954 -0.0624311
1.0103 -0.456327 -0.140873
1.00643 -0.540956 -0.0308318
0.919862 -0.588534 0.162409
0.919024 -0.311873 -0.0935916
0.71811 -0.0830032 -0.195424
0.327655 -0.17341 0.119946
-0.213583 -0.230177 0.212506
-0.789678 -0.0446341 0.294588
-1.04012 0.198448 0.0132374
-1.14167 0.165391 -0.114375
-1.11827 0.34543 -0.06062
-1.1266 -0.160562 -0.0132265
-0.964781 -0.352383 -0.281555
-0.59944 -0.229633 -0.455783
-0.258277 -0.203996 -0.208927
0.139583 0.163929 0.0316571
0.0587191 0.341966 0.0886843
-0.236134 0.696046 0.0355015
-0.488616 0.654992 -0.0406836
-0.539138 0.328496 -0.17806
-0.734645 0.242749 -0.159789
-0.696174 0.235334 0.0381007
-0.418204 0.144582 0.104627
-0.248561 0.453312 0.0396318
-0.16631 0.500428 0.0277394
0.0842634 0.389298 0.197827
0.174158 0.219966 0.0752763
0.49875 -0.247484 0.159096
0.823167 -0.649485 0.0918316
0.922024 -0.522657 0.130009
0.969923 0.13696 0.143372
0.821204 0.342238 0.0594363
0.709961 0.388804 0.0459106
0.789903 0.210437 -0.123647
0.885207 0.177963 -0.14264
0.800532 0.176678 -0.108243
0.534273 -0.0191897 -0.0143068
0.373551 -0.342232 -0.0420327
0.0157388 -0.404929 0.0288146
-0.210205 -0.158185 0.104747
-0.373657 -0.372578 -0.153812
-0.588905 -0.642937 0.0379296
-0.748993 -0.676858 0.0874661
-0.780503 -0.682112 0.149419
-0.747266 -0.803257 0.15198
-0.450435 -0.91994 0.00479981
-0.341181 -0.811655 -0.0461404
-0.179365 -0.491062 -0.0503614
-0.0586269 -0.17043 -0.0458706
-0.0141223 0.0328676 -0.167739
-0.204695 0.03121 -0.284034
-0.472406 0.154405 -0.182788
-0.343704 0.167544 -0.0223755
-0.28123 0.332175 0.0549031
-0.19797 0.464504 -0.0574338
0.0390575 0.526197 -0.0173359
0.321733 0.264368 0.112187
-0.0119937 -0.0161166 0.0580699
-0.273194 -0.154653 -0.0313684
-0.521975 -0.165012 0.0398165
-0.391281 0.0535957 0.117831
-0.101008 0.524713 0.0478642
0.247658 0.949588 0.10241
0.739456 0.844225 0.125535
1.0686 0.271829 0.115174
1.05446 -0.268178 -0.0236801
0.904139 -0.692221 0.0872602
0.810567 -0.792024 -0.179691
0.446783 -0.326447 -0.210811
0.162208 0.321392 -0.325365
-0.247942 0.694057 -0.227457
-0.526511 1.24554 -0.25835
-0.481125 1.53043 0.0881826
-0.681369 1.3026 0.169303
-0.74439 0.947553 0.156647
-0.265112 0.641829 0.114816
-0.0891253 0.216746 0.101158
-0.109072 -0.285149 0.0224191
0.0512612 -0.431801 0.00652893
0.223995 -0.348936 0.126265
0.192911 -0.832542 0.299439
0.260572 -0.966394 0.205936
0.352961 -0.575887 0.084226
0.298513 -0.311314 0.026655
0.21216 -0.394977 0.0808625
-0.228495 -0.320518 -0.0621378
-0.611131 -0.559949 -0.10526
-0.384415 -0.667462 -0.250755
-0.690031 -0.896062 -0.317058
-0.95656 -0.981267 -0.118427
-0.664227 -0.767135 -0.0389013
-0.358771 -0.40878 -0.102173
-0.109886 -0.373919 0.0307382
-0.168871 -0.251273 0.277131
-0.237687 0.0193142 0.131885
0.0720801 0.309309 0.0217142
0.472206 0.407822 0.0113976
0.649974 0.41447 0.0556497
1.04049 0.494051 0.1036
1.01358 0.472272 0.115064
0.639273 0.249846 0.00253763
0.347764 0.0296998 0.0370119
0.230091 0.0436515 0.0255913
0.0503101 0.0181967 0.0421649
0.0711407 0.138356 0.0383822
0.180209 0.310394 -0.175823
0.0413186 0.581556 -0.100518
0.00825988 0.365597 -0.105891
-0.187455 0.115633 -0.0805355
-0.194981 -0.109505 -0.422729
-0.157726 -0.192185 0.152559
-0.0220912 0.0474977 0.322661
-0.0613497 0.452203 -0.0144829
0.444233 0.79135 -0.176641
0.962377 0.596944 -0.292309
0.684883 0.11874 -0.0357959
0.0534365 -0.0937633 -0.0966665
-0.621655 0.0943428 0.040585
-0.691505 0.449217 -0.0258657
-0.634629 0.809756 -0.202195
-0.675976 0.954643 -0.0220468
-0.537786 0.958497 0.230014
-0.386818 0.598378 0.168498
-0.75114 0.198352 0.202792
-1.15685 -0.19042 0.211716
-1.12944 -0.440609 0.352259
-0.732832 -0.463319 0.196011
-0.318671 -0.895533 -0.0632268
0.269131 -0.910907 -0.145501
0.738183 -0.84263 0.100806
1.31948 -0.509195 -0.0532684
1.53391 0.0713235 -0.0951959
1.44348 0.226288 -0.0286317
1.04298 0.0133749 -0.380137
0.574032 -0.437514 -0.488916
0.128097 -0.756555 -0.17256
-0.24709 -0.596905 -0.164353
-0.446282 -0.383626 -0.107336
-0.158326 -0.0564922 0.0864457
0.0504251 -0.132879 0.287728
-0.0607378 -0.4605 0.233266
-0.126085 -0.747458 0.381884
0.0102298 -0.797112 0.487618
0.381169 -0.0966856 0.222963
0.416195 0.608954 0.17528
0.280237 0.843653 0.236489
0.406906 0.798787 -0.101383
0.222843 0.425758 -0.0702474
0.192471 0.267968 -0.155295
0.0987582 0.0100905 -0.484046
-0.148803 -0.0541619 -0.405996
-0.498887 -0.193506 -0.424113
-1.13163 -0.372903 -0.342326
-1.36783 -0.345811 -0.187848
-1.26587 0.0422226 -0.101374
-1.01339 0.575113 0.0468007
-0.561283 0.743532 0.266802
-0.203621 0.848596 0.497446
-0.0989895 0.820639 0.436571
-0.110732 0.335185 0.30795
0.0235509 -0.00866494 0.269458
0.320167 -0.235711 0.301786
0.538086 -0.440526 0.126866
0.450568 -0.399038 -0.0900939
0.351379 -0.177026 -0.0506684
0.481185 0.376135 -0.239045
0.467466 0.749647 -0.349591
0.061614 0.969824 -0.269161
0.242256 0.84621 -0.334832
0.412535 0.356199 -0.347974
0.193045 0.126787 -0.184631
0.0784504 -0.0756839 -0.0334316
0.231075 0.0133681 -0.0110757
0.312662 0.215914 0.17324
0.147354 0.112852 0.139169
-0.0104886 -0.116819 0.32404
-0.00407316 -0.377911 0.257725
0.227469 -0.738193 0.363208
0.27873 -0.893534 0.324117
-0.0708578 -0.65403 0.110938
-0.302377 -0.481958 0.037126
-0.187481 -0.394719 0.118529
-0.280051 -0.299553 -0.141752
-0.213791 -0.487097 -0.168251
-0.132445 -0.630202 -0.248541
-0.397045 -0.623101 -0.427769
-0.846582 -0.425535 -0.367608
-0.950317 -0.250917 -0.27725
-0.645667 0.228847 -0.00697544
-0.167548 0.399292 -0.120055
0.13386 0.266702 0.0745905
0.39968 0.333316 0.205077
0.278943 0.209408 0.12565
-0.217755 -0.0465939 0.218875
-0.354079 -0.0781686 0.353886
-0.286291 0.175754 0.341211
-0.218493 0.229972 0.121326
0.136033 0.300056 0.142251
0.609758 0.123975 0.114601
0.85521 -0.0866282 -0.086852
0.886848 -0.280348 -0.0798204
0.548758 -0.335296 -0.344865
0.303116 -0.340237 -0.22316
0.021495 -0.172906 -0.206716
-0.127603 -0.119117 -0.24164
-0.0514016 -0.177039 -0.0791997
0.278695 -0.229528 0.0214572
0.320055 0.00136586 -0.0368245
0.220902 0.226549 0.0638994
0.088741 0.422149 0.0577704
-0.164538 0.748268 0.0962475
-0.398849 0.811705 0.00423346
-0.412911 0.695572 0.00877368
-0.379626 0.545527 0.190099
-0.142033 0.389179 0.225226
0.0707443 0.266375 -0.0144538
0.175703 0.106768 0.0927985
0.224041 0.237839 0.048722
-0.194041 0.117913 -0.0900863
-0.334031 0.0836669 -0.197501
-0.369357 0.0362821 -0.195878
-0.400549 -0.228743 -0.285212
-0.207323 -0.18639 -0.17134
-0.0342036 -0.181811 -0.163657
-0.149679 -0.189119 -0.0427157
-0.337026 -0.137956 0.17803
-0.205486 -0.292805 0.172894
-0.170004 -0.627114 0.207576
0.0657149 -0.986316 0.220167
0.31109 -1.08818 0.0936776
0.442596 -1.05758 -0.0664064
0.124685 -0.823832 0.0386113
-0.022886 -0.393074 0.0690422
0.147524 -0.0661737 0.0298362
0.408227 0.304648 0.15878
0.651753 0.510785 0.0329095
0.868396 0.49297 -0.0103799
0.782 0.282266 -0.0373257
0.246512 0.232629 -0.235769
-0.0667676 0.103031 -0.100405
-0.133313 -0.129249 -0.226901
-0.185598 -0.0179377 -0.301189
-0.303029 0.0021982 -0.169994
-0.179269 -0.251473 -0.19798
-0.416167 -0.269228 -0.172916
-0.445188 -0.303998 -0.0122943
-0.195705 -0.239727 0.226245
-0.0198346 0.0263367 0.257681
0.243338 0.368138 0.163655
0.397528 0.512449 0.332434
0.331536 0.237141 0.167568
0.141614 -0.0941748 0.0452408
0.108636 -0.199396 0.0590106
-0.0269937 -0.247959 0.0440998
-0.118643 -0.23198 -0.0392865
-0.264092 0.108141 0.112954
-0.527723 0.371423 0.0628119
-0.664717 0.613986 -0.0560559
-0.596008 0.718978 -0.201544
-0.42846 0.859999 -0.212961
-0.219262 0.822318 -0.125734
0.099206 0.560001 -0.21147
0.474926 0.3429 -0.190357
0.418071 0.27019 -0.0934256
0.154926 -0.0121561 0.00435825
0.206807 -0.190978 -0.00383297
0.159164 -0.0799922 0.0599672
0.137982 -0.45321 -0.00440201
0.25819 -0.72224 0.119454
0.193587 -0.745619 0.0646429
0.0851413 -0.802646 0.10679
-0.101472 -0.751969 0.10784
-0.407247 -0.554339 0.149776
-0.371024 -0.349605 0.1975
-0.227527 -0.202127 0.196655
0.142292 0.0322994 0.107602
0.408393 0.219055 0.00132116
0.408412 0.247643 -0.135714
0.456609 0.196724 -0.200714
0.12219 0.137767 -0.142673
-0.0596165 0.17556 -0.219765
-0.00188597 0.312627 -0.170397
0.178799 0.362099 -0.0970927
0.254464 0.366421 0.0181694
0.183489 0.424647 0.0513564
-0.0371813 0.0900467 0.0729784
-0.204178 -0.258156 0.172081
-0.278302 -0.453988 0.187737
-0.106138 -0.475371 0.0398664
0.0458162 -0.213737 0.0464796
0.151662 -0.224461 -0.00791619
-0.127942 -0.256876 0.114182
-0.489812 -0.0099371 0.13045
-0.528561 -0.0693297 0.00735649
-0.506336 -0.231234 0.110974
-0.511131 -0.33695 0.0179513
-0.168942 -0.295424 -0.0838939
0.0582105 -0.204917 -0.171047
0.0451872 -0.0547402 -0.22381
0.0767936 0.18733 -0.175509
0.0586138 0.538078 -0.231029
-0.053508 0.913614 -0.275769
-0.0473668 1.01003 -0.0910263
-0.0343912 0.820434 -0.0337803
0.090334 0.477595 0.109736
0.230292 0.084544 0.138085
0.12902 -0.263159 0.158935
-0.073375 -0.278498 0.183435
-0.175609 -0.191828 0.121998
-0.147398 -0.0350841 0.187543
0.177062 -0.07483 0.175336
0.389318 -0.0961596 0.186835
0.391174 0.0484648 0.149192
0.303788 0.0400506 0.114195
0.254687 -0.104056 -0.0687912
