0.00217941 -0.00236226 0.00863805
0.00474368 -0.00436436 0.00922359
0.0137901 -0.0109979 0.00103211
-0.00415308 0.0119267 -0.0127015
0.00962396 0.0538433 -0.0188647
-0.00337711 0.00662312 0.0407138
-0.0236109 0.0178458 -0.0287782
-0.0280564 -0.00530641 0.00483657
-0.0325748 -0.0778277 0.0682637
-0.0696741 -0.0316537 -0.0160586
0.0155336 -0.0244136 -0.118919
0.0183247 0.000844877 0.0474746
0.0631746 -0.049962 -0.016372
0.0278893 0.0642993 -0.039158
-0.0195473 0.147023 0.0392924
-0.0113405 0.104106 0.0953989
0.0468855 0.0353763 -0.061728
-0.0226334 -0.0130702 -0.0701676
-0.024845 -3.58558e-05 0.0179559
-0.0315514 -0.0665796 0.013728
-0.00552548 -0.0926203 0.00721835
0.00817688 -0.113953 0.00857626
-0.0438489 -0.128394 0.0171503
-0.044601 0.0001849 0.00970238
0.0434328 0.114465 -0.0707394
0.0540617 0.128897 -0.0359253
0.0692372 0.0887794 0.11461
0.108929 0.0176056 0.0655136
0.0596124 0.0302427 0.0125669
-0.00832787 0.0157927 0.0680203
-0.0475621 -0.0570329 -0.0546706
-0.0081712 -0.0820274 -0.0973598
0.0143092 -0.0606628 -0.0343786
-0.0702125 0.0156376 -0.0250581
-0.0199462 -0.0184325 0.0408772
0.0197295 -0.0271894 -0.00846936
-0.00652272 -0.0467878 0.0376681
-0.0118055 -0.0770554 0.00269937
-0.00122338 -0.0520284 0.0469989
0.0198891 0.0744013 -0.151464
0.0703595 0.0969795 -0.12319
0.0103713 0.0826809 0.00725878
-0.0265129 0.0583657 0.0889718
-0.0112073 0.0518179 0.108104
-0.0683696 0.0396887 0.0206766
-0.0825598 0.082301 0.118637
-0.0864168 -0.0319948 0.0534959
-0.0347118 -0.111053 0.0259868
-0.00550405 -0.027395 0.0151434
-0.00679391 -0.0114297 -0.0798212
0.0380025 -0.0430278 0.0160699
0.0674462 -0.0315355 -0.0267729
0.0714968 -0.0248256 -0.0655813
-0.0139891 -0.0410007 -0.125716
0.0248613 -0.00178375 -0.127003
0.0301932 0.0553604 -0.0465231
0.024413 -0.025499 0.0521412
-0.0337902 -0.0515356 0.0329114
-0.0280201 0.00457325 0.0622944
-0.0390777 0.136419 0.0646132
-0.00390357 0.0608573 0.0297888
0.00267164 -0.0192324 -0.0171741
0.000929112 0.000382876 0.0153374
0.0771615 0.0810689 0.0180636
0.148199 0.0321473 0.0571067
0.0853721 -0.0223324 0.0132286
0.0157642 -0.0536496 0.0712212
-0.031791 -0.0364167 0.0447048
-0.0664862 -0.0462539 -0.0505458
-0.0828479 -0.0045094 -0.158542
-0.069058 -0.0218119 -0.0313931
-0.0578482 -0.0902076 -0.115216
0.0364119 -0.0438778 -0.0831765
0.04698 0.05024 -0.0136607
0.0261226 0.0263632 0.114425
0.0259965 -0.0437209 0.00311792
-0.0363014 0.00313298 -0.0376628
-0.025099 -0.00360904 0.205364
-0.0339565 -0.0548897 0.0172516
-0.0509752 0.047255 0.0727128
-0.0525565 0.0468351 -0.0365599
-0.0494972 0.00735358 0.0579015
-0.0508875 -0.0522258 0.0741025
-0.0707314 -0.0129917 -0.09818
-0.00786541 -0.0312346 -0.144538
-0.0154656 -0.0152732 0.0192851
0.0342601 -0.00127268 -0.0304719
0.0632013 0.0397387 0.0136409
0.0653029 -0.0249613 0.0384091
-0.0259423 0.0397792 -0.0963227
-0.00129428 0.0659874 -0.206781
0.0471777 0.00812648 -0.00636689
-0.0355079 0.00868949 0.0498227
-0.0221297 0.0203541 0.0799094
0.0307609 0.033102 0.0494479
0.0855383 0.00511418 0.10564
0.0140733 -0.0373097 0.011567
0.0186321 -0.0542584 0.0176144
0.110657 0.0298295 0.124047
0.0673374 0.0847769 0.0600157
0.0719095 0.0199255 -0.00237269
0.0288134 -0.019161 -0.0525725
-0.0485522 -0.0108973 -0.0181611
-0.0807573 -0.0689715 -0.148038
0.0289984 -0.0427802 -0.189711
0.0521991 0.0620405 -0.0955061
-0.0364566 -0.0443801 0.196943
-0.0301099 -0.0240878 0.120706
-0.0136514 0.0403743 -0.0105528
-0.046042 -0.00028646 0.0394943
-0.100427 -0.0314713 -0.00945552
-0.065798 -0.0945871 -0.12875
-0.0618992 -0.0634038 -0.00562643
-0.0206862 -0.0718062 0.0373274
-0.0129852 -0.0532089 0.0413635
-0.0437075 -0.0170048 -0.0756777
-0.0827803 -0.0249092 -0.0557423
-0.0136444 -0.0476298 0.0543405
0.0224226 0.0219652 0.0963199
0.110861 0.0643617 -0.0805962
0.0644327 0.0298494 -0.0604696
0.048674 0.0663745 -0.0305312
0.0487686 0.0564004 0.178937
0.046782 0.0243779 -0.0147014
-0.0680169 -0.0394363 0.0369015
-0.0432926 0.0380556 0.0229636
-0.0135408 0.0731891 -0.0409264
0.0786545 0.0482609 0.0316379
0.0282173 0.00585833 0.228207
0.0412327 0.0448757 0.14504
0.0974369 0.0910333 -0.105381
0.13365 0.0414924 -0.238044
0.0485886 -0.111638 -0.114769
-0.0289983 -0.0837121 -0.174774
0.0206059 -0.0435049 -0.0046685
0.0522606 -0.0589084 0.0424111
-0.00229774 -0.00378763 -0.0222255
-0.0629927 0.0343302 0.0400128
-0.0403271 0.0187933 -0.055401
-0.026929 0.0788531 0.115958
-0.0327469 0.0821407 0.00399329
-0.0898963 0.0134853 0.164503
-0.102037 -0.018886 -0.137845
-0.106054 -0.081619 0.038765
-0.0491803 -0.142916 -0.0114676
-0.0621064 -0.0686795 0.0847113
0.00623306 -0.0649979 0.0220519
0.038549 0.0289684 -0.103789
0.0984102 0.0839107 0.0379613
0.0305613 -0.0192899 0.0891368
0.0151069 -0.0294593 0.00621667
0.0381185 -0.0285496 -0.0349926
0.0181538 -0.0597509 0.122789
-0.0368395 -0.0559569 -0.0685164
-0.0435524 -0.041426 -0.107817
-0.0233948 -0.0248376 -0.18027
-0.0376472 0.0360598 -0.00636698
-0.059037 -0.00240082 0.0742471
-0.0544394 0.0312038 -0.111707
0.0106743 0.0905358 0.023474
0.0257284 -0.0485781 0.305022
0.00586316 -0.0655793 -0.0229287
0.0290834 0.00751878 -0.100421
0.0600316 0.119014 0.0269085
0.146894 0.151364 -0.122976
0.165032 0.0289141 -0.241574
0.0705495 0.077872 0.112446
-0.0121689 0.0839456 0.342951
-0.0293337 0.0403076 0.0250966
-0.0328669 0.0243971 -0.0361637
-0.0693169 -0.0119375 -0.0453288
-0.129719 -0.0535733 0.049756
-0.0218544 -0.0549071 -0.10759
0.0449141 0.0101202 -0.115477
-0.000331045 -0.0272988 -0.0243882
-0.0604855 -0.0181463 0.0592052
0.0191427 -0.0305649 0.132536
-0.0389895 -0.082518 -0.0869494
0.0256051 -0.080127 -0.167778
-0.0232934 0.0673015 -0.00763968
0.0117304 0.139347 0.0414607
0.0665746 0.0236979 0.135764
0.028756 -0.0632324 0.0455316
-0.0812553 0.105854 0.12824
-0.0981006 0.164158 -0.0028858
-0.185899 -0.0341373 -0.0413893
-0.177237 -0.114175 -0.150946
-0.1091 -0.0395556 0.0383582
-0.0332065 -0.00776968 0.0262
0.0283735 -0.102928 0.199679
0.0706711 -0.162727 -0.0030437
0.0385854 -0.118323 -0.106935
0.0739107 -0.0555938 -0.216414
0.041192 -0.0102305 -0.198829
0.0799396 0.0282752 -0.073201
0.0778137 0.0269823 0.101143
0.0395861 0.0772416 0.0644835
0.0736549 0.0513721 0.0639644
-0.0176549 -0.00159976 0.0541355
-0.0274977 -0.000373308 0.016299
-0.0408385 0.0251472 0.0674284
0.0378769 -0.00399694 -0.00102913
0.0500859 0.0217716 0.0833491
0.0663 0.0147716 0.244777
0.0196948 -0.00666512 0.128453
0.0508389 -0.045993 -0.0373108
0.00738254 0.0185141 -0.193976
0.047262 0.117314 -0.214317
0.0498359 0.138184 -0.114075
0.0200761 0.0419707 -0.152966
0.0191733 -0.0111336 -0.0554252
-0.0314223 -0.0477854 0.0590095
-0.134323 -0.00463142 -0.0022797
-0.0992312 -0.0942288 0.040436
-0.0800694 -0.0834072 0.0226398
-0.0631784 -0.0570588 0.0686089
-0.00097067 0.0493922 0.134731
-0.00848406 0.132506 0.01844
-0.0253902 0.0991725 -0.188276
0.0348888 0.0220868 0.194087
0.0253355 -0.026473 0.0543688
-0.0527303 0.00460444 -0.00474215
-0.115291 0.0186438 -0.0311979
-0.0590893 0.0500734 0.0967265
-0.00502462 0.0527929 0.04355
-0.063856 -0.0469168 0.0640539
-0.0270264 0.117925 -0.0107659
0.0283296 0.170202 -0.00938592
0.0987212 0.0323728 -0.103558
0.11938 -0.104485 -0.143183
0.0396471 -0.0814616 -0.122128
0.032815 -0.115136 0.0132491
0.0426679 -0.0921597 -0.0445555
0.160184 -0.1295 0.00886858
0.0686059 -0.0719679 0.0236783
0.0433054 0.0926882 0.0561203
0.0893732 0.0984658 -0.00575712
0.0849342 0.0896356 0.109632
0.0495827 0.0827187 -0.0580344
-0.00916512 0.0196362 0.0583785
-0.0805407 -0.0137257 -0.0942463
0.00817518 -0.099749 0.0239494
0.00547079 -0.0651269 0.126148
0.0254009 0.000792872 0.0833603
0.00451963 -0.0210493 0.0367913
0.0147032 0.0261847 -0.149403
0.0261046 0.164337 -0.0173097
0.0302915 0.0273558 -0.0174758
-0.0784609 -0.0752401 -0.0770449
-0.0428216 0.00551662 -0.00252961
0.00901136 -0.037851 0.0475217
-0.0652034 -0.106166 0.154482
-0.0420631 -0.161145 -0.00452929
-0.0564439 -0.0770776 0.0415322
-0.0682468 0.0418113 0.0294914
-0.073028 0.00405132 -0.0389585
-0.083262 -0.0661815 -0.150834
-0.0924599 0.0334107 -0.0885685
0.0290084 0.0863284 0.246486
0.080521 0.00599355 0.0807803
0.00519405 0.0151011 0.0272354
0.00962383 0.0624072 -0.139654
0.0450849 0.0658473 -0.230384
0.150574 0.0527238 -0.00625359
0.102589 0.0221681 0.0476164
0.0977543 0.114238 0.0204847
0.0260163 0.0482861 -0.0353991
-0.0772641 0.120189 -0.012204
0.0239868 0.114689 -0.0206084
0.0064209 0.0127843 0.0204322
-0.0316092 -0.101649 0.133234
0.0548571 0.00212141 0.0704715
0.156138 -0.07611 -0.0131387
0.103368 -0.0962065 0.0476676
0.189104 -0.161899 0.0724651
0.0190837 -0.144656 0.0636817
-0.0851205 0.0574185 -0.0164859
-0.0403293 0.0238596 -0.0652051
-0.103208 -0.0793429 -0.118714
-0.116556 0.0403294 -0.134901
-0.0730669 -0.000815471 0.0227403
-0.0851101 0.0373858 -0.11636
-0.0076322 0.140876 -0.076172
0.0678373 0.111179 -0.00295055
-0.102934 0.0310294 0.0801788
-0.0379569 0.0873516 0.255452
-0.119428 0.120034 -0.0824903
-0.107131 0.172513 0.0150746
-0.0700614 0.0680814 0.0832048
0.0031799 -0.0441758 -0.0614407
0.0591708 -0.100144 0.150023
0.075587 -0.153324 0.114192
-0.0246713 -0.070919 -0.0113535
0.0355812 0.0103033 -0.208354
0.0165732 -0.0563231 0.0512628
-0.0792518 -0.169227 0.0468811
-0.0834826 -0.0995527 -0.0861981
-0.01994 0.0241171 -0.103334
-0.0412994 -0.0300229 -0.00259854
0.0416685 -0.187491 -0.0590817
-0.0596905 -0.277646 -0.0768393
-0.0749773 -0.0951312 -0.0898883
-0.133898 -0.0100328 0.0578182
-0.00564902 0.0617067 0.0129401
0.129625 0.17649 0.0594645
0.139206 0.0954526 -0.00969933
0.0410778 0.00167384 0.00181524
0.0746593 0.132822 -0.0554393
0.039148 0.120664 0.0224686
-0.0786198 -0.0414048 -0.00996559
-0.0313361 -0.0605907 0.168397
-0.0168538 -0.151739 0.0898655
-0.0684826 -0.0447778 0.00317265
-0.00468235 0.0337017 -0.0832797
0.111538 -0.0614112 0.00189481
0.13141 -0.157299 -0.0495555
0.0936957 -0.0920803 0.0157427
-0.0499447 0.0876767 -0.0399807
-0.061289 0.165061 -0.0977152
-0.0317715 -0.0272429 -0.0391038
-0.112406 -0.0385222 -0.0147854
-0.149251 -0.0110499 -0.120948
-0.0764984 -0.00499853 -0.0171706
-0.0740587 0.185309 0.0519272
-0.0372517 0.0810613 0.138679
-0.144664 0.0671769 0.176143
-0.169878 0.229864 0.190508
-0.0665752 0.186661 0.0481788
-0.0597743 -0.0168268 -0.14921
-0.0228856 0.0169604 -0.1187
0.0708692 -0.082806 -0.417953
0.183973 -0.10527 0.0782708
0.151562 -0.0702603 0.01559
0.0242806 -0.111204 0.205994
-0.139585 -0.0845264 0.144605
-0.184715 0.0829465 -0.0158208
-0.0674031 0.160542 -0.130928
0.0642379 0.0809663 -0.0394168
0.183964 0.0404031 -0.0174034
0.207837 -0.0852106 0.0591599
0.341961 -0.145352 0.0936383
0.206249 -0.123154 -0.22547
-0.019836 -0.237731 -0.0289963
-0.0635388 -0.293859 -0.0819321
-0.0506079 -0.106986 0.141321
-0.0382998 0.136183 0.170629
0.138025 0.156153 0.181515
0.0997404 0.0692144 0.150314
0.111252 0.0531631 0.148687
0.0555501 0.0444941 -0.136319
-0.055381 -0.0908504 -0.0458201
-0.14854 -0.0151269 -0.207187
-0.133353 -0.012639 -0.205106
-0.0801709 -0.041202 -0.0659655
-0.0176446 -0.174109 -0.112006
-0.0546448 -0.0876539 0.0233004
-0.134959 -0.035711 0.12228
-0.103072 0.0402353 -0.132526
0.0201569 -0.034836 -0.189087
0.0439308 -0.104565 0.0925611
-0.0062636 0.0242815 0.135251
0.0641058 0.184732 0.284426
0.0602879 0.00553086 -0.0212674
-0.0109857 0.000638589 0.30129
0.0370578 0.0767552 0.185635
0.0138643 0.0209936 -0.0118757
-0.109209 0.0763268 -0.315607
0.124022 0.136003 -0.0412294
0.135968 0.0739225 0.099301
0.100233 0.0219512 0.0701948
0.181898 0.0814402 0.0522243
0.0558667 -0.0606181 -0.34898
0.00296529 0.00509553 -0.171649
0.0919079 0.0061824 -0.27214
0.0459812 -0.115926 0.122157
-0.021278 -0.16473 0.0446162
0.00819525 -0.00643919 0.0869603
-0.0894124 0.0672438 -0.0656727
-0.167277 -0.0752222 0.0391853
-0.0856312 0.116431 0.131558
-0.0986317 0.11969 0.137453
0.0247809 -0.126998 0.0873526
0.127541 0.0299876 -0.00768885
0.205759 0.190683 0.224232
0.206698 0.0304498 -0.0368218
0.0431433 0.10336 -0.165438
0.111444 0.0490892 -0.221138
-0.161946 -0.0675167 0.0110169
-0.188981 -0.175339 0.020096
-0.113502 -0.127715 0.2824
-0.0743669 -0.190184 -0.0875943
-0.106138 -0.152978 0.0452982
-0.109413 -0.0985775 -0.106063
0.0111064 0.07419 0.0699324
0.120219 0.150638 -0.0800112
-0.0390708 0.0246004 -0.406666
-0.00203013 0.0568782 -0.180302
0.122784 0.0909716 0.351715
0.0503883 0.0195692 -0.0122648
-0.00384864 -0.0379436 -0.117929
-0.0984002 0.08386 -0.274701
-0.0537584 0.133042 0.41031
-0.0107106 0.0262902 0.0477209
-0.0027138 -0.00818082 0.161742
-0.0800591 0.0791878 0.157879
0.0685378 0.084981 0.575565
0.0919795 0.134919 0.0691568
0.134399 0.0229086 0.134824
-0.0980698 -0.0997262 -0.553062
-0.21921 -0.127349 -0.139659
-0.126601 0.0318354 -0.389823
0.112886 0.0333021 -0.550592
0.0467498 -0.0211424 -0.200052
0.189256 -0.198146 0.148897
0.193002 -0.0185775 0.31214
-0.00305085 -0.0611128 0.106646
-0.210163 -0.0624492 0.0775805
-0.168924 -0.00141854 0.0872977
-0.0817125 -0.063185 0.0321331
0.0234533 0.0399174 0.525527
0.151185 0.172003 -0.25787
0.154102 0.283523 -0.0944944
0.205831 0.150506 -0.153511
0.0342411 0.146805 0.121176
-0.235336 -0.20922 0.170233
-0.315431 -0.310621 -0.0525217
-0.147686 -0.136032 0.0528574
0.0184537 -0.0810896 0.269123
0.0344658 -0.240709 -0.098372
-0.04967 -0.168457 -0.131973
0.0823677 -0.0574554 -0.488485
0.013654 0.240905 -0.141612
-0.0554583 0.0135143 -0.0285022
-0.361886 -0.0676637 -0.134194
-0.287592 -0.0337954 0.0186482
-0.00206792 0.0817983 0.123456
0.261204 0.238971 0.101146
0.188113 0.352403 0.307941
0.139642 0.246171 0.407705
0.0130345 0.174089 -0.191219
-0.127717 0.186315 -0.1853
-0.290766 0.030947 -0.0119806
-0.22826 -0.276914 -0.254086
-0.102657 -0.32034 -0.00725428
0.117446 -0.314756 0.571925
0.3765 0.0479292 -0.0889035
0.341928 0.192087 0.00125163
0.208556 0.0961517 -0.262514
0.0854569 0.512038 -0.195975
-0.0566751 0.589378 0.13333
-0.0721831 0.312668 -0.0613395
-0.120837 -0.177837 -0.173799
-0.172782 -0.311045 0.393609
-0.0762645 -0.515561 -0.254454
-0.0876542 -0.575204 -0.0647057
-0.163616 -0.619224 0.0274047
-0.172976 -0.272193 -0.251636
-0.0108051 -0.0109084 -0.0518464
0.0356396 0.0303468 0.312091
0.19646 0.406037 -0.199542
0.279781 0.305245 -0.255378
0.288839 0.217803 -0.0220963
0.224468 0.355742 0.513825
0.073032 0.129421 0.109609
-0.084163 0.112299 0.085344
-0.217259 0.189783 0.338916
-0.109256 -0.00571271 0.491501
-0.227248 -0.076046 0.232673
-0.158261 -0.28901 -0.3154
-0.129866 -0.422701 -0.13145
-0.208335 -0.276499 -0.151666
0.034715 -0.137242 -0.361262
0.181613 -0.192302 -0.282793
0.0533869 -0.0958089 -0.45764
0.233062 0.147485 0.0423323
0.361747 0.260288 -0.0481446
0.329563 0.0206583 -0.176499
0.175431 -0.0696673 -0.176673
0.0429448 0.145967 0.435982
-0.0700143 0.242441 -0.11798
-0.133165 0.0965161 0.286891
-0.47604 0.0699253 0.154391
-0.56369 0.0725842 0.476948
-0.342615 0.163715 0.333652
-0.0479298 0.199512 0.275621
0.00269618 0.0841251 0.0949572
0.213068 -0.0613891 0.153289
0.346074 -0.251827 -0.31788
0.389766 -0.0909712 -0.368224
0.153351 -0.0368459 -0.280707
0.0796786 -0.242042 -0.393676
0.0623725 -0.114331 -0.105711
0.228472 0.0271647 -0.678045
-0.0384754 -0.0307873 0.128198
-0.0741071 -0.234066 0.0452598
-0.22389 -0.269041 0.474207
0.0186882 -0.166735 0.0738268
0.0333026 0.196519 0.274078
0.265992 0.181552 0.151365
0.279914 0.186632 0.135331
-0.0610564 0.357925 -0.406677
-0.14061 0.45731 -0.233764
-0.228823 0.318032 0.143933
-0.361661 -0.0411178 0.418615
-0.287539 -0.18148 0.230992
-0.137855 0.0159202 0.0385704
0.101529 0.1283 -0.0258096
0.333511 -0.183684 -0.0335703
0.164114 -0.0598475 -0.340277
0.274952 -0.187869 0.291881
0.0531438 -0.256742 -0.0135103
0.13504 -0.271901 -0.13458
0.338553 -0.416759 0.00864079
-0.0780797 -0.211641 -0.217673
-0.275073 -0.110222 -0.341679
-0.121361 0.0492254 -0.397809
-0.264937 -0.00209931 0.213976
-0.416256 -0.206311 0.142532
-0.525499 -0.150367 0.0177472
-0.275302 0.22667 -0.0586102
0.121635 0.130486 0.224504
-0.0173579 0.00698096 0.337719
0.241393 0.255884 0.212367
0.643227 0.409173 0.15466
0.70851 0.24326 -0.260437
0.560421 0.0150177 0.211532
0.459698 -0.247194 0.454409
0.0990067 -0.291604 -0.325565
-0.4927 -0.41641 -0.0895664
-0.572998 -0.381431 -0.448481
-0.539966 -0.155718 -0.173472
-0.671953 -0.0936253 -0.322481
-0.508332 0.394037 -0.282497
-0.103638 0.669445 0.0541832
0.365406 0.816627 0.148164
0.614074 0.952448 0.13397
0.574402 0.773654 -0.184625
0.474362 0.413741 -0.174171
0.382003 -0.117769 -0.341943
0.21414 -0.511123 0.122318
-0.173683 -0.808173 0.416254
-0.471559 -0.775979 0.835523
-0.358086 -0.712182 0.751963
-0.353046 -0.381476 0.120886
-0.236788 -0.195133 0.408496
-0.0819247 0.0487588 -0.545728
-0.0172292 0.350712 -0.0468315
-0.00785136 0.374657 -0.0481725
-0.132406 0.110577 0.0172382
0.0211292 0.161887 -0.656748
0.105391 0.0510056 -0.491949
0.00750364 0.0123962 -0.78205
-0.190532 -0.257365 0.168519
-0.275747 -0.2986 -0.0660842
-0.119344 0.0243938 -0.0761904
0.0929836 0.233848 0.308807
-0.136172 0.360669 0.417504
0.0467799 0.371741 0.225155
0.178179 0.098528 -0.292586
0.386622 0.0380595 -0.164489
0.24085 0.199499 0.467013
0.203755 -0.477239 -0.0741916
0.0191537 -0.544939 0.130301
0.095818 -0.498388 0.366231
-0.172726 -0.702328 0.0214431
-0.437217 -0.24367 -0.0171392
-0.185427 0.193309 0.218091
-0.0667006 -0.244063 0.188892
-0.24721 -0.53864 -0.742164
-0.259667 0.0146284 -0.0602651
0.0618649 0.640189 -0.192121
0.351842 0.775875 -0.33629
0.622065 0.598188 -0.138513
0.534368 0.767893 -0.0899164
0.669566 0.868092 0.13252
0.439134 0.443009 0.210079
0.00813917 -0.120635 -0.0194589
-0.462442 -0.720104 -0.0387749
-0.887434 -1.27084 -0.260202
-0.786845 -1.02949 0.324679
-0.474524 -0.934872 -0.049225
-0.455656 -0.66309 0.512476
-0.331928 -0.163481 0.495924
0.019101 0.299937 0.757047
0.185768 0.699524 0.075678
0.0448975 0.798869 -0.590355
0.0665252 0.853997 0.122278
0.298692 0.591871 -0.259191
0.372157 0.108345 -1.10604
0.355378 -0.218401 -0.48172
0.172376 -0.0369309 0.425301
0.257198 0.147668 -0.587902
0.0672123 -0.0640213 0.102699
-0.187496 0.17432 -0.124133
-0.266532 0.728822 0.279404
0.112581 0.82605 0.289847
0.302836 0.355548 0.463594
0.339733 0.130965 0.0735411
0.23139 -0.0990633 0.0791419
0.215811 0.0848763 -0.201591
0.0658515 -0.0814118 -0.277093
-0.0591178 -0.885916 0.423067
-0.341629 -0.910999 0.454178
-0.487031 -0.494327 0.246437
-0.158764 -0.254753 0.246043
-0.0272494 -0.0814692 -0.0435478
-0.00655218 -0.409137 -0.21008
0.0491772 -0.750427 -0.0684225
0.185585 -0.102095 -0.844809
0.110302 0.415032 -0.167593
-0.225898 0.543899 -0.0503518
-0.218526 0.525317 -0.516452
0.0197247 0.581805 0.0569959
0.109906 0.616517 0.0296292
-0.106547 0.654365 -0.0307458
-0.187981 -0.302773 0.431278
-0.443145 -0.785964 0.159921
-0.404618 -0.646726 0.342446
-0.595756 -0.830341 -0.102837
-0.52256 -0.698883 0.175471
0.0615198 -0.285302 -0.0117459
0.749399 -0.248218 0.498958
0.797946 0.0108383 0.447638
0.917002 -0.0675493 0.00609254
0.625337 -0.134607 -0.71923
0.0127153 -0.254828 -0.297637
0.0348491 -0.420405 -0.213615
-0.0966695 -0.381325 -0.0476595
-0.183652 -0.131365 0.251658
0.0652941 0.30105 -0.134173
0.34656 0.795498 -0.0426211
0.52749 0.803524 -0.126764
0.550821 0.568544 0.0534354
0.365248 0.708715 0.0428484
0.0168358 0.493398 -0.267079
-0.417473 0.37469 -0.52022
-0.322404 0.316958 0.216878
-0.659494 0.284607 0.100873
-0.616842 0.280718 0.361625
-0.421246 -0.0856426 -0.0106067
-0.167295 0.0442654 0.393058
-0.168056 0.0389535 0.0510525
-0.0957793 -0.266096 0.500592
-0.299259 -0.84723 -0.66347
-0.330622 -1.10412 0.241957
-0.110516 -0.692405 0.353437
0.155057 -0.378771 0.301157
0.3872 -0.309755 -0.435805
0.496363 0.0136079 0.114575
0.373798 0.636043 -0.259984
-0.160204 0.765023 0.0648872
-0.308254 0.667978 -0.75964
-0.338502 0.78184 0.19667
0.0861863 0.82547 -0.123786
-0.0054688 0.475287 -0.0120372
0.328591 -0.0499217 0.263187
0.594994 0.231955 -0.160805
0.623739 0.387684 -0.311253
0.37901 0.364639 -0.694256
-0.174418 0.00567073 -0.144463
-0.186713 -0.300137 0.976982
0.187382 -0.7445 0.336547
0.121781 -0.825002 0.436739
0.0605186 -0.8539 0.266502
0.0190095 -0.964846 0.182467
-0.177177 -1.28179 -0.336058
0.0126424 -0.938285 -0.258748
0.0487497 -0.245936 -0.123009
-0.0895813 -0.0231129 -0.519823
-0.723561 -0.0518112 -0.0602948
-0.839026 -0.127027 0.491417
-0.437096 -0.0702537 0.207093
0.171349 0.367367 -0.358488
0.328518 0.290034 0.211872
0.18045 0.163934 0.0142193
0.0372132 0.179453 0.180819
0.295553 0.20134 -0.114079
-0.0561812 0.308829 -0.144085
-0.380096 0.48925 0.267825
-0.222442 0.314181 -0.264824
0.304641 0.624856 -0.20331
0.337434 0.325615 -0.286672
0.0085535 0.361253 0.497991
-0.178716 0.279238 0.541179
-0.123334 0.217101 -0.0905411
-0.237953 -0.103407 0.0477373
-0.302484 -0.618728 -0.427257
-0.283461 -0.410873 -0.428725
-0.0781443 0.057783 -0.621717
0.134568 0.219849 -1.07358
-0.0250446 0.37171 0.265171
-0.282572 0.53313 0.929386
-0.044767 0.18045 0.700726
-0.21831 -0.0387401 0.293971
-0.0138374 -0.0456603 -0.0952762
0.269502 -0.110031 -0.25265
0.122427 0.1726 0.384743
0.166894 0.0957418 0.0531626
0.487922 0.108637 -0.209803
0.313821 0.192372 0.550024
-0.0436307 0.0241305 -0.0486753
-0.498566 -0.304494 -0.224219
-0.772004 -0.371665 -0.159608
-0.312285 -0.244759 0.503019
0.273875 -0.110582 0.177279
0.657507 0.82935 0.247061
0.730014 1.03299 -0.148059
0.685632 0.61112 -0.905971
0.342577 0.0955749 -0.721081
-0.026899 -0.36493 -0.856017
-0.0902488 -0.845059 -0.49375
-0.495914 -1.29862 0.399389
-0.512583 -1.15435 0.569155
-0.0029993 -1.1132 0.310805
-0.01655 -0.767903 0.219236
0.185839 -0.4022 -0.256186
0.354819 0.0638816 0.0805304
-0.357911 0.580477 0.43776
-0.869681 0.892622 0.640592
-0.587731 0.713249 0.247486
-0.0880747 0.600239 -0.125006
0.043772 0.588096 -0.0606816
0.320492 0.167289 0.264313
0.347348 -0.315916 -0.0820175
0.42897 -0.408843 -0.334483
0.59013 -0.266579 0.0148221
0.1318 -0.298948 0.00745683
-0.566511 -0.00337989 -0.185749
-0.557249 0.0760598 0.0949833
-0.373435 0.234906 0.025148
-0.134703 0.188338 0.175832
-0.196261 0.100461 -0.247359
-0.224577 0.211255 -0.066633
0.0300221 0.166127 -0.300576
0.156032 -0.0646125 0.220984
0.422089 0.116694 0.128202
0.705097 -0.00773617 -0.429092
0.083374 -0.159482 0.0578605
0.0935256 0.174286 -0.00850169
0.441603 0.316526 -0.570978
0.313221 0.0244765 -0.219459
-0.00819135 -0.0610283 -0.131232
-0.187671 0.254182 0.0297901
0.144511 -0.150999 0.69401
0.331958 -0.0505725 0.44843
0.10674 0.149393 0.516614
0.221128 0.137509 0.39264
0.519612 0.470191 -0.0656963
0.390223 0.604044 -0.140179
-0.0781823 -0.051902 0.127701
-0.14368 -0.266084 -0.339652
-0.199821 -0.168935 -0.414182
-0.273922 -0.698594 -0.570374
-0.277189 -1.08416 0.297916
-0.155074 -0.974132 0.438719
0.259829 -0.9319 0.0127043
0.461635 -0.388548 0.0989271
0.436241 0.0908683 0.211365
0.116047 0.603883 -0.204291
-0.760513 1.21535 -0.208123
-1.21134 1.36266 -0.503093
-1.46463 1.42576 -0.473714
-0.611617 0.941733 -0.645853
-0.495877 -0.123901 -0.504665
-0.514743 -0.362439 0.170397
-0.0544029 -0.4794 0.503416
0.319057 -0.445115 1.00617
0.235585 -0.792077 0.646252
0.318562 -0.630219 0.408982
0.330756 0.209501 0.716613
0.615249 0.754384 0.420099
0.562594 0.0672007 0.132653
0.591915 -0.611717 -0.277251
0.836785 -0.574783 -0.516495
0.526371 -0.624726 -0.163547
0.380804 -0.320611 -0.341653
0.370334 -0.440648 -0.44959
0.176861 -0.45544 -0.278569
-0.483933 -0.208601 -0.100325
-0.338926 -0.073254 -0.472034
-0.501804 -0.277605 -0.399953
-0.610426 -0.408948 -0.216478
-0.365836 -1.11922 -0.342743
0.0999893 -0.817429 -0.125811
0.429586 0.0391907 -0.339891
0.801276 0.828711 0.103747
1.11537 0.907533 0.734732
1.26566 1.20704 0.651735
0.896534 1.34654 0.82512
0.0929444 1.13224 0.765679
-0.950346 0.626817 0.519332
-1.38408 -0.0363752 0.0251378
-1.72247 -0.337845 0.0766676
-2.27638 -0.664627 0.0975051
-2.07899 -0.42886 -0.116305
-0.826138 -0.461051 -0.461722
-0.0148958 -0.610045 -0.874204
0.357922 0.392781 -1.07073
0.45249 0.780483 -0.688512
1.24712 0.288413 -0.212568
1.51582 0.198757 -0.285955
1.12043 0.674047 0.183604
0.655158 0.199515 -0.126593
0.478099 0.0947688 0.0476411
-0.261182 -0.158662 0.277418
-0.265236 -0.0607582 -0.0317232
-0.96472 0.430212 0.755256
-1.60107 0.243077 1.17901
-1.59732 0.00843246 1.10156
0.0663933 0.39837 0.473499
0.984582 -0.0189025 0.464829
0.999493 -1.01654 0.467086
1.10237 -1.2761 0.123496
1.07917 -0.661752 -0.615261
0.935427 -0.661385 -1.24906
-0.113191 -1.07763 -0.997599
-0.448084 -0.316271 -1.44986
-0.463426 0.751748 -0.613867
0.152512 1.0299 -0.543332
0.905414 0.587904 -0.0519903
1.24626 0.501002 -0.0764774
0.865934 -0.124711 -0.0789284
-0.253637 -0.910077 0.00942329
-1.19986 -0.830168 0.76106
-1.35264 -0.605383 0.550767
-1.13943 -0.474255 0.94418
-1.48629 -0.0907854 0.709053
-1.02218 0.250422 0.478702
-0.111052 0.032777 0.523583
0.323084 0.305415 0.564072
-0.00307933 -0.0504922 0.341526
-0.055009 -0.662927 -0.543654
0.117566 -0.751362 -0.142583
0.489692 -0.202238 -0.467985
0.552245 -0.0355046 -0.305193
0.277021 0.278961 -0.483294
0.30958 0.590547 -0.666993
0.673934 0.790877 -0.749985
0.195231 0.625657 -0.171661
-0.886427 0.0241992 0.215806
-1.17004 -0.029648 0.31756
-1.06158 0.316686 0.260179
-0.431872 0.507851 -0.0238855
0.0313731 0.360586 0.0306575
0.942576 0.862036 -0.0244639
1.14478 0.236253 0.00326027
1.29114 -0.572164 -0.0759081
0.629997 -0.477621 0.520892
-0.350615 0.13554 0.186566
-0.751872 -0.124527 0.0932617
-0.256986 -0.192673 -0.231558
0.20807 0.931327 0.325258
1.21097 1.41579 0.200977
1.50564 1.20109 -0.166497
0.872641 0.689963 0.0942456
0.372956 0.1243 -0.653564
-0.582395 -0.204623 -0.341899
-1.36168 -0.791133 -0.33195
-1.13849 -0.624657 -0.488357
-0.445756 -0.577034 0.113751
0.177713 -0.581558 0.444241
0.0615117 -0.157217 -0.118724
-0.0224582 -0.328716 0.11792
-0.272689 -0.448481 -0.271247
-0.432575 -0.00996098 0.558221
-0.376439 -0.210487 0.546021
-0.408822 -0.032186 0.1237
0.130968 0.181664 0.585103
0.209322 -0.141824 0.5848
0.20185 -0.787593 -0.124446
0.306389 -0.261083 -0.0995861
0.0777094 -0.155194 -0.245414
-0.455993 0.171182 -0.535801
-0.767965 0.107142 -0.100889
-0.650449 -0.146097 0.0861009
-0.186434 0.265483 0.0566989
-0.0956341 0.500699 0.218806
0.15379 0.0935554 -0.0434362
0.296295 -0.652395 -0.458348
0.664057 -0.943717 -0.0309243
0.355617 -0.655622 -0.35117
-0.124743 -0.145064 -0.59151
0.310967 -0.380895 -0.299127
0.608965 -0.566325 0.187287
0.58293 0.125195 0.160805
1.05421 0.835294 0.280381
1.87827 1.33834 0.131815
1.65598 1.13932 0.686558
0.893325 0.142941 0.195347
-0.321323 0.289731 0.755398
-0.733708 0.349481 0.293892
-1.01624 -0.251489 -0.481588
-1.67211 -0.714744 0.0764313
-1.84487 -0.304288 -0.647127
-0.785127 0.611254 -0.324188
-0.268928 0.827956 0.161491
-0.0883006 1.28725 0.380736
0.251502 1.56277 -0.699629
0.493429 1.23336 -0.296421
0.731918 0.941033 -0.482531
0.697897 0.325833 -0.6588
0.0845366 -1.30475 -0.0658584
-0.947073 -1.67814 0.28582
-0.988537 -1.26796 0.251229
-1.0555 -0.911093 0.917837
-1.4248 -0.394157 0.90113
-1.47469 0.296764 0.538815
-1.02367 0.111634 0.569216
-0.603414 -0.351207 0.450681
-0.25672 -0.290459 -0.256962
0.511172 0.058242 -1.25351
0.860072 0.463549 -0.858557
1.43524 1.57618 -0.347289
1.95497 2.43918 -0.456358
1.79592 2.31341 -0.28338
1.90906 1.87968 -0.17589
1.66931 0.804123 -0.0801693
1.22066 -1.29719 -0.155356
0.372111 -3.17455 0.181173
-0.624234 -3.67815 0.437832
-1.22855 -3.23907 0.670448
-0.91068 -2.11899 0.408589
-0.69449 -1.56299 0.256503
-0.408282 -0.603712 0.13988
-0.275275 0.347643 0.568254
0.551028 0.495986 0.0389021
1.2357 -0.420973 -0.180236
0.555685 0.0014416 -0.270318
1.19915 0.3787 -0.487146
0.666691 -0.170653 -0.333089
-0.664435 -0.467368 -0.240321
-1.75815 0.146815 0.203067
-2.06667 0.994769 0.352079
-1.97266 1.16462 0.338859
-1.51134 0.974286 -0.198203
-1.06402 0.247274 0.594886
-1.03935 0.0538325 -0.122626
-0.196114 -0.142987 -0.250451
0.772695 -0.241902 -0.519804
0.899463 -0.0940813 -0.204604
0.982531 -0.00950765 -1.03736
1.90602 0.718792 -0.241511
1.74975 1.40309 -0.126685
1.69844 1.2357 0.389759
0.0914656 0.930197 0.206906
-1.14805 -0.320813 0.522214
-0.455107 -0.949065 0.570988
-0.286079 -0.528812 -0.00408645
-1.03815 0.0159443 0.774347
-0.920682 0.690308 0.730657
-0.236517 1.9279 0.526831
-0.155532 2.37135 0.124114
-0.155399 2.24402 -0.409293
0.00579561 1.34995 -0.599078
-0.241368 -0.0962947 -0.921258
0.0296959 -0.986136 -1.1525
0.273564 -0.91701 -0.844548
0.788379 -0.688834 -0.590251
0.781107 -0.607262 -0.481691
0.736385 -0.550698 -0.0729738
0.84828 -0.392776 0.246715
0.861178 -0.154901 0.607467
-0.27822 -0.550952 0.700662
-1.69781 -0.895711 1.06311
-1.70613 -1.19276 0.408862
-1.12183 -1.45371 0.862234
-0.455991 -1.35199 0.6317
0.164188 -0.596995 0.546378
0.902352 0.29627 -0.0682654
1.72657 0.511831 -0.360446
1.75291 0.122182 -0.618171
0.0504597 0.0197396 -0.535797
-1.09792 0.0370015 -0.579729
-0.711131 -0.991083 -0.146398
0.368842 -0.693822 -0.492838
-0.0846049 -0.163428 -0.658094
0.0490658 -0.718991 -0.708126
-0.267638 -0.773781 -0.825607
-0.24644 -0.539416 -0.28961
-0.519189 -0.868477 0.166913
-1.5304 -0.8945 1.07371
-1.56106 -0.580473 1.38058
-0.874941 -1.30001 0.856216
0.186627 -0.820033 0.388559
0.138865 0.635533 0.307423
0.581914 1.11021 0.447665
0.535581 1.05532 0.0343899
0.850282 0.659742 -0.122422
0.907396 0.37303 -0.136809
-0.502018 0.0369924 -0.0371069
-1.30473 0.836674 0.0371722
-1.42082 1.34789 0.0675578
-1.34458 1.68498 -0.582897
-1.18215 1.92771 -1.06108
-0.266911 2.06077 -0.737639
0.475086 1.85469 -1.40298
1.43863 1.42287 -0.0920409
2.26255 1.08032 -0.442534
2.91008 0.876839 0.140413
2.52457 0.328778 0.712664
1.93584 1.03759 0.867243
1.51303 1.66658 0.431976
0.59428 2.01941 1.12955
-0.634228 1.70017 0.569025
-1.58941 0.217765 -0.183177
-1.93174 -1.84152 -0.254066
-1.63826 -2.45994 -0.036874
-1.40115 -2.49395 -0.105491
-0.962006 -2.51231 0.11586
-0.300251 -2.14069 0.515811
0.781818 -0.399653 0.498348
1.74904 0.467342 -0.852788
1.42307 0.698762 -1.07563
0.485229 -0.299746 -1.1065
0.0676141 -1.28504 -1.10622
-0.460684 -1.29316 0.0895215
-0.395728 -0.953728 0.211369
-1.1076 -1.63586 0.53328
-2.25937 -0.710581 1.5795
-1.41148 -0.278735 0.883597
-0.952394 -1.01753 0.621051
-1.67769 -1.24868 1.14642
-2.08415 -1.8037 0.367538
-0.581448 -2.45223 -0.324764
1.10494 -2.02064 -0.427502
2.62129 -1.75282 -0.314857
3.44805 -0.982991 -0.910882
3.30578 -0.0827167 -1.12947
2.99948 0.567345 -0.867628
1.72046 0.776463 -0.18574
-0.864559 1.44515 0.232211
-2.10223 1.06073 0.526047
-2.41418 0.491259 -0.103173
-2.66365 0.147557 0.15756
-1.56364 0.102788 0.195288
0.149277 0.322405 -0.226266
1.03676 1.52419 0.121757
1.77407 2.51294 0.265794
2.52486 2.15204 0.140789
3.25035 1.89089 0.73232
2.06626 2.12938 0.353209
0.721866 1.73214 -0.215853
0.372492 1.20715 -0.0905518
0.100453 0.208172 -0.64266
-1.07222 -0.642977 -0.09518
-2.03094 -0.0361241 -0.245392
-2.387 0.977097 -0.22926
-2.52889 0.333462 0.145544
-1.5537 0.366737 0.00195126
-1.0564 0.538159 -0.20728
-0.284252 1.0745 -0.677511
0.18085 1.43074 -0.368614
-0.70498 0.873345 0.364192
-0.449294 -0.711319 0.00751927
-0.0993304 -0.529947 -0.390628
-0.309536 -0.230809 0.445859
-0.426576 -0.269816 0.01476
-0.154638 -0.334492 0.694656
-0.385823 -0.281629 1.10557
-0.184435 0.200766 0.523554
1.06121 0.307556 0.362102
1.10406 0.273936 -0.121926
1.516 -0.365548 -0.133555
1.1565 -0.951806 -0.223043
0.492929 -0.740512 -0.664043
0.986201 -0.990034 -0.555338
1.13073 -2.11075 -0.421482
0.091961 -3.0655 -0.299485
-0.103166 -3.7295 0.111819
0.465305 -3.80254 0.58894
-0.114004 -3.20671 0.796965
-0.612356 -2.31436 -0.223299
-0.492087 -1.58322 -0.38878
-0.309934 -0.375735 0.262941
0.0267016 0.76267 -0.201609
0.33858 1.78768 0.209382
0.0151662 2.94655 -0.00357291
-0.205888 2.91007 0.186792
0.148404 0.796739 -0.396361
0.43789 -0.460005 -0.105795
-0.719838 -1.20917 -0.602306
-2.09886 -2.40496 -0.0236899
-1.7543 -1.44987 0.0207271
-1.56053 -0.156691 0.565244
-1.35805 1.07303 0.0559145
-1.86143 2.95666 0.733444
-1.08551 3.53552 0.523418
0.26668 2.88806 -0.0232134
1.17178 1.27971 -0.542515
-0.763924 -0.622109 -0.17508
-1.34139 -1.17069 0.0248816
-0.777169 -0.43784 -0.702266
0.746387 -0.25453 -0.534718
1.52318 1.20327 -0.191685
2.66771 2.34947 -0.501435
2.98237 3.2953 -0.462596
2.16854 3.98706 0.289221
2.52253 3.99556 0.582144
1.68627 2.9465 0.584842
0.82385 1.81142 0.178597
0.427275 1.58333 0.209283
-0.0276426 0.567633 -0.649464
-0.431076 -0.599508 -0.933752
-1.66945 0.436999 -0.612524
-2.80259 0.70558 0.227568
-3.85965 -3.62341 0.43697
-3.55304 -3.89546 0.608325
-0.52479 -3.45866 0.644623
0.0128529 -2.43193 0.52037
1.25066 -2.28651 0.362032
3.71775 -1.11043 0.262778
4.12237 0.481248 0.414418
2.84637 1.6178 0.113473
0.997722 1.004 -0.44599
-0.0177922 -1.52259 -0.648128
-1.84457 -4.16105 -0.465687
-2.76564 -4.87559 -0.103313
-3.29793 -4.07897 0.53497
-3.66975 -1.91694 0.441699
-3.13525 -0.0106531 0.386474
-1.89897 1.17904 0.563027
-2.14958 1.60783 -0.69788
-1.54509 -0.934448 -0.238161
1.18796 -1.91716 -0.578287
4.25803 -2.95707 -0.386565
5.16758 -3.01867 -0.552502
6.08599 -2.10817 -0.190467
5.95989 -0.15286 0.227003
3.56545 1.27509 -0.235757
0.492228 2.32709 -0.333619
-2.8725 1.51147 0.666561
-3.85527 1.28822 1.07521
-3.99345 0.267124 1.09852
-4.55967 0.705199 1.00039
-3.90788 1.39956 0.550837
-0.881337 1.87594 -0.349949
1.51917 2.95472 -1.63417
2.33758 3.86308 -1.43347
2.62947 3.62863 -1.1847
3.10434 2.94227 -1.5208
3.66212 2.52552 -0.835444
3.3387 2.21725 -0.374389
1.37246 0.841808 0.599031
-0.953565 0.674701 1.19339
-1.56341 0.868846 1.44999
-2.40792 0.693604 1.26065
-2.68149 0.851681 0.879209
-3.64231 1.61283 0.334216
-4.13425 1.69143 0.590264
-2.85976 0.614777 0.332871
-2.20637 -0.667223 -0.147931
-1.41969 -1.66395 -0.13832
-0.780798 -2.3915 -0.721284
0.437937 -3.27879 -1.15453
1.17215 -4.27463 -1.38432
1.82225 -4.12082 -1.59509
3.20792 -3.25805 -1.12119
3.48037 -1.80198 0.0336031
2.90966 -0.810043 0.922263
2.29317 0.286158 1.37823
2.34853 0.789625 1.69481
1.39459 0.482324 1.43142
0.226859 -0.456801 0.455539
-1.97847 -1.06391 0.647644
-1.94385 -1.52803 -0.082504
-2.32712 -1.30519 -0.286685
-2.48368 -1.00083 -1.02536
-0.996218 -0.43576 -0.828862
1.06025 -0.48626 -0.867151
1.82939 -0.560404 -0.139364
1.70788 0.405287 -0.0604042
1.68502 0.24725 -0.83666
1.00385 0.144923 -0.785061
0.0445266 0.26048 0.251311
-0.362144 0.561234 0.213919
-1.07779 0.677911 -0.238209
-1.1602 1.32017 0.506323
-1.47692 0.719282 0.537173
-1.93898 -0.163409 0.973046
-1.74988 0.271412 0.834646
-1.5547 0.988979 0.378838
-1.23357 1.65002 0.21311
-1.51014 1.9801 0.172376
-1.47048 1.63324 -0.245397
-0.912804 2.24476 -0.315461
-0.101325 2.93577 -0.280039
1.42819 2.828 -0.471108
2.69613 1.10125 -0.797481
2.92926 1.14938 -0.287837
2.02651 0.172351 0.394264
1.83708 -0.916275 0.225198
1.32523 -1.99215 0.350589
0.0357413 -2.24502 0.569311
0.12277 -1.95641 0.653624
0.460942 -1.69862 -0.333341
0.403201 -1.04624 -0.258761
-0.231938 -0.708832 0.157397
-0.251777 -0.922475 -0.216883
-0.474854 -0.581416 -0.131125
-0.546554 -0.153369 -0.342357
-0.255178 0.255181 -0.591783
0.429182 0.895451 -0.980063
1.43406 1.89675 -0.968314
1.08396 2.22451 -0.71456
-0.00463114 1.58916 -0.114568
0.307875 1.7666 0.277229
-0.598518 1.18003 0.86384
-1.72781 -0.597711 1.42371
-2.60974 -2.4945 1.55227
-2.53539 -2.44076 1.40231
-1.76395 -2.04028 1.19646
-0.70693 -1.68755 0.546148
-0.293212 -0.811793 0.194788
-0.0781465 0.0916234 -0.267728
0.741828 1.31572 -0.764706
0.532305 1.56055 -1.82198
-0.53305 1.11322 -1.71587
-0.000614523 0.633061 -0.97968
0.349344 -0.184829 -0.702375
0.545744 -1.05654 -0.967539
0.461856 -0.809044 -0.394562
0.184054 -1.18771 0.166745
-0.0240924 -1.44481 0.568871
0.36038 -0.765578 0.846311
0.4238 -0.285006 0.917317
0.175992 -0.343472 1.25228
0.972871 -0.736711 0.6606
1.18739 -0.324356 0.821786
0.647382 1.04166 0.712929
1.18161 1.31676 -0.0766814
1.23202 1.71492 -0.0585401
1.71829 1.76981 -0.784101
0.917722 2.01709 -1.02119
-0.599363 1.83246 -0.853559
-0.826451 0.765629 -0.75682
-0.98288 -1.26415 -0.431167
-1.59885 -2.0817 -0.381364
-1.59076 -1.86466 -0.103322
-0.959464 -1.11746 -0.150748
-0.16191 -0.831078 -0.104905
0.621046 -0.938982 0.112159
0.452909 -0.37842 0.515396
0.449958 0.463198 1.02513
0.693532 1.10672 0.591151
-0.0266213 0.645442 0.650902
-0.625052 0.119691 0.395532
-0.692041 0.391424 0.381324
-1.23653 1.18374 0.39129
-1.7395 1.24773 -0.00156186
-2.24103 0.628062 -0.308776
-1.40376 0.151091 -0.176495
-1.20758 -0.120701 -0.554276
-0.882771 -0.376673 -0.230483
-0.332704 0.09514 -0.590247
0.906904 -0.342833 -0.213452
2.02492 -0.503937 -0.211239
2.49165 -0.15892 -0.326209
2.78197 -0.164622 -0.0971373
2.5809 0.538916 -0.303946
1.67708 0.156502 -0.273384
0.524583 -1.28096 -0.0784498
-0.731001 -1.34854 0.446544
-1.86417 -1.18449 0.611541
-1.80563 -1.2702 0.634485
-1.5854 -1.27889 0.491965
-0.711758 -0.903464 0.343145
-0.332805 -0.251528 -0.176688
0.267419 0.850698 -0.179486
1.11988 1.05496 -0.591687
1.31801 0.754907 -0.497655
1.59872 0.132392 -0.513521
1.30085 0.840637 -0.425802
1.00523 1.19036 -0.308586
0.782673 1.08303 -0.0680682
0.776819 0.586943 -0.274953
0.92081 0.258091 -0.105319
0.0405447 0.541356 0.264877
-0.298508 0.639941 0.293487
-0.317959 -0.228526 0.154272
-1.72099 -1.64021 0.925398
-2.19023 -1.78181 1.01012
-2.25668 -1.60124 0.777863
-1.52279 -1.39615 0.496688
-0.255829 -1.24585 -0.194757
-0.287448 -0.889563 -0.169696
-0.432237 -0.622044 -0.028398
-0.101328 -0.173038 -0.501134
0.0627745 0.182681 -0.557904
-0.220974 0.272804 -0.368474
-0.330973 0.340005 -0.552343
-0.0677793 0.638676 -0.482124
-0.386692 1.34973 -0.155304
-0.0972516 0.832598 0.540099
0.312223 0.687702 -0.0896473
0.616013 0.768799 0.0471854
0.869491 -0.162073 0.0202852
0.736473 -0.520918 0.208046
0.00806106 -0.506388 0.00770675
-0.318881 -0.53626 0.388899
-0.247879 0.0466357 0.209484
0.257661 0.0184951 0.0915686
1.34541 0.304238 -0.462246
1.52391 -0.0299105 -0.301511
1.13389 -0.0493534 0.061787
2.10694 -0.158739 0.0961526
1.75079 -0.0664479 -0.0817543
0.570349 -0.353288 0.363376
0.719039 -0.517108 -0.0607875
0.988712 -0.645159 -0.556594
0.360802 -0.326004 -0.2412
-0.580701 -0.282226 0.220057
-1.09263 -0.0157955 0.14146
-1.73306 0.543932 -0.261253
-2.34874 0.794342 -0.121066
-2.30423 0.974583 0.464132
-1.712 1.43207 0.220947
-1.3257 1.46675 0.0654615
-0.537714 1.25052 -0.098357
0.192726 0.834546 -0.216902
0.292931 0.517584 -0.00126899
0.432355 -0.187141 -0.0323291
0.42176 -0.496076 -0.433658
0.433831 -0.551895 -0.239649
0.632197 -0.745705 0.22133
0.0539819 -1.05509 0.636285
-1.09815 -1.02219 0.829102
-0.958224 -0.738891 0.519895
-1.05094 -0.91844 -0.0595143
-1.36011 -1.40951 -0.0186181
-1.80933 -1.58704 -0.198818
-1.1588 -0.598677 0.0132601
0.323834 0.107689 -0.825494
1.45009 0.554992 -0.867777
1.50509 0.4158 -0.550254
2.14583 0.35114 -0.410427
2.39359 0.53775 -0.461266
2.10643 0.940605 -0.0164973
1.0801 -0.0406574 0.438077
0.537335 -0.385669 0.481491
0.703151 0.171209 0.909807
0.7717 0.47205 0.836218
0.271217 0.551786 0.294839
-0.161334 0.285369 0.338749
-0.18696 0.250042 0.408134
0.0491831 0.481982 0.100775
0.136404 0.192143 0.152027
0.1473 0.168292 -0.041342
0.203019 -0.457128 -0.436008
0.0374024 -0.966916 -0.751422
-0.0585814 -0.67001 -1.12804
-0.585966 -0.915562 -1.01421
-1.41956 -0.856696 -0.507033
-2.03357 -0.46079 -0.150564
-1.84392 -0.149661 0.498087
-1.41731 0.840608 0.427109
-1.43783 1.69256 0.612044
-1.42425 1.54891 0.389336
-1.12026 1.52791 0.112325
-0.966972 1.76276 -0.0457355
-1.44013 1.36889 0.181129
-1.12238 0.391169 0.514186
-0.571013 -0.337928 0.288141
-0.0504797 -0.531544 0.385594
0.499383 -0.987276 0.291309
1.02534 -0.875172 0.240505
1.27331 -0.76825 -0.257928
1.19896 -0.671604 -0.439276
0.921963 0.0491355 -0.445452
0.902912 0.564412 -0.446596
1.08543 0.54608 -0.367823
1.58541 0.480127 -0.3982
1.68168 0.0398553 0.116651
1.5867 -0.476256 -0.0336342
1.69721 -0.423259 -0.268597
1.09945 -0.769594 -0.398317
0.492584 -0.817255 -0.229208
0.324398 -0.391551 -0.0295096
0.343654 0.650203 -0.0503334
0.337749 1.84047 0.0944371
0.355181 1.39384 0.42379
-0.126332 0.731906 0.343316
-0.792908 0.704651 0.367243
-0.497211 0.256475 0.297768
-0.3246 -0.424989 0.57782
-0.721903 -0.491713 0.172824
-0.999697 -0.298166 -0.232824
-1.07633 0.141778 -0.115984
-1.60418 0.205401 -0.223546
-1.86223 -0.584639 -0.297872
-2.1495 -0.778535 0.157061
-1.83489 -0.494102 0.446351
-1.50986 -0.774217 -0.0191161
-0.776606 -1.16964 0.240993
0.250857 -1.05424 0.309321
0.615753 -0.792534 0.44871
0.291921 -0.300756 -0.125377
0.0617884 -0.113594 -0.290309
0.49954 -0.114371 -0.328267
0.205865 0.118386 -0.288487
-0.425899 0.866514 -0.247293
0.168141 0.948922 -0.0540529
1.0291 0.295233 0.0321748
1.83607 0.525151 0.158989
1.97199 0.401828 0.0395963
2.65304 -0.369729 -0.0330543
1.94966 -0.0712953 -0.107462
0.796653 0.562336 0.0367483
0.467056 0.849709 0.179701
0.353947 0.538595 0.147071
0.421609 0.662198 0.0240913
0.391445 0.708491 -0.0173517
0.893289 0.792296 -0.00607895
1.36165 0.650147 -0.0203807
0.982334 0.0387887 0.124561
0.0208637 -0.140293 -0.0203629
-0.989718 0.159946 -0.0195218
-1.44333 0.532117 -0.245112
-1.48228 0.596127 -0.409569
-1.53345 0.0693302 -0.403991
-1.60218 -0.132197 -0.020015
-1.06003 0.485268 0.117223
-0.861458 0.150225 0.196904
-0.972618 -0.777806 0.222422
-0.975534 -1.45596 0.346971
-1.05431 -1.04479 0.371718
-0.814687 -0.718874 -0.20406
0.154064 -0.168524 -0.0735187
0.620788 -0.320374 0.138648
0.176634 0.201312 0.050326
-0.124766 0.756876 -0.168919
-0.0293257 0.6179 -0.206375
-0.372825 0.215728 0.0915387
-0.427627 -0.587121 0.114011
-0.710523 -0.165335 0.4655
-0.548443 -0.15566 0.0992846
0.147944 -0.744547 -0.287974
0.793553 -1.11531 -0.352031
0.872844 -0.854171 -0.177892
0.973646 -0.413309 -0.167932
1.1902 -0.102778 -0.0854258
1.1636 -0.451518 0.0850087
1.21251 -0.763697 0.278997
1.1647 -0.390423 0.0736412
0.872424 0.0900566 -0.217736
0.785172 0.143216 -0.207641
0.555716 0.243923 0.0743916
0.511541 0.794423 0.134781
0.345976 1.21561 0.0514837
-0.27351 1.28153 -0.253519
-0.308752 0.606256 0.0860105
-0.20705 0.113882 -0.0447405
-0.394733 -0.292947 0.0454175
-0.946667 -0.156559 -0.0997236
-0.919525 -0.0783559 -0.38329
-1.24251 0.00440896 -0.098254
-0.929052 0.231556 -0.136525
-0.306579 0.493818 0.168136
-0.381245 0.61584 0.0834908
-0.475007 0.140576 0.270479
-0.145218 -0.533956 0.217257
-0.204281 -1.08754 -0.147876
-0.661284 -0.996784 -0.257406
-1.2063 -0.429018 -0.128296
-1.32061 -0.0903366 0.0118617
-1.29844 -0.0601229 0.487399
-1.15713 -0.0510206 0.325936
-0.933593 0.29646 0.50003
-0.220106 0.120917 0.424416
0.819565 -0.234849 -0.0181972
1.2753 0.0680951 -0.163882
1.17958 0.0975169 -0.0560401
1.08334 -0.181384 -0.0862215
1.39406 0.404361 -0.347163
1.58541 0.836811 -0.250698
1.68004 0.560708 -0.448831
1.86584 0.316194 -0.568268
1.40238 -0.155917 -0.195646
0.616243 -0.466644 0.338018
-0.211034 -0.111002 0.343695
-0.453777 -0.503655 0.178725
-0.308823 -0.576121 -0.118606
-0.409585 -0.706956 -0.304882
-0.569756 -0.454075 -0.353992
-0.848168 -0.254196 -0.172488
-0.249552 0.0614265 0.134706
-0.17967 0.291682 0.0198931
-0.504514 0.343972 0.140726
-0.0569139 0.0888138 -0.0649032
0.253397 -0.0030132 -0.21544
-0.361808 -0.0208587 -0.0246582
-0.605868 -0.578564 0.377965
-0.824923 -1.04151 0.473411
-1.24184 -0.54274 0.0685082
-1.27055 0.247659 0.238315
-0.91187 0.434427 0.274115
-0.591127 0.167901 0.0730941
-0.532823 0.61545 -0.0471836
-0.282695 0.936791 -0.0111325
0.0758274 0.579226 -0.0888917
0.0113616 0.0980085 -0.171077
-0.122143 -0.574583 -0.148091
0.160983 -0.809334 -0.146242
0.553027 -0.733361 -0.13227
0.683486 -0.688086 -0.194361
1.03212 -0.841832 -0.244057
1.04869 -0.781842 -0.183188
0.928968 -0.0409631 0.17652
0.86308 0.0860178 0.501612
0.742111 0.273663 0.285519
0.690382 0.577859 0.135106
0.292792 0.428797 -0.0501291
0.0440505 0.541257 0.0330407
-0.0895149 0.622899 0.0127387
0.24991 0.226193 -0.353496
0.278514 0.13602 -0.145181
0.224415 0.322849 -0.122038
0.661593 -0.0982278 -0.305851
0.667311 -0.0128179 -0.256587
0.212213 -0.0287448 -0.0159065
-0.0489396 0.0810875 -0.0675618
-0.325817 0.128599 -0.139928
-0.477304 -0.0191237 -0.00321814
-0.59577 -0.090132 0.115921
-0.527116 -0.245764 -0.0406999
-0.690154 -0.434253 -0.0101922
-0.644629 -0.369995 0.398678
-0.825781 -0.2325 0.724704
-1.00998 -0.403869 0.280903
-1.06969 -0.226939 0.365038
-0.671916 0.0606961 0.451745
-0.722504 -0.0350261 0.41542
-0.318778 0.219995 0.0319821
0.29269 0.517856 -0.197966
0.765915 0.315742 -0.490258
0.342514 0.300463 -0.380939
-0.202226 0.307094 -0.272156
-0.308646 -0.093785 -0.365976
0.110271 -0.0631907 -0.10118
0.260067 0.0089818 0.119988
0.652006 -0.561889 0.119008
1.1272 -0.733565 -0.273609
1.56476 -0.239705 -0.303359
1.32438 -0.268245 -0.248177
0.794711 -0.743378 -0.255676
0.437435 -0.356928 -0.105259
-0.0152859 0.179724 0.253721
-0.0142371 0.166693 0.263026
0.161526 0.332928 0.329511
0.80634 0.387039 0.116187
1.36708 0.64689 0.0846586
1.12095 0.784675 0.111337
0.529892 0.780727 -0.0278329
-0.160222 0.505913 0.0863492
-0.604956 0.236645 -0.123941
-1.30212 -0.179679 0.0635149
-1.59609 -0.879497 -0.142783
-1.25239 -0.905501 0.0333931
-1.06904 -0.702187 0.216829
-1.10207 -0.181847 0.280155
-1.18558 0.389877 0.241653
-1.07771 0.572621 0.0190579
-0.816964 0.921404 0.103253
-0.800993 0.987099 -0.0525636
-0.326845 0.686937 -0.392549
0.0335101 -0.114033 -0.389191
0.113157 -0.50321 -0.501925
-0.132633 -0.200402 -0.299205
-0.196339 -0.0842867 -0.250672
-0.121578 0.513331 0.142259
-0.0936095 1.12771 0.481631
0.146244 0.935832 0.199532
0.352789 0.286262 0.200525
0.473668 0.13817 0.106849
0.704907 -0.261228 0.0403817
0.891844 -0.798533 0.102229
1.32538 -1.05283 -0.199835
1.56211 -0.875574 -0.0357985
0.958019 -0.590879 0.291969
0.618716 -0.426772 0.190297
0.584851 -0.364095 -0.0129967
0.722854 -0.580549 -0.287197
0.773342 -1.04902 0.0661164
0.611512 -0.52612 0.140643
0.331549 0.397546 0.0374262
0.217044 0.538254 -0.152117
0.0879348 0.959783 -0.326122
-0.548195 0.92983 -0.285288
-1.29829 1.13526 -0.323669
-1.88217 0.714012 -0.0526262
-1.91572 0.382904 0.183509
-1.33717 0.171738 0.29585
-0.618676 -0.210638 0.185845
-0.307657 -0.770293 0.0699201
-0.0975016 -1.17201 -0.054534
-0.0381004 -1.16239 -0.0247648
-0.149969 -1.31257 0.0906271
-0.587939 -0.955855 0.308516
-0.897784 -0.354575 0.442841
-1.16593 0.760816 0.378125
-1.04999 1.00689 0.194601
-0.199504 1.40204 -0.267704
0.128602 1.5848 -0.285888
0.137935 1.36168 -0.248818
0.657587 0.98079 -0.267775
0.693384 0.670835 -0.30127
0.676542 0.382621 -0.163985
0.855991 0.082479 -0.0184028
0.808742 -0.0830975 -0.256754
0.738033 -0.465096 -0.0517076
0.863002 -0.646779 0.187167
1.39454 -0.547846 0.0849179
1.5088 -0.372799 0.0851514
1.09755 0.0674588 0.157138
0.397496 -0.00937176 0.132597
0.18396 0.164909 0.0466924
0.0106454 0.693217 -0.0117462
-0.287696 0.688058 -0.0995931
-0.59626 -0.0517474 -0.167321
-0.710902 -0.376607 -0.228495
-0.499097 0.122799 -0.338431
-0.478496 0.162829 -0.211493
-0.732157 0.193847 0.0312692
-1.09111 -0.117121 0.182134
-0.697405 -0.421175 0.186752
-0.398451 0.0515929 0.376394
0.0368039 -0.0230212 0.277731
0.599268 -0.214281 0.122813
0.652471 -0.256339 0.0982443
0.47964 0.0305716 0.0624246
-0.154844 -0.0258707 -0.0670378
-0.96054 -0.0297527 -0.285842
-1.16659 -0.08951 -0.232903
-1.12748 -0.582263 0.161138
-0.920172 -0.932852 0.255205
-0.305856 -0.69173 0.406508
0.429628 -0.790976 0.203863
0.856137 -0.94799 0.00587072
1.10447 -0.841151 -0.113119
0.879705 -0.792496 -0.0559627
0.605823 -0.454582 -0.0511765
-0.0472676 -0.00468352 -0.0316965
-0.305396 0.38794 -0.0424211
-0.0361016 0.771318 -0.139845
0.0818136 0.935834 -0.240966
0.0372884 1.24167 -0.0640846
0.289138 1.05894 0.112748
0.420671 0.799429 -0.0109779
-0.142072 0.491382 -0.0723175
-0.638948 -0.0842238 -0.192016
-0.220125 -0.362404 -0.181782
0.052392 -0.207836 -0.0195931
0.5848 -0.216182 0.0289557
1.13146 -0.145537 -0.0113078
1.58503 -0.2792 0.180886
1.8364 -0.187035 0.387313
0.993436 0.159873 0.196123
0.139248 0.282954 0.0588604
0.0244122 0.255 -0.214544
-0.522465 0.577202 -0.10825
-0.475771 0.764239 0.0279923
-0.65757 0.829586 -0.0373807
-0.330567 0.806071 -0.156947
-0.303806 0.541302 -0.258837
-0.539398 0.0611055 -0.169674
-0.755615 -0.498091 -0.093407
-0.569586 -0.715274 0.265
-0.647537 -0.825607 0.271809
-0.771824 -0.849661 0.240246
-0.763795 -0.538186 0.0204567
-0.838782 -0.0334318 0.0905459
-0.708283 0.510582 -0.0790475
-0.427938 0.70901 -0.122239
-0.367356 0.854852 -0.0281493
-0.532341 0.294192 0.119859
-0.313694 -0.323689 0.242222
0.149578 -0.400044 0.0995439
0.135112 -1.00128 -0.0489088
0.044309 -1.28838 -0.261132
0.0900685 -1.01698 -0.305719
0.524526 -0.707761 -0.0748459
0.812155 -0.125077 -0.0266714
0.732499 0.376128 0.0682858
0.914658 0.242384 0.05722
0.998733 0.305693 0.109596
1.13135 0.170251 -0.131218
1.27248 -0.142952 -0.242764
1.20078 -0.244009 -0.139541
1.06156 -0.455509 0.108457
1.12811 -0.322893 -0.112504
0.997453 -0.14886 -0.234493
0.581086 -0.273837 0.119443
-0.0430624 -0.399719 0.335428
-0.690227 -0.288996 0.51068
-0.999061 -0.112248 0.264971
-1.21792 -0.229914 0.107786
-1.40316 -0.0947786 0.0812279
-1.59003 -0.447783 0.035052
-1.42464 -0.254637 -0.364819
-0.912543 0.244706 -0.682084
-0.481518 0.344588 -0.486363
-0.137807 0.481877 -0.170051
-0.259167 0.424814 -0.00256239
-0.407588 0.783769 0.0522888
-0.409846 0.883514 0.0901258
-0.371481 0.544503 0.0198205
-0.733914 0.238576 0.0339814
-0.888643 0.0556303 0.217381
-0.572681 0.0054468 0.29417
-0.193634 0.435 0.217994
0.00426386 0.503995 0.157791
0.204184 0.374857 0.267731
0.268225 0.31779 0.0570477
0.707695 0.0831073 0.0217489
1.13674 -0.184885 -0.126004
1.16141 -0.202065 -0.125474
1.04871 0.104135 -0.126998
0.853196 -0.00848366 -0.193698
0.784829 -0.0480364 -0.161173
0.809926 -0.0521627 -0.252251
0.737835 0.206278 -0.191329
0.583449 0.352412 -0.0751308
0.483416 0.0129843 0.101661
0.592246 -0.546638 0.1226
0.377372 -0.594978 0.203012
0.101507 -0.078263 0.26292
-0.191726 -0.152672 -0.0691052
-0.50609 -0.63692 0.0076801
-0.745993 -0.935817 0.013591
-0.897276 -0.862673 0.0761397
-1.00533 -0.709026 0.0785475
-0.805304 -0.851346 -0.0608115
-0.733728 -1.14032 -0.127165
-0.538348 -1.1121 -0.138901
-0.288497 -0.668792 -0.112275
-0.0841336 -0.181648 -0.199128
-0.198026 -0.0839855 -0.284588
-0.484645 0.0173095 -0.14342
-0.368618 0.149572 0.088644
-0.269365 0.558548 0.243557
-0.187391 0.780416 0.177676
-0.0228503 0.67091 0.225934
0.250409 0.219436 0.351462
0.0745905 -0.0130662 0.258374
0.0275013 0.0562272 0.0589557
-0.131035 0.104832 0.00684416
-0.0808424 0.0946947 -0.00284147
0.0180622 0.273278 -0.158516
0.159058 0.672864 -0.180197
0.542543 0.855296 -0.160644
0.91227 0.620501 -0.108638
1.00286 0.241689 -0.163387
0.929247 -0.190677 0.058882
0.903833 -0.398579 -0.0949298
0.625164 -0.15651 -0.0763739
0.375708 0.178181 -0.183979
-0.0981277 0.324835 -0.0999246
-0.470715 0.909568 -0.181354
-0.472715 1.44649 0.122613
-0.716668 1.46405 0.202076
-0.887647 1.17942 0.173989
-0.519548 0.833911 0.083065
-0.346767 0.421161 0.0362608
-0.275311 -0.0247817 -0.0784257
-0.0228848 -0.221296 -0.151028
0.222015 -0.310182 -0.0673356
0.257327 -0.930274 0.129049
0.331033 -1.06475 0.090884
0.34512 -0.60952 0.021017
0.237424 -0.367685 0.0517571
0.19274 -0.639365 0.245164
-0.2046 -0.774539 0.228222
-0.59409 -0.965789 0.239886
-0.343806 -0.739188 0.0772352
-0.598723 -0.707183 -0.0882196
-0.893755 -0.886039 -0.0348353
-0.683846 -0.92319 -0.0866336
-0.401083 -0.615552 -0.286119
-0.150267 -0.441126 -0.260305
-0.295002 -0.299558 -0.0231856
-0.48017 -0.242746 -0.142695
-0.160491 -0.165333 -0.253494
0.325927 -0.06567 -0.213623
0.459389 0.0908128 -0.0483561
0.723861 0.322826 0.116222
0.801888 0.444863 0.221894
0.816447 0.391853 0.176812
0.842975 0.333231 0.247351
0.715319 0.458305 0.255642
0.347577 0.477624 0.267773
0.269527 0.551477 0.235886
0.411559 0.599071 -0.0380342
0.306755 0.76753 -0.055089
0.231033 0.554777 -0.143828
-0.0551979 0.372571 -0.207663
-0.144984 0.180292 -0.675587
-0.16342 0.0520136 -0.162453
-0.0974764 0.173132 0.105313
-0.251756 0.415442 -0.152683
0.163004 0.637007 -0.334958
0.700944 0.483886 -0.403984
0.511904 0.211002 -0.0258692
-0.0153391 0.205193 0.0620391
-0.529596 0.386391 0.346536
-0.4424 0.443572 0.412991
-0.449228 0.398075 0.281944
-0.811704 0.371849 0.384567
-0.886426 0.611292 0.546296
-0.515755 0.671498 0.375798
-0.470998 0.481861 0.275237
-0.781341 -0.0176295 0.187097
-1.03935 -0.433786 0.261447
-0.921414 -0.43422 0.0321617
-0.571958 -0.747466 -0.317889
-0.0131485 -0.780388 -0.468704
0.37778 -0.877349 -0.20452
1.01672 -0.661528 -0.295324
1.48601 -0.0577407 -0.289462
1.63697 0.168473 -0.112517
1.31103 0.012419 -0.314819
0.847735 -0.330019 -0.356368
0.472414 -0.479863 0.0311226
0.16672 -0.271188 0.124695
-0.105637 -0.307634 0.14102
-0.00218334 -0.39738 0.222347
0.0550937 -0.659743 0.330297
-0.103625 -0.738202 0.17207
-0.132242 -0.635825 0.228963
0.058566 -0.644549 0.323238
0.416334 -0.364421 0.0486331
0.341727 -0.148417 -0.0773691
0.0970001 -0.00965543 -0.0574831
0.234339 0.33369 -0.393897
0.135358 0.535407 -0.336752
0.0953504 0.758745 -0.272711
-0.149616 0.521872 -0.41556
-0.494111 0.261276 -0.20157
-0.706288 0.00143371 -0.0755525
-1.09849 -0.098998 0.0889058
-1.23305 0.0218099 0.221766
-1.18963 0.282904 0.211206
-1.03272 0.508773 0.18453
-0.635862 0.478615 0.21856
-0.286093 0.711561 0.328541
-0.154575 1.05389 0.211563
-0.126174 0.874926 0.0526833
0.0137611 0.545244 0.0210311
0.255197 0.110727 0.113469
0.400607 -0.274298 0.00902865
0.301862 -0.288809 -0.159507
0.294703 -0.133726 -0.0534893
0.569161 0.233387 -0.152385
0.626703 0.395771 -0.225685
0.160969 0.544155 -0.128888
0.266403 0.531966 -0.169816
0.485134 0.232848 -0.20607
0.387186 0.124389 -0.0795578
0.305153 -0.0992084 0.0434365
0.39852 -0.115354 -0.0163123
0.467156 0.035319 0.050292
0.321237 0.0361636 -0.0752162
0.0804206 0.0391182 0.050862
-0.0541948 -0.00654698 -0.0215998
0.126628 -0.317906 0.139042
0.185264 -0.633626 0.210132
-0.207044 -0.679664 0.111562
-0.463075 -0.767384 0.109045
-0.25271 -0.793 0.2773
-0.270175 -0.634101 0.0918735
-0.324602 -0.636262 0.0711727
-0.401547 -0.57661 -0.0216388
-0.591427 -0.459494 -0.247757
-0.793404 -0.294093 -0.283523
-0.783007 -0.247051 -0.265068
-0.634227 0.101554 -0.0335525
-0.403141 0.204747 -0.197752
-0.192189 0.0843803 -0.074125
0.207642 0.211029 0.0315358
0.335095 0.145988 -0.0418556
0.0273459 -0.0963388 0.0508713
-0.0948106 -0.177583 0.248687
-0.168506 0.0081724 0.324833
-0.273241 0.0444403 0.143308
-0.0194968 0.152969 0.183316
0.434657 0.0521064 0.210133
0.738058 -0.0158125 0.0511943
0.911352 -0.00742186 0.0650258
0.745681 0.0623623 -0.203169
0.619076 -0.0117411 -0.123084
0.358646 -0.0306554 -0.152399
0.112054 -0.0960667 -0.249324
0.00389507 -0.135987 -0.173428
0.197303 -0.134379 -0.123142
0.233809 0.0659632 -0.233096
0.197542 0.17296 -0.17802
0.114757 0.257309 -0.15798
-0.12766 0.568788 -0.0386552
-0.394096 0.730751 -0.036367
-0.480672 0.754474 0.0472672
-0.519848 0.681826 0.292823
-0.29368 0.515567 0.37308
-0.0357311 0.357323 0.107567
0.114441 0.17169 0.166775
0.18984 0.260733 0.148258
-0.204173 0.0752101 0.0500632
-0.32216 -0.00943828 -0.044757
-0.360029 -0.0555175 -0.0245101
-0.438301 -0.273536 -0.134335
-0.298897 -0.184282 -0.113915
-0.107585 -0.173434 -0.228619
-0.115195 -0.20223 -0.219891
-0.188871 -0.144182 -0.0463415
-0.0481944 -0.225681 -0.0188275
-0.126557 -0.44813 0.077181
-0.024126 -0.742145 0.179952
0.179008 -0.901642 0.139112
0.383457 -1.05697 0.000958332
0.203048 -1.07629 0.10934
0.151789 -0.873402 0.165901
0.289852 -0.657445 0.133881
0.416544 -0.244947 0.263479
0.528496 0.0992766 0.15724
0.716835 0.231424 0.0945297
0.76906 0.157627 0.0267464
0.476079 0.250681 -0.220987
0.314731 0.247347 -0.155374
0.193304 0.0536429 -0.332693
-0.0524984 0.0992103 -0.471985
-0.354014 0.0405411 -0.388613
-0.299943 -0.214375 -0.400463
-0.504227 -0.182538 -0.35314
-0.495115 -0.204421 -0.147577
-0.283007 -0.196369 0.18681
-0.19956 -0.025248 0.312595
0.0240011 0.24959 0.266791
0.247821 0.436481 0.482913
0.30491 0.338725 0.382926
0.209301 0.249722 0.261249
0.217947 0.331172 0.241784
0.0880297 0.298 0.213249
-0.030878 0.112244 0.0915683
-0.223427 0.142965 0.209076
-0.516927 0.196286 0.163038
-0.653896 0.406429 0.0190491
-0.586972 0.531026 -0.209762
-0.464946 0.62754 -0.321392
-0.325181 0.543413 -0.322782
-0.0163289 0.353135 -0.47813
0.43719 0.314189 -0.496267
0.470009 0.393644 -0.360527
0.236336 0.14184 -0.157032
0.266301 -0.0930245 -0.0593727
0.181782 -0.00733632 0.101635
0.0966692 -0.318606 0.128762
0.119144 -0.52363 0.320388
0.0116893 -0.596065 0.302504
0.00459943 -0.809971 0.341869
-0.00662244 -0.933029 0.31053
-0.22894 -0.861546 0.301063
-0.246149 -0.701424 0.270235
-0.187677 -0.496635 0.176425
0.136001 -0.133713 -0.0156365
0.37628 0.188381 -0.219888
0.37969 0.326512 -0.427705
0.491508 0.360301 -0.520911
0.236727 0.357755 -0.422908
0.0576547 0.396821 -0.406715
0.0124021 0.441374 -0.256324
0.0575495 0.3181 -0.0785933
0.0668509 0.177968 0.134478
0.0473386 0.23224 0.226448
-0.0310558 0.0152973 0.269444
-0.060408 -0.225561 0.377476
-0.113277 -0.411578 0.400436
-0.0544697 -0.482076 0.221029
-0.0285637 -0.256002 0.164407
0.0715188 -0.273646 0.0570118
-0.108661 -0.275163 0.131747
-0.37935 0.0847679 0.104988
-0.408609 0.194502 -0.0747266
-0.474713 0.110285 -0.0246635
-0.640593 -0.0990026 -0.121036
-0.440945 -0.230915 -0.215804
-0.21402 -0.243767 -0.284568
-0.0811583 -0.168738 -0.280884
0.0866287 -0.0721384 -0.172612
0.0990791 0.139351 -0.19212
-0.0210521 0.547632 -0.240182
-0.00314763 0.848943 -0.0533744
-0.00255231 0.878523 0.0391421
0.0561708 0.674405 0.209657
0.149772 0.36969 0.246725
0.0945728 0.0688505 0.249602
-0.000383883 -0.0149437 0.224153
-0.0223104 -0.127707 0.100711
-0.0115907 -0.165465 0.113927
0.198512 -0.238096 0.0870322
0.292819 -0.12698 0.102524
0.293947 0.165129 0.0658196
0.347021 0.168028 0.0279222
0.446381 -0.0985124 -0.173779
