0.00217166 -0.00236016 0.0090169
0.00471886 -0.00434072 0.0106146
0.0137726 -0.010897 0.00276644
-0.00407201 0.012117 -0.0124634
0.0100803 0.0537458 -0.0210035
-0.00205412 0.00514967 0.0393464
-0.0210179 0.0143284 -0.0272779
-0.0247411 -0.00814206 0.00411816
-0.0310487 -0.0733591 0.0695894
-0.0726275 -0.0160073 -0.0072881
0.00800998 -0.00508234 -0.120496
0.00749511 0.00722324 0.0339651
0.0510919 -0.0673972 -0.0192253
0.0187404 0.0303995 -0.0394938
-0.0212643 0.118809 0.0317433
-0.00238858 0.0999775 0.102055
0.0655007 0.051959 -0.0468455
-0.00518397 0.00590602 -0.0746641
-0.0237251 0.0163045 0.00491541
-0.0492925 -0.0387243 0.0128292
-0.0243803 -0.0517901 0.00916098
0.00934406 -0.0887862 0.00874128
-0.0256216 -0.144161 0.0240241
-0.0355396 -0.0427193 0.0180471
0.0294228 0.0782244 -0.0719357
0.0342822 0.108552 -0.0484404
0.0645855 0.0662439 0.107476
0.116881 -0.0117387 0.0770824
0.0671658 0.0241466 0.0262655
-0.00307091 0.0634677 0.0753291
-0.0374226 0.0280037 -0.0450609
0.00849853 -0.0186715 -0.0990421
0.0289523 -0.0623719 -0.0516623
-0.0673788 -0.0347805 -0.0366587
-0.0315581 -0.0652998 0.0382605
0.00275899 -0.0419048 -0.00864587
-0.00898325 -0.0454258 0.0392421
0.00866277 -0.0858809 0.00513576
0.0207947 -0.0724441 0.0497891
0.0185786 0.057596 -0.155233
0.0518131 0.088977 -0.143294
-0.00159733 0.0777362 -0.0151838
-0.0248999 0.0585034 0.0894868
-0.00553485 0.0715907 0.127818
-0.0634436 0.0888095 0.0460363
-0.0788703 0.146061 0.146791
-0.0902425 0.00893885 0.0808582
-0.0478567 -0.122881 0.0384573
-0.0153912 -0.0803019 0.00693928
-0.00493348 -0.0568185 -0.0948162
0.0414572 -0.0447964 0.000770145
0.0623129 -0.00678697 -0.0361249
0.0673867 -0.0195927 -0.0705982
-0.00444819 -0.0675455 -0.138737
0.0395619 -0.0237387 -0.146567
0.0355214 0.0706075 -0.0669168
0.0213927 0.0136065 0.0390828
-0.0379448 -0.0250974 0.0324526
-0.0329389 0.00263548 0.0715888
-0.0436821 0.118512 0.0840443
-0.000923375 0.0422011 0.0553489
0.0113939 -0.0402525 -7.60744e-06
0.000414288 -0.0298129 0.0194945
0.0615837 0.0539853 0.0182132
0.131015 0.0319571 0.0572702
0.0813942 0.00202919 0.0124615
0.0259904 -0.0381926 0.0713264
-0.014548 -0.045536 0.0496512
-0.0479533 -0.048972 -0.0463259
-0.0695162 0.0319652 -0.170135
-0.0721478 0.0343788 -0.0548976
-0.0823725 -0.0650383 -0.134818
0.00420177 -0.0662906 -0.103537
0.029195 0.0141444 -0.0323349
0.0307552 0.0127059 0.120198
0.0427558 -0.0379481 0.0282322
-0.0185348 0.00180924 -0.0227623
-0.00738303 -0.0202276 0.213959
-0.0187775 -0.0684321 0.0388774
-0.050265 0.0502036 0.0867507
-0.0729131 0.0539737 -0.0379634
-0.0784955 -0.000470286 0.0621469
-0.0696206 -0.0753163 0.0855812
-0.0742994 -0.0340389 -0.0894871
-0.00483684 -0.0334404 -0.155759
-0.0168978 0.00062832 -0.0027629
0.0264914 0.0102007 -0.0425218
0.060069 0.0216923 -0.000541632
0.0743391 -0.0696609 0.0233779
-0.00967362 0.00370813 -0.0993821
0.0120261 0.0716678 -0.217179
0.0493027 0.0531537 -0.0288073
-0.0449208 0.0593701 0.0464203
-0.0361342 0.0452563 0.0975424
0.01971 0.0318189 0.0701531
0.0835029 0.00233221 0.130738
0.0241697 -0.0239551 0.0348008
0.0350352 -0.0309656 0.0218245
0.122242 0.0475384 0.119144
0.0721593 0.0875716 0.0682382
0.0780405 0.00297232 0.008549
0.0373073 -0.0553016 -0.0549881
-0.0453888 -0.047888 -0.0288436
-0.0815356 -0.0741372 -0.16666
0.0318152 -0.00342264 -0.222653
0.0520691 0.111674 -0.130468
-0.0531354 -0.0395599 0.191279
-0.0549557 -0.0804249 0.150678
-0.0169499 -0.0330002 0.0192049
-0.0145075 -0.0303731 0.0508384
-0.0591244 -0.0017211 0.00108395
-0.0539645 -0.0458343 -0.128657
-0.0914433 -0.0498889 -0.0275391
-0.0635827 -0.106618 0.0260741
-0.0348257 -0.102368 0.0527147
-0.0432821 -0.0425665 -0.0674427
-0.0818663 -0.0194666 -0.0631532
-0.019689 -0.0284019 0.0428555
0.0193715 0.036439 0.0944742
0.114185 0.0668858 -0.0801984
0.0654317 0.023 -0.0704107
0.0467609 0.0571615 -0.0396862
0.0599449 0.0541366 0.187161
0.0804991 0.0382108 0.00647807
-0.0280685 -0.0090005 0.0549729
-0.024715 0.0711382 0.0405187
-0.0255854 0.0908129 -0.0243024
0.0538854 0.0436675 0.0257888
0.0131914 -0.0142646 0.217246
0.0407698 0.024682 0.15938
0.102069 0.0905132 -0.089931
0.137036 0.0698532 -0.254136
0.0537381 -0.0725578 -0.150918
-0.0221888 -0.0654017 -0.210935
0.0232021 -0.0511507 -0.0383081
0.0519723 -0.0657059 0.0321709
-1.92772e-05 0.00429648 -0.00123408
-0.0642611 0.0319202 0.0614792
-0.0530372 -0.0205057 -0.0480504
-0.0361927 0.0212343 0.114696
-0.0176176 0.0504799 0.00544682
-0.0611041 0.024246 0.177403
-0.0907076 0.0112601 -0.1233
-0.117944 -0.0599937 0.0378456
-0.0595893 -0.135527 -0.0204119
-0.0615909 -0.0669154 0.0874648
-0.00608258 -0.0653949 0.0336645
-0.00261147 0.0197774 -0.0922875
0.0504063 0.058687 0.0404434
0.0090772 -0.0576424 0.0893575
0.0292121 -0.062885 0.00723908
0.0732469 -0.0306591 -0.0459799
0.0532438 -0.0189901 0.119707
-0.0153641 0.00440449 -0.0524662
-0.0369184 -0.00744372 -0.106684
-0.0218179 -0.0427096 -0.208622
-0.0280136 -0.0104449 -0.0357182
-0.0440189 -0.0302889 0.065396
-0.0538974 0.0436635 -0.108676
-0.0125082 0.121914 0.0204583
-0.00511133 -0.035031 0.319148
-0.0112314 -0.0857206 0.0177523
0.0264969 -0.0306027 -0.0894861
0.0542683 0.093492 0.00980979
0.129772 0.154859 -0.127041
0.144056 0.0453081 -0.263826
0.0520692 0.0791804 0.0701491
-0.0190851 0.0745665 0.352248
-0.0097156 0.0578609 0.0799366
0.0131392 0.0831762 -0.00873624
-0.022033 0.0465701 -0.0463355
-0.110402 -0.0438969 0.0473053
-0.0355102 -0.0869647 -0.125898
0.0239127 -0.0147845 -0.151081
-0.000849523 -0.0187563 -0.0468259
-0.0449903 0.00399234 0.0688208
0.0243901 -0.0245978 0.159086
-0.0521522 -0.0967993 -0.0678802
0.00842844 -0.0969827 -0.175117
-0.0397069 0.062873 -0.0337414
-0.0152909 0.144844 0.025232
0.032689 0.0218391 0.131584
0.0124782 -0.0874386 0.0522833
-0.0684785 0.0712864 0.15469
-0.0736098 0.157654 0.0366936
-0.168332 0.00405299 -0.0138823
-0.161151 -0.074501 -0.154613
-0.0872122 -0.0533618 0.0170581
-0.0243677 -0.0593343 0.0114046
0.000498585 -0.123323 0.200625
0.0178698 -0.131709 0.00905385
0.00348553 -0.0882944 -0.103393
0.0813668 -0.0637673 -0.238801
0.0726249 -0.0299992 -0.24034
0.0996023 0.026688 -0.1176
0.0686707 0.0269746 0.0774372
0.0135321 0.059764 0.0754083
0.0566873 0.0409568 0.0932317
-0.0100587 0.0264022 0.0874747
-0.0018166 0.0511217 0.0472866
-0.0175937 0.0573073 0.0875329
0.0421685 -0.00793136 0.00855003
0.0377314 -0.00274368 0.0862343
0.0542261 -0.0151538 0.251559
0.0230544 -0.0348817 0.147207
0.0714985 -0.0603294 -0.0290961
0.0328816 0.0259641 -0.212247
0.0599856 0.132796 -0.247495
0.037483 0.138903 -0.150688
-0.0142932 0.0238758 -0.186521
-0.0124845 -0.0269329 -0.0829245
-0.0341226 -0.0308395 0.0511544
-0.10992 0.0611412 0.0140668
-0.073553 -0.0034907 0.0585208
-0.0724928 -0.0305222 0.0349231
-0.0702077 -0.0901522 0.0818572
-0.0115492 -0.0458172 0.149278
-0.0193878 0.0524096 0.0324486
-0.0324677 0.0821836 -0.192923
0.0405347 0.0447376 0.176941
0.0440856 -0.00988097 0.0664074
-0.03518 0.00974105 0.0216754
-0.115398 0.0372371 -0.0227007
-0.0731596 0.0847795 0.109093
-0.0112249 0.0730823 0.0602663
-0.0566363 -0.0617138 0.0617213
-0.027042 0.0885893 -0.0242566
0.00647107 0.162741 -0.0177069
0.0705157 0.0529077 -0.109991
0.11386 -0.0857841 -0.158738
0.0621654 -0.0879431 -0.147284
0.0606166 -0.127267 -0.00792945
0.0594407 -0.0731011 -0.0517125
0.172045 -0.0850538 0.00691024
0.0807363 -0.0531123 0.0255617
0.045334 0.0589802 0.0673406
0.07777 0.0479935 0.0055999
0.0803971 0.0710285 0.119014
0.0720738 0.0995152 -0.0450358
0.0267862 0.0450351 0.0654293
-0.0624116 0.00852985 -0.0987079
0.00409888 -0.076768 0.011845
0.00162605 -0.0499227 0.119221
0.0285477 -0.00808345 0.0979141
-0.00516553 -0.0511952 0.0587065
-0.0171744 -0.00668046 -0.141063
-0.00277339 0.138545 -0.0259928
0.031499 0.00892954 -0.0312339
-0.057328 -0.0793911 -0.0897053
-0.0295997 0.0261286 -0.0176604
0.00838522 0.00576952 0.0475274
-0.0649116 -0.0552397 0.175301
-0.0336383 -0.124947 0.0172693
-0.0458047 -0.0718509 0.0497236
-0.0583831 0.0224568 0.0328468
-0.0636685 -0.0158124 -0.0328765
-0.0782251 -0.0775269 -0.160206
-0.0956557 0.0141143 -0.113553
0.0204972 0.0526172 0.240155
0.0717715 -0.0197101 0.111309
-0.00492839 0.0133184 0.059197
-0.00302196 0.067998 -0.13443
0.0390721 0.0617098 -0.251791
0.160584 0.0523867 -0.0530834
0.117852 0.0424335 0.00863148
0.0979256 0.141771 0.0101414
0.0121498 0.0596603 -0.0303882
-0.0759418 0.115439 0.00227445
0.0661782 0.107972 -0.0060184
0.0689081 0.00837547 0.0242491
-0.00397875 -0.100811 0.137622
0.0223775 0.0234784 0.0922595
0.0999927 -0.0254261 0.00975921
0.0803311 -0.0393471 0.054315
0.216152 -0.140108 0.075262
0.0647819 -0.170897 0.0683983
-0.0593812 0.016888 -0.0151231
-0.0415379 0.00818662 -0.0690189
-0.111629 -0.0761901 -0.133414
-0.121779 0.0235509 -0.167143
-0.088519 -0.0486033 -0.0138737
-0.123255 -0.00613436 -0.135168
-0.0544636 0.131073 -0.0812227
0.0409459 0.114726 0.00224177
-0.0976591 0.0101352 0.10255
-0.0132469 0.0455243 0.287433
-0.0941639 0.099806 -0.0546223
-0.089538 0.199828 0.0194928
-0.0660813 0.119802 0.0789269
-0.0155765 -0.010982 -0.0570683
0.0202352 -0.0953128 0.144602
0.0342039 -0.141296 0.121164
-0.0464385 -0.0163706 0.016261
0.0451241 0.0897409 -0.205046
0.0524119 -0.0128681 0.0281404
-0.0317039 -0.197491 0.0336844
-0.0474474 -0.161807 -0.0927624
-0.0177388 0.00768961 -0.122668
-0.0716611 0.032578 -0.0109513
0.0032187 -0.107295 -0.0502789
-0.0874842 -0.273533 -0.0820785
-0.0952149 -0.182899 -0.112071
-0.154809 -0.110488 0.0426328
-0.0271464 0.0155127 0.0143354
0.108766 0.153652 0.0647145
0.115077 0.0241898 -0.0067013
0.0137348 -0.115206 0.00602043
0.0592413 0.0554993 -0.0512731
0.0554465 0.143858 0.0279631
-0.0323465 0.0460356 0.000205597
0.0111838 0.00305077 0.184881
-0.0146564 -0.154262 0.113077
-0.103636 -0.0726762 0.0179037
-0.0376164 0.0468269 -0.0936886
0.110894 0.00294087 -0.021536
0.156872 -0.0960373 -0.0701742
0.120047 -0.0801859 -0.00182205
-0.0380339 0.0694742 -0.0500725
-0.0587375 0.168511 -0.100755
-0.0228932 0.00617919 -0.0441009
-0.0920495 -0.0168899 -0.0164404
-0.141444 -0.0167688 -0.120059
-0.118372 0.00821226 -0.0226722
-0.160957 0.247433 0.0548933
-0.107576 0.131463 0.158394
-0.150356 0.0178611 0.200626
-0.131678 0.0884713 0.217236
-0.0336837 0.0603903 0.0725143
-0.0533306 -0.0432517 -0.147866
-0.0382732 0.0680746 -0.146248
0.043627 -0.0360031 -0.463985
0.161172 -0.107054 0.0280026
0.151894 -0.103462 0.00271654
0.0506371 -0.144022 0.23882
-0.103356 -0.100222 0.189565
-0.150966 0.0933015 0.0235573
-0.0320723 0.194409 -0.128833
0.0922259 0.111887 -0.0763058
0.171451 0.042341 -0.0548745
0.144523 -0.0962484 0.0399241
0.27452 -0.116921 0.10026
0.201417 -0.0283134 -0.207167
0.0521271 -0.124926 -0.0287697
0.0321431 -0.251196 -0.0918079
0.00727918 -0.1716 0.141223
-0.0414161 0.0148839 0.182923
0.0862492 0.0571112 0.213413
0.0301361 0.0204836 0.190126
0.0645213 0.0285238 0.182219
0.068134 0.02763 -0.120714
0.014576 -0.0778584 -0.0588179
-0.0711503 0.0369029 -0.231373
-0.09422 0.0345788 -0.237129
-0.0808643 -0.0491511 -0.110583
-0.0372189 -0.228396 -0.150168
-0.0807372 -0.133272 -0.00159037
-0.166383 -0.0369371 0.119718
-0.133802 0.0677784 -0.111452
0.00228181 -0.0263352 -0.186161
0.039166 -0.149549 0.0783335
-0.0109938 -0.0511528 0.145356
0.0524372 0.153452 0.317048
0.0574046 0.0697356 0.0166348
0.0234968 0.121851 0.346427
0.106614 0.165139 0.247395
0.0696499 0.0419449 0.0382014
-0.110478 0.0768018 -0.328568
0.0804453 0.156935 -0.0978849
0.106335 0.0913298 0.0570569
0.116244 -0.000996559 0.0486402
0.224066 0.0316163 0.0322548
0.0955608 -0.0951166 -0.36951
0.0364439 0.00242291 -0.203051
0.124787 0.0189139 -0.312145
0.070483 -0.109009 0.0982143
-0.0230299 -0.171422 0.0528643
-0.0261811 -0.0209501 0.125881
-0.136182 0.057373 -0.0250014
-0.197739 -0.0765079 0.0644735
-0.0925851 0.106493 0.145562
-0.0997772 0.0816402 0.149594
0.00566475 -0.177593 0.0976027
0.0845528 0.00936586 -0.00758686
0.16169 0.213675 0.219326
0.197103 0.0627348 -0.0416267
0.0833161 0.104581 -0.185428
0.184395 0.0153486 -0.255609
-0.0877025 -0.0960078 0.00290891
-0.142837 -0.143153 0.046263
-0.111072 -0.0222605 0.322598
-0.10385 -0.0726716 -0.047451
-0.137884 -0.109607 0.0603075
-0.12675 -0.16041 -0.120787
0.00718224 -0.0428342 0.0415317
0.123315 0.0619085 -0.116854
-0.040565 0.00974781 -0.459223
-0.0200275 0.0954813 -0.249953
0.0897513 0.134954 0.323159
0.0229089 0.0444962 0.0272981
-0.00985439 -0.0304869 -0.0860502
-0.101001 0.0776751 -0.271429
-0.0761328 0.118351 0.439665
-0.0374023 0.0145323 0.108937
-0.00244787 -0.0120029 0.198746
-0.0552896 0.0759443 0.171235
0.0913072 0.0792795 0.62529
0.113974 0.13478 0.1311
0.176913 0.0277134 0.143021
-0.0440636 -0.0992909 -0.602765
-0.187436 -0.118408 -0.221543
-0.129338 0.0847738 -0.470614
0.0896563 0.135489 -0.627405
0.000560819 0.0707292 -0.281203
0.100633 -0.186732 0.129606
0.0877601 -0.0779762 0.374434
-0.0495946 -0.102859 0.178558
-0.155453 -0.0290977 0.121107
-0.0563506 0.0544866 0.108022
-0.00412681 -0.0822298 0.0347354
0.00758866 -0.0696725 0.527928
0.0586377 0.0564099 -0.22894
0.0513318 0.244154 -0.0830332
0.16526 0.184756 -0.16585
0.094408 0.193277 0.130357
-0.104792 -0.188835 0.182402
-0.204635 -0.295526 -0.0478052
-0.120487 -0.0871813 0.0500982
-0.0238465 -0.00840324 0.274965
-0.0333769 -0.213279 -0.0855566
-0.117455 -0.247144 -0.158856
0.0321677 -0.215559 -0.547336
0.00685633 0.118683 -0.194899
-0.0265422 0.019228 -0.0510719
-0.352578 0.0291686 -0.133201
-0.324984 0.0390457 0.0122608
-0.0484969 0.0870319 0.129725
0.242303 0.24047 0.131592
0.168635 0.397629 0.33998
0.0778602 0.290173 0.459084
-0.046242 0.166057 -0.134174
-0.0862965 0.163393 -0.187126
-0.140114 0.0683981 -0.0498255
-0.0893973 -0.179068 -0.282404
-0.0976592 -0.245776 -0.0536772
-0.00227577 -0.328049 0.560221
0.248354 -0.0316758 -0.0213945
0.293146 0.103958 0.0406068
0.235884 0.0197749 -0.285579
0.154393 0.444983 -0.236554
0.0250742 0.563083 0.0834144
-0.0146748 0.37715 -0.0819366
-0.113278 -0.0285481 -0.169334
-0.211024 -0.147981 0.412151
-0.135896 -0.389851 -0.206842
-0.143552 -0.484008 -0.059353
-0.210165 -0.584035 -0.00911702
-0.207196 -0.36994 -0.266556
-0.0244063 -0.269112 -0.0830916
0.0335898 -0.286361 0.284236
0.195645 0.176131 -0.183233
0.282044 0.218889 -0.267404
0.296347 0.242171 -0.0591963
0.250514 0.448655 0.542862
0.132257 0.265225 0.189738
-0.00628945 0.262363 0.135334
-0.154021 0.324879 0.374707
-0.0788924 0.102075 0.568714
-0.223799 0.00214695 0.313012
-0.168579 -0.253639 -0.294855
-0.140605 -0.445031 -0.164607
-0.206795 -0.344877 -0.189345
0.044762 -0.221795 -0.41305
0.174371 -0.281989 -0.384018
0.00554657 -0.193118 -0.568115
0.155024 0.0759538 -0.0365731
0.292586 0.283649 -0.0814998
0.305288 0.166346 -0.183223
0.202754 0.128838 -0.189009
0.0975687 0.286984 0.46383
-0.00638663 0.277624 -0.035222
-0.053507 0.045927 0.352978
-0.375897 -0.0498669 0.208556
-0.465609 -0.108164 0.561537
-0.289584 -0.0176589 0.417508
-0.0673472 0.10574 0.333932
-0.0792474 0.084045 0.121532
0.0927357 -0.0524735 0.148426
0.222204 -0.274602 -0.358695
0.320367 -0.069511 -0.465362
0.167504 0.111801 -0.396862
0.12907 -0.0107552 -0.474678
0.0764592 0.0569671 -0.150436
0.201085 0.0524971 -0.705996
-0.0630501 -0.100724 0.1068
-0.0804185 -0.295921 0.0617996
-0.217082 -0.284718 0.535409
0.0657077 -0.170919 0.129896
0.135541 0.16381 0.314185
0.366955 0.100522 0.18364
0.312888 0.0474179 0.154742
-0.069017 0.195035 -0.430135
-0.0996762 0.378376 -0.30362
-0.12393 0.418172 0.1005
-0.287798 0.190328 0.455949
-0.347922 0.00883776 0.315179
-0.345979 0.0506144 0.109548
-0.169298 0.0574164 0.0167522
0.124573 -0.25663 -0.0234664
0.101471 -0.117069 -0.380584
0.34712 -0.255497 0.224675
0.178772 -0.296096 -0.0323065
0.251396 -0.222411 -0.124856
0.437672 -0.315316 -0.00643691
0.00912343 -0.162678 -0.230992
-0.20405 -0.144289 -0.378886
-0.0624055 -0.000377174 -0.481487
-0.200243 -0.0113582 0.156147
-0.353809 -0.189492 0.164782
-0.519455 -0.136545 0.0732993
-0.35594 0.236853 -0.0246487
0.00555248 0.120083 0.260215
-0.09696 -0.0870337 0.392594
0.194594 0.0456842 0.262432
0.568991 0.17238 0.182271
0.597667 0.137046 -0.258916
0.474775 0.0952897 0.192121
0.447928 -0.0811476 0.465174
0.164272 -0.159088 -0.284032
-0.351319 -0.331711 -0.0974724
-0.36931 -0.309867 -0.482422
-0.345018 -0.116396 -0.214144
-0.583143 -0.135083 -0.409568
-0.553403 0.283659 -0.389078
-0.214108 0.562932 -0.0220936
0.266871 0.766898 0.141197
0.555284 0.961546 0.172426
0.541149 0.83801 -0.159316
0.436494 0.558336 -0.179917
0.348075 0.126466 -0.368534
0.234507 -0.204382 0.100865
-0.098599 -0.523466 0.446602
-0.434674 -0.603298 0.957591
-0.428778 -0.724429 0.942766
-0.466711 -0.610426 0.296205
-0.2853 -0.587819 0.49647
-0.055723 -0.367616 -0.552492
0.0280629 0.0563883 -0.155111
0.0475906 0.260712 -0.18834
-0.0342282 0.136047 -0.0516224
0.150996 0.253121 -0.704035
0.189666 0.169678 -0.568184
-0.0238645 0.161084 -0.867339
-0.341254 -0.0931916 0.0999702
-0.483543 -0.186203 -0.08029
-0.282601 0.0161161 -0.0539573
0.0309712 0.100642 0.338381
-0.146519 0.152822 0.493532
0.0107306 0.143183 0.315604
0.132071 -0.0861435 -0.272274
0.426397 0.00751154 -0.201554
0.394587 0.420142 0.453468
0.361578 -0.0462467 -0.043923
0.0729084 -0.0940635 0.126444
0.0752538 -0.208015 0.361239
-0.171461 -0.589156 0.0806063
-0.402287 -0.209403 0.0271824
-0.188422 0.183294 0.233414
-0.12636 -0.378185 0.233296
-0.309471 -0.853116 -0.735642
-0.302409 -0.387189 -0.150231
0.014676 0.334283 -0.2736
0.293828 0.652676 -0.385614
0.566182 0.54738 -0.221346
0.479059 0.629936 -0.142451
0.61748 0.697476 0.136368
0.428841 0.500874 0.227563
0.0988524 0.287722 0.00661408
-0.260961 -0.192305 -0.0177763
-0.660123 -0.965363 -0.24824
-0.635634 -1.04428 0.348006
-0.436994 -1.1292 0.00531403
-0.526674 -0.914437 0.580829
-0.48553 -0.465054 0.586923
-0.143959 -0.0288742 0.883125
0.105999 0.466823 0.165553
0.0554829 0.77881 -0.618191
0.0683332 1.04205 0.00304047
0.208663 0.904745 -0.347291
0.22605 0.479404 -1.20181
0.249862 0.158683 -0.651795
0.144434 0.263123 0.358075
0.285007 0.273299 -0.530875
0.140985 -0.184392 0.0946742
-0.0488391 -0.204291 -0.152472
-0.0633733 0.192047 0.312729
0.31788 0.347757 0.309158
0.445525 0.133373 0.483545
0.421625 0.186943 0.124813
0.273173 0.12762 0.125652
0.223519 0.421968 -0.172906
0.064128 0.361566 -0.277096
-0.0562671 -0.432016 0.415853
-0.381649 -0.617649 0.511757
-0.632285 -0.413456 0.346687
-0.391634 -0.281098 0.309274
-0.24782 -0.173946 -0.0113787
-0.134901 -0.701271 -0.227514
0.0069892 -1.30672 -0.142832
0.188576 -0.671789 -0.940971
0.146735 0.198574 -0.285576
-0.150677 0.721753 -0.127217
-0.101124 0.750173 -0.541786
0.170893 0.551974 0.00573705
0.252876 0.449532 0.0172201
-0.0390866 0.721913 0.021848
-0.237165 0.138166 0.480118
-0.540767 -0.252411 0.231042
-0.398086 -0.405345 0.423378
-0.457321 -0.988335 -0.0570755
-0.432835 -1.07343 0.195061
-0.072557 -0.662339 0.000793432
0.431457 -0.524553 0.520872
0.48786 -0.110832 0.500974
0.746054 0.00350876 0.0710305
0.607455 0.0907243 -0.737989
0.131998 0.0168519 -0.411959
0.254779 -0.177258 -0.32447
0.118834 -0.17753 -0.115968
-0.0916158 0.0053612 0.231608
0.0285039 0.285945 -0.088082
0.300479 0.554636 0.00550689
0.584872 0.356962 -0.133048
0.720651 0.044673 0.0202064
0.573927 0.297125 0.0114752
0.186721 0.359601 -0.287929
-0.302444 0.545602 -0.562265
-0.232024 0.627503 0.162965
-0.599598 0.512654 0.0990319
-0.668449 0.375962 0.403793
-0.666331 0.0363731 0.0485047
-0.563544 0.347838 0.47635
-0.549004 0.476323 0.134098
-0.314729 0.0929099 0.547434
-0.322483 -0.754964 -0.670577
-0.20919 -1.29431 0.187419
0.0680891 -0.989723 0.351564
0.291682 -0.559637 0.389871
0.414765 -0.32853 -0.392748
0.445648 -0.0344847 0.0833338
0.373359 0.375304 -0.285311
-0.0123941 0.382957 0.0242413
-0.0535299 0.443395 -0.853804
-0.0979114 0.845804 0.0963193
0.218917 1.03328 -0.152618
-0.0129363 0.610728 0.00143716
0.211687 -0.0727188 0.269328
0.462267 0.0938225 -0.126259
0.574316 0.237422 -0.295392
0.401612 0.310328 -0.75713
-0.19346 0.0731445 -0.238647
-0.301209 -0.19541 0.957457
0.0508931 -0.654753 0.446617
0.0367094 -0.646384 0.566742
-0.0208943 -0.468882 0.37045
-0.119094 -0.469217 0.277437
-0.277517 -0.938618 -0.336149
0.104452 -0.894223 -0.361532
0.314334 -0.390308 -0.214886
0.135127 -0.171172 -0.55818
-0.696328 -0.183185 -0.101107
-0.911799 -0.363598 0.489278
-0.411609 -0.450685 0.283333
0.299846 -0.0164704 -0.316689
0.335145 0.0467779 0.191293
-0.0993403 0.0233406 0.0166204
-0.37699 -0.00315622 0.183545
0.103289 -0.0481155 -0.144801
0.149136 0.138974 -0.150923
-0.0145764 0.516975 0.318838
-0.101096 0.463877 -0.184175
0.0799509 0.726961 -0.183647
0.0464071 0.334459 -0.352052
-0.0670245 0.402948 0.435687
-0.0376784 0.497642 0.541082
0.0727274 0.630364 -0.067922
-0.0823196 0.400707 0.0308711
-0.20815 -0.158591 -0.450731
-0.275628 -0.0713443 -0.467469
-0.143911 0.28947 -0.714357
0.0799367 0.385065 -1.19891
-0.0209154 0.444175 0.152249
-0.295651 0.433995 0.961895
-0.152232 -0.0701994 0.879967
-0.378266 -0.265187 0.454022
-0.149186 -0.0947057 -0.00562547
0.16741 -0.047007 -0.236618
0.0223568 0.113747 0.32771
0.092507 -0.247364 -0.0013561
0.513108 -0.45303 -0.237291
0.443984 -0.347255 0.568353
0.105391 -0.259987 0.0633085
-0.4013 -0.282623 -0.138651
-0.716364 -0.212517 -0.187318
-0.242032 -0.182628 0.485439
0.360238 -0.232305 0.215243
0.649276 0.644931 0.264299
0.539436 0.973197 -0.169047
0.436959 0.763526 -0.980226
0.306589 0.438758 -0.893284
0.263661 0.137374 -1.05625
0.309882 -0.201281 -0.646061
-0.335504 -0.613948 0.330353
-0.710831 -0.661908 0.645824
-0.345247 -1.02987 0.461069
-0.226076 -1.08346 0.333977
0.173585 -0.876253 -0.185025
0.413624 -0.321121 0.109659
-0.344754 0.35099 0.466617
-0.864177 0.722423 0.731915
-0.464404 0.485628 0.36436
0.161061 0.305952 -0.0679916
0.229636 0.351899 -0.0865548
0.222973 0.141011 0.20539
-0.0213734 -0.120279 -0.136545
0.0960456 -0.179107 -0.400522
0.612467 -0.241875 -0.0342399
0.49084 -0.551993 0.0277526
-0.205557 -0.40304 -0.150082
-0.444008 -0.287025 0.0967372
-0.413932 0.0279541 0.0514329
-0.118485 0.200539 0.236193
-0.135625 0.348413 -0.213633
-0.298027 0.641525 -0.0911846
-0.218947 0.681391 -0.372632
-0.102592 0.460566 0.139369
0.308695 0.611228 0.0847694
0.711638 0.408574 -0.449961
0.0935319 0.110704 0.0109041
0.0844658 0.241211 -0.0276074
0.498295 0.164146 -0.573898
0.465627 -0.312415 -0.2751
0.131355 -0.495606 -0.151502
-0.176319 -0.151668 0.0806245
0.054127 -0.416076 0.763246
0.288921 -0.156015 0.550816
0.213611 0.107288 0.619762
0.398966 0.046797 0.452064
0.623112 0.327029 -0.0489304
0.41532 0.490253 -0.194575
-0.0274176 -0.0874298 0.0474727
-0.0460948 -0.240318 -0.370468
-0.147074 -0.109999 -0.43159
-0.326863 -0.6258 -0.59908
-0.413709 -1.04123 0.30799
-0.347719 -1.02229 0.518428
0.0553998 -1.06424 0.0990565
0.350568 -0.49087 0.115339
0.481248 0.119783 0.196313
0.264686 0.719065 -0.239288
-0.571763 1.2972 -0.315506
-0.975053 1.4017 -0.632563
-1.19363 1.54552 -0.560637
-0.450399 1.24294 -0.705477
-0.628876 0.32863 -0.561906
-0.954171 0.117509 0.140187
-0.574361 -0.109601 0.557344
0.0300924 -0.308997 1.15338
0.321241 -0.986724 0.84663
0.61151 -1.14321 0.586303
0.501353 -0.415189 0.827864
0.513523 0.318025 0.499782
0.368001 -0.0530466 0.168401
0.560194 -0.564313 -0.30128
0.990882 -0.535111 -0.570628
0.68745 -0.530623 -0.23575
0.420967 -0.0215735 -0.41623
0.354037 -0.0605237 -0.540362
0.271672 -0.369798 -0.38862
-0.191515 -0.583417 -0.183664
0.0474587 -0.620759 -0.547259
-0.259245 -0.600507 -0.518184
-0.673476 -0.449555 -0.324733
-0.679002 -1.12958 -0.375961
-0.294378 -0.976747 -0.111218
0.0617938 -0.187649 -0.303012
0.483732 0.697466 0.152434
0.862088 0.902311 0.811148
1.12729 1.2601 0.783714
0.952909 1.46665 0.967658
0.384096 1.43747 0.904105
-0.490848 1.16593 0.656515
-0.901287 0.560071 0.0928022
-1.35314 0.0320835 0.0560887
-2.11497 -0.630324 0.0619612
-2.18731 -0.586408 -0.129836
-1.1719 -0.625068 -0.496156
-0.43075 -0.745014 -0.964692
0.0344658 0.229007 -1.23118
0.234458 0.58799 -0.898315
1.09198 0.131976 -0.389698
1.47792 0.116678 -0.386548
1.24356 0.683338 0.144982
0.791952 0.35723 -0.106493
0.446065 0.406132 0.088093
-0.3741 0.114138 0.316561
-0.192637 -0.081906 0.0412789
-0.668883 0.104255 0.869132
-1.32628 -0.154008 1.38357
-1.47329 -0.294906 1.39098
0.16838 0.159025 0.700282
1.13078 -0.218553 0.563481
1.02988 -1.07138 0.497878
0.890638 -1.09818 0.113438
0.781105 -0.307325 -0.714083
0.83416 -0.261084 -1.454
0.0120135 -0.760725 -1.25395
-0.399318 -0.212445 -1.70776
-0.754801 0.603365 -0.86205
-0.362101 0.795347 -0.71744
0.525716 0.481525 -0.0999901
1.20294 0.519118 -0.0516799
1.0935 -0.117398 -0.0386261
0.147325 -0.885236 0.0301581
-0.624377 -0.648582 0.808114
-0.651807 -0.338283 0.694148
-0.553804 -0.412905 1.15522
-1.34355 -0.395908 0.949007
-1.45551 -0.252895 0.696087
-0.894337 -0.355337 0.648975
-0.375375 0.213308 0.624694
-0.332892 0.108172 0.386717
-0.101567 -0.443441 -0.557562
0.103957 -0.659664 -0.245793
0.446108 -0.291899 -0.598498
0.581267 -0.192356 -0.434898
0.368529 0.197246 -0.61219
0.35416 0.580855 -0.754339
0.706882 0.751775 -0.821282
0.347206 0.558369 -0.244452
-0.636006 0.0519042 0.192598
-0.941928 0.151069 0.35349
-0.845141 0.567047 0.320601
-0.140831 0.713171 0.0286775
0.294397 0.448964 0.0448712
0.919507 0.809559 -0.0568022
0.775372 0.12347 -0.0422172
0.844322 -0.546141 -0.0993299
0.401681 -0.17439 0.564843
-0.345113 0.587489 0.307114
-0.715902 0.136928 0.200242
-0.353325 -0.385645 -0.208559
-0.0305966 0.337974 0.309569
0.899027 0.799691 0.203436
1.21951 0.987638 -0.177035
0.791059 0.972431 0.0393665
0.711139 0.592931 -0.724817
0.198863 0.11127 -0.452929
-0.453246 -0.664308 -0.463645
-0.553692 -0.549664 -0.574065
-0.413637 -0.538457 0.065314
-0.229206 -0.683176 0.479978
-0.47306 -0.411257 -0.0144678
-0.402641 -0.61064 0.184172
-0.388885 -0.639141 -0.228813
-0.352443 -0.0803211 0.626158
-0.29506 -0.182375 0.655112
-0.519867 0.0581264 0.235395
-0.179863 0.269789 0.639244
-0.0958349 -0.105076 0.637331
0.108007 -0.746848 -0.0774808
0.401099 -0.10091 -0.13609
0.179176 0.129068 -0.294931
-0.417595 0.400249 -0.55991
-0.684838 0.0446986 -0.156065
-0.399032 -0.573314 0.0380712
0.22246 -0.30531 0.0481771
0.282421 0.181227 0.214496
0.26705 0.245265 -0.0332951
0.106543 -0.214246 -0.460419
0.390943 -0.598453 -0.0805483
0.234272 -0.552024 -0.395553
-0.117929 -0.112097 -0.643864
0.223935 -0.271704 -0.391232
0.342113 -0.507068 0.139252
0.298073 -0.0469818 0.18598
0.902265 0.515857 0.321458
1.84188 1.11954 0.18397
1.70702 1.07342 0.769735
1.10073 0.0682429 0.287852
0.0841034 0.188327 0.82199
-0.209738 0.469352 0.359679
-0.50031 0.231452 -0.435449
-1.29985 -0.153773 0.0531142
-1.78412 -0.115447 -0.681669
-1.10147 0.340719 -0.390943
-0.781825 0.435809 0.061792
-0.519631 1.07827 0.368051
-0.00212524 1.51185 -0.696453
0.317227 1.20795 -0.399948
0.587626 0.992812 -0.616751
0.655496 0.596661 -0.771791
0.126772 -0.819105 -0.173793
-0.931425 -1.12046 0.297563
-0.994982 -0.779645 0.409545
-0.98416 -0.622591 1.11763
-1.30867 -0.481328 1.13955
-1.4666 -0.283246 0.765689
-1.14779 -0.794402 0.692694
-0.687891 -1.11639 0.506049
-0.163836 -0.506833 -0.259444
0.687103 0.357288 -1.40809
0.904121 0.844406 -1.14596
1.26781 1.59935 -0.594358
1.70428 2.01342 -0.594068
1.62042 1.77021 -0.376955
1.83181 1.73815 -0.218249
1.64604 1.36592 -0.0638281
1.27198 -0.203118 -0.150082
0.56429 -2.06695 0.174137
-0.259898 -3.04889 0.496166
-0.729634 -3.25737 0.826279
-0.40361 -2.63264 0.602647
-0.378791 -2.33186 0.403902
-0.437704 -1.45089 0.197695
-0.619222 -0.377773 0.570004
0.106444 0.164586 0.0306365
0.926985 -0.231568 -0.218207
0.448453 0.493459 -0.336975
1.16102 0.783856 -0.550584
0.569731 -0.0741471 -0.414142
-0.748271 -0.665279 -0.319467
-1.64291 -0.254021 0.198213
-1.73729 0.498687 0.446351
-1.67316 0.695897 0.492468
-1.49814 0.540299 -0.0758048
-1.36121 -0.282978 0.652922
-1.43527 -0.536185 -0.0916391
-0.390375 -0.406031 -0.292184
0.955506 0.175277 -0.665335
1.32152 0.838618 -0.360431
1.27302 0.893396 -1.19438
1.84662 1.25994 -0.433837
1.52512 1.72201 -0.245048
1.64737 1.60988 0.420609
0.296095 1.39402 0.31947
-0.868107 0.0632488 0.666668
-0.240258 -0.756649 0.738086
-0.14236 -0.507137 0.132536
-1.00136 -0.113063 0.851694
-1.07134 0.34309 0.83465
-0.472973 1.30074 0.65885
-0.18997 1.58183 0.168503
0.0701305 1.63509 -0.464666
0.102476 1.27975 -0.740547
-0.653048 0.431921 -1.13779
-0.721821 -0.172203 -1.40809
-0.312752 -0.262766 -1.08927
0.559671 -0.505409 -0.750743
0.685884 -0.978266 -0.552886
0.591869 -1.32915 -0.0890216
0.763773 -1.207 0.297282
1.03426 -0.558771 0.733822
0.188701 -0.360843 0.868128
-1.06951 -0.383098 1.25185
-1.10962 -0.813467 0.593582
-0.736604 -1.36069 0.999201
-0.416345 -1.28077 0.755941
-0.210537 -0.246829 0.686144
0.192265 0.874838 0.0190779
1.01469 0.94553 -0.369547
1.47983 0.0722735 -0.725123
0.329298 -0.493489 -0.716822
-0.634031 -0.547243 -0.783459
-0.48007 -1.22759 -0.309512
0.303284 -0.552677 -0.578064
-0.307967 -0.0291124 -0.718962
-0.289873 -0.9541 -0.796246
-0.644555 -1.31763 -0.931643
-0.328359 -0.984191 -0.38891
-0.040403 -0.857889 0.145175
-0.760535 -0.428927 1.20382
-1.06797 -0.0392946 1.65699
-0.828184 -1.16964 1.17552
0.110087 -1.27557 0.605499
0.142156 -0.0879965 0.396851
0.461249 0.626616 0.484619
0.115375 1.01121 0.0476255
0.354059 0.815469 -0.149405
0.688602 0.439998 -0.183926
-0.416095 0.0734729 -0.0742227
-1.16813 1.09588 -0.00923866
-1.35716 1.80755 0.00979946
-1.25203 1.98205 -0.65388
-1.05701 1.80828 -1.19844
-0.342571 1.72116 -0.93851
0.0439528 1.76532 -1.61602
0.856485 1.86874 -0.290743
1.92366 1.89138 -0.538111
3.02656 1.59118 0.158251
2.9911 0.607993 0.776852
2.52394 0.927274 0.995023
2.09688 1.49368 0.548972
1.13179 2.07442 1.20402
-0.201018 2.00729 0.708131
-1.32796 0.587543 -0.0331998
-1.89201 -1.54154 -0.204658
-1.82804 -2.14536 -0.0150066
-1.77907 -2.0624 -0.0630449
-1.4673 -2.16438 0.119822
-0.830355 -2.35398 0.511037
0.402459 -1.46242 0.521207
1.63367 -1.11234 -0.907135
1.44181 -0.613411 -1.30493
0.399826 -0.787589 -1.39906
-0.106252 -1.0436 -1.32629
-0.441689 -0.800452 -0.0129347
-0.0659382 -0.594545 0.311616
-0.721889 -1.59361 0.793693
-2.10518 -1.05694 1.89181
-1.40023 -0.880125 1.21923
-0.733047 -1.4697 0.842895
-1.15484 -1.19881 1.23368
-1.59133 -1.34866 0.463892
-0.480011 -2.03991 -0.298354
0.79636 -1.96682 -0.548871
2.11792 -2.00541 -0.452681
2.85916 -1.30568 -1.03714
2.6383 -0.270289 -1.33409
2.49955 0.626862 -1.11372
1.82758 1.06537 -0.357243
-0.080082 1.80735 0.179001
-1.14475 1.31031 0.589305
-1.82276 0.554562 0.0303268
-2.52469 0.0779705 0.271089
-1.6934 -0.0245231 0.267023
-0.148568 0.150606 -0.20756
0.626828 1.25218 0.0596769
1.43205 2.06159 0.218614
2.45502 1.52829 0.164512
3.47268 1.30648 0.772792
2.4317 1.95655 0.416471
1.06852 2.22876 -0.17748
0.59277 2.22253 -0.136337
0.182668 1.2121 -0.715827
-1.05549 -0.115036 -0.170257
-2.09462 0.0667253 -0.296789
-2.63675 1.1041 -0.232176
-2.86533 0.711456 0.159794
-1.63735 0.675734 0.0290904
-0.764119 0.356019 -0.223039
0.0299284 0.498234 -0.805555
0.133725 1.00757 -0.56567
-1.02025 0.932843 0.229292
-0.670722 -0.376574 0.0164347
-0.136176 -0.240056 -0.315483
-0.448378 0.014857 0.5632
-0.951211 0.0498351 0.223152
-0.975595 -0.125276 0.89894
-1.03433 -0.560128 1.27089
-0.178071 -0.597918 0.696446
1.72116 -0.539211 0.445103
1.86754 -0.145721 -0.171613
1.88899 -0.362006 -0.264376
1.22066 -0.842887 -0.400143
0.681741 -0.666388 -0.836382
1.50727 -0.803116 -0.694337
1.71508 -1.68946 -0.496068
0.26772 -2.51278 -0.311158
-0.529206 -3.22349 0.134393
-0.248945 -3.41392 0.683076
-0.561071 -2.98508 0.997614
-0.557862 -2.45755 -0.010365
-0.257835 -2.3095 -0.318828
-0.358584 -1.5896 0.210099
-0.375454 -0.46026 -0.274171
-0.128584 1.06742 0.108193
-0.296665 2.87434 -0.0787959
-0.340939 3.22151 0.201851
0.190661 1.14042 -0.376442
0.645266 -0.159808 -0.140517
-0.483071 -0.715484 -0.656318
-1.97135 -1.54128 -0.054678
-1.64405 -0.526392 0.0479134
-1.24036 0.0876447 0.666462
-0.866291 0.1319 0.173206
-1.62043 1.18418 0.818623
-1.44626 1.99005 0.606339
-0.48997 2.51525 0.0222135
0.574052 2.26913 -0.630867
-0.970148 1.20431 -0.347971
-1.41871 0.742166 -0.101208
-0.965955 1.00042 -0.7809
0.54953 0.432258 -0.614896
1.40614 1.08356 -0.205027
2.40703 1.5939 -0.439535
2.47835 2.29074 -0.482622
1.91428 3.13249 0.184649
3.1583 3.44024 0.531268
3.13851 2.59484 0.59064
2.29019 1.60961 0.172597
1.24338 1.71131 0.180105
0.178081 1.25611 -0.718895
-0.380221 0.578489 -1.09588
-1.47626 1.65454 -0.803712
-2.57654 1.46799 0.180928
-3.94787 -3.47532 0.593888
-4.17812 -4.15183 0.883074
-1.58915 -3.7724 0.945817
-1.2616 -2.58399 0.774373
-0.0845459 -2.45999 0.490588
2.57143 -1.88649 0.248072
3.63621 -1.1647 0.32843
3.26222 -0.0975659 0.036483
1.9456 0.555218 -0.505152
0.92778 -0.302277 -0.72262
-0.95795 -2.26462 -0.53726
-1.70525 -3.56577 -0.128516
-2.19512 -3.80197 0.590271
-3.00649 -2.50787 0.592538
-3.07654 -1.40335 0.569668
-2.09558 -0.99121 0.712832
-2.32113 -0.760577 -0.636937
-1.85763 -2.41594 -0.338064
0.477367 -1.78999 -0.755558
3.17621 -1.48579 -0.536691
3.88593 -1.19188 -0.697738
4.78216 -0.940053 -0.303686
5.01508 -0.117585 0.193951
3.52381 0.499117 -0.207708
1.54468 1.633 -0.313693
-1.20597 1.6296 0.718005
-2.32384 2.15413 1.26931
-2.96838 1.1654 1.36715
-3.9649 0.967713 1.22785
-3.61889 0.892039 0.709515
-0.876885 0.952373 -0.335378
1.30514 2.16157 -1.88479
1.96944 3.67595 -1.91473
2.00239 4.2358 -1.67631
2.19597 4.10626 -1.89796
2.87068 3.70327 -1.1109
3.07963 2.96438 -0.473486
1.41002 1.11869 0.717292
-1.20847 0.710776 1.46096
-2.08631 0.837053 1.81615
-2.51 0.628071 1.65743
-2.03757 0.753791 1.22229
-2.7513 1.48399 0.54658
-3.5593 1.53823 0.650713
-2.52207 0.523861 0.304574
-1.71925 -0.536521 -0.235687
-0.836265 -1.22044 -0.28602
-0.663216 -1.70397 -0.891409
-0.320244 -2.57572 -1.37358
-0.21858 -3.90682 -1.67472
0.438527 -4.39495 -1.86826
2.23535 -4.17783 -1.2994
2.87748 -3.05559 0.0208699
2.5591 -2.11448 1.12896
2.32692 -1.06387 1.73061
3.00476 -0.638785 2.0718
2.67972 -0.713445 1.76306
1.78478 -0.873787 0.646368
-0.659577 -0.458472 0.645385
-1.13758 -0.251909 -0.17515
-1.90422 -0.0486463 -0.401894
-2.23866 -0.34002 -1.16676
-1.04112 -0.549252 -0.962375
0.44503 -1.09406 -0.98492
0.690103 -1.09708 -0.249983
0.513245 0.397944 -0.139885
0.892126 0.772602 -0.907839
0.726005 0.796322 -0.919195
0.111852 0.65349 0.141504
-0.273845 0.743452 0.25386
-1.30721 1.08385 -0.145135
-1.72687 2.26625 0.595891
-1.90587 1.9744 0.711648
-1.71128 0.780433 1.1813
-0.885987 0.470693 0.979943
-0.519055 0.528885 0.474031
-0.415664 0.894576 0.252749
-1.00628 1.13175 0.165878
-1.19343 0.653476 -0.28837
-0.766272 1.18934 -0.422164
-0.162002 2.16977 -0.399859
0.885986 2.72825 -0.541982
1.50557 1.62353 -0.863871
1.40304 1.89783 -0.385766
0.883887 0.882863 0.343372
1.65087 -0.181128 0.257369
2.06541 -1.18418 0.406191
1.14966 -1.61857 0.660059
0.995088 -1.82056 0.813792
0.839064 -2.04983 -0.206051
0.518069 -1.65168 -0.266824
0.0452369 -1.39396 0.0983216
0.321099 -1.55589 -0.248404
0.104103 -0.930953 -0.213703
-0.292831 -0.0323546 -0.477493
-0.368593 0.721541 -0.729472
0.0967179 1.31601 -1.16522
1.02209 1.95066 -1.20409
0.696705 1.90299 -0.925801
-0.330275 1.13243 -0.216868
-0.00663677 1.43606 0.334167
-0.912951 1.08473 1.08509
-1.96049 -0.543463 1.79052
-2.72741 -2.48865 2.00939
-2.59996 -2.59817 1.83343
-1.7872 -2.23564 1.50631
-0.643774 -1.69819 0.709506
-0.203169 -0.65071 0.200963
-0.057197 0.174188 -0.391235
0.80549 1.25324 -0.971343
0.857808 1.66746 -2.12439
-0.00864846 1.69515 -2.11819
0.350494 1.57437 -1.36362
0.275003 0.72013 -0.953672
0.160899 -0.454671 -1.13018
0.0171875 -0.549744 -0.497821
-0.184489 -1.2727 0.201189
-0.235726 -1.9029 0.738094
0.394007 -1.52396 1.07016
0.646224 -1.13247 1.17781
0.339479 -1.08632 1.54563
0.917628 -1.32412 0.920297
1.06408 -0.774454 0.966583
0.691527 0.778138 0.768012
1.36627 1.31747 -0.0643687
1.33568 1.91075 -0.123931
1.65998 1.95584 -0.911887
0.83792 2.12976 -1.21733
-0.550356 2.07532 -1.13078
-0.591105 1.31207 -1.01831
-0.550392 -0.584454 -0.614167
-1.10658 -1.61231 -0.471466
-1.39574 -1.69509 -0.0987316
-1.33328 -1.05336 -0.0862899
-0.900094 -0.794495 -0.0328776
0.0586709 -1.11881 0.172096
0.334532 -0.827101 0.601287
0.534556 0.149858 1.17118
0.681927 1.39281 0.77662
-0.077207 1.40275 0.806713
-0.490068 0.6765 0.502623
-0.359725 0.289962 0.452116
-0.910571 0.654457 0.416474
-1.59641 0.808679 -0.000900432
-2.30747 0.407057 -0.334794
-1.58023 -0.168964 -0.22669
-1.34328 -0.74734 -0.604142
-0.919745 -1.07589 -0.294911
-0.391229 -0.324982 -0.664488
0.711589 -0.459935 -0.28858
1.78956 -0.555609 -0.288563
2.38672 -0.230131 -0.408482
2.79051 -0.0461569 -0.19367
2.57451 1.05268 -0.378292
1.70853 0.959695 -0.31649
0.796861 -0.536996 -0.100269
-0.197635 -0.908051 0.487827
-1.31467 -0.985123 0.729562
-1.49231 -1.1259 0.790427
-1.57986 -1.2066 0.642261
-0.953717 -1.14902 0.462006
-0.716003 -0.930524 -0.131005
-0.133294 0.019903 -0.230967
0.795834 0.501354 -0.702457
1.09239 0.600607 -0.636186
1.42687 0.162747 -0.659237
1.11829 0.881652 -0.555525
0.803888 1.2849 -0.421084
0.655573 1.24778 -0.14426
0.848607 0.6288 -0.301266
1.2047 0.0200662 -0.108403
0.411292 0.21842 0.297221
0.0665068 0.604171 0.386625
0.128867 0.0737177 0.2598
-1.04389 -1.35767 1.03288
-1.34407 -1.78243 1.19045
-1.58613 -1.66607 0.990451
-1.4035 -1.12384 0.641373
-0.775786 -0.640615 -0.132692
-1.20576 -0.412302 -0.197126
-1.39991 -0.618782 -0.107943
-0.839008 -0.467852 -0.574195
-0.305469 -0.00387097 -0.643758
-0.305376 0.303394 -0.444146
-0.404044 0.333835 -0.589831
-0.289623 0.336718 -0.551397
-0.563973 0.752235 -0.261794
0.0893766 0.147957 0.499447
0.856598 0.147254 -0.0478883
1.16976 0.511542 0.0748937
1.17686 -0.120154 0.0234136
0.896089 -0.292807 0.23091
0.291819 -0.292086 0.0188892
0.218016 -0.484768 0.394391
0.382003 -0.0364967 0.25971
0.604936 -0.0478435 0.156242
1.08275 0.370946 -0.460404
0.673893 0.198222 -0.375497
0.113661 0.328618 -0.0173166
1.42737 0.323688 0.0700294
1.62626 0.408371 -0.0856098
0.789697 -0.0284607 0.361911
0.90653 -0.408295 -0.0403618
1.00012 -0.683533 -0.59105
0.391428 -0.383485 -0.363783
-0.287726 -0.319313 0.150737
-0.564888 -0.140321 0.189832
-1.20806 0.185153 -0.193691
-1.98211 0.188218 -0.0855252
-2.12439 0.299723 0.518658
-1.778 0.936461 0.302284
-1.67113 1.28306 0.0965317
-1.01747 1.32677 -0.129826
-0.227211 1.02917 -0.26527
-0.0439706 0.740576 -0.0611327
0.103988 0.0761849 -0.0756123
0.120579 -0.148062 -0.441892
0.235168 -0.148265 -0.235434
0.550585 -0.409507 0.261638
0.081146 -0.907904 0.735649
-0.935601 -1.06381 0.95916
-0.636042 -0.818499 0.658552
-0.595047 -0.850591 0.0466561
-0.877163 -1.14978 0.00577264
-1.47841 -1.27354 -0.245331
-1.1083 -0.399958 -0.0777815
0.154787 0.130716 -0.958032
1.22732 0.397306 -1.04929
1.25665 0.0445373 -0.736562
1.76621 -0.193914 -0.537838
1.93606 0.0508815 -0.558086
1.84085 0.757208 -0.0778953
1.15034 0.00248059 0.497375
0.763482 -0.499599 0.649304
0.854854 -0.326913 1.09708
0.854947 -0.150071 1.02646
0.393438 0.269324 0.465751
0.00201139 0.471637 0.426633
0.0303919 0.635916 0.446559
0.439477 0.838031 0.115195
0.676501 0.578898 0.106993
0.534976 0.696754 -0.111647
0.201619 0.130459 -0.514307
-0.203773 -0.467844 -0.889456
-0.21643 -0.265197 -1.32958
-0.588318 -0.546136 -1.23252
-1.48865 -0.594478 -0.669756
-2.34188 -0.475539 -0.18811
-2.29958 -0.488189 0.590566
-1.8206 0.340102 0.610242
-1.70851 1.23296 0.813577
-1.61119 1.19125 0.544501
-1.25182 1.22913 0.189879
-0.975748 1.53863 -0.0569029
-1.28106 1.32819 0.13915
-0.911523 0.587994 0.527232
-0.506034 -0.0337129 0.366477
-0.190375 -0.344293 0.474212
0.272383 -1.01809 0.36966
0.830047 -1.05558 0.304547
1.16094 -1.02146 -0.255102
1.23311 -0.983563 -0.519459
1.14144 -0.249559 -0.56937
1.20581 0.44875 -0.567587
1.30214 0.720671 -0.480004
1.6553 0.883214 -0.500703
1.65331 0.558483 0.0471819
1.50676 0.140156 -0.0591171
1.6126 0.301947 -0.300803
1.1056 -0.0766314 -0.485962
0.651582 -0.44676 -0.325885
0.559143 -0.550774 -0.0794345
0.503798 0.0213363 -0.0454153
0.352908 1.00562 0.145114
0.263919 0.613291 0.524928
-0.245598 0.14847 0.478747
-0.853546 0.415209 0.472385
-0.452276 0.391202 0.353218
-0.248309 0.163324 0.625811
-0.764227 0.273701 0.22966
-1.19557 0.189775 -0.216646
-1.25443 0.152885 -0.157218
-1.55063 -0.0328722 -0.261042
-1.5628 -0.742465 -0.321264
-1.84684 -0.761537 0.149385
-1.81702 -0.392283 0.518481
-1.82483 -0.67587 0.1008
-1.19788 -1.15921 0.310403
-0.0232504 -1.22178 0.351074
0.547053 -1.06465 0.508628
0.321567 -0.381353 -0.091267
0.109247 0.195698 -0.313899
0.61445 0.362964 -0.38435
0.461029 0.324512 -0.352065
-0.10801 0.643927 -0.323158
0.338985 0.532016 -0.122088
0.955287 -0.0504651 0.00659606
1.67557 0.287817 0.167076
1.93649 0.21351 0.0528007
2.76765 -0.484312 -0.0384501
2.15707 -0.0834662 -0.134978
1.16421 0.566837 0.00649398
1.04873 0.786274 0.173769
0.931327 0.468825 0.170382
0.644583 0.712006 0.0504218
0.133849 0.941556 -0.0074736
0.314192 1.22691 -0.0106224
0.746684 1.24219 -0.0381233
0.631021 0.59227 0.10067
0.0874225 0.144026 -0.0348119
-0.650737 0.188704 -0.0315172
-1.11994 0.556976 -0.271292
-1.30287 0.751025 -0.458903
-1.48737 0.181173 -0.472818
-1.74589 -0.264109 -0.0648637
-1.44992 0.22109 0.137956
-1.35417 0.0563826 0.266383
-1.31506 -0.627077 0.307215
-1.06663 -1.31653 0.437398
-0.983669 -1.14544 0.456738
-0.696351 -0.990187 -0.162786
0.260322 -0.448519 -0.099521
0.670438 -0.666938 0.107552
0.152456 -0.37208 0.0649111
-0.165538 0.0628188 -0.157493
0.00728599 0.172451 -0.219725
-0.226462 0.225176 0.0903534
-0.261733 -0.305543 0.133818
-0.679598 0.106202 0.488966
-0.700585 0.0607096 0.124004
-0.0355824 -0.485853 -0.292861
0.768278 -0.844732 -0.419298
0.974054 -0.684984 -0.25801
0.968473 -0.307458 -0.219368
0.967058 0.0647688 -0.111787
0.909741 -0.292775 0.0953722
1.17134 -0.831905 0.332149
1.31027 -0.667094 0.126814
0.969868 -0.0552174 -0.226796
0.724659 0.35394 -0.279426
0.485359 0.581004 0.00595691
0.63379 0.847512 0.114941
0.67327 0.906088 0.0609837
0.0799623 0.919102 -0.251752
-0.0947061 0.471908 0.0745744
-0.131653 0.181015 -0.0491514
-0.356118 -0.201005 0.0423398
-0.91291 -0.134214 -0.105405
-0.962748 -0.159575 -0.382651
-1.40857 -0.242789 -0.10817
-1.16782 -0.174697 -0.148031
-0.566525 0.133123 0.167777
-0.689163 0.580002 0.0945363
-0.832632 0.501948 0.302821
-0.403388 0.00995184 0.262826
-0.180267 -0.631165 -0.120888
-0.374595 -0.705691 -0.284365
-0.890047 -0.225482 -0.172523
-1.16932 0.036466 0.00974808
-1.27632 -0.138808 0.542003
-1.11261 -0.415935 0.436343
-0.84581 -0.192883 0.627803
-0.236977 -0.184041 0.536573
0.609979 -0.219182 0.0490327
1.00468 0.210536 -0.193106
1.04905 0.0661814 -0.152094
1.15576 -0.460377 -0.176764
1.60028 0.0676229 -0.431651
1.81699 0.657921 -0.336124
1.79976 0.593762 -0.508518
1.76271 0.455657 -0.623691
1.17207 -0.0647162 -0.272348
0.571652 -0.488278 0.303918
0.136497 -0.160006 0.387885
0.125962 -0.467385 0.242868
0.14321 -0.479063 -0.0840816
-0.302578 -0.662987 -0.318659
-0.766408 -0.466193 -0.424822
-1.15175 -0.179545 -0.266226
-0.458997 0.299241 0.0876747
-0.247428 0.552703 0.0458573
-0.61125 0.428736 0.200219
-0.432089 -0.00770652 -0.0128333
-0.344998 -0.093118 -0.20306
-0.832683 0.0444307 -0.0568595
-0.673335 -0.399645 0.374044
-0.578687 -0.924757 0.550151
-0.965376 -0.646134 0.175162
-1.12341 -0.0986439 0.317305
-0.884263 -0.0435936 0.344192
-0.619334 -0.311326 0.131378
-0.528092 0.216735 -0.0503802
-0.166346 0.71803 -0.0547314
0.266286 0.666636 -0.132668
0.145498 0.469364 -0.225528
-0.0978829 -0.162558 -0.210435
0.130968 -0.563226 -0.184451
0.489388 -0.585698 -0.14089
0.538581 -0.478882 -0.197642
0.801075 -0.642355 -0.263106
0.806815 -0.829812 -0.224168
0.778948 -0.381605 0.143884
0.888851 -0.300899 0.53025
0.952951 0.0838424 0.376078
0.988506 0.581616 0.220636
0.556889 0.491271 -0.0159525
0.243013 0.623368 0.0159694
0.0909911 0.778118 -0.0378777
0.435481 0.450753 -0.419693
0.415606 0.343891 -0.213222
0.222883 0.438903 -0.155994
0.505067 -0.102599 -0.319876
0.481529 -0.155148 -0.3079
0.171503 -0.31274 -0.0745777
0.0992087 -0.282948 -0.08734
-0.127246 -0.188858 -0.149575
-0.393842 -0.185104 -0.0176244
-0.662366 -0.0883043 0.13137
-0.68358 -0.108129 0.0036392
-0.875259 -0.181184 0.0312941
-0.788418 -0.0384249 0.458521
-0.850216 0.0796799 0.84328
-0.914194 -0.226014 0.416972
-0.945902 -0.232507 0.446192
-0.598833 -0.0892185 0.505188
-0.709855 -0.247731 0.484269
-0.362898 0.00665359 0.0754891
0.18596 0.318145 -0.206433
0.626838 0.124705 -0.536751
0.23049 0.143354 -0.46061
-0.249227 0.246609 -0.368275
-0.270851 -0.00260328 -0.45701
0.239294 0.171658 -0.179857
0.412684 0.295903 0.0843761
0.675395 -0.354012 0.133253
0.940094 -0.685928 -0.272758
1.32632 -0.330377 -0.3526
1.32144 -0.410582 -0.309295
1.10903 -0.879628 -0.295557
0.850703 -0.507659 -0.13182
0.258026 -0.0166549 0.260492
0.0750392 -0.0178897 0.324255
0.117639 0.260562 0.406581
0.652487 0.436293 0.168386
1.14785 0.756089 0.0967941
0.930807 0.950282 0.0888713
0.453664 1.03028 -0.0627318
-0.0606454 0.765368 0.0558703
-0.300458 0.373908 -0.132648
-0.891077 -0.172309 0.0817372
-1.33698 -0.868273 -0.107986
-1.36755 -0.805939 0.0701742
-1.50124 -0.602199 0.257632
-1.56668 -0.239729 0.345137
-1.46782 0.115347 0.312945
-1.18369 0.171154 0.0649097
-0.851429 0.586567 0.113766
-0.841923 0.943311 -0.0697875
-0.428763 1.04821 -0.443627
-0.133572 0.511587 -0.484034
-0.0209804 0.0570072 -0.602541
-0.125468 0.0561795 -0.37949
-0.0845701 -0.110247 -0.305152
-0.0427288 0.342694 0.134226
-0.0937069 0.860994 0.541898
0.142249 0.569131 0.304364
0.405872 -0.0654253 0.27237
0.583022 0.024558 0.12623
0.866388 -0.00541506 0.0317465
1.08195 -0.270872 0.0738621
1.45635 -0.5263 -0.227179
1.56455 -0.60751 -0.0576169
0.86465 -0.627869 0.293593
0.515972 -0.587415 0.231818
0.539325 -0.45441 0.018616
0.752116 -0.596242 -0.299204
0.819742 -1.12096 0.041273
0.564276 -0.731719 0.142085
0.177495 0.0907972 0.0522266
0.145403 0.176092 -0.158757
0.307898 0.550735 -0.354455
-0.095772 0.54348 -0.33626
-0.931444 0.983337 -0.400209
-1.84283 1.00208 -0.130269
-2.12966 1.03756 0.156762
-1.5723 0.816584 0.350392
-0.806145 0.074828 0.28419
-0.587991 -0.859096 0.157004
-0.544518 -1.368 -0.00779589
-0.45975 -1.21007 -0.0154853
-0.255719 -1.17515 0.0942354
-0.317699 -0.804083 0.346153
-0.508893 -0.40765 0.529992
-0.977567 0.427851 0.487192
-1.14976 0.552668 0.276071
-0.429818 1.11116 -0.258161
-0.0515304 1.65028 -0.362786
0.052448 1.76144 -0.370975
0.637217 1.52303 -0.386729
0.765374 1.11537 -0.408737
0.906838 0.560246 -0.242012
1.2105 -0.0196503 -0.0408645
1.11712 -0.337215 -0.248606
0.84716 -0.730158 -0.0568448
0.779133 -0.875593 0.191936
1.22741 -0.761327 0.125125
1.33225 -0.568776 0.121277
0.93083 -0.0634373 0.18434
0.293519 -0.0317449 0.168142
0.249654 0.268098 0.0612209
0.298349 0.938988 -0.0375101
0.103631 1.07883 -0.148552
-0.355055 0.401667 -0.225826
-0.783775 -0.0200647 -0.29159
-0.776387 0.279483 -0.397228
-0.713673 0.153374 -0.253003
-0.846818 0.0724253 0.0347728
-1.21011 -0.401559 0.243699
-0.893055 -0.900083 0.273219
-0.580614 -0.423868 0.45835
-0.0571575 -0.178795 0.354142
0.537552 0.0121328 0.173811
0.575019 0.0606058 0.106617
0.477722 0.149067 0.0549509
0.0418387 -0.0603585 -0.0739258
-0.589702 0.0303818 -0.306408
-0.782128 0.151737 -0.268083
-0.880644 -0.318444 0.143838
-0.880608 -0.819359 0.283909
-0.460837 -0.75553 0.465781
0.187234 -0.97928 0.272254
0.692927 -1.21912 0.0602939
1.11966 -1.15291 -0.102124
1.024 -1.0693 -0.0801436
0.759896 -0.611832 -0.0809474
0.0501715 -0.0191049 -0.0491129
-0.2622 0.437096 -0.0419491
-0.0502527 0.764678 -0.134127
-0.036091 0.83928 -0.260669
-0.211079 1.15233 -0.115184
-0.0166495 1.10782 0.0692412
0.223293 1.01198 -0.0305049
-0.0775808 0.756187 -0.0934734
-0.308821 0.0977489 -0.224095
0.189565 -0.294558 -0.219293
0.301332 -0.185549 -0.0531158
0.558524 -0.176882 0.0267303
0.875721 -0.0980805 0.0216165
1.23705 -0.268111 0.228983
1.58501 -0.210368 0.449544
1.00153 0.183017 0.256366
0.405331 0.433162 0.0760011
0.396482 0.489913 -0.247216
-0.166408 0.735861 -0.169271
-0.176822 0.733806 -0.0346707
-0.487622 0.669544 -0.0773504
-0.368752 0.660279 -0.180047
-0.478449 0.466965 -0.272797
-0.667673 0.00747856 -0.171002
-0.775553 -0.577645 -0.085941
-0.583448 -0.812821 0.287629
-0.728464 -0.933097 0.327915
-0.888142 -0.994476 0.318009
-0.889447 -0.746273 0.0801678
-0.984539 -0.284798 0.117247
-0.854445 0.284328 -0.0777642
-0.553998 0.590009 -0.141179
-0.518929 0.893826 -0.0511767
-0.741202 0.492097 0.12167
-0.483619 0.00454744 0.269299
0.165083 0.0180745 0.127229
0.346927 -0.56775 -0.0398975
0.300771 -0.97292 -0.27809
0.245272 -0.963087 -0.347062
0.577235 -0.95161 -0.126448
0.84734 -0.543606 -0.0595795
0.768798 -0.0398856 0.0588139
0.882557 -0.0775746 0.0600546
0.878523 0.098433 0.117363
1.02829 0.110897 -0.141255
1.2874 -0.00259183 -0.292355
1.28991 0.063465 -0.208824
1.1164 -0.13276 0.0723383
1.15037 -0.153083 -0.107512
1.08424 -0.192386 -0.232867
0.761435 -0.476067 0.119255
0.158226 -0.677706 0.383269
-0.527214 -0.583844 0.602675
-0.870265 -0.376879 0.358529
-1.12099 -0.432634 0.174059
-1.38698 -0.244036 0.1055
-1.71474 -0.554953 0.0247272
-1.68374 -0.259351 -0.411234
-1.22263 0.442373 -0.775143
-0.764618 0.733637 -0.594647
-0.391529 0.871307 -0.234948
-0.511722 0.594078 -0.0163007
-0.614835 0.704895 0.0591297
-0.464485 0.742962 0.113757
-0.242192 0.523292 0.0562716
-0.537966 0.320244 0.0579748
-0.776855 0.101053 0.229625
-0.567065 -0.0346341 0.328138
-0.181136 0.39204 0.280789
0.120921 0.519727 0.225156
0.389942 0.406823 0.32591
0.419227 0.324848 0.0904088
0.793711 0.130174 0.00403821
1.20595 0.000537535 -0.18334
1.21462 0.0955332 -0.186569
1.01132 0.33533 -0.180361
0.706705 -0.0243016 -0.240939
0.634949 -0.330999 -0.206096
0.756843 -0.443165 -0.29232
0.737708 -0.0696735 -0.225313
0.516066 0.318977 -0.101603
0.34304 0.147225 0.0943355
0.539585 -0.45756 0.135159
0.55661 -0.669487 0.230874
0.446098 -0.191624 0.311492
0.0964015 -0.100997 -0.0138223
-0.411002 -0.432057 0.0320372
-0.775576 -0.813964 0.0149904
-0.921003 -0.962975 0.0823636
-1.0286 -0.880724 0.0869642
-0.947018 -0.892124 -0.0495669
-1.03047 -1.11188 -0.122692
-0.874231 -1.24293 -0.153387
-0.528683 -0.997033 -0.138964
-0.196919 -0.493927 -0.230857
-0.23256 -0.222759 -0.320589
-0.485948 -0.0323889 -0.175871
-0.343026 0.0500748 0.0835213
-0.20838 0.445956 0.277766
-0.105666 0.788866 0.23823
0.0376917 0.799978 0.294413
0.277022 0.320474 0.422212
0.133582 -0.0200941 0.31963
0.208482 0.0457739 0.078544
0.16576 0.226796 -0.016671
0.212608 0.309334 -0.0312936
0.189623 0.388211 -0.180967
0.172568 0.57678 -0.216666
0.417547 0.672359 -0.206831
0.69041 0.591091 -0.147483
0.757026 0.48238 -0.200255
0.742363 0.237783 0.0248889
0.816553 0.0565265 -0.112573
0.637071 0.191437 -0.0908353
0.480809 0.312071 -0.208393
0.0785411 0.174986 -0.122536
-0.280136 0.521625 -0.201428
-0.327218 1.00556 0.108313
-0.641012 1.17491 0.218198
-0.892949 1.10999 0.219669
-0.613895 0.90258 0.124302
-0.500729 0.538704 0.0583872
-0.428406 0.147164 -0.0782323
-0.145748 0.0356454 -0.180727
0.116399 -0.026396 -0.110914
0.166299 -0.740574 0.109873
0.271192 -1.02886 0.114412
0.307289 -0.675747 0.0632699
0.188021 -0.448814 0.0923093
0.136848 -0.718543 0.2932
-0.203771 -0.912133 0.285929
-0.48701 -1.17294 0.289675
-0.158875 -0.878996 0.110281
-0.41557 -0.620321 -0.0774295
-0.775492 -0.624497 -0.0515825
-0.64329 -0.74768 -0.113355
-0.408184 -0.712698 -0.321012
-0.177317 -0.731677 -0.314403
-0.373583 -0.585331 -0.0663926
-0.673542 -0.464396 -0.156721
-0.448487 -0.420736 -0.276536
0.0652389 -0.411145 -0.255397
0.293 -0.256497 -0.0676374
0.570702 0.0981181 0.134667
0.592545 0.383807 0.265261
0.672109 0.468987 0.231467
0.959717 0.522265 0.29926
1.09712 0.744088 0.300357
0.782177 0.835168 0.302624
0.573554 0.931993 0.257122
0.598754 0.932849 -0.0347395
0.491506 0.998806 -0.0798918
0.449471 0.693775 -0.18944
0.127719 0.497307 -0.263974
-0.0657167 0.364323 -0.763555
-0.184906 0.29508 -0.274467
-0.183151 0.404682 0.0478881
-0.394243 0.547555 -0.143655
-0.0489225 0.616404 -0.346647
0.446361 0.329208 -0.449572
0.287907 0.0212124 -0.0606175
-0.151744 0.106278 0.0554801
-0.557617 0.426034 0.379921
-0.3346 0.51568 0.50319
-0.19858 0.297913 0.413076
-0.519702 -0.0132527 0.498316
-0.721806 0.0774854 0.632289
-0.513811 0.295544 0.448995
-0.460993 0.459509 0.324048
-0.613636 0.217615 0.223868
-0.80297 -0.190164 0.307531
-0.828463 -0.302279 0.0715965
-0.695856 -0.640053 -0.324573
-0.27051 -0.588802 -0.533299
0.0479339 -0.635928 -0.288125
0.626422 -0.485844 -0.367369
1.1218 0.00442722 -0.370224
1.44508 0.155864 -0.194608
1.34903 -0.0322781 -0.363532
1.05482 -0.376316 -0.400976
0.778331 -0.45626 -0.0195506
0.535299 -0.0945901 0.11882
0.257359 -0.0217294 0.173708
0.249042 -0.223155 0.26726
0.155494 -0.80865 0.404692
-0.088527 -1.16136 0.262261
-0.13072 -1.03695 0.295247
0.0506268 -0.794213 0.376563
0.368505 -0.359215 0.0994024
0.235458 -0.297128 -0.0715782
-0.0729046 -0.475039 -0.101013
0.0162502 -0.270004 -0.461348
-0.080781 0.150129 -0.434914
-0.0798139 0.808513 -0.36777
-0.313267 0.924309 -0.470662
-0.688852 0.740824 -0.241584
-0.864396 0.332064 -0.098448
-1.06779 0.0702465 0.0996981
-0.979273 0.174841 0.255797
-0.876474 0.51562 0.266754
-0.844196 0.742321 0.248829
-0.606205 0.559263 0.272187
-0.336313 0.614245 0.376936
-0.217536 0.943955 0.261968
-0.192779 0.954689 0.088923
-0.0711467 0.857971 0.0323188
0.144834 0.514328 0.113711
0.267063 0.0501153 0.00186952
0.15189 -0.100594 -0.188125
0.150657 -0.0605311 -0.0941857
0.486217 0.170204 -0.177805
0.662813 0.123285 -0.250392
0.304051 0.0573377 -0.171864
0.430689 -0.0293399 -0.209776
0.612782 -0.196023 -0.243353
0.507799 -0.0523518 -0.122498
0.458371 -0.0645263 0.0178813
0.549723 -0.00651124 -0.0217678
0.560697 0.103313 0.0449132
0.372334 0.0414105 -0.078813
0.127436 0.0453221 0.0557995
-0.0433648 0.0866029 -0.00850561
0.0518049 -0.108518 0.163357
0.0517123 -0.37039 0.253357
-0.345865 -0.471746 0.171239
-0.602663 -0.688403 0.15935
-0.383848 -0.838229 0.31736
-0.333956 -0.739285 0.132185
-0.313292 -0.720422 0.0888688
-0.419884 -0.578482 -0.0289471
-0.705286 -0.3709 -0.271259
-0.89644 -0.179005 -0.338585
-0.734331 -0.206873 -0.336601
-0.473565 0.00400924 -0.0797713
-0.318918 -0.0106363 -0.211056
-0.29357 -0.170485 -0.0780859
0.00350774 -0.00694581 0.0346319
0.197508 -0.00501015 -0.0277277
0.056494 -0.199723 0.0557737
0.0692257 -0.276304 0.264574
0.0122436 -0.115444 0.385887
-0.18434 -0.0895924 0.221918
-0.057954 0.059614 0.241171
0.304594 0.0406694 0.251443
0.584705 0.063588 0.0765541
0.801424 0.167014 0.0555691
0.72502 0.33483 -0.238666
0.704935 0.311879 -0.174733
0.5403 0.238588 -0.21251
0.346229 0.0387307 -0.309469
0.206474 -0.108286 -0.239847
0.273717 -0.115021 -0.177476
0.162545 0.127081 -0.26842
0.0602358 0.218154 -0.214511
0.0159042 0.191875 -0.187388
-0.139265 0.369169 -0.0443924
-0.329533 0.471978 -0.0226212
-0.389857 0.549767 0.0715339
-0.474929 0.598081 0.33169
-0.344097 0.533452 0.435367
-0.162319 0.407607 0.168781
-0.0290752 0.201789 0.19763
0.0703432 0.257728 0.170288
-0.276727 0.0417843 0.0750109
-0.321974 -0.0703171 -0.0419438
-0.278714 -0.126777 -0.0378651
-0.315335 -0.315892 -0.146922
-0.20873 -0.160303 -0.136703
-0.0982165 -0.0827636 -0.267749
-0.155966 -0.0851008 -0.270161
-0.197319 -0.0423144 -0.0934571
0.0218461 -0.140293 -0.0401369
-0.0210531 -0.340486 0.0805472
0.0258548 -0.579108 0.203075
0.126571 -0.705522 0.18504
0.268674 -0.911628 0.0458519
0.109272 -1.08106 0.139081
0.136839 -1.08441 0.204041
0.348204 -1.05546 0.186287
0.485061 -0.740216 0.315353
0.536046 -0.376352 0.209568
0.64751 -0.141643 0.129835
0.68813 -0.0901425 0.0206005
0.493206 0.119654 -0.267636
0.492322 0.228854 -0.235493
0.469233 0.139102 -0.422108
0.178163 0.243311 -0.561311
-0.262331 0.170974 -0.482492
-0.32656 -0.135627 -0.476847
-0.56841 -0.128167 -0.409375
-0.543801 -0.130181 -0.187769
-0.327671 -0.0973847 0.192265
-0.29378 0.0683508 0.37641
-0.150252 0.312872 0.354821
0.0441663 0.480194 0.570063
0.167662 0.41334 0.47609
0.184839 0.418848 0.339119
0.273985 0.625113 0.284541
0.164456 0.675989 0.248236
0.0315036 0.455521 0.127139
-0.168585 0.302091 0.235346
-0.435853 0.095028 0.192049
-0.523789 0.112251 0.0423276
-0.432188 0.191387 -0.226504
-0.344931 0.332231 -0.386691
-0.289149 0.281597 -0.418297
-0.0691545 0.104059 -0.588433
0.339431 0.127841 -0.61491
0.383955 0.350035 -0.464845
0.180804 0.253806 -0.215281
0.220637 0.0959503 -0.0713344
0.131442 0.164812 0.12144
0.0479464 -0.188604 0.177651
0.0612375 -0.398701 0.396037
-0.0836248 -0.455289 0.395462
-0.103592 -0.690893 0.43543
-0.0372176 -0.890723 0.39245
-0.128731 -0.912966 0.371076
-0.0735034 -0.81879 0.324217
-0.0492812 -0.632751 0.206285
0.187794 -0.247252 -0.0200911
0.355054 0.115561 -0.268885
0.31473 0.289937 -0.51985
0.413979 0.349769 -0.643647
0.191293 0.369772 -0.547703
0.0734426 0.431887 -0.501679
0.0585814 0.485771 -0.311044
0.0642677 0.327054 -0.0923304
0.00280867 0.10055 0.161436
-0.0465629 0.0742574 0.278619
-0.0858748 -0.13886 0.328556
-0.0352181 -0.280058 0.442984
-0.0192552 -0.34429 0.482417
0.0505189 -0.346713 0.307256
0.0197987 -0.11241 0.227597
0.0459378 -0.1454 0.0934149
-0.148129 -0.16657 0.148551
-0.354154 0.178115 0.108665
-0.310985 0.303174 -0.0837749
-0.379741 0.267578 -0.0503626
-0.63374 0.0769306 -0.149985
-0.545417 -0.12508 -0.249356
-0.382066 -0.257368 -0.338586
-0.235183 -0.265562 -0.343349
0.00300321 -0.212048 -0.223503
0.0869123 -0.0676009 -0.225659
0.0019456 0.251537 -0.266797
0.0310273 0.529674 -0.0740971
0.0408543 0.650345 0.0440203
0.0977127 0.597303 0.241411
0.16213 0.43171 0.293203
0.0699499 0.245532 0.302541
-0.03117 0.250664 0.271486
-0.017212 0.149435 0.132498
0.0469237 0.00191168 0.128068
0.28234 -0.242641 0.0956423
0.338153 -0.232435 0.116448
0.257024 0.10043 0.0807784
0.258643 0.219536 0.0371924
0.392739 0.017883 -0.183162
