0.00215495 -0.00236102 0.00971791
0.00463529 -0.00433339 0.0144114
0.0135826 -0.0108166 0.0113993
-0.00438148 0.0124312 -0.00223261
0.00966478 0.0544171 -0.0163187
-0.00238053 0.00571224 0.0376842
-0.0204446 0.0130715 -0.0271344
-0.0215935 -0.0134533 0.0033605
-0.0244381 -0.0823024 0.061835
-0.0640262 -0.0221633 -0.00470165
0.0162677 0.00150176 -0.107691
0.0120485 0.0301029 0.0240992
0.0471118 -0.0384719 -0.0456197
0.00439192 0.0465421 -0.0562684
-0.0440437 0.109415 0.00682681
-0.0295725 0.0703147 0.0668998
0.0430522 0.021616 -0.0544301
-0.0141536 -0.010266 -0.0564078
-0.0235238 0.0129099 0.0193376
-0.0557387 -0.0348874 0.0320764
-0.0494396 -0.035103 0.04467
-0.0285722 -0.0510912 0.0344834
-0.0544629 -0.0951584 0.0211577
-0.0397274 -0.00718957 0.00435773
0.0392207 0.0871698 -0.0723267
0.0336986 0.102758 -0.0443216
0.0437936 0.0630853 0.0966543
0.0863793 -0.0128162 0.0734543
0.0415971 0.0137424 0.0568853
-0.0182308 0.0481823 0.132288
-0.0425481 0.034038 0.0383487
0.0170152 0.0276342 0.00624444
0.054734 0.00605925 0.027528
-0.0297024 0.0117747 -0.0284305
0.00658903 -0.0664673 -0.03771
0.0310705 -0.0727503 -0.162081
0.0101942 -0.0643293 -0.159757
0.0374953 -0.0680244 -0.185412
0.0791303 -0.0262738 -0.0731181
0.101499 0.107327 -0.184231
0.132116 0.122088 -0.117867
0.0552504 0.0826008 0.0161171
0.0129826 0.02915 0.151253
0.0323258 0.0117617 0.26275
-0.0135147 0.0189343 0.21958
-0.0178061 0.0990717 0.286742
-0.027933 0.00936826 0.172177
-0.000586174 -0.0820464 0.115531
0.00355911 -0.0365877 0.0709628
-0.0122873 -0.0459678 -0.0855861
0.0209786 -0.0667535 -0.0769742
0.0361062 -0.0294135 -0.178803
0.0332509 -0.0182967 -0.221736
-0.0451346 -0.0516553 -0.285262
-0.001807 -0.0172891 -0.314133
-0.00749486 0.0644198 -0.253848
-0.0302064 0.0141667 -0.114643
-0.100449 -0.00577412 -0.0225369
-0.100573 0.0286016 0.133743
-0.110359 0.129939 0.242426
-0.06252 0.0330849 0.29228
-0.0391351 -0.0572866 0.287481
-0.0385186 -0.0418087 0.295744
0.0226756 0.0479703 0.217619
0.0794909 0.0296772 0.147542
0.0187905 0.00793318 -0.00217374
-0.0318767 -0.023863 -0.0204538
-0.0509277 -0.0400176 -0.0792499
-0.0551724 -0.0713923 -0.181089
-0.0485257 -0.0101063 -0.317516
-0.0319181 0.0055201 -0.229356
-0.0401732 -0.0608767 -0.3004
0.0323373 -0.0450589 -0.217355
0.0411531 0.0226259 -0.102398
0.0397443 0.000693725 0.0886693
0.0659804 -0.0520329 0.0600648
0.025431 0.00201718 0.0635333
0.0508921 -0.0110366 0.324501
0.0453872 -0.0648075 0.194331
0.0141394 0.0462743 0.297184
-0.0167957 0.0528434 0.163389
-0.038881 0.00618606 0.199429
-0.0425309 -0.0698067 0.162539
-0.0474809 -0.0432189 -0.0566914
0.0277585 -0.0594946 -0.207343
0.0135874 -0.0272795 -0.194415
0.0356677 -0.000496589 -0.325767
0.0347959 0.0290944 -0.273176
0.0189207 -0.0693462 -0.18697
-0.0786445 -0.0320569 -0.232005
-0.0506155 -0.00196013 -0.282481
0.00162372 -0.0297539 -0.046587
-0.0862842 -0.0009347 0.10581
-0.0849631 0.01373 0.26513
-0.0452372 0.00754863 0.291821
0.00218933 -0.0374474 0.334215
-0.0626561 -0.0791162 0.216826
-0.0412357 -0.0824349 0.203224
0.0646238 0.0169333 0.284353
0.0297975 0.0812681 0.178302
0.0459548 0.0123323 0.0180328
0.0165364 -0.0457392 -0.170232
-0.0516941 -0.0520958 -0.220801
-0.0708574 -0.0904274 -0.352046
0.0649998 -0.00770301 -0.384395
0.112631 0.147968 -0.318836
0.0261094 0.0373371 -0.0184993
0.020564 -0.00200026 0.027475
0.0424951 0.00120898 0.0546483
0.0442848 -0.0478208 0.196889
0.0271113 -0.030321 0.204263
0.0694183 -0.0344488 0.116501
0.0450194 0.0148276 0.194562
0.0474636 -0.0236072 0.13779
0.0363214 -0.0479116 0.0208171
0.00563486 -0.0340038 -0.237221
-0.0351669 -0.0391678 -0.341852
0.0259157 -0.0494422 -0.273098
0.0518882 0.0255124 -0.151731
0.122462 0.059414 -0.191699
0.0428552 0.00752268 -0.0792159
-0.0120745 0.0285391 0.0121892
-0.0309842 0.0142897 0.343343
-0.0191554 -0.00831257 0.317047
-0.106922 -0.0569517 0.437728
-0.0723228 0.0268864 0.334287
-0.0587948 0.0527006 0.108419
0.00909652 0.0104204 0.024016
-0.0552655 -0.0469293 0.140769
-0.0412192 -0.0129553 0.0775303
0.0297476 0.0466739 -0.169246
0.0900371 0.0294778 -0.394344
0.0320874 -0.0927821 -0.357342
-0.0252172 -0.0592503 -0.385877
0.0300315 -0.0316036 -0.125179
0.0606052 -0.0472253 -0.0197905
0.0121882 0.025903 -0.0795759
-0.0377684 0.0688145 -0.0392734
-0.0099446 0.024252 -0.102686
0.0152673 0.0480388 0.168226
0.0422541 0.0476854 0.144097
0.0175641 0.0124885 0.322798
0.00757993 0.0229861 -0.029948
-0.0181278 -0.013065 0.0732296
0.0252455 -0.0693207 0.00647194
0.0151005 -0.00515204 0.170217
0.0771327 -0.0201137 0.158947
0.0793175 0.0501796 -0.0209403
0.104498 0.0789315 -0.0091998
0.0200103 -0.0489818 -0.0251837
0.00596766 -0.0719253 -0.0521027
0.0370762 -0.0554798 -0.0417454
0.0173605 -0.0399571 0.100275
-0.0534146 0.0144332 -0.117829
-0.0866591 0.0397721 -0.184193
-0.0909712 0.00920859 -0.292498
-0.111052 -0.00272696 -0.126834
-0.119085 -0.0869616 -0.00197554
-0.104265 -0.048318 -0.131692
-0.0457962 0.0473063 0.00512711
-0.0447951 -0.0613357 0.315174
-0.070353 -0.0753184 0.136985
-0.0418048 -0.0202756 0.171454
-0.0105681 0.0747079 0.273789
0.0661921 0.106284 0.0572191
0.0768233 -0.014646 -0.181009
-0.0231987 0.0159158 0.00423348
-0.108313 -0.0028199 0.181812
-0.104733 -0.0355949 -0.0749364
-0.0635519 0.00323229 -0.145232
-0.0617085 0.0178219 -0.213143
-0.115167 -0.0218375 -0.066615
-0.0261578 -0.0588964 -0.0701999
0.0268627 -0.0233454 0.0354737
0.000303535 -0.0616843 0.114782
-0.0182671 -0.0357146 0.124741
0.0947771 -0.02971 0.169753
0.0525168 -0.0654872 -0.0361191
0.125225 -0.0467463 -0.177696
0.0735062 0.117057 -0.166451
0.0840981 0.200131 -0.195032
0.108711 0.0801856 -0.0346123
0.0637088 -0.0333186 0.0105963
-0.0294438 0.103868 0.216208
-0.0303538 0.164662 0.172552
-0.119518 0.0153732 0.185942
-0.118712 -0.0170307 0.0632307
-0.0570164 0.0520623 0.169029
-0.00503439 0.0456316 0.0462662
0.00165667 -0.0605407 0.132661
-0.016711 -0.0997229 -0.112017
-0.0716205 -0.0504126 -0.250483
-0.0116876 -0.0107726 -0.425042
-0.00876705 0.0201771 -0.466011
0.0365081 0.0655429 -0.343035
0.000688692 0.0603843 -0.0877016
-0.0911495 0.0837028 0.0316787
-0.0939582 0.0416635 0.199479
-0.183081 0.00655892 0.343202
-0.158605 0.0346075 0.439475
-0.131892 0.0615238 0.546869
-0.033824 0.00980528 0.393765
-0.0266434 0.0110386 0.257856
-0.021939 -0.015488 0.186418
-0.0656363 -0.0526505 -0.0276047
-0.00504344 -0.0939741 -0.182716
0.000496299 -0.0124365 -0.340712
0.0866128 0.105513 -0.402159
0.111904 0.125741 -0.328436
0.0772264 0.00689887 -0.337538
0.0675852 -0.0712298 -0.191427
0.0324579 -0.107972 -0.0364689
-0.0331292 -0.0247495 -0.0457583
0.037609 -0.0555854 0.0414185
0.0728749 -0.0226143 0.0422389
0.0864625 -0.0438014 0.0835656
0.132902 -0.0187059 0.133853
0.100505 0.0202575 0.0227688
0.0634977 0.00805338 -0.183475
0.12548 -0.0201672 0.198358
0.134954 -0.0363988 0.155763
0.0720283 0.0106103 0.220026
-0.00122615 0.0450921 0.177657
0.0187275 0.097856 0.203285
0.0396224 0.0977349 0.0818981
-0.0374879 -0.0367874 0.083805
-0.0231742 0.0888544 0.00281919
-0.00352543 0.131814 -0.035148
0.0334983 0.0177248 -0.208777
0.0416638 -0.0883677 -0.33027
-0.0346481 -0.0467411 -0.360537
-0.0458616 -0.0619052 -0.227922
-0.053799 -0.00361335 -0.23574
0.050554 -0.0105005 -0.112347
-0.0421044 0.0301648 -0.0151327
-0.0687503 0.132449 0.135411
-0.0264746 0.0852275 0.194547
-0.0182 0.0735561 0.38019
-0.0126909 0.100934 0.209227
-0.022785 0.0780336 0.24199
-0.0679611 0.0799124 -0.0308588
0.0277792 0.0210042 -0.0087765
0.0387084 0.058122 0.0584122
0.0805755 0.0921772 0.0555367
0.0707217 0.0242663 0.0556262
0.0787425 0.0388787 -0.142469
0.0990293 0.163777 -0.0543659
0.137715 0.0266136 -0.0585722
0.0657722 -0.0617417 -0.0890027
0.113385 0.0503899 -0.0490113
0.154633 0.0449005 -0.0894483
0.0658208 0.00178456 -0.031162
0.0795547 -0.0591249 -0.154224
0.059325 -0.018076 -0.0282398
0.047541 0.0437329 0.0433211
0.0474028 -0.0285286 0.058308
0.0354608 -0.101788 -0.00959578
0.00939732 0.0030505 0.037561
0.101811 0.057411 0.365452
0.121856 -0.0128543 0.248447
0.0164234 0.0135186 0.197291
-0.0075978 0.0596496 -0.100457
0.00919873 0.036125 -0.388535
0.112609 -0.00197898 -0.318089
0.061832 -0.036359 -0.274519
0.0314878 0.0592748 -0.217355
-0.0806893 -0.0108488 -0.236628
-0.205947 0.0557205 -0.20489
-0.0797162 0.0514396 -0.119041
-0.0460175 -0.0508191 0.117995
-0.0642366 -0.168618 0.440987
-0.0101342 -0.0532854 0.508178
0.0475089 -0.0953557 0.416737
-0.00875111 -0.0772579 0.373063
0.122748 -0.138071 0.309418
0.0159641 -0.15251 0.232618
-0.043651 0.0192265 0.0124203
0.0184475 -0.0106014 -0.269568
-0.0376647 -0.0908731 -0.552344
-0.0448649 0.032721 -0.668052
-0.00419999 -0.0264806 -0.424428
-0.03261 0.00721754 -0.357682
0.0304199 0.136434 -0.152222
0.111439 0.131251 -0.00937802
-0.0359586 0.0402666 0.148487
0.0522367 0.0629 0.467976
-0.0224429 0.0795644 0.280255
-0.0220644 0.151452 0.388262
-0.0145544 0.0790712 0.336296
0.0123201 -0.0210789 0.0737324
0.0204857 -0.0864572 0.179009
0.0028516 -0.13977 0.0672349
-0.109804 -0.0242358 -0.0998174
-0.0385864 0.102043 -0.376986
-0.0375027 0.0419991 -0.173185
-0.118971 -0.120752 -0.0768085
-0.127595 -0.112311 -0.027123
-0.0987026 0.0092522 0.0185724
-0.170954 0.0307285 0.0531604
-0.119881 -0.039893 -0.0802983
-0.217491 -0.116417 -0.153748
-0.211392 0.00247989 -0.224664
-0.25343 0.024589 -0.138007
-0.120517 0.086799 -0.200106
0.00470585 0.208616 -0.0807341
-0.012071 0.092452 0.0132294
-0.145635 -0.0652785 0.224491
-0.132359 0.0428307 0.321363
-0.148088 0.0799249 0.458622
-0.209998 -0.0081031 0.384786
-0.110769 -0.00256158 0.45047
-0.0889835 -0.144272 0.245081
-0.172518 -0.119252 0.0267544
-0.13533 -0.0908921 -0.224176
-0.00697053 -0.188062 -0.292969
0.0625271 -0.273012 -0.419353
0.0871295 -0.213824 -0.34637
-0.00830097 -0.0441622 -0.330336
0.00802187 0.0442989 -0.271272
0.0610833 -0.128666 -0.0693428
0.0137198 -0.148887 0.128672
0.00467931 -0.151348 0.165225
0.0672449 -0.139724 0.269715
0.0256195 0.109606 0.213947
0.0398243 0.0508074 0.15356
-0.0373032 0.00124067 0.0849278
-0.0175179 0.0777334 0.0639623
0.0967618 -0.00627243 -0.0540328
0.0705971 -0.159554 -0.21933
0.0434799 -0.0314998 -0.162962
0.0636802 -0.0650006 -0.436993
0.123263 -0.0727548 0.0584624
0.0751343 -0.0545468 0.011194
-0.0394184 -0.122808 0.239132
-0.187687 -0.119381 0.173488
-0.228993 0.0471475 -0.00643833
-0.1086 0.149018 -0.146998
0.0200778 0.0886797 -0.0729817
0.0973196 0.0364937 -0.0210923
0.0420469 -0.107217 0.0838196
0.118943 -0.138255 0.111151
0.00983782 -0.0249361 -0.23918
-0.108587 -0.0478845 -0.0833923
-0.0362128 -0.0952594 -0.115581
0.0349201 0.00515171 0.207989
0.0326867 0.139491 0.322352
0.144858 0.108291 0.358085
0.0412644 0.0406195 0.317296
0.0424231 0.0709531 0.340143
0.0629338 0.106457 0.114272
0.0863351 0.0207355 0.180332
0.103068 0.146085 -0.136575
0.148683 0.157572 -0.382151
0.167172 0.0727328 -0.489088
0.171511 -0.148646 -0.652808
0.0887188 -0.125001 -0.502049
-0.00765196 -0.0828218 -0.306439
0.0405946 0.0222515 -0.422011
0.20472 -0.0252765 -0.391765
0.258862 -0.108131 -0.0314279
0.188022 -0.0274537 0.236087
0.185499 0.103218 0.707002
0.0993152 -0.0522005 0.623875
-0.00640446 -0.0152481 0.980362
0.06629 0.0587079 0.811638
0.0721407 -0.0434175 0.531365
-0.0697744 -0.0194926 -0.0241948
0.102169 0.0506987 -0.189815
0.0585828 0.00573884 -0.450851
0.00616513 -0.0541693 -0.670175
0.0989726 -0.013027 -0.691658
-0.00623615 -0.156244 -1.00416
-0.0300134 -0.0702944 -0.699451
0.0907363 -0.0391278 -0.57914
0.0627946 -0.132481 0.174082
-0.0118702 -0.163249 0.476273
-0.00992021 -0.00310413 0.751327
-0.127498 0.0624827 0.601477
-0.191293 -0.08859 0.557939
-0.065948 0.0893774 0.472007
-0.0361453 0.0668479 0.281404
0.0929105 -0.199107 -0.048691
0.151798 -0.0243523 -0.484052
0.164916 0.185805 -0.443398
0.128784 0.0654819 -0.564874
-0.015796 0.135601 -0.33717
0.11293 0.0372035 -0.0857838
-0.0972582 -0.125188 0.330693
-0.0950375 -0.224476 0.457853
-0.039793 -0.0999229 0.798999
-0.0490705 -0.0745211 0.423436
-0.115184 -0.013641 0.363894
-0.120549 -0.0207551 -0.130526
0.0232824 0.0541122 -0.280841
0.168928 0.0700597 -0.658537
0.0356057 -0.0435096 -1.16128
0.0654949 0.0488192 -1.07962
0.150718 0.141887 -0.430494
0.0362019 0.104199 -0.272521
-0.0325486 0.0543774 0.197915
-0.130298 0.15963 0.34196
-0.102962 0.178857 1.15532
-0.0747879 0.0470906 0.932966
-0.0620437 -0.00276382 1.07113
-0.136554 0.07273 0.79316
-0.012215 0.0764544 0.790836
-0.0165939 0.148854 -0.0614589
0.031846 0.0727447 -0.227261
-0.170885 -0.0307449 -1.07503
-0.268867 -0.057453 -0.768284
-0.164965 0.114694 -0.977513
0.0859249 0.151231 -0.961968
0.017859 0.113565 -0.490664
0.111882 -0.105756 -0.0408929
0.0488871 0.00449948 0.312573
-0.150866 -0.0517915 0.275253
-0.271998 0.0157945 0.285186
-0.112647 0.154633 0.254284
0.0348574 0.0893656 0.201728
0.0939058 0.110567 0.816057
0.100178 0.166592 0.210453
-0.0112127 0.270646 0.341038
0.0144892 0.183548 0.0267823
-0.0617476 0.22339 0.142739
-0.162831 -0.119991 0.197123
-0.120699 -0.221445 -0.0163647
0.047515 -0.0273943 -0.0394494
0.124846 0.0600536 0.031366
0.0316534 -0.107335 -0.288703
-0.126817 -0.125354 -0.200452
-0.000618437 -0.155655 -0.576199
0.00481248 0.0545942 -0.418082
0.0445933 -0.136434 -0.467009
-0.21264 -0.110299 -0.54221
-0.183768 -0.010726 -0.254474
0.0122595 0.0935451 0.0249623
0.196789 0.217585 0.217749
0.05463 0.306217 0.628834
-0.0720626 0.14938 0.92786
-0.232971 -0.00393662 0.438648
-0.291909 -0.0349268 0.289356
-0.304318 -0.136005 0.179774
-0.165232 -0.324105 -0.23469
-0.122178 -0.273814 -0.144072
-0.0877033 -0.253225 0.29625
0.0263697 0.068568 -0.356952
-0.0197263 0.153957 -0.253509
-0.0568866 -0.0145232 -0.490692
-0.0357307 0.327674 -0.242438
-0.0391704 0.388553 0.325246
0.00774024 0.200617 0.302363
-0.0745336 -0.130818 0.137435
-0.206338 -0.126472 0.45403
-0.172516 -0.256492 -0.351177
-0.180839 -0.279727 -0.251399
-0.198892 -0.336119 -0.281746
-0.135489 -0.106171 -0.636972
0.0936507 -0.0509766 -0.51318
0.163484 -0.182297 -0.0951949
0.289092 0.16469 -0.290458
0.314484 0.169743 -0.0800934
0.271287 0.236721 0.202119
0.195004 0.507866 0.819111
0.102455 0.352978 0.608117
0.0400873 0.323006 0.662443
-0.0273644 0.316852 0.848547
0.0897984 0.0187802 1.02519
-0.0575573 -0.120555 0.901078
-0.0253574 -0.355735 0.310058
-0.0128592 -0.48002 0.0803628
-0.0670765 -0.301108 -0.520469
0.228539 -0.113543 -1.19592
0.412151 -0.139757 -1.44399
0.26267 -0.0720005 -1.82629
0.369471 0.106686 -1.36315
0.421189 0.193246 -1.19748
0.351609 0.00659145 -0.802372
0.210074 0.00456015 -0.259658
0.105641 0.269424 0.879825
0.0085047 0.357566 0.878431
-0.0416378 0.166901 1.64592
-0.371251 0.0559931 1.57681
-0.454958 -0.0609979 1.75876
-0.249677 -0.0529609 1.30141
0.00310743 0.0142087 0.789155
-0.00194426 0.0123809 0.0681829
0.147639 -0.0520167 -0.380707
0.225732 -0.237239 -1.17463
0.264124 -0.073815 -1.36448
0.0816899 0.0425403 -1.23979
0.0552892 -0.0900661 -1.11981
0.0191044 0.0211696 -0.50232
0.116281 0.0403873 -0.810665
-0.215789 -0.149626 0.0956088
-0.298794 -0.395167 0.0713225
-0.474772 -0.374155 0.636005
-0.194132 -0.176345 0.321684
-0.0760028 0.261803 0.488653
0.240438 0.253923 0.325601
0.249969 0.16692 0.398052
-0.133337 0.190014 -0.021752
-0.179995 0.218175 0.0895008
-0.138224 0.181018 0.299186
-0.13497 0.0272137 0.559313
-0.0177885 0.0187873 0.530437
0.0521211 0.191586 0.441275
0.144369 0.203593 0.311089
0.264798 -0.185344 0.15648
0.0934084 -0.113764 -0.328627
0.292112 -0.290088 0.0617544
0.160491 -0.354056 -0.480306
0.276081 -0.268751 -0.832209
0.455733 -0.285755 -0.88827
-0.0253306 -0.0314244 -1.05949
-0.289175 0.0310398 -0.922838
-0.152557 0.126598 -0.750236
-0.234388 0.0170898 0.0738047
-0.271688 -0.247574 0.328996
-0.302557 -0.234989 0.567725
-0.0677017 0.161139 0.697555
0.258953 0.131988 1.03394
0.060657 0.028928 1.14701
0.27429 0.187074 0.951024
0.610771 0.205015 0.664214
0.604755 -0.00888217 -0.138086
0.424906 -0.166112 -0.0297576
0.330619 -0.332607 0.166695
-0.00942003 -0.331847 -0.422058
-0.551957 -0.440248 -0.259328
-0.548605 -0.391021 -0.997834
-0.446144 -0.191942 -1.0586
-0.584568 -0.235253 -1.33096
-0.505356 0.106739 -1.21799
-0.185016 0.277072 -0.735746
0.261158 0.396996 -0.39432
0.545768 0.571369 0.0216829
0.565452 0.485882 0.220586
0.497703 0.277188 0.667752
0.410475 -0.0608388 0.73816
0.272105 -0.274467 1.24002
-0.0641517 -0.461549 1.45235
-0.366731 -0.410537 1.73786
-0.345891 -0.42236 1.43713
-0.43431 -0.250671 0.421865
-0.327739 -0.248336 0.198603
-0.128433 -0.109896 -1.18126
-0.0287955 0.238582 -0.960147
0.0039422 0.436336 -1.04249
-0.0805555 0.371252 -0.745625
0.128029 0.550912 -1.09313
0.231032 0.470383 -0.701402
0.0765809 0.402629 -0.806814
-0.233842 0.0810896 0.347638
-0.435678 -0.0431277 0.327112
-0.325121 0.15807 0.34076
-0.0681129 0.238958 0.477571
-0.259226 0.267611 0.447058
-0.134868 0.215029 0.418098
-0.123932 -0.0825345 0.0135643
0.0142404 -0.0766185 -0.097416
-0.103 0.28049 0.148661
-0.0892286 -0.148277 -0.528417
-0.27015 -0.0782561 -0.233329
-0.19761 -0.0931058 0.231578
-0.413478 -0.473373 0.272747
-0.584228 -0.151912 0.551593
-0.2751 0.227609 0.958986
-0.141404 -0.268029 1.0759
-0.289787 -0.673737 0.0840105
-0.26079 -0.218052 0.33204
0.0699229 0.435866 -0.270363
0.353443 0.727342 -0.736934
0.62511 0.663798 -0.917668
0.522673 0.738738 -1.22146
0.620766 0.620634 -1.14141
0.377221 0.131161 -0.909525
0.01908 -0.22994 -0.648277
-0.277612 -0.55868 -0.0509501
-0.518206 -1.01582 0.22962
-0.326438 -0.878582 1.15847
-0.0314787 -0.962505 0.997671
-0.109599 -0.882552 1.54433
-0.115533 -0.593965 1.29733
0.161795 -0.314428 1.32492
0.388117 0.0312416 0.467767
0.388717 0.240022 -0.440851
0.47406 0.489687 -0.0250306
0.596895 0.418375 -0.489148
0.455878 0.0938535 -1.39574
0.244518 -0.12415 -1.22485
-0.0740229 0.0671823 -0.731726
-0.0630696 0.139784 -1.74122
-0.249366 -0.280144 -1.01169
-0.438404 -0.292536 -1.22058
-0.429119 0.0714043 -0.58337
-0.00372373 0.172637 -0.139082
0.152057 -0.0543854 0.695791
0.140458 0.0770814 1.0368
0.0396295 0.138446 1.52365
0.0933813 0.505299 1.43435
0.0878861 0.460501 1.31745
0.160035 -0.311832 1.77985
0.0200256 -0.45134 1.51271
-0.127085 -0.209787 0.910939
0.0800657 -0.0311545 0.297586
0.0817664 0.206404 -0.611189
0.0516365 -0.122879 -1.22219
0.123334 -0.626428 -1.36256
0.283115 -0.0983517 -2.33523
0.214096 0.586364 -1.87516
-0.142158 1.07595 -1.71651
-0.168324 1.23952 -1.65825
0.0587636 1.0986 -0.386985
0.146919 0.777945 0.298609
-0.108967 0.693677 0.874828
-0.287874 -0.0422877 1.71463
-0.632111 -0.222371 1.67882
-0.532433 0.00279464 1.97108
-0.528067 -0.36284 1.37483
-0.356018 -0.530623 1.2531
0.077237 -0.384757 0.51079
0.457903 -0.507202 0.452423
0.251521 -0.24761 -0.00210749
0.28292 -0.173142 -0.626719
0.0598219 -0.0510421 -1.52003
-0.374317 -0.0748305 -1.28754
-0.141609 -0.248535 -1.15388
-0.155128 -0.25277 -0.715429
-0.307873 -0.0709324 -0.177086
-0.247942 0.20152 -0.424348
-0.0907973 0.407701 -0.237516
0.16465 0.066662 -0.122408
0.4434 -0.432392 0.456657
0.578121 -0.327909 0.832831
0.490548 -0.298779 0.627528
0.217058 -0.0076414 0.110974
0.414756 0.245423 0.470146
0.151346 0.206289 0.219695
0.213856 -0.073745 0.46234
0.336866 -0.712224 -0.16849
0.459863 -0.622126 -0.235583
0.37219 -0.439011 -0.897012
0.446682 -0.507155 -0.333997
0.289379 -0.98006 -1.11009
0.281342 -1.29457 0.0280667
0.44046 -0.973227 0.23621
0.521314 -0.608964 0.404747
0.465069 -0.354016 -0.187787
0.276099 0.0742932 0.307093
-0.0121547 0.568274 -0.0739457
-0.509466 0.475781 0.34346
-0.510974 0.340569 -0.495371
-0.42961 0.681565 0.247074
-0.0130864 1.03989 -0.257098
-0.250366 0.878754 -0.125579
-0.139764 0.334783 0.312878
-0.0396979 0.435857 0.129899
0.0104288 0.394296 0.0444154
-0.0520526 0.323186 -0.616474
-0.430307 0.0934113 -0.468217
-0.371488 -0.0480994 0.495079
0.00733418 -0.402642 0.0671096
-0.0699949 -0.388206 0.318179
-0.195469 -0.210484 0.0716993
-0.362424 -0.0879691 0.0673009
-0.594908 -0.347125 -0.127332
-0.222375 -0.188483 0.288853
0.118508 0.236205 0.598835
0.159229 0.303624 0.124285
-0.54809 0.256343 0.263966
-0.834556 0.189968 0.565415
-0.457669 0.227576 0.286961
0.297876 0.676976 -0.392878
0.54851 0.667548 -0.17737
0.265485 0.561404 -0.502511
-0.112228 0.43845 -0.0290276
0.10388 0.211712 0.161208
0.00866961 0.132408 0.479024
-0.00488972 0.275699 0.947106
0.169872 0.11913 0.257208
0.394066 0.367856 -0.06447
0.1033 -0.0841685 -0.771725
-0.327306 -0.187536 -0.54535
-0.402862 -0.304508 -0.643619
-0.153676 -0.296938 -1.0316
-0.0941384 -0.505706 -0.578676
-0.0881116 -0.941839 -0.68817
-0.163658 -0.720086 -0.229843
-0.151984 -0.263373 -0.0477537
-0.0650688 -0.0835634 -0.444222
-0.19946 0.0952703 0.546681
-0.380805 0.216469 0.94775
-0.122437 -0.220275 0.843441
-0.308702 -0.408883 0.523723
-0.127728 -0.167862 -0.0483975
0.0883465 0.12741 -0.461194
-0.191237 0.645663 0.132662
-0.287272 0.52855 0.0870958
0.00373216 0.27962 0.0832655
-0.0742762 0.0909364 0.866507
-0.320577 -0.142193 0.438937
-0.724496 -0.273609 0.610707
-0.997242 -0.0482528 0.823688
-0.533697 0.226516 1.40744
0.0882007 0.266727 0.842782
0.458317 0.971668 0.501018
0.39788 0.965228 -0.32515
0.235276 0.444887 -1.44229
0.0190586 -0.0526892 -1.66292
0.054165 -0.371162 -2.20266
0.418121 -0.567405 -2.18913
0.14658 -0.667552 -1.53165
-0.0874423 -0.301975 -1.13879
0.120986 -0.346756 -0.663903
0.00965269 -0.357564 0.193626
0.357401 -0.388369 0.662328
0.76619 -0.135787 1.69869
0.219173 0.413826 2.39169
-0.236644 0.9172 2.60984
0.0851371 0.934314 1.85754
0.639489 0.91489 0.739066
0.72496 0.908269 -0.0610585
0.73126 0.496726 -0.323184
0.342429 0.057906 -0.88973
0.16827 -0.0494233 -1.29342
0.467775 -0.08751 -1.09506
0.400833 -0.430694 -0.899884
-0.0513159 -0.421509 -0.463217
-0.159269 -0.489283 0.495936
-0.280268 -0.328963 0.825974
-0.241978 -0.268619 0.960769
-0.349009 -0.211315 0.175212
-0.403334 0.00165878 -0.134087
-0.20737 -0.0240954 -0.832435
-0.106601 -0.281731 -0.676957
0.194776 -0.113841 -0.948457
0.494669 -0.227043 -1.50923
-0.20872 -0.377443 -0.895388
-0.337287 -0.0818443 -0.45057
-0.0541364 -0.0112896 -0.163381
-0.12846 -0.372613 0.831559
-0.384982 -0.475551 1.17936
-0.58001 -0.0750754 1.27312
-0.307147 -0.27889 1.59729
-0.116078 0.0710641 0.954009
-0.208185 0.437823 0.592737
0.0874932 0.423569 0.0156076
0.498893 0.637394 -0.698047
0.449844 0.657228 -0.761529
0.118457 -0.0490996 -0.191233
0.230129 -0.253805 -0.0993451
0.317811 -0.0947428 0.272457
0.329274 -0.528443 0.177138
0.366968 -0.846823 0.871609
0.47026 -0.775792 0.848575
0.822119 -0.872969 0.166489
1.01378 -0.457541 -0.340593
1.0651 -0.0159902 -0.899632
0.830281 0.488057 -1.64617
0.00193883 1.02608 -1.65265
-0.398015 1.06917 -1.797
-0.574968 1.12446 -1.59605
0.275615 0.790594 -1.59902
0.159311 -0.0219961 -1.17934
-0.309742 -0.00419609 -0.0205711
-0.299477 0.0536599 0.992505
-0.112414 0.112224 2.19537
-0.0505296 -0.410234 2.34072
0.26751 -0.57496 2.27927
0.250823 -0.0073016 2.51076
0.138843 0.546062 2.13475
-0.411132 0.145133 1.66909
-0.653313 -0.224237 0.702945
-0.395121 -0.0462013 -0.423941
-0.571172 -0.0259242 -0.956676
-0.624101 0.433607 -1.66114
-0.597382 0.428821 -1.96889
-0.703383 0.197647 -1.90859
-1.14702 -0.109782 -1.68651
-0.701151 -0.481299 -1.73876
-0.634051 -0.796386 -1.18222
-0.681807 -0.693465 -0.450978
-0.463789 -1.13743 -0.0313637
0.0238954 -0.75097 0.583165
0.449571 0.0134505 0.581603
0.931117 0.607039 1.10472
1.31366 0.410868 1.7916
1.49693 0.392034 1.82336
1.20587 0.303575 1.96266
0.584144 0.116357 1.60984
-0.215758 -0.0913191 0.969697
-0.431635 -0.394833 0.0264649
-0.643568 -0.532439 -0.427334
-1.20177 -0.948188 -0.831858
-1.15875 -0.907777 -1.27302
-0.151646 -1.09924 -1.67367
0.470565 -1.34097 -2.012
0.783688 -0.364078 -2.05173
0.845681 0.10318 -1.47351
1.53134 -0.197195 -0.742138
1.67396 -0.0645313 -0.615003
1.19417 0.592917 -0.15341
0.559795 0.298919 -0.530839
0.0273967 0.399242 -0.274124
-1.06642 0.235364 0.244697
-1.14643 0.168191 0.347009
-1.67513 0.368488 1.43743
-2.18733 0.0394335 2.16359
-2.20953 -0.110484 2.63028
-0.562074 0.446511 2.55865
0.38985 0.174601 2.81982
0.3407 -0.665288 2.81537
0.25291 -0.73321 2.22145
0.136922 0.0509239 0.784375
0.237361 0.153182 -1.14535
-0.323032 -0.264565 -2.47804
-0.323228 0.319718 -4.24333
-0.425219 1.04815 -4.17961
-0.169384 1.03847 -4.32761
0.30795 0.562112 -3.54763
0.644421 0.622979 -2.83971
0.473579 0.146917 -1.64664
-0.298333 -0.47826 -0.0500964
-0.771884 -0.149229 2.25282
-0.411241 0.279655 3.35065
0.149359 0.323841 4.43268
-0.228699 0.294825 4.19336
-0.169017 0.140051 3.48894
0.268445 -0.369615 2.77609
0.534428 -0.0601473 1.97788
0.461825 -0.126221 0.941186
0.812601 -0.411179 -0.841793
1.14789 -0.36379 -1.36162
1.33001 0.0409105 -2.24547
0.995413 -0.105055 -2.16079
0.242998 -0.0954528 -2.25833
-0.177402 -0.0234108 -2.46802
-0.0403088 -0.0232395 -2.74803
-0.425095 -0.301408 -2.2548
-1.29125 -0.834716 -1.42284
-1.47091 -0.661276 -0.407954
-1.35381 -0.0714556 0.485849
-0.683632 0.245288 0.930404
-0.198648 0.0231917 1.54143
0.547936 0.237834 1.98604
0.444221 -0.730847 2.37513
0.436054 -1.64086 2.24508
-0.0394138 -1.23268 2.34447
-0.633981 -0.058223 1.35852
-0.743472 0.0965126 0.602378
-0.226943 -0.00381938 -0.452856
0.00496487 0.676561 -0.616955
0.636134 0.682131 -1.28027
0.582213 0.377212 -2.00826
-0.14668 0.239404 -1.97326
-0.284764 0.196928 -2.67457
-0.482373 0.239678 -2.03737
-0.509832 -0.142532 -1.48218
0.0321247 0.152942 -0.938645
0.523495 0.227274 0.296329
0.677834 0.0791879 1.3028
0.210658 0.254687 1.54232
0.178103 -0.109721 2.35744
0.384554 -0.252574 2.11594
0.838999 0.359 2.6698
1.28554 0.479487 2.06601
1.12371 0.995138 0.7938
1.07615 1.36811 0.163707
0.49449 0.909992 -0.74518
0.133291 -0.0452089 -1.8938
0.24677 0.259104 -2.07763
0.153929 0.372627 -2.25684
-0.314252 0.837342 -2.33329
-0.664477 0.80753 -1.45293
-0.646937 0.345635 -0.471808
-0.283779 0.435397 0.529489
-0.311817 0.535365 1.55248
-0.276618 0.315348 1.81912
-0.388739 -0.13407 1.56835
-0.122988 -0.336718 1.79777
-0.290774 -0.209666 1.10607
-0.554724 0.119061 0.269201
-0.0998596 -0.187992 -0.390659
-0.0305812 -0.471158 -0.84817
-0.311388 -0.0404435 -1.41659
0.0480748 0.365052 -1.44311
0.879975 0.723734 -1.44514
0.762167 0.522152 -0.462583
0.241779 -0.501302 -0.252381
-0.609529 -0.388863 1.14875
-0.620281 -0.166031 1.50111
-0.511333 -0.391244 1.23128
-0.838271 -0.602479 1.77043
-0.880031 -0.38108 0.739294
0.0737885 0.028289 0.522027
0.437664 -0.156498 0.213922
0.631872 0.226623 -0.21843
1.15274 0.62358 -1.74992
1.55677 0.450037 -1.75833
1.82294 0.372619 -2.05555
1.72155 0.0830903 -1.96264
0.934042 -1.19496 -1.08594
-0.409 -1.29415 -0.514147
-0.744232 -0.705963 -0.346813
-0.913734 -0.292464 0.497868
-1.28941 0.047861 0.924998
-1.4681 0.277207 1.24993
-1.3017 -0.433861 1.8141
-1.15556 -1.05667 2.028
-0.9371 -0.546132 1.51785
-0.228933 0.619559 0.346915
-0.0461142 1.65968 0.122803
0.230483 2.80254 -0.0349089
0.46689 3.08261 -0.631119
0.15845 2.17529 -0.961127
0.227469 1.33476 -1.34591
0.00133244 0.5489 -1.41958
-0.345368 -0.729919 -1.22101
-0.976153 -1.74649 -0.314532
-1.64797 -1.80115 0.510372
-1.83664 -1.46047 1.06142
-1.0695 -0.828066 0.834847
-0.49263 -0.93121 0.582845
-0.0274254 -0.646839 0.413362
0.15897 -0.180158 0.98855
1.10248 -0.0564431 0.77465
2.12399 -0.471418 0.723262
1.93519 0.66771 0.512874
2.96443 1.52023 0.115378
2.53361 0.946042 0.149014
1.11897 0.121951 0.117132
0.0058827 -0.126622 0.342735
-0.173254 -0.148666 0.132153
0.0153189 -0.488797 -0.320761
0.32443 -0.745983 -1.34443
0.341728 -1.36189 -0.988359
-0.180725 -1.46816 -1.89706
0.280413 -1.48422 -2.08546
1.21778 -1.20762 -2.44258
1.50947 -0.749757 -1.95335
1.56708 -0.792557 -2.20136
2.07845 -0.623987 -0.65029
1.35024 -0.515555 0.271115
0.943048 -0.883774 1.54688
-0.702496 -0.974341 1.84495
-1.82878 -1.79949 2.34452
-1.00337 -1.98731 2.45469
-0.739033 -1.22351 1.81909
-1.5559 -0.511896 2.29654
-1.75091 0.0952501 1.8331
-1.41557 1.06046 1.13641
-1.33259 1.20454 -0.000760119
-0.946753 1.04487 -1.35631
-0.470949 0.608944 -2.17889
-0.851979 0.04759 -2.80075
-0.981295 0.131643 -3.03097
-0.973048 0.881854 -2.57302
-0.457045 1.25712 -1.9909
-0.463867 0.920693 -1.3297
-0.604625 0.215934 -0.229611
-0.552619 -0.264804 0.842459
-0.434943 -0.0642299 1.9437
-1.32176 0.194857 2.65624
-2.43308 0.764744 3.47225
-2.15341 1.06347 3.03265
-1.35985 0.871834 3.31329
-0.625729 0.753643 2.62354
-0.120566 1.30967 1.99558
0.392556 2.0895 0.725667
1.15127 2.12912 -0.338736
1.56261 1.39011 -1.3721
0.613383 0.887356 -1.95599
0.115497 0.771911 -2.52153
0.708584 0.08388 -2.4749
1.63037 0.970049 -3.00409
0.865745 1.79401 -3.11172
0.604819 0.87988 -2.82785
-0.0544918 -0.00447486 -2.32585
0.040258 -0.526917 -1.0606
0.400154 -1.08874 0.114305
0.104137 -0.791375 1.80256
0.236765 -0.0225355 3.05027
0.493619 -0.721147 3.49869
1.02662 -0.854874 3.60778
0.659852 -0.29288 3.46154
0.88576 -0.450886 3.02619
0.633001 -0.684377 1.66001
0.895417 -1.06134 0.204138
1.12913 -1.41692 -1.22314
-0.118962 -1.84776 -2.19543
-1.07174 -0.952737 -2.58857
-1.5898 -0.229205 -2.47659
-1.85626 0.0823136 -2.77665
-1.87543 -0.12834 -2.92989
-1.19399 -0.636951 -2.21904
-0.883841 -1.19151 -2.23219
-0.383611 -1.3619 -0.213144
0.207976 -0.950216 -0.0549629
0.933138 -0.354929 0.667026
0.802255 -0.469087 1.0985
0.482403 0.232323 1.41216
0.324036 0.667793 1.56046
-0.299197 0.973284 2.95355
-1.21008 0.899545 3.08113
-1.81283 -0.121834 2.63897
-1.7738 -1.6066 2.08809
-1.12272 -1.50322 1.25294
-0.59259 -0.654903 -0.0893747
0.0359982 0.101089 -1.25875
0.794835 0.667698 -2.01713
2.00699 1.80982 -2.47348
3.20955 1.6883 -3.53354
3.05825 1.32228 -3.14876
2.02894 0.591328 -2.45638
1.36587 0.548168 -1.70739
0.760649 1.60029 0.0643972
0.968643 2.62245 0.649074
0.317043 1.93458 1.33542
-1.09451 2.09039 2.71889
-0.657779 1.32374 2.63504
-0.364643 -0.372493 2.9307
-0.936761 -0.847499 3.54491
-1.21504 -1.06413 2.56144
0.114026 -1.29485 1.25489
1.36773 -0.734617 0.00733989
2.37389 -0.697983 -1.05862
2.68121 -0.454771 -2.52243
2.01101 -0.259489 -3.40846
1.41195 -0.305514 -3.57667
0.425221 -0.613598 -2.80111
-1.40669 -0.232019 -1.66495
-2.04238 -0.715479 -0.281183
-2.31977 -1.26087 0.0414107
-2.96281 -1.54175 0.745614
-2.34571 -1.6079 0.952277
-1.01114 -1.6058 0.742307
-0.278688 -0.852045 1.21376
0.648422 -0.482328 1.37174
1.92189 -1.46323 1.28017
3.26496 -2.0646 1.95497
2.50924 -1.61557 1.80304
1.31872 -1.22326 1.35674
0.946262 -0.752654 1.09813
0.658944 -1.15109 -0.280578
-0.341543 -2.12494 -0.807366
-1.00061 -2.06121 -2.07955
-1.1669 -1.3561 -3.05676
-1.23322 -1.76425 -3.45467
-0.0661001 -1.25555 -3.85184
0.750859 -0.77668 -3.64339
1.61947 -0.0577426 -3.22353
1.73214 0.705781 -1.72672
0.326041 0.860459 0.519645
0.317141 -0.0246806 1.91382
0.697207 0.608042 2.87899
0.44992 1.23796 4.24589
-0.126403 1.58235 3.70635
-0.704598 1.82858 3.74451
-1.76016 1.88539 3.09222
-1.90259 2.15792 1.28744
-0.510891 2.23921 -0.210115
-0.352436 2.57 -1.83506
-0.262052 2.45556 -2.3488
-1.17825 2.22747 -2.31935
-2.12948 2.59374 -2.33515
-1.3867 2.46988 -1.78673
-0.662234 1.50102 -1.099
-1.2587 0.613621 -0.0507628
-1.39616 -0.121624 1.58677
-0.931837 -0.312791 3.28281
-1.32359 0.164375 4.35301
-1.19464 0.772753 3.45514
-0.371762 0.866083 2.4134
0.145911 1.18325 1.54539
0.423719 1.55249 -0.4547
0.580816 2.2287 -1.46198
0.209026 3.40944 -2.8448
0.08668 3.43942 -3.18325
0.71154 1.14621 -3.48475
1.35548 -0.521052 -2.1892
0.39879 -1.60572 -1.30523
-1.05292 -2.82944 0.528011
-0.84767 -1.81406 1.4533
-0.545859 -0.954519 2.53815
-0.0282252 -0.981598 2.14604
-0.44895 -0.753511 2.40044
-0.109389 -1.31214 1.41931
0.593045 -1.93366 -0.0372824
1.16229 -2.45453 -1.54328
-0.743873 -2.89666 -1.86812
-1.32685 -2.37333 -1.57218
-1.02349 -1.37868 -1.58554
0.138025 -1.75194 -0.778039
0.518339 -1.38224 -0.137518
1.0142 -1.38207 -0.355454
0.446303 -1.12086 -0.527255
-0.891927 -0.349102 -0.254524
-0.129478 0.406819 -0.40293
0.153571 0.403916 -0.707371
0.278302 0.300336 -1.26885
0.198222 1.00097 -1.02477
-0.404376 0.811355 -1.14046
-0.851248 0.260361 -0.383431
-1.63729 1.53022 0.934629
-1.86656 1.65759 2.60582
-1.96763 -2.88663 3.34587
-1.07664 -3.06095 3.50886
1.99759 -1.99251 2.93562
2.08188 0.126103 1.77997
2.49657 1.30872 0.391472
4.14119 2.64615 -0.967298
4.26352 3.24198 -1.94014
3.36794 3.15981 -3.03282
2.03758 2.44873 -3.87852
1.1635 1.19521 -3.78043
-0.813121 0.176887 -2.68021
-1.83226 0.372692 -0.925022
-2.42135 1.12419 1.23658
-3.03781 2.48535 2.46283
-2.81733 2.92997 3.30302
-1.57488 2.18068 4.02679
-1.47351 0.888357 3.06187
-0.621728 -2.24932 3.25702
1.88152 -2.39296 1.94397
4.27437 -1.75683 0.599944
4.23633 -0.385326 -1.48882
4.10641 0.739211 -2.8942
3.22383 1.29001 -3.44025
0.862457 0.197358 -3.8732
-1.35342 -1.15508 -3.34756
-3.64495 -3.13879 -1.47624
-4.03782 -3.0849 0.108853
-4.21715 -3.05304 1.39743
-5.12502 -1.68875 2.22973
-4.77051 -0.772762 2.27757
-1.76285 -0.858621 1.53929
1.04931 -0.785037 0.127686
2.58651 -0.766812 0.0316019
3.43287 -1.31598 0.10909
3.9952 -1.65181 -0.34409
4.47924 -1.32308 -0.216999
4.30848 -0.820449 -0.806415
2.50175 -1.48192 -0.988936
-0.0933462 -1.12741 -1.27575
-1.17806 -0.739455 -1.35181
-2.00803 -1.06197 -1.36287
-1.676 -1.15563 -1.23229
-2.11503 -0.418878 -1.09623
-2.65654 0.083308 -0.1691
-1.73035 -0.0724366 0.117633
-1.19189 -0.078991 -0.070616
-0.237744 0.237055 0.0730435
0.398222 0.536657 -0.0426384
1.1142 0.21001 0.553792
1.02235 -0.743457 1.55287
0.930121 -0.965711 2.17184
1.81866 -0.568602 2.51385
1.67852 0.721019 2.55421
0.64722 1.91284 1.90864
-0.35911 3.23304 0.873185
-0.42098 3.66005 -0.0463364
-1.15563 3.09286 -1.06009
-1.9084 2.11104 -2.22456
-3.74807 1.85083 -1.7369
-3.46542 1.86413 -1.66986
-3.4836 2.25045 -0.803126
-2.96984 2.09465 -0.58851
-0.722383 1.5869 0.407409
1.79768 0.239155 1.16192
2.66056 -0.769656 2.71065
2.55591 -0.00491552 3.46686
2.75917 0.209828 2.74876
2.54424 0.495818 1.77911
2.10912 0.55522 1.05949
1.94928 0.395816 -0.7474
0.876243 0.0960693 -3.03515
-0.0920404 0.693823 -4.30242
-1.20448 0.258865 -5.71001
-1.78414 -0.672359 -5.36409
-1.11356 -0.667373 -4.11897
-0.377706 -0.490961 -2.19279
0.145787 -0.121698 0.200641
-0.322121 0.199879 2.47859
-0.655535 -0.140083 4.06998
-0.356857 0.338273 5.36601
0.364144 0.946583 5.77019
1.69332 1.06467 4.87078
2.37685 -0.180969 2.86904
1.75788 0.32355 1.15472
0.20815 -0.347916 -0.186914
-0.0553496 -1.18328 -1.74406
-0.173832 -2.0366 -2.53982
-1.07767 -2.26811 -2.88155
-1.03621 -2.22222 -2.82331
-1.19039 -2.25524 -3.40351
-1.75185 -1.73163 -2.85625
-2.36579 -1.38296 -1.91854
-1.70483 -1.49411 -1.55408
-0.946097 -0.848725 -0.663504
-0.173091 0.144708 -0.0512056
0.646479 1.15621 0.670982
1.56481 2.07605 1.29472
2.61375 2.86943 2.14676
2.29461 2.67551 2.83319
1.33289 1.56073 3.26607
1.81574 1.59029 2.89275
1.06636 1.2614 2.30051
0.0669664 -0.0154141 1.58866
-0.807252 -1.46576 0.657133
-0.962414 -1.2285 -0.294515
-0.594232 -0.846755 -1.13277
0.0646914 -0.536562 -2.20807
0.140285 0.242475 -2.6618
0.0534268 0.807874 -2.77044
0.721349 1.52624 -2.47451
0.632161 1.50628 -2.66667
-0.222627 1.30813 -1.99166
0.2419 1.40709 -0.823663
0.131989 1.10669 0.0791743
-0.283921 0.46668 0.416249
-0.878122 0.636139 1.22516
-1.49207 -0.0934446 1.83831
-1.82919 -0.873714 2.36617
-1.33712 -0.671815 2.71163
-1.08232 -0.398367 2.52076
-1.34949 -0.358204 2.19858
-0.864703 -0.524836 0.778453
-0.955977 0.0458776 0.228625
-1.4615 1.4589 -0.242422
-0.567882 1.70714 -1.05082
-0.0799501 1.93732 -0.971558
0.780965 1.567 -1.55082
0.323463 1.25331 -1.48097
-0.840931 0.746665 -0.931333
-0.673158 -0.184223 -0.390803
-0.299691 -1.83137 0.274391
-0.31064 -2.38929 0.385523
0.0413228 -2.1314 0.512063
0.521448 -1.42064 0.240497
0.921824 -1.24775 0.0219092
1.57186 -1.71816 -0.129787
1.68826 -1.69527 -0.175551
2.04572 -1.08428 -0.0704023
2.41411 0.00507841 -0.768588
1.64873 0.374976 -0.84909
1.02829 0.365848 -1.04768
0.974041 0.502311 -0.684399
0.369164 0.830186 -0.0559846
-0.321674 0.587105 0.238637
-1.10536 -0.0924933 0.480655
-0.558743 -0.615745 0.99981
-0.573508 -0.998515 1.00479
-0.406887 -1.21538 1.63102
-0.155458 -0.418819 1.26211
0.534374 -0.456822 1.16374
1.02799 -0.463539 0.321849
1.03037 -0.260901 -0.708184
1.02247 -0.466172 -1.26793
0.573322 0.206481 -2.0329
-0.474703 -0.0413407 -2.3817
-1.50374 -1.33393 -2.44741
-2.4035 -1.33 -1.85714
-3.17494 -1.09211 -1.10168
-2.90871 -1.02997 -0.0135535
-2.63066 -0.936365 1.16597
-1.76561 -0.729652 2.37092
-1.36726 -0.526124 2.97191
-0.634874 0.17749 3.56572
0.485723 0.362866 3.06177
1.02099 0.387528 2.32926
1.57564 0.142036 0.916021
1.36534 1.11076 -0.5927
0.972819 1.63145 -1.93733
0.627494 1.57662 -2.75977
0.662301 0.859654 -3.49905
1.04869 0.0432942 -3.40298
0.47348 -0.07639 -2.65593
0.393637 0.0747293 -1.76664
0.675221 -0.364691 -0.81119
-0.234231 -1.42386 1.02234
-0.0523574 -1.54685 2.16967
0.430005 -1.46127 2.88224
1.34199 -1.15045 3.12629
2.38943 -0.77291 2.47544
1.95841 -0.438833 2.1326
1.47312 -0.56464 1.69716
1.65925 -0.544712 0.554367
1.87695 -0.272367 -0.488475
1.61567 0.0768164 -1.55517
1.14411 0.439616 -2.83348
0.566904 0.807588 -3.492
-0.730321 1.31311 -3.50603
-1.11022 0.440974 -2.66806
-0.980448 -0.00873937 -2.72974
-0.842739 -0.004434 -1.85711
-0.853492 -0.732464 -0.96201
-1.27951 -0.752447 0.528848
-2.1283 -0.528456 1.82322
-2.29265 -0.645653 3.50857
-1.86367 -0.367049 4.20332
-1.07512 -0.707799 4.39257
-0.0475916 -0.612425 3.52667
-0.25684 -0.987489 2.81552
-1.01045 -0.896038 1.92903
0.022463 -0.766246 0.519049
0.226772 -0.401261 -1.25472
-0.238233 -0.515602 -2.34521
0.338079 -0.676848 -3.73876
0.648463 -0.915717 -4.46238
-0.0293725 -0.693419 -3.79356
-0.780254 -0.657823 -2.39794
-0.807064 -0.34872 -1.12051
-0.830527 0.217103 -0.265394
-0.834848 0.413171 0.731484
-0.281374 0.553838 1.98612
0.563762 1.07919 2.44828
0.891594 1.29592 2.77277
1.48819 1.2849 2.52764
2.08541 0.998244 1.81655
2.09675 0.721219 1.21051
2.09242 0.0467945 0.398232
1.87291 -0.152436 -0.797472
1.61762 -0.0269616 -1.6172
1.43715 -0.0837423 -2.14098
0.377868 -0.412831 -2.18653
-1.23296 -0.542057 -1.809
-1.39197 -0.401301 -1.55089
-1.56678 -0.522254 -1.53035
-1.83494 -0.735794 -0.946815
-2.33801 -0.586583 -0.402719
-1.96936 0.599188 0.780614
-0.885438 1.32154 0.798189
-0.0664135 1.61281 1.09024
-0.202135 1.14659 1.33565
0.237305 0.684902 1.47046
0.300056 0.671338 1.49206
0.0275412 1.25919 1.76232
-0.774556 0.661105 1.77137
-1.11442 0.46227 1.27298
-0.919513 0.729691 1.18995
-0.881444 0.572577 0.733069
-1.3106 0.404545 -0.161275
-1.54311 0.135982 -0.615535
-1.18805 0.104676 -0.952652
-0.266606 0.251544 -1.29964
0.69818 -0.0711908 -1.01461
1.37721 -0.00156806 -0.788113
1.68328 -0.530472 -0.643722
1.60649 -1.04672 -0.47137
1.8015 -0.801363 -0.51234
1.79751 -1.06662 -0.299714
1.43132 -1.04996 0.0188297
0.995594 -0.805238 -0.0297415
1.10301 -0.701301 0.0809204
1.31042 0.186033 -0.543088
0.973795 1.10786 -0.793078
0.56778 1.09664 -1.21607
0.408045 1.13423 -1.43258
0.179068 1.37149 -1.41371
-0.562367 1.06226 -0.942952
-0.548972 0.318416 -0.164365
-0.511678 -0.142579 0.290969
-0.704412 -0.209716 1.13405
-0.903949 -0.717555 1.74091
-1.03523 -0.743022 2.35265
-1.28305 -0.802691 2.36024
-1.61524 -0.89931 2.34505
-1.92351 -0.320677 2.10548
-1.93039 0.232311 1.53247
-1.87321 0.434071 0.73233
-1.61513 0.624785 -0.460173
-1.72468 0.368539 -1.205
-1.86768 0.00863502 -2.3634
-1.56871 0.266432 -3.12174
-1.68326 0.103837 -3.25254
-1.5584 0.0427506 -2.49573
-0.934561 0.190175 -1.15928
-0.259698 0.830266 0.184443
0.202594 1.7213 1.4783
0.59177 1.20134 2.51833
0.518943 0.66611 2.76413
0.415008 0.917604 2.76912
1.43656 0.920429 2.35445
2.31511 0.815128 2.07696
2.34759 1.17172 1.02103
2.14874 1.30901 -0.154957
1.99574 1.22672 -0.928536
1.50361 0.682097 -1.82937
1.46732 -0.448398 -2.48842
1.38291 -0.642424 -2.40374
1.59513 -0.107909 -2.10224
1.45459 -0.0154533 -2.17022
1.56238 -0.133974 -1.34103
2.02495 -0.0678869 -0.536656
1.94922 -0.145319 0.50446
1.24071 0.0546872 0.688892
0.615919 0.234682 0.858712
0.671682 0.343176 0.79789
0.0387809 0.488801 0.725456
-0.97484 0.934909 0.666709
-0.945039 0.749708 0.673706
-0.80274 0.00388334 0.419193
-0.61593 0.219941 0.154988
-0.794166 0.0491101 -0.162162
-0.163606 -0.781096 -0.123301
-0.766276 -0.524831 0.0989431
-1.64096 0.0193982 0.521978
-1.5019 0.14723 0.808551
-1.15552 -0.303473 0.751466
-0.857839 -0.236995 0.429035
-0.868298 -0.186103 0.0824587
-0.37421 -0.0233919 -0.17795
0.255908 0.0078119 -0.355
0.38039 -0.452156 -0.269289
0.263778 -0.64898 -0.380709
0.144759 -0.463179 -0.277127
0.294173 -0.0753164 -0.355043
0.514116 0.18415 -0.383922
0.500539 -0.175052 -0.373673
0.301661 -0.383554 -0.147616
0.601433 0.213347 -0.26018
0.632414 0.0990607 -0.482683
0.577686 -0.395476 -0.737634
0.769402 -0.722053 -0.682096
0.798402 -0.216643 -0.370448
0.912897 0.0669702 -0.433369
1.514 0.583079 0.128191
1.43578 0.324019 0.622359
0.401704 0.556486 0.761383
-0.350576 0.807912 0.591941
-0.450154 0.654888 0.315413
-0.784337 0.562719 0.244251
-0.836813 0.0999877 0.0205958
-1.35716 0.647279 0.373304
-1.69847 0.60888 0.207605
-1.52313 -0.0829449 0.0194172
-1.14615 -0.639374 0.0253479
-1.09309 -0.672377 0.293869
-1.00858 -0.46021 0.473945
-0.918258 -0.141149 0.582422
-1.04663 -0.378516 0.527114
-0.912336 -0.750726 0.416643
-0.748581 -0.591624 0.0339153
-0.885925 -0.17355 -0.334017
-0.903014 0.0900996 -0.430676
-0.98207 0.386131 -0.248944
-0.646088 0.791179 -0.14294
-0.243619 0.793656 -0.0384985
-0.29845 0.530557 -0.154921
0.0834236 -0.164725 0.323701
0.484984 -0.459576 0.380106
0.606326 -0.63205 0.678136
0.422278 -0.320496 0.584691
0.811031 -0.206036 0.0860777
0.779422 -0.319208 -0.0866591
1.30353 -0.473756 -0.625814
2.03119 -0.520326 -0.740488
1.88963 -0.378233 -1.21076
1.56135 -0.520432 -1.34461
1.65531 -0.811253 -1.49657
1.52362 -1.15368 -1.63471
1.10015 -1.01818 -1.31589
0.467183 -0.455366 -0.692427
0.0125765 -0.164411 -0.0328195
-0.443039 -0.332641 0.940796
-0.723268 -0.684053 1.23154
-0.831778 -0.635638 1.72555
-0.490766 -0.758513 1.81205
0.0700218 -0.671982 1.40842
0.060061 0.163137 1.08763
-0.358866 0.453455 0.839638
-0.633644 0.0641861 0.45436
-0.403958 0.341769 -0.145466
-0.249476 0.504137 -0.421256
-0.253 0.139875 -0.959648
-0.310466 -0.00967626 -1.37029
-1.0298 -0.320208 -1.24567
-1.76488 -0.508772 -0.736744
-2.07865 -0.0598187 -0.437746
-1.56784 -0.349052 -0.176334
-0.803855 -0.374629 -0.0709452
-0.609982 -0.609983 0.112924
-0.728388 -0.555208 0.386232
-0.985533 -0.454108 0.764016
-0.13917 -0.0379179 1.05897
0.454215 0.375543 0.698837
0.667647 0.519333 0.438174
1.32483 0.240689 -0.0647911
1.48245 0.120417 -0.33798
0.664622 0.150475 -0.224652
0.427451 -0.30311 0.0893847
0.365816 -0.685393 0.0984797
0.051282 -0.203753 -0.477906
-0.0370001 0.46313 -0.566483
0.1017 0.48144 -0.614813
0.0974621 0.0547375 -0.578237
-0.146886 0.370526 -0.353424
-0.0576406 0.65718 -0.0334639
0.2513 0.457322 0.142307
0.119185 0.259282 0.328523
-0.14745 -0.24572 0.63466
-0.020013 -0.544354 0.856903
0.184644 -0.600082 0.890588
0.0449922 -0.584645 0.589437
0.0695552 -0.761121 0.119623
-0.18998 -0.905425 -0.302048
-0.440706 -0.502575 -0.346781
-0.443861 -0.588374 -0.203043
-0.359741 -0.343677 -0.387367
-0.212445 0.168953 -0.462082
-0.52573 0.190869 -0.568973
-0.758522 0.381985 -0.276103
-0.807717 0.485712 0.0860809
-0.234102 0.0629275 0.0863673
0.133309 -0.0991445 0.401343
0.388459 0.0183296 0.335778
1.02224 -0.427971 0.0514551
1.18115 -0.352083 -0.033135
0.96517 -0.415113 0.0338383
1.05628 -0.374402 -0.190762
1.12778 -0.338484 -0.479426
1.1849 -0.400608 -0.565827
1.11382 -0.337309 -0.525635
1.12189 -0.369505 -0.624995
0.845894 -0.447587 -0.593977
0.805576 -0.279268 -0.282555
0.636246 -0.084807 0.0373029
0.521071 -0.295195 -0.24202
0.459829 -0.247928 0.0652394
0.709828 -0.117768 0.484102
0.386043 -0.320188 1.00491
0.433117 -0.0781572 1.20723
0.639214 0.280957 1.26064
0.724957 0.162906 0.798041
-0.0046091 0.22367 0.385594
-0.773124 0.304643 -0.109751
-1.04127 -0.00148934 -0.739012
-0.739799 0.145929 -0.977209
-0.743221 0.313081 -1.12106
-0.668202 -0.249023 -1.1401
-0.678242 -0.514543 -1.25118
-0.655864 -0.153874 -0.90985
-0.938565 -0.262866 -0.474323
-1.11112 -0.734831 -0.0862001
-0.992964 -0.32493 0.409551
-1.10875 0.186531 1.03434
-0.945116 0.128612 1.25142
-0.714316 0.29631 1.41475
-0.0521865 0.377458 1.14606
0.596009 0.640549 0.91994
0.60272 0.79586 0.677047
0.426597 0.866677 0.29426
0.268238 0.648648 0.223527
0.426515 0.325846 -0.127317
0.277048 -0.193509 -0.0596849
0.258467 -0.889987 -0.396076
0.49294 -0.762309 -0.403149
0.359078 -0.383344 -0.456815
0.13044 0.175157 -0.582898
0.132136 0.598157 -0.705467
0.485737 0.51721 -0.902634
0.926408 0.643692 -0.660815
0.887575 0.718357 -0.514163
0.999211 0.73915 -0.51808
0.770347 0.408279 -0.343436
0.269792 0.333852 -0.463539
-0.347418 0.638109 -0.341604
-0.602885 0.544305 -0.36613
-0.715793 0.890982 0.0253534
-0.958438 1.26582 0.497071
-1.03849 0.850011 0.483347
-1.15834 0.0973339 0.743101
-1.32828 0.120285 0.832778
-1.27141 0.189822 0.898076
-1.10043 0.24067 0.982331
-0.598738 0.393218 0.549724
-0.29361 0.562489 0.434467
-0.831372 0.4499 0.514376
-1.06536 0.112861 0.417884
-0.896922 -0.132781 0.34137
-0.428026 -0.383431 0.0469046
0.0108524 -0.710888 0.237973
0.145737 -0.00085602 0.240592
0.029339 1.0494 0.217836
0.127327 1.15076 0.0431198
0.457238 1.299 -0.330183
0.45736 0.846302 -0.630543
0.228206 0.743308 -0.985538
-0.138624 0.367875 -0.922419
-0.149059 0.384975 -0.783619
0.476294 0.499143 -0.633312
1.28962 0.146054 -0.554018
1.57096 -0.666532 -0.331685
1.54235 -1.38886 -0.0202818
1.32356 -1.57416 0.419717
1.12642 -1.74553 0.795184
0.799265 -1.33223 1.0706
0.537029 -0.752299 1.08729
-0.00635083 0.190174 0.769169
-0.488939 0.204752 0.21296
-0.322127 0.484962 -0.72439
-0.526759 0.759275 -1.23186
-0.841443 0.773498 -1.47109
-0.507243 0.631861 -1.37944
-0.577247 0.432021 -1.01054
-0.643951 0.082889 -0.35069
-0.513853 -0.364875 0.367799
-0.695258 -0.62157 0.656243
-0.99368 -0.972321 1.18113
-1.07378 -1.05725 1.52144
-0.595884 -0.878446 1.36673
-0.364668 -0.648513 1.09856
-0.556635 -0.132901 0.722439
-0.973911 -0.0947493 0.231408
-0.812702 0.210447 -0.275951
-0.512332 0.868695 -0.689972
-0.336658 0.992829 -1.00608
-0.339588 0.348968 -1.11342
-0.375558 0.0347814 -0.998869
-0.138006 0.486337 -0.778424
0.076919 0.528623 -0.314617
0.174436 0.639474 0.188688
0.12553 0.351155 0.533081
0.681899 -0.0783624 0.637549
1.04104 0.287437 0.828741
1.45617 0.376549 0.71657
1.873 0.590124 0.543071
1.68586 0.869794 0.413446
1.33592 1.16408 0.16299
0.714063 0.911528 -0.291751
0.056084 0.761426 -0.948074
-0.0337628 0.688349 -1.34328
-0.0340597 0.219908 -1.17332
-0.0653131 -0.144146 -0.887985
0.146098 0.0526943 -0.202323
0.455199 -0.117469 0.251842
0.625698 -0.389571 0.653737
0.873024 -0.427963 0.99265
0.790233 -0.5045 1.37393
0.612462 -0.23177 1.51852
-0.0883029 0.194071 1.35578
-0.511267 0.523356 0.802422
-0.454959 0.736401 -0.0643491
-0.566648 0.65203 -0.972007
-0.847423 0.742248 -1.45654
-0.78772 0.468467 -1.61037
-0.707711 0.228584 -1.66916
-1.11502 -0.04936 -1.35325
-1.31377 -0.664936 -0.850149
-0.646582 -1.03583 -0.0454485
-0.344185 -0.953856 0.906411
-0.00271706 -0.982436 1.5267
0.271945 -0.916842 1.65044
0.547421 -1.09415 1.58268
0.872216 -1.07822 1.36203
0.415117 -0.751624 0.797752
0.117463 -0.511164 0.280343
0.488053 -0.331338 -0.494987
0.248393 0.132906 -0.951836
0.457524 0.302886 -1.22504
0.311702 0.264541 -1.38486
0.579721 0.188281 -1.38019
0.610881 -0.0238007 -1.30214
0.603421 -0.375356 -0.974258
0.773622 -0.760188 -0.526714
1.26829 -0.778771 0.326266
1.27805 -0.716944 0.827609
1.04004 -0.658824 1.10224
0.794606 -0.379609 0.886908
0.402552 0.0105839 0.739141
0.260562 0.427581 0.263262
0.346053 0.561698 -0.159132
0.178432 0.751097 -0.519101
-0.352344 0.343841 -0.749697
-0.575308 -0.0371257 -0.72526
-0.484152 0.161167 -0.617117
-0.760951 -0.20701 -0.295667
-1.09148 -0.412989 -0.0395842
-1.33144 -0.288462 0.237481
-1.1782 -0.302017 0.628616
-1.07568 -0.0403496 0.730911
-1.2457 0.301457 0.7648
-1.13809 0.18994 0.567689
-1.1232 0.387913 0.410953
-0.953583 0.454126 0.0401148
-0.611669 0.384297 -0.114698
-0.411592 0.491526 0.0246743
-0.322797 0.333571 0.441221
-0.0461446 0.302677 0.474788
0.118627 0.159034 0.46754
0.0989066 -0.300385 0.691856
-0.0879562 -0.666344 0.689686
-0.280907 -0.655162 0.661698
-0.110461 -0.442927 0.165646
0.139239 -0.455561 -0.324767
0.327365 -0.267236 -0.638916
0.354556 -0.701629 -0.703846
0.601155 -0.665154 -0.881903
1.15157 -0.255287 -1.07279
1.61855 -0.134721 -1.02742
1.93917 0.0107686 -0.920654
1.66714 -0.185589 -0.782344
1.26987 -0.0740478 -0.629964
1.02253 -0.140067 -0.521524
0.85542 -0.441543 -0.58069
0.242665 -0.588908 -0.527447
-0.297875 -0.653911 -0.170038
-0.467881 -0.668942 0.217881
-0.536329 -0.21367 0.443417
-0.652786 -0.0923529 0.557771
-0.670488 -0.184875 0.802163
-0.811929 -0.231851 0.81119
-0.573346 -0.404452 1.01253
-0.295062 -0.483294 0.966184
-0.384749 -0.226612 0.869096
-0.636111 0.294426 0.606738
-0.975322 0.221597 0.210285
-1.07587 0.0581539 -0.104639
-0.912974 -0.104765 -0.546525
-0.777932 0.125399 -0.796629
-0.800129 0.461062 -0.854733
-0.846447 0.438772 -0.603948
-0.607549 0.111034 -0.271514
-0.494027 0.0985225 0.225351
-0.315238 0.576469 0.687283
-0.205921 0.564945 0.64867
-0.244713 0.212369 0.814629
-0.250357 -0.0839837 0.744632
-0.112202 -0.187693 0.665185
0.0832131 -0.183087 0.452287
0.477913 -0.271544 0.0172614
0.606473 -0.41946 -0.392522
0.806111 -0.398748 -0.709158
1.07294 -0.139275 -0.834788
1.29251 0.155167 -0.920412
1.144 0.131708 -0.963207
0.748282 0.0963668 -0.80716
0.694022 0.0256718 -0.522178
0.592818 0.269168 -0.213745
0.459194 0.46127 -0.0950391
0.379238 0.377323 0.0688502
0.385175 -0.156456 0.28448
-0.00988457 -0.598867 0.380487
-0.150011 -0.712788 0.45159
-0.295137 -0.696157 0.635244
-0.232687 -0.653913 0.782386
-0.201404 -0.512952 0.684277
-0.211426 -0.303915 0.561131
-0.0339011 -0.331401 0.31255
0.124253 -0.613714 -0.00152796
0.0783362 -0.832637 -0.444447
0.0010514 -0.992605 -0.535602
0.0798101 -0.930279 -0.838304
-0.0577278 -0.504077 -0.834847
-0.175805 -0.147567 -0.898348
-0.544442 -0.172949 -0.722987
-0.840746 0.140054 -0.691066
-0.775293 0.50216 -0.266511
-0.927867 0.590983 0.0018564
-0.982 0.603024 0.250194
-0.502312 0.63405 0.44882
-0.235703 0.565965 0.664951
-0.0799714 0.424907 0.769625
0.231224 0.497266 0.80368
0.48368 0.576593 0.835287
0.494095 -0.038492 0.861477
0.550229 -0.285427 0.599438
0.548265 0.0802022 0.242547
0.387172 0.372229 -0.0857513
0.256458 0.277567 -0.228653
-0.193779 0.317754 -0.454999
-0.554986 0.209528 -0.521812
-0.223717 0.490712 -0.665139
-0.413137 0.652519 -0.718317
-0.701938 0.621047 -0.437061
-0.5393 0.568266 -0.126147
-0.310603 0.640343 0.0345503
-0.0840994 0.516451 0.21197
-0.259869 0.473287 0.440899
-0.549851 0.45728 0.344835
-0.388956 0.447475 0.287544
-0.0210972 0.381442 0.315118
0.041695 0.341473 0.41602
0.160553 0.400519 0.505889
-0.0396811 0.374105 0.522103
-0.278034 0.187198 0.332715
-0.27381 0.0134123 0.188827
-0.206933 0.0383062 0.00730902
-0.366578 -0.0414862 -0.0406898
-0.35545 -0.0764881 -0.0181097
-0.18042 -0.158214 -0.229178
-0.173013 -0.142657 -0.257683
-0.0108157 -0.49967 -0.370319
0.0167318 -0.752826 -0.37542
0.260075 -0.89785 -0.792993
0.564094 -0.876863 -0.345176
0.907424 -0.571372 -0.0955772
0.939646 -0.192177 -0.224918
1.43106 0.0597538 -0.374837
1.97256 -0.158927 -0.634528
1.78107 -0.493349 -0.516417
1.27709 -0.42673 -0.601737
0.807586 0.00579793 -0.389302
0.980364 0.380351 -0.356513
1.09488 0.509981 -0.478537
0.769985 0.405513 -0.247204
0.504844 0.440199 0.293944
0.510992 0.434284 0.706589
0.280157 0.449785 1.1006
-0.0531184 0.293 1.27502
-0.215516 0.130239 1.49964
-0.128895 0.22445 1.40313
-0.0225774 -0.0456315 1.03049
0.150693 0.00618515 0.491473
0.0690155 -0.00238886 0.0580568
0.195121 0.226099 -0.761234
0.240167 0.763614 -1.35976
0.173133 0.899976 -1.61643
-0.196001 0.674466 -2.01871
-0.647947 0.322775 -2.06461
-1.02093 0.290786 -1.472
-1.32023 0.774 -0.838535
-1.57758 1.04505 -0.0506564
-1.47298 1.04576 0.807649
-1.38884 0.515989 1.64332
-1.39299 -0.0213917 2.12552
-1.10919 -0.215992 2.60657
-0.532376 -0.171986 2.84476
0.182103 0.337892 2.4037
0.3772 0.615066 1.73046
0.295352 0.480382 0.925931
0.519622 0.369737 -0.307404
0.515829 0.232677 -1.16932
0.627646 0.394856 -1.952
0.534785 0.289252 -2.71366
0.258365 0.121668 -2.84822
0.0522663 -0.246297 -2.71139
-0.278537 -0.606595 -2.11827
-0.268856 -0.708188 -1.26163
-0.124106 -0.520902 -0.405557
-0.0125944 -0.303772 0.441454
0.222238 -0.43824 1.25457
0.383916 -0.430049 2.011
0.361334 -0.265383 2.32286
0.277702 -0.380662 2.20733
0.32336 -0.387925 1.7821
0.449423 -0.422894 1.24089
0.418737 -0.534818 0.499905
0.064519 -0.462674 -0.249865
-0.24731 -0.342881 -0.691653
-0.238937 -0.0664688 -1.24843
-0.325315 -0.026175 -1.64449
-0.826296 0.00429975 -1.71694
-0.737407 -0.0391226 -1.71729
-0.554264 -0.200897 -1.53101
-0.656623 -0.00247378 -1.0547
-0.673067 0.146787 -0.413923
-0.474627 0.4193 0.189159
-0.291465 0.665506 0.921052
-0.276402 0.564542 1.34556
-0.283155 0.37765 1.83811
-0.177974 0.21415 1.90768
0.177048 -0.0424256 1.97133
0.360665 -0.15972 1.71481
0.0724642 0.0145597 1.08411
-0.11447 0.0551577 0.369083
0.152039 0.0274349 -0.223555
0.24974 0.090854 -1.03499
0.355966 -0.0236109 -1.50044
0.346448 -0.019448 -1.83018
0.0678057 0.12787 -2.04341
-0.241722 0.369107 -1.86317
-0.209878 0.459971 -1.46292
0.0387562 0.771123 -0.697282
0.269323 0.762728 -0.270159
0.291975 0.498198 0.375113
0.401927 0.489673 0.93045
0.291807 0.320302 1.27841
-0.11084 0.00536875 1.66143
-0.21505 -0.133546 1.92586
-0.270151 -0.0134529 1.84758
-0.456878 -0.0594298 1.27137
-0.41376 -0.0448888 0.724438
-0.243235 -0.255352 0.165221
-0.19268 -0.451941 -0.433807
-0.152917 -0.556202 -0.740923
-0.302782 -0.530313 -1.25632
-0.287344 -0.58579 -1.35115
-0.329012 -0.600627 -1.40939
-0.345473 -0.736048 -1.31421
-0.290594 -0.887733 -0.89854
-0.0598312 -0.956251 -0.440965
-0.0733349 -0.749606 -0.131992
-0.116062 -0.608602 0.271378
-0.0625921 -0.529916 0.557601
-0.0297027 -0.272848 0.865371
0.0358904 -0.160694 0.924687
0.221037 -0.116191 0.884816
0.295248 -0.0763241 0.867062
0.463148 -0.0836532 0.662714
0.583375 -0.105519 0.115697
0.630709 -0.211223 -0.164317
0.684792 -0.0882394 -0.507963
0.343709 -0.261038 -0.804453
0.327495 -0.334723 -0.980193
0.390834 -0.353308 -0.933645
0.345157 -0.506306 -0.894437
0.393597 -0.303879 -0.63396
0.375758 -0.14843 -0.469385
0.134005 -0.0410455 -0.220771
-0.0785663 0.111419 0.102413
0.0577333 0.0848304 0.237657
0.0321271 -0.0849545 0.437394
0.117653 -0.289664 0.651235
0.168152 -0.321036 0.749043
0.131256 -0.352605 0.713635
-0.271153 -0.313634 0.816597
-0.436448 -0.157432 0.792514
-0.287394 -0.0840932 0.625693
-0.0948457 0.149658 0.545979
0.0344969 0.354507 0.206836
0.14864 0.423688 -0.0636869
0.0941322 0.345574 -0.299036
-0.215895 0.457537 -0.657485
-0.222563 0.47752 -0.674157
-0.0710381 0.295673 -0.893559
-0.0671357 0.302076 -1.01506
-0.231557 0.10981 -0.861598
-0.13525 -0.361902 -0.705924
-0.312251 -0.552036 -0.436354
-0.227222 -0.724343 -0.0729022
0.105937 -0.777027 0.346094
0.29539 -0.61024 0.529356
0.553313 -0.335725 0.499478
0.751671 -0.180801 0.697812
0.782647 -0.332335 0.632994
0.691138 -0.446376 0.577815
0.716804 -0.311646 0.546992
0.585181 -0.211455 0.423438
0.433781 -0.252223 0.146008
0.191565 -0.169324 0.0839153
-0.138578 -0.197167 -0.0636589
-0.276689 -0.118881 -0.214673
-0.194103 -0.0532643 -0.450047
-0.0867644 0.0929123 -0.603034
-0.0231349 0.106569 -0.629092
0.156225 0.0106991 -0.77146
0.472663 0.0831523 -0.806709
0.407049 0.330317 -0.753694
0.114323 0.281563 -0.611976
0.0947732 0.203597 -0.469346
-0.0424535 0.335839 -0.15292
-0.18053 -0.0177113 0.0996159
-0.23422 -0.268158 0.546282
-0.474441 -0.32469 0.788071
-0.633178 -0.463434 1.03527
-0.711974 -0.493678 1.08161
-0.873029 -0.353985 1.00373
-0.76888 -0.175703 0.810921
-0.627304 0.000365541 0.541476
-0.295003 0.31741 0.207369
-0.0970383 0.604927 -0.112778
-0.149129 0.72719 -0.425337
-0.0584477 0.7591 -0.621913
-0.243936 0.766507 -0.620999
-0.250917 0.830761 -0.691555
-0.0932382 0.907322 -0.643517
0.0779202 0.781256 -0.567651
0.0947246 0.555642 -0.368936
0.0225281 0.454135 -0.1587
-0.0731444 0.0979835 0.0854514
-0.0204347 -0.180646 0.408588
0.105616 -0.300484 0.648055
0.366865 -0.270446 0.672345
0.520168 0.0196728 0.748041
0.632525 -0.00627816 0.679063
0.412826 -0.0972014 0.711714
0.152353 0.11866 0.577056
0.215685 0.104821 0.209314
0.264265 -0.0119237 -0.0257676
0.142917 -0.178809 -0.413949
0.269209 -0.273702 -0.716982
0.328535 -0.290665 -0.931509
0.267652 -0.227813 -1.03685
0.282981 -0.143466 -0.983442
0.201963 -0.0014283 -0.968152
0.0175269 0.25255 -0.901329
-0.0276245 0.385929 -0.549637
-0.103415 0.333421 -0.221376
-0.152555 0.164341 0.241432
-0.211729 -0.0200819 0.556882
-0.441715 -0.151204 0.767731
-0.673023 -0.0569523 0.868252
-0.741836 -0.0682218 0.826552
-0.685175 -0.17 0.906216
-0.392159 -0.461407 0.928601
-0.267478 -0.584296 0.948704
-0.334681 -0.379347 0.832743
-0.393671 -0.269754 0.627271
-0.33132 -0.332143 0.169068
