0.00214484 -0.00235947 0.00908042
0.00460583 -0.00433542 0.0108686
0.0136269 -0.0108769 0.00310083
-0.00404889 0.0121651 -0.0124745
0.0103324 0.053796 -0.0216563
-0.00192002 0.0050325 0.0385137
-0.0212455 0.013746 -0.0277679
-0.024392 -0.00915155 0.0033191
-0.0294619 -0.07375 0.0693239
-0.0710046 -0.0140986 -0.00519169
0.00903286 -0.000621463 -0.118651
0.00628029 0.0114984 0.0340198
0.0443075 -0.0673375 -0.0170281
0.0101459 0.0247029 -0.0357227
-0.0239348 0.11043 0.0336392
0.000851457 0.0946252 0.104516
0.0718601 0.052657 -0.0440943
0.00239796 0.0100237 -0.0769803
-0.0200354 0.019908 3.35318e-05
-0.0504922 -0.0346838 0.0125375
-0.0256623 -0.0435439 0.0117349
0.0079307 -0.0780764 0.00893696
-0.029786 -0.13934 0.0229863
-0.0395278 -0.0487754 0.0189716
0.0285067 0.066514 -0.0686486
0.0342724 0.0996358 -0.0440819
0.0621363 0.0613349 0.113919
0.111536 -0.0170218 0.0880978
0.0650394 0.0190971 0.0382972
0.00413607 0.0667514 0.081951
-0.0256634 0.0442139 -0.0462622
0.0158866 0.00188215 -0.110847
0.0284173 -0.0528117 -0.0741137
-0.0728829 -0.0423931 -0.0606261
-0.0335252 -0.0812824 0.0222864
0.00682858 -0.0529413 -0.0138517
-0.0062423 -0.0468422 0.0417534
0.0074332 -0.0830525 0.0100844
0.0189289 -0.0716782 0.0549804
0.0165355 0.0558988 -0.15055
0.0486669 0.0876509 -0.141866
-0.00539537 0.0771851 -0.0166547
-0.0272462 0.0569408 0.0892246
-0.00242808 0.0697546 0.127608
-0.0533674 0.0910813 0.0408338
-0.0670825 0.155155 0.135384
-0.085554 0.0205909 0.0661621
-0.0553847 -0.117307 0.0233131
-0.0295411 -0.084809 -0.00593483
-0.0128831 -0.0657628 -0.0996413
0.0451888 -0.0484649 0.00770212
0.0684801 -0.0022119 -0.0192161
0.064484 -0.0140681 -0.0510684
-0.0118306 -0.0693684 -0.12643
0.0400828 -0.0310855 -0.144482
0.0447905 0.0675878 -0.0714257
0.0299063 0.0197612 0.0334732
-0.0379147 -0.0159962 0.0306746
-0.0388034 0.00550694 0.075392
-0.0479773 0.113191 0.0917192
-0.000300344 0.0337987 0.0625822
0.0153285 -0.0475652 0.00327526
0.00156018 -0.0365942 0.0212437
0.0565981 0.0475746 0.024725
0.125628 0.0303966 0.070356
0.0801995 0.00868474 0.0277711
0.0246743 -0.0286666 0.0839101
-0.0186626 -0.0421574 0.0570599
-0.047564 -0.0516574 -0.0469061
-0.0579765 0.0329572 -0.182137
-0.0583105 0.0440742 -0.0743742
-0.0826425 -0.0545185 -0.151191
-0.0100359 -0.0653603 -0.112239
0.0172638 0.0062321 -0.034651
0.0301728 0.00586902 0.124678
0.0485758 -0.0379899 0.0369391
-0.0142598 0.0043327 -0.0171519
-0.00709778 -0.0214141 0.215188
-0.0181908 -0.0730767 0.0411074
-0.0455973 0.0468368 0.0893311
-0.0701269 0.0535748 -0.0377993
-0.0854672 -0.00104912 0.061374
-0.0802918 -0.0791391 0.0814513
-0.0778118 -0.0401319 -0.101504
0.000815484 -0.0378471 -0.175935
-0.00722696 0.000935017 -0.0223262
0.0296139 0.0139481 -0.0487608
0.0528351 0.0234386 0.00915211
0.0642008 -0.0742726 0.0451901
-0.0149746 -0.00467316 -0.0713434
0.0174343 0.0673851 -0.195988
0.0618056 0.058031 -0.0248187
-0.0389989 0.0705067 0.0366131
-0.0409984 0.0547152 0.0819391
0.0120057 0.0346006 0.0559827
0.0795031 0.00100408 0.126452
0.0263446 -0.023364 0.0429345
0.0416285 -0.0263719 0.037885
0.12651 0.0531126 0.14004
0.0703762 0.0906269 0.0911168
0.0738976 0.00188155 0.0248391
0.0344522 -0.0613561 -0.0514778
-0.0471483 -0.0576042 -0.0357078
-0.0792499 -0.0812151 -0.181445
0.0421112 -0.000345471 -0.245344
0.0633923 0.123755 -0.156428
-0.0551265 -0.0307539 0.172678
-0.0724066 -0.0863982 0.146525
-0.0315409 -0.0512624 0.0242629
-0.00842611 -0.0463109 0.055928
-0.0380819 -0.0033447 0.00492645
-0.0379454 -0.0351545 -0.126416
-0.0936772 -0.0397168 -0.0299803
-0.0820693 -0.106941 0.0207829
-0.052164 -0.111367 0.0456719
-0.0447197 -0.0511649 -0.0794982
-0.0739453 -0.021606 -0.0790222
-0.0154505 -0.0250138 0.0302759
0.0179956 0.0408022 0.0907522
0.111858 0.0684727 -0.0766882
0.0651122 0.0209849 -0.0643864
0.0461536 0.0537228 -0.031621
0.0578333 0.0527527 0.197905
0.0827209 0.0412077 0.0153268
-0.0175669 -0.00202707 0.0557715
-0.0125308 0.0787936 0.0350966
-0.0212508 0.0950084 -0.0296747
0.0504373 0.0428299 0.0211802
0.00663598 -0.0182277 0.217861
0.0325868 0.0207309 0.174866
0.0974166 0.0894657 -0.0629319
0.140242 0.0740928 -0.230793
0.0592909 -0.0637412 -0.140463
-0.020639 -0.0578457 -0.21319
0.0215644 -0.0502235 -0.0505582
0.0514107 -0.0686974 0.0161694
0.00253491 0.00425696 -0.0154458
-0.0618042 0.0341659 0.0478776
-0.0574861 -0.0245875 -0.0621637
-0.0444228 0.00763839 0.0994371
-0.0150539 0.0360916 -0.0116697
-0.0460648 0.0192633 0.163462
-0.0783949 0.0160331 -0.126522
-0.118521 -0.052329 0.0471992
-0.0685134 -0.129765 -0.00163075
-0.0686676 -0.0634853 0.111087
-0.0088717 -0.0641589 0.0548991
-0.00803662 0.0179421 -0.0799091
0.0389144 0.0533536 0.0400436
-0.00208074 -0.0656754 0.0768703
0.0259523 -0.071363 -0.0126958
0.0819473 -0.0350317 -0.069359
0.0696824 -0.0140847 0.101396
-0.0034406 0.0187105 -0.058947
-0.0354645 0.00783011 -0.106988
-0.0283555 -0.0375785 -0.210789
-0.0344811 -0.0184172 -0.0398246
-0.039895 -0.0433131 0.0632471
-0.0407025 0.0361386 -0.105616
-0.00382946 0.123161 0.030926
-0.0113294 -0.0299926 0.342646
-0.0296734 -0.0836543 0.0561861
0.0114843 -0.0340504 -0.0491985
0.0502899 0.0878122 0.0443444
0.128304 0.152654 -0.0957186
0.143104 0.0477044 -0.246769
0.0516121 0.0804312 0.0628138
-0.0244581 0.0704778 0.331503
-0.00910501 0.054171 0.0525721
0.0323914 0.0896374 -0.049302
-0.000455287 0.062637 -0.091519
-0.108111 -0.0308891 0.0185477
-0.0474942 -0.0864442 -0.131061
0.0153539 -0.0216843 -0.137912
0.00203052 -0.0219097 -0.02037
-0.0364322 0.0072736 0.104741
0.0264532 -0.0212463 0.197691
-0.0598303 -0.0980281 -0.036638
0.000430952 -0.100466 -0.160703
-0.0413258 0.0613753 -0.0365541
-0.0166777 0.145822 0.0142374
0.0249513 0.0221719 0.116376
0.00216043 -0.0915987 0.0314261
-0.0733714 0.0616226 0.128998
-0.0661253 0.147921 0.00683635
-0.150302 0.00330493 -0.0493699
-0.145949 -0.0650869 -0.194289
-0.0854086 -0.0454493 -0.0148185
-0.0319217 -0.0628614 0.0037749
-0.00513266 -0.131335 0.223893
0.0143978 -0.130409 0.056276
-0.00574541 -0.0780351 -0.0487745
0.0701094 -0.0573011 -0.194353
0.0714287 -0.0322496 -0.213735
0.108721 0.0232244 -0.105464
0.0729772 0.026839 0.0849346
0.00310793 0.0584445 0.086137
0.0440773 0.0367461 0.103694
-0.00815131 0.0262081 0.0886016
0.0114435 0.0592412 0.0337047
-0.00636246 0.0670076 0.0600349
0.0451717 -0.00570881 -0.0246236
0.0354713 -0.00822084 0.0592141
0.0503047 -0.0224476 0.242419
0.0171439 -0.0403672 0.163737
0.0678844 -0.0631928 0.0081036
0.0371533 0.026734 -0.168132
0.0664301 0.136629 -0.208243
0.0371305 0.141529 -0.125184
-0.0224311 0.0214442 -0.180019
-0.0213709 -0.0324869 -0.095276
-0.0334648 -0.0326496 0.0271725
-0.096376 0.0693981 -0.0128165
-0.054805 0.0147481 0.0305685
-0.0637129 -0.0119897 0.00609699
-0.0805593 -0.0855847 0.0541793
-0.0300159 -0.060802 0.124343
-0.0283846 0.0289819 0.0127531
-0.027341 0.0681149 -0.208051
0.0503967 0.0460043 0.16604
0.0459893 -0.00269218 0.0653621
-0.0379143 0.0129503 0.0272555
-0.110699 0.0377934 -0.0194819
-0.0665877 0.0892127 0.113784
-0.0124681 0.0806552 0.070382
-0.0615527 -0.0591733 0.0729515
-0.0305488 0.082142 -0.0116051
0.00630341 0.153564 -0.00179328
0.0731555 0.0498655 -0.0983348
0.114602 -0.081569 -0.162252
0.0599331 -0.0828716 -0.166443
0.0593161 -0.124767 -0.0310252
0.0622352 -0.0678529 -0.0663247
0.17765 -0.0724095 0.00366776
0.082119 -0.0406156 0.031169
0.0382606 0.0580884 0.0792186
0.0705711 0.032755 0.0179017
0.0833874 0.0554486 0.125326
0.0836584 0.0954119 -0.0458332
0.0391641 0.0503158 0.0616118
-0.0551141 0.0153913 -0.0979514
0.00491398 -0.070448 0.0220498
-0.00133755 -0.0432024 0.137834
0.0226827 -0.00425035 0.121868
-0.0133446 -0.0548076 0.0806223
-0.0246915 -0.0162853 -0.131261
-0.00837835 0.12898 -0.0354932
0.0300933 0.00302058 -0.0608095
-0.0517939 -0.0814575 -0.133237
-0.0196604 0.0287809 -0.0654134
0.0156905 0.0148998 0.00859183
-0.0641514 -0.0407042 0.152437
-0.0358479 -0.110583 0.0067418
-0.0483448 -0.0648404 0.0454276
-0.0601252 0.0192453 0.0316792
-0.0603523 -0.0247508 -0.0334946
-0.0695182 -0.0853955 -0.164417
-0.0895745 0.00871681 -0.119666
0.0167668 0.0468702 0.242124
0.063068 -0.0252506 0.12815
-0.00945229 0.0119462 0.084089
-0.00457318 0.0704874 -0.112082
0.0359439 0.0627165 -0.238262
0.162355 0.0500596 -0.0561931
0.128502 0.0410512 -0.0111072
0.106512 0.143872 -0.0164017
0.0109407 0.0620813 -0.0555896
-0.0824959 0.115769 -0.0173488
0.0650496 0.108441 -0.0206633
0.078839 0.0103997 0.0135427
0.00676042 -0.0991658 0.137357
0.02271 0.0252931 0.111917
0.0934002 -0.0182475 0.0466922
0.0751461 -0.0248177 0.0945158
0.213073 -0.125911 0.109238
0.0621852 -0.167687 0.093779
-0.0586353 0.00830826 0.0005036
-0.0360086 -0.00191978 -0.0648209
-0.104913 -0.0800078 -0.143361
-0.119657 0.0215125 -0.192754
-0.0936987 -0.057687 -0.0482992
-0.131376 -0.0211266 -0.165817
-0.059083 0.120606 -0.104377
0.0388997 0.113528 -0.0167435
-0.102654 0.0105426 0.0871342
-0.0177713 0.0391592 0.276909
-0.0893446 0.0900318 -0.0567427
-0.0748618 0.19735 0.0281201
-0.0526671 0.128436 0.100956
-0.0178234 0.00114206 -0.0223044
0.00387991 -0.0883269 0.178269
0.0177642 -0.137685 0.143392
-0.0534055 -0.00629946 0.0245687
0.051009 0.110252 -0.215663
0.0602167 0.00818177 0.00403599
-0.0345921 -0.190817 0.014577
-0.0516512 -0.173018 -0.0949214
-0.00985224 -0.00730539 -0.107966
-0.0574471 0.0325492 0.0175373
0.00739638 -0.0902137 -0.0187998
-0.10097 -0.258768 -0.0648852
-0.118294 -0.190155 -0.114717
-0.169102 -0.136221 0.0299707
-0.0229106 -0.0077625 0.00568098
0.116538 0.142803 0.0702273
0.10552 0.0133863 0.0198309
-0.0101232 -0.139139 0.055167
0.0453599 0.0273218 0.0102944
0.0665622 0.133624 0.082281
-0.0077937 0.0617107 0.0290994
0.026247 0.028509 0.183965
-0.0201828 -0.140794 0.0935233
-0.11901 -0.0754524 -0.00750221
-0.0426085 0.0425354 -0.117711
0.12023 0.0110541 -0.0364229
0.165657 -0.078678 -0.0708863
0.117336 -0.067582 0.00912672
-0.0476021 0.0713896 -0.0314439
-0.0630715 0.168205 -0.080331
-0.0178224 0.012734 -0.03212
-0.0868623 -0.00773792 -0.0177852
-0.141815 -0.0160331 -0.130855
-0.117069 0.0012157 -0.0369633
-0.157077 0.246115 0.0409221
-0.111904 0.139948 0.141524
-0.165774 0.019147 0.17605
-0.147183 0.0656954 0.191259
-0.0349325 0.0228497 0.0576853
-0.037107 -0.0681077 -0.146212
-0.0206657 0.0697886 -0.130674
0.0440096 -0.0202585 -0.442039
0.146544 -0.0970039 0.0442544
0.138113 -0.104537 0.00671148
0.0475168 -0.149315 0.230389
-0.0954942 -0.103737 0.171109
-0.138406 0.0936101 0.00335251
-0.0175747 0.199637 -0.145678
0.106908 0.119534 -0.0837349
0.172735 0.0453671 -0.0396609
0.127155 -0.100281 0.0817548
0.253719 -0.117842 0.155308
0.195355 -0.0118009 -0.165313
0.0664069 -0.0917373 -0.0235553
0.0500728 -0.222491 -0.120503
0.0107035 -0.169955 0.102464
-0.0473415 -0.0120424 0.155235
0.0811137 0.0213182 0.2082
0.0240397 -0.00429687 0.205274
0.0534502 0.0184373 0.202433
0.0586341 0.0250999 -0.114948
0.0245394 -0.0760933 -0.080272
-0.0400843 0.0454303 -0.274461
-0.0670335 0.0471779 -0.284927
-0.0758992 -0.0433036 -0.145962
-0.0491808 -0.236049 -0.159761
-0.0919634 -0.14806 0.0145594
-0.168061 -0.0464299 0.148608
-0.134143 0.0694274 -0.090431
-0.00216459 -0.0190355 -0.198434
0.030298 -0.147627 0.0272718
-0.0256875 -0.0595631 0.0816505
0.0424914 0.143439 0.272158
0.0631743 0.0739531 0.0066834
0.038507 0.14489 0.369332
0.119171 0.191305 0.287932
0.0768922 0.0517204 0.0715542
-0.100987 0.0701184 -0.328246
0.0930885 0.150537 -0.132965
0.109605 0.094368 0.00928661
0.108364 0.00320135 0.0097882
0.217251 0.0274546 0.0151679
0.0971341 -0.104433 -0.357484
0.046035 -0.00298369 -0.170179
0.13681 0.0201216 -0.276913
0.0767883 -0.105489 0.124782
-0.0252039 -0.170144 0.0688795
-0.0349753 -0.0229946 0.134573
-0.146627 0.0537484 -0.0239545
-0.201994 -0.0796119 0.052403
-0.0903289 0.102921 0.118445
-0.0982265 0.0731894 0.114385
0.00281354 -0.191989 0.0674495
0.079926 -0.00296859 -0.0193805
0.155777 0.213392 0.234509
0.186488 0.0740014 -0.00427591
0.0727594 0.116013 -0.14583
0.183894 0.0166259 -0.233931
-0.0751172 -0.103822 0.00126708
-0.118242 -0.147776 0.0240067
-0.0817818 -0.011009 0.28713
-0.0885582 -0.046366 -0.0814331
-0.146311 -0.0849094 0.0393404
-0.149134 -0.155515 -0.122017
-0.0140888 -0.0607057 0.0610983
0.116974 0.0357543 -0.0884832
-0.0297802 -0.00660463 -0.439551
-0.00706228 0.095027 -0.245688
0.0870646 0.143016 0.325221
0.00329213 0.0520381 0.037775
-0.0256736 -0.0263566 -0.0813187
-0.102742 0.0782859 -0.281136
-0.077551 0.115211 0.425739
-0.041258 0.00952571 0.0920603
0.00312624 -0.0158505 0.16966
-0.0399921 0.0730667 0.140524
0.102543 0.0756596 0.623787
0.114923 0.133053 0.166693
0.175764 0.0322814 0.194103
-0.044284 -0.0900764 -0.554649
-0.187496 -0.109603 -0.184189
-0.12533 0.0947534 -0.44833
0.0990556 0.152954 -0.62564
0.00854385 0.0922666 -0.299622
0.0867083 -0.176681 0.114581
0.0469936 -0.088 0.381882
-0.0794479 -0.119308 0.192124
-0.144694 -0.0296295 0.118259
-0.0227409 0.0720131 0.088167
0.0161409 -0.0701953 0.0106864
-0.00374872 -0.0840149 0.51414
0.0294379 0.0228078 -0.220755
0.0322948 0.217091 -0.0621255
0.165628 0.180358 -0.151018
0.103392 0.205168 0.132286
-0.0863646 -0.177345 0.167641
-0.172732 -0.292001 -0.069835
-0.0901553 -0.0838462 0.0411401
-0.0117083 0.00466263 0.294313
-0.050367 -0.195477 -0.0373689
-0.159635 -0.243568 -0.100837
-0.012547 -0.238071 -0.501443
-0.0130737 0.0836255 -0.182066
-0.0058258 0.000236141 -0.0859361
-0.315823 0.038963 -0.208564
-0.314432 0.0614167 -0.0743468
-0.0696637 0.0998327 0.0736751
0.219989 0.242611 0.131396
0.166107 0.401571 0.389267
0.0731398 0.296579 0.538533
-0.0705486 0.163423 -0.0589989
-0.0933496 0.150946 -0.163722
-0.0975675 0.0630073 -0.0883282
-0.0251966 -0.164689 -0.34158
-0.0654642 -0.220914 -0.0860532
-0.0330417 -0.312044 0.592583
0.176593 -0.0316474 0.0812244
0.242188 0.0945876 0.158574
0.228892 0.00606869 -0.210337
0.167201 0.425327 -0.221732
0.0529995 0.54038 0.0432811
0.0276036 0.366107 -0.148757
-0.0781692 -0.0141051 -0.22927
-0.200257 -0.112278 0.381649
-0.154866 -0.349798 -0.199329
-0.169518 -0.450449 -0.0397097
-0.222152 -0.561028 -0.00581122
-0.225666 -0.369422 -0.281166
-0.0536056 -0.307718 -0.114876
0.0154633 -0.359589 0.252869
0.193257 0.101658 -0.1802
0.294904 0.176212 -0.223255
0.310704 0.238028 0.0142031
0.248399 0.470558 0.629024
0.132021 0.299141 0.247975
0.0170044 0.297458 0.12144
-0.119113 0.352184 0.291288
-0.0516794 0.117838 0.459267
-0.207593 0.0100286 0.213028
-0.161299 -0.24862 -0.368527
-0.145839 -0.442266 -0.199262
-0.223306 -0.344766 -0.180617
0.0269513 -0.22153 -0.379738
0.159374 -0.280672 -0.354192
-0.0160023 -0.19662 -0.547382
0.126249 0.0637338 -0.0173446
0.277012 0.272053 -0.0626172
0.316866 0.171522 -0.176999
0.234245 0.153595 -0.213207
0.125498 0.314093 0.414982
0.00433739 0.28836 -0.095268
-0.0412717 0.037474 0.277777
-0.35314 -0.0716862 0.130213
-0.448767 -0.142571 0.514787
-0.279451 -0.0619033 0.420191
-0.0577319 0.069323 0.380568
-0.0812396 0.0739859 0.195357
0.0634982 -0.0416829 0.231903
0.166697 -0.263546 -0.280881
0.273962 -0.0608086 -0.412387
0.166489 0.13738 -0.372976
0.158618 0.039415 -0.463415
0.0937744 0.107576 -0.141553
0.189502 0.0714315 -0.708773
-0.0785348 -0.117949 0.0752192
-0.0728718 -0.324643 -0.000425947
-0.196628 -0.299819 0.453779
0.0817779 -0.167899 0.0371927
0.148696 0.17289 0.228817
0.377537 0.100212 0.136921
0.310068 0.0263457 0.171494
-0.0866572 0.153529 -0.351508
-0.101003 0.336444 -0.187537
-0.082437 0.406467 0.230838
-0.231799 0.221025 0.579278
-0.333513 0.0572025 0.406122
-0.395883 0.0774992 0.150151
-0.25111 0.0510355 0.00437557
0.0601225 -0.274051 -0.085042
0.0734609 -0.125048 -0.481543
0.346553 -0.258246 0.111985
0.19685 -0.301495 -0.118604
0.28858 -0.220126 -0.176086
0.48273 -0.29428 -0.0427705
0.0315369 -0.135228 -0.261507
-0.207352 -0.132274 -0.410784
-0.0587971 -0.00632292 -0.521628
-0.177448 -0.021253 0.119552
-0.322622 -0.197659 0.147306
-0.490548 -0.149726 0.0817741
-0.341766 0.218409 0.0181315
-0.00580611 0.106404 0.350535
-0.137195 -0.0958332 0.531636
0.133604 0.024575 0.431931
0.507149 0.129955 0.346711
0.561693 0.0952571 -0.153589
0.477176 0.086638 0.185704
0.467708 -0.0533842 0.338722
0.179356 -0.121619 -0.499361
-0.325239 -0.303566 -0.364272
-0.316544 -0.286352 -0.738182
-0.286204 -0.0936542 -0.391684
-0.546239 -0.126731 -0.482001
-0.553296 0.265918 -0.353424
-0.238569 0.529048 0.110968
0.243628 0.737438 0.342262
0.535173 0.947766 0.395879
0.520817 0.840562 0.0455071
0.421514 0.579077 -0.0136064
0.343328 0.172051 -0.255609
0.245403 -0.13398 0.142452
-0.0753244 -0.444749 0.411853
-0.417353 -0.543191 0.862941
-0.441588 -0.705134 0.806228
-0.512892 -0.640401 0.119825
-0.33337 -0.660998 0.283025
-0.0720941 -0.463118 -0.772671
0.0479063 -0.0293665 -0.334717
0.0831348 0.212763 -0.27323
-0.00669243 0.131821 0.00426363
0.172084 0.274759 -0.51616
0.213175 0.194735 -0.300522
-0.00953143 0.181666 -0.58046
-0.344176 -0.0734253 0.345638
-0.508396 -0.168828 0.0782018
-0.325387 0.0199721 -0.0138462
-0.0023304 0.082768 0.255373
-0.164643 0.117449 0.334178
-0.013916 0.101992 0.146483
0.0985461 -0.119663 -0.40758
0.409174 0.00102648 -0.281557
0.422362 0.462501 0.434057
0.424115 0.0477413 -0.0170223
0.11875 0.0204405 0.164132
0.0723808 -0.119638 0.388639
-0.197754 -0.551138 0.0993014
-0.398566 -0.209006 0.0328211
-0.158295 0.169723 0.246073
-0.129764 -0.403523 0.298931
-0.353458 -0.907142 -0.608054
-0.341446 -0.472965 0.0135185
0.000195842 0.246963 -0.0915941
0.297312 0.602802 -0.226596
0.567892 0.537631 -0.149117
0.445718 0.618684 -0.170104
0.565479 0.653249 0.0270324
0.434248 0.456776 0.041094
0.186882 0.310387 -0.244479
-0.147972 -0.0916887 -0.297111
-0.591071 -0.854047 -0.497492
-0.630371 -0.990287 0.188036
-0.461067 -1.13567 -0.0326577
-0.555781 -0.946587 0.661041
-0.538075 -0.507315 0.763036
-0.226405 -0.0864151 1.12191
0.0415643 0.404705 0.407082
0.0568208 0.742794 -0.436857
0.111902 1.05015 0.107006
0.233238 0.948122 -0.291233
0.219651 0.542191 -1.19058
0.25024 0.231347 -0.710833
0.155231 0.331761 0.249467
0.288501 0.313392 -0.676023
0.152659 -0.195629 -0.125248
-0.0319713 -0.273926 -0.435885
-0.0515963 0.0785067 0.0380532
0.349933 0.229234 0.106498
0.491755 0.0624006 0.413019
0.446481 0.192852 0.22698
0.272336 0.192231 0.383309
0.211469 0.509071 0.173297
0.0671624 0.456687 0.0595015
-0.0276874 -0.333681 0.659065
-0.367349 -0.542334 0.639857
-0.658749 -0.39051 0.376668
-0.433543 -0.300084 0.260107
-0.290766 -0.199004 -0.115569
-0.197505 -0.731475 -0.372729
-0.0787975 -1.37937 -0.320861
0.123352 -0.788224 -1.13473
0.165876 0.108584 -0.485795
-0.0603222 0.723688 -0.311971
-0.0347847 0.814869 -0.677522
0.174867 0.583378 -0.0647529
0.24821 0.402791 0.0314481
0.012013 0.659472 0.124783
-0.13304 0.152224 0.640311
-0.477333 -0.149099 0.419149
-0.430542 -0.289535 0.607498
-0.523926 -0.940627 0.0969493
-0.478214 -1.10666 0.330156
-0.115541 -0.73349 0.141139
0.354887 -0.587889 0.662794
0.386787 -0.142452 0.607443
0.674655 0.0115743 0.093462
0.599301 0.133557 -0.839881
0.173451 0.075143 -0.637485
0.32211 -0.125539 -0.617278
0.201555 -0.141696 -0.399991
-0.0183236 0.0250653 0.0261928
0.0505122 0.282105 -0.162686
0.273055 0.509386 0.0631874
0.555648 0.25957 0.00853606
0.723346 -0.0890494 0.190214
0.615431 0.170346 0.171322
0.25433 0.292061 -0.156382
-0.235354 0.568102 -0.465673
-0.193035 0.720961 0.232388
-0.610728 0.612859 0.159048
-0.717415 0.425511 0.447483
-0.713202 0.0382992 0.0423756
-0.594414 0.356861 0.381986
-0.575233 0.534355 -0.0800966
-0.348207 0.184558 0.219808
-0.366535 -0.682809 -1.0462
-0.247531 -1.28072 -0.137144
0.0555283 -1.02677 0.178261
0.309803 -0.602252 0.413431
0.450956 -0.341085 -0.225358
0.457754 -0.0330498 0.305686
0.339486 0.337719 -0.0779384
-0.0244974 0.283102 0.153607
0.0310888 0.327051 -0.830927
0.0532536 0.782924 0.0523588
0.337827 1.04283 -0.18385
0.0100513 0.650172 0.0388171
0.154201 -0.0530373 0.387518
0.375483 0.0791467 0.0531656
0.510037 0.205905 -0.12671
0.392635 0.291032 -0.688999
-0.176006 0.0870438 -0.303869
-0.317065 -0.151841 0.793604
-0.0109102 -0.602107 0.24605
-0.0161095 -0.589116 0.37552
-0.0218271 -0.385227 0.241866
-0.114035 -0.349101 0.265563
-0.31442 -0.817904 -0.245285
0.0601095 -0.829686 -0.228413
0.327602 -0.40294 -0.0789356
0.221703 -0.231508 -0.43184
-0.60585 -0.252175 0.011495
-0.898758 -0.43202 0.603969
-0.460162 -0.530417 0.407326
0.279034 -0.105384 -0.22599
0.363422 -0.0296244 0.217307
-0.105528 -0.0299033 -0.00188002
-0.46498 -0.0500439 0.130712
0.00211784 -0.105339 -0.250199
0.138762 0.0855877 -0.307426
0.0868265 0.496672 0.152883
0.00556946 0.481183 -0.299487
0.0760459 0.756569 -0.22658
-0.0474881 0.356408 -0.356655
-0.14058 0.427594 0.429307
-0.0272041 0.550685 0.522368
0.141827 0.723934 -0.0864681
-0.0124682 0.523049 0.03476
-0.170164 -0.0349078 -0.388379
-0.273766 0.0271557 -0.331833
-0.163282 0.354939 -0.535909
0.060423 0.429376 -1.02396
-0.0289485 0.473583 0.287558
-0.312939 0.42962 1.05533
-0.202327 -0.12736 0.921896
-0.418968 -0.353684 0.398703
-0.137481 -0.161453 -0.166572
0.200029 -0.0645364 -0.447162
0.0168655 0.114292 0.148432
0.0214119 -0.284824 -0.0815329
0.426418 -0.554067 -0.20862
0.424938 -0.486282 0.663801
0.166465 -0.380026 0.179671
-0.3028 -0.336035 -0.0448727
-0.632095 -0.195588 -0.130873
-0.222809 -0.136278 0.543913
0.320844 -0.205855 0.310041
0.601433 0.636038 0.391725
0.494256 0.956058 -0.0219671
0.390323 0.77694 -0.845441
0.293491 0.500576 -0.835143
0.325457 0.242455 -1.11367
0.440317 -0.0637868 -0.799399
-0.213217 -0.455722 0.139614
-0.707825 -0.510146 0.487196
-0.484114 -0.931953 0.351564
-0.39819 -1.07789 0.234309
0.0825096 -0.956516 -0.305276
0.432318 -0.440059 -0.0247048
-0.269468 0.240805 0.360037
-0.807906 0.639277 0.703404
-0.440541 0.420181 0.431257
0.187557 0.241673 0.0742386
0.270648 0.28715 0.100815
0.252693 0.0954528 0.415059
-0.0354012 -0.124092 0.0534515
0.0442761 -0.146365 -0.318194
0.573081 -0.21393 -0.135814
0.506572 -0.573042 -0.244261
-0.144012 -0.476742 -0.49525
-0.39612 -0.371712 -0.190235
-0.424277 -0.0167059 -0.0756505
-0.152165 0.220562 0.272078
-0.137095 0.424429 -0.0914684
-0.281917 0.747145 0.040982
-0.228975 0.792798 -0.277056
-0.135402 0.567742 0.175383
0.288208 0.713482 0.0703565
0.717184 0.500911 -0.473234
0.101655 0.178609 0.0353415
0.0645848 0.269684 0.0984053
0.461454 0.146766 -0.355591
0.456101 -0.373346 -0.0554164
0.150293 -0.589364 -0.0161444
-0.16033 -0.255947 0.0896107
0.0656358 -0.500268 0.640919
0.302778 -0.198541 0.339378
0.23599 0.0973228 0.386668
0.430998 0.0334748 0.27231
0.642333 0.285703 -0.115616
0.422111 0.434308 -0.147568
-0.0101229 -0.127278 0.172552
-0.0196712 -0.251699 -0.202566
-0.122803 -0.101039 -0.274221
-0.318957 -0.603345 -0.510294
-0.440009 -1.00796 0.308741
-0.410571 -0.991285 0.448118
-0.0273631 -1.05219 -0.0274293
0.291188 -0.492428 -0.0597736
0.483189 0.129157 0.0067824
0.310159 0.746521 -0.400672
-0.522962 1.31945 -0.435888
-0.929672 1.40063 -0.714446
-1.123 1.53798 -0.617575
-0.346937 1.26195 -0.762929
-0.552471 0.388493 -0.628753
-0.97078 0.205999 0.088261
-0.678943 -0.0166114 0.556123
-0.0979085 -0.237502 1.21038
0.234413 -0.966739 0.944697
0.581393 -1.20119 0.722718
0.498918 -0.543092 1.02616
0.503741 0.181838 0.767307
0.344734 -0.123741 0.44327
0.541939 -0.556498 -0.115016
0.990964 -0.50207 -0.53437
0.723515 -0.511866 -0.361702
0.500926 0.00751795 -0.667456
0.437057 0.00691887 -0.844943
0.305013 -0.31082 -0.658004
-0.201264 -0.615214 -0.325914
0.0694118 -0.749854 -0.500406
-0.167194 -0.73727 -0.276393
-0.598538 -0.508585 0.0614365
-0.729654 -1.1145 0.0512822
-0.456511 -0.950468 0.225282
-0.109879 -0.188542 -0.150876
0.373453 0.68154 0.113771
0.809371 0.891456 0.656875
1.09845 1.25033 0.609309
0.958998 1.45199 0.812327
0.47162 1.44232 0.757087
-0.321651 1.22935 0.495267
-0.714744 0.683549 -0.109269
-1.23193 0.161434 -0.191916
-2.09434 -0.557249 -0.19593
-2.23141 -0.582919 -0.342429
-1.2381 -0.657002 -0.619554
-0.509526 -0.779695 -0.972512
-0.0485298 0.192992 -1.10851
0.163858 0.541102 -0.635047
1.03393 0.0837608 0.00226185
1.43054 0.0889242 0.0575155
1.22889 0.683069 0.519045
0.824626 0.377248 0.101631
0.500445 0.442939 0.0703254
-0.341782 0.156602 0.0358828
-0.187571 -0.0727836 -0.484493
-0.635794 0.0432551 0.198975
-1.23958 -0.266326 0.751875
-1.39388 -0.39538 0.993818
0.193294 0.10885 0.65534
1.11686 -0.22994 0.896654
0.994415 -1.06095 1.16051
0.828017 -1.05691 0.980368
0.692061 -0.223034 0.155347
0.762827 -0.146668 -0.809242
0.00775969 -0.65249 -0.979867
-0.368457 -0.155844 -1.80168
-0.772988 0.577746 -1.21166
-0.444196 0.709027 -1.18183
0.455537 0.404228 -0.569745
1.20012 0.496846 -0.470774
1.1321 -0.105238 -0.384697
0.209012 -0.868389 -0.243875
-0.50224 -0.609543 0.602742
-0.474807 -0.259257 0.572798
-0.407033 -0.34268 1.14315
-1.31346 -0.41377 1.08506
-1.55726 -0.374076 1.00405
-1.05938 -0.508104 1.08094
-0.51881 0.119445 1.06492
-0.408938 0.10916 0.712446
-0.114066 -0.380246 -0.409241
0.0977837 -0.595204 -0.25041
0.398418 -0.265737 -0.683365
0.52762 -0.202714 -0.54921
0.367614 0.175145 -0.75052
0.387718 0.560587 -0.945451
0.733266 0.724647 -1.13111
0.393153 0.519026 -0.72302
-0.531713 0.021885 -0.406865
-0.807549 0.162093 -0.220177
-0.74265 0.627556 -0.0440145
-0.0904584 0.799972 0.0237268
0.308804 0.520859 0.470243
0.882087 0.827966 0.757617
0.664468 0.0825297 0.986534
0.717425 -0.599444 0.867872
0.350687 -0.169974 1.21327
-0.317158 0.67407 0.514061
-0.696958 0.250202 -0.00274781
-0.41597 -0.338652 -0.678422
-0.161541 0.265685 -0.243931
0.783862 0.641619 -0.293277
1.19748 0.845467 -0.56632
0.865076 0.937396 -0.262582
0.832145 0.667117 -0.979246
0.348302 0.216397 -0.687945
-0.265597 -0.59546 -0.65636
-0.373468 -0.517085 -0.642036
-0.334452 -0.516268 0.200347
-0.307665 -0.67565 0.845211
-0.66171 -0.440853 0.516997
-0.567416 -0.675172 0.732299
-0.44608 -0.707142 0.18675
-0.322883 -0.121042 0.81595
-0.239916 -0.184487 0.610985
-0.508459 0.0909616 0.0294035
-0.249785 0.32191 0.365164
-0.222507 -0.0601272 0.361031
0.00905286 -0.727946 -0.365783
0.419497 -0.0997502 -0.503872
0.292765 0.137659 -0.768746
-0.311682 0.424721 -1.10126
-0.637416 0.058833 -0.672996
-0.399882 -0.608092 -0.295375
0.223874 -0.393483 0.0568974
0.342296 0.0930405 0.629498
0.356476 0.230102 0.732989
0.13419 -0.138615 0.473362
0.322534 -0.493057 0.757041
0.133271 -0.489591 0.13502
-0.154989 -0.100911 -0.49432
0.25532 -0.267757 -0.549499
0.329188 -0.490447 -0.162434
0.184512 -0.0510062 -0.129384
0.780499 0.462153 0.0297856
1.80745 1.04343 -0.0949423
1.74428 1.02207 0.479146
1.1472 0.0450419 -0.0273968
0.137287 0.169143 0.512372
-0.0938713 0.470665 0.122073
-0.30798 0.304373 -0.551501
-1.1145 -0.0161174 0.0853826
-1.72692 -0.012726 -0.460755
-1.19613 0.318875 0.0143809
-0.923237 0.319427 0.565897
-0.620909 0.975976 0.865118
-0.0635887 1.47844 -0.306579
0.262817 1.21068 -0.186321
0.526204 1.00199 -0.593346
0.628467 0.637395 -0.937733
0.161388 -0.72034 -0.524557
-0.891233 -0.983037 -0.190561
-0.986165 -0.644286 -0.159673
-0.968491 -0.521704 0.503099
-1.28246 -0.451639 0.551388
-1.4797 -0.36949 0.309216
-1.20361 -0.999664 0.466761
-0.722852 -1.35493 0.588926
-0.110819 -0.647035 0.155735
0.804029 0.380358 -0.705875
0.956316 0.969414 -0.241082
1.16327 1.69494 0.393368
1.50021 1.98554 0.296368
1.46671 1.62925 0.218567
1.83013 1.59043 -0.0298135
1.78071 1.33989 -0.282383
1.45235 -0.0504657 -0.704189
0.694313 -1.79176 -0.585623
-0.222824 -2.77515 -0.29922
-0.75323 -3.08817 0.151444
-0.429925 -2.59733 0.150968
-0.391933 -2.40693 0.22671
-0.472595 -1.60751 0.305117
-0.69365 -0.584083 0.928865
0.0426378 -0.0250863 0.551652
0.933896 -0.31986 0.32729
0.502747 0.535183 0.12069
1.17463 0.892574 -0.214757
0.507096 0.00550217 -0.203582
-0.830717 -0.66845 -0.257972
-1.66255 -0.344067 0.0745338
-1.64669 0.338962 0.113957
-1.50177 0.503063 -0.0500563
-1.35341 0.36487 -0.797776
-1.35576 -0.415779 -0.153175
-1.57858 -0.629263 -0.839707
-0.541259 -0.431939 -0.869014
0.952578 0.281408 -0.991581
1.44585 1.08271 -0.356207
1.37097 1.16253 -0.828596
1.829 1.41897 0.22109
1.448 1.75295 0.534405
1.63147 1.6077 1.1058
0.380094 1.43958 0.726648
-0.767051 0.150748 0.74062
-0.191866 -0.673554 0.535042
-0.12211 -0.453894 -0.254653
-0.981782 -0.0974426 0.398307
-1.09535 0.302647 0.47873
-0.576579 1.18171 0.529152
-0.30502 1.39162 0.262582
0.05505 1.42816 -0.22474
0.202243 1.13763 -0.430945
-0.554716 0.418625 -0.830651
-0.75095 -0.0516029 -1.17299
-0.45676 -0.0726847 -0.955503
0.397612 -0.349063 -0.675223
0.541548 -0.942779 -0.462832
0.457574 -1.4384 0.0598344
0.677118 -1.40375 0.496893
1.075 -0.727102 0.922766
0.37362 -0.393557 0.972302
-0.850318 -0.262904 1.25514
-0.989614 -0.630381 0.547024
-0.736233 -1.22487 0.958104
-0.460651 -1.21775 0.751109
-0.247168 -0.199549 0.731145
0.139728 0.950955 0.104604
0.902571 1.02135 -0.275436
1.34132 0.0782119 -0.662987
0.267979 -0.592262 -0.700487
-0.572112 -0.703014 -0.782832
-0.361034 -1.33117 -0.293323
0.373966 -0.527111 -0.566005
-0.348079 0.0811137 -0.776522
-0.431681 -0.895323 -0.967019
-0.810687 -1.39677 -1.22085
-0.383375 -1.14563 -0.806473
0.121229 -0.967082 -0.37621
-0.439787 -0.405429 0.709963
-0.803237 0.0816447 1.38757
-0.801521 -1.06011 1.26022
-0.0609428 -1.27223 1.01694
-0.0297021 -0.202158 0.989725
0.397955 0.472936 1.07974
0.104423 0.915279 0.46546
0.308507 0.804201 -0.0574605
0.619025 0.458374 -0.458809
-0.422713 0.0730511 -0.602041
-1.08012 1.10683 -0.572582
-1.25984 1.88457 -0.371325
-1.24275 2.09978 -0.743453
-1.12441 1.86553 -1.03912
-0.40874 1.65781 -0.653854
0.0230867 1.64292 -1.33658
0.880702 1.81917 -0.119703
1.95908 1.99167 -0.485439
3.02944 1.79467 0.175576
2.95785 0.795359 0.863628
2.48691 1.01543 1.22928
2.11678 1.49166 0.910356
1.25746 2.0484 1.58078
-0.0177048 2.0094 0.982004
-1.17424 0.61814 0.036013
-1.80162 -1.50804 -0.391208
-1.79664 -2.10477 -0.407721
-1.78707 -1.97639 -0.547207
-1.53012 -2.02971 -0.323784
-1.01701 -2.25888 0.250432
0.0949058 -1.53777 0.536963
1.36158 -1.40321 -0.642045
1.37249 -1.00695 -0.910939
0.519967 -1.09103 -1.01332
0.0429389 -1.13828 -1.09646
-0.361291 -0.711514 -0.0895075
-0.0232577 -0.432033 -0.126327
-0.675701 -1.46801 0.079736
-2.08117 -1.04251 1.09651
-1.41996 -0.990814 0.569047
-0.695119 -1.6341 0.4679
-0.953637 -1.29591 1.17474
-1.33846 -1.31059 0.749487
-0.387203 -1.91089 0.287639
0.654101 -1.84059 0.184901
1.82169 -1.93004 0.24573
2.54875 -1.27543 -0.526027
2.39772 -0.269254 -1.10752
2.35762 0.614048 -1.2047
1.85113 1.05735 -0.743922
0.155162 1.80607 -0.425518
-0.797313 1.29461 -0.083843
-1.5438 0.515213 -0.537413
-2.40482 0.0396625 -0.0771784
-1.70343 -0.0369977 0.180926
-0.232696 0.148832 -0.0463662
0.504286 1.21816 0.390807
1.29608 1.96344 0.630694
2.34739 1.36469 0.601552
3.44935 1.1162 1.20803
2.50356 1.82532 0.853598
1.19928 2.2538 0.258243
0.723314 2.43021 0.242073
0.230015 1.50806 -0.516344
-1.10471 0.111001 -0.319534
-2.13984 0.132598 -0.899005
-2.59304 1.06503 -1.23463
-2.75557 0.694714 -1.06152
-1.5552 0.727685 -1.13595
-0.763779 0.394277 -1.02008
-0.0163021 0.437044 -0.996776
0.081361 0.892612 -0.0914247
-1.08267 0.891967 1.20905
-0.752623 -0.301394 1.17563
-0.209692 -0.135573 0.654902
-0.470192 0.0642636 1.10135
-0.945698 0.0552444 0.293863
-1.02747 -0.127655 0.607615
-1.18687 -0.59809 0.785336
-0.342453 -0.718461 0.187226
1.72668 -0.711594 0.0363557
2.07319 -0.271905 -0.384359
2.09107 -0.382787 -0.228681
1.25798 -0.789675 -0.158097
0.618831 -0.596047 -0.514105
1.51015 -0.722937 -0.436799
1.83563 -1.57439 -0.367649
0.383635 -2.36726 -0.260519
-0.547368 -3.0867 0.215735
-0.391537 -3.30822 0.882406
-0.715027 -2.89989 1.32105
-0.639857 -2.40504 0.383104
-0.303567 -2.35702 0.106352
-0.455982 -1.7889 0.650777
-0.526373 -0.757397 0.102998
-0.232836 0.808649 0.262715
-0.297527 2.75415 -0.258341
-0.297622 3.22933 -0.295942
0.224573 1.19315 -1.08358
0.697593 -0.122587 -0.89128
-0.362809 -0.673192 -1.28083
-1.78828 -1.42283 -0.440366
-1.48559 -0.311165 -0.0617857
-1.20354 0.289373 0.803196
-0.960611 0.132086 0.486055
-1.77386 0.897004 1.24846
-1.58121 1.55735 1.10746
-0.55784 2.2203 0.489712
0.595832 2.31327 -0.340007
-0.894346 1.56662 -0.268338
-1.38253 1.23459 -0.121919
-1.02699 1.42551 -0.791885
0.430049 0.679303 -0.614768
1.29632 1.1144 -0.237421
2.32011 1.41278 -0.519567
2.40024 1.96652 -0.631705
1.88317 2.80221 -0.0709562
3.26504 3.22475 0.159509
3.41924 2.51069 0.148772
2.63256 1.59962 -0.216822
1.48832 1.75205 0.0153597
0.297761 1.38899 -0.546517
-0.30228 0.82577 -0.628633
-1.38913 1.9418 -0.192741
-2.50846 1.66205 0.783865
-3.94632 -3.45073 1.06891
-4.27086 -4.25092 1.15141
-1.78594 -3.87156 1.00246
-1.54831 -2.58029 0.684962
-0.460737 -2.35637 0.351126
2.0754 -1.8209 0.130632
3.11078 -1.31529 0.206887
3.01722 -0.47537 -0.229087
2.23438 0.195579 -1.05603
1.59987 -0.35546 -1.5853
-0.321016 -1.97949 -1.60738
-1.33327 -3.18236 -1.19062
-2.00514 -3.57129 -0.179968
-2.89925 -2.50682 0.343321
-3.1078 -1.60302 0.892312
-2.30163 -1.37863 1.4957
-2.55817 -1.29644 0.429851
-1.93734 -2.92426 0.850581
0.533191 -2.01164 0.460613
3.15008 -1.28621 0.622554
3.61221 -0.684905 0.242375
4.25544 -0.404155 0.223573
4.39029 0.188076 0.129062
3.1169 0.4761 -1.01789
1.66537 1.38238 -1.88493
-0.535753 1.36803 -1.3436
-1.45039 2.05177 -0.776704
-2.32241 1.2382 -0.171583
-3.73183 1.10908 0.522176
-3.72194 0.982967 0.972593
-1.13432 0.938805 0.807063
1.06402 2.06458 -0.164705
1.84921 3.5625 0.0164532
1.99998 4.17672 0.197845
2.2027 4.14122 -0.271208
2.79108 3.82369 0.0627453
2.93229 3.12154 0.0723164
1.26564 1.26059 0.554025
-1.34597 0.818268 0.578586
-2.24416 0.917153 0.246567
-2.58466 0.675382 -0.512645
-1.86077 0.737939 -1.31141
-2.35932 1.38596 -1.89481
-3.18977 1.39373 -1.13211
-2.33545 0.421713 -0.381586
-1.66227 -0.512788 0.299218
-0.797638 -1.05929 1.29391
-0.662306 -1.47178 1.39464
-0.459121 -2.36404 1.1949
-0.529485 -3.78986 0.712507
0.0353667 -4.42291 -0.0645001
1.87869 -4.3635 -0.328055
2.65361 -3.34753 0.103822
2.4376 -2.42032 0.440481
2.25116 -1.33136 0.48244
2.99704 -0.888451 0.494443
2.83611 -0.961304 0.0645042
2.17674 -1.05278 -0.989654
-0.115479 -0.464717 -0.727582
-0.664174 -0.060773 -1.07345
-1.65776 0.24557 -0.70464
-2.20236 -0.0909995 -0.869256
-1.14838 -0.457713 -0.0888484
0.220168 -1.17306 0.427262
0.381486 -1.24267 1.58597
0.197487 0.343679 1.89897
0.64428 0.896193 1.01886
0.556665 1.04156 0.51812
-0.0154688 0.882848 0.769272
-0.35902 0.868024 -0.0715291
-1.304 1.13717 -1.39888
-1.63961 2.35719 -1.41416
-1.79838 2.16027 -1.74868
-1.58747 0.985626 -1.35711
-0.697748 0.551102 -1.23175
-0.272982 0.421027 -1.01069
-0.171036 0.672927 -0.230788
-0.847134 0.910309 0.751221
-1.19156 0.466581 1.22511
-0.885618 1.00101 1.70636
-0.281878 1.9765 1.95028
0.817109 2.59682 1.63795
1.40383 1.61493 0.79534
1.16602 1.99801 0.501686
0.572391 1.03774 0.376877
1.48168 0.00617007 -0.469893
2.17256 -0.962464 -0.856882
1.42126 -1.40364 -0.832815
1.21289 -1.69851 -0.619033
0.914121 -2.06342 -1.42886
0.510936 -1.75289 -1.27985
0.0411074 -1.50996 -0.717359
0.376099 -1.65958 -0.79056
0.238986 -1.01577 -0.352213
-0.127308 -0.0655326 -0.0824474
-0.26641 0.765577 0.266513
0.0831337 1.39377 0.359957
0.901316 1.96986 0.636264
0.527538 1.81049 0.920492
-0.46247 0.959955 1.2876
-0.0668274 1.26389 1.16938
-0.927889 0.981779 1.00572
-1.96169 -0.553868 0.728182
-2.73913 -2.43571 0.158813
-2.64186 -2.53729 -0.387681
-1.84406 -2.19027 -0.605628
-0.667247 -1.63861 -0.900592
-0.187948 -0.557948 -0.68181
-0.0675867 0.2514 -0.508715
0.759661 1.25676 -0.449554
0.897364 1.62885 -1.19065
0.197427 1.71722 -0.990297
0.596807 1.71153 -0.158624
0.363614 0.923955 0.266815
0.0619054 -0.269822 -0.00721742
-0.1457 -0.434121 0.384919
-0.323213 -1.24304 0.745618
-0.342751 -1.96872 0.875587
0.330459 -1.67829 0.767234
0.648944 -1.33391 0.504115
0.379803 -1.27773 0.670608
0.917466 -1.46983 0.0317728
0.993151 -0.87007 0.201619
0.620412 0.726465 0.207629
1.37325 1.30718 -0.371955
1.40348 1.92894 -0.160478
1.70872 1.96644 -0.681294
0.854724 2.10409 -0.749706
-0.484126 2.04258 -0.4734
-0.442857 1.34886 -0.219787
-0.39032 -0.440464 0.238358
-1.01492 -1.4175 0.30814
-1.40799 -1.53793 0.490329
-1.44116 -0.958264 0.219773
-1.08111 -0.729227 -0.0925197
-0.157574 -1.08417 -0.296719
0.168336 -0.871456 -0.211082
0.507215 0.0339586 0.179484
0.796496 1.31885 -0.221267
0.0784227 1.46775 -0.0822854
-0.408098 0.819746 -0.208971
-0.365948 0.346867 -0.0285913
-0.91044 0.549055 0.196893
-1.51267 0.626188 0.0411602
-2.18504 0.260975 -0.0610444
-1.52819 -0.275095 0.220734
-1.39271 -0.880408 -0.0589909
-0.980502 -1.2418 0.283981
-0.397263 -0.444939 -0.060972
0.690071 -0.473976 0.349295
1.6708 -0.495074 0.331664
2.21958 -0.167221 0.0681492
2.6997 -0.00377206 -0.00295662
2.60806 1.11517 -0.565748
1.80752 1.08129 -0.903984
0.903264 -0.377059 -1.01942
-0.0919574 -0.771594 -0.581277
-1.20192 -0.904214 -0.241724
-1.38544 -1.07441 0.152198
-1.53123 -1.15726 0.502373
-1.02009 -1.13752 0.874545
-0.890272 -1.02321 0.755961
-0.321296 -0.174822 0.950794
0.693711 0.300458 0.558296
1.07686 0.486696 0.501038
1.41918 0.135997 0.204928
1.07166 0.882494 -0.0464228
0.752709 1.28483 -0.307622
0.643566 1.26065 -0.440867
0.868577 0.644036 -0.987173
1.24631 -0.0141016 -1.11676
0.502358 0.121737 -0.90857
0.230951 0.524173 -0.848429
0.333524 0.10258 -0.839344
-0.876343 -1.23192 0.219179
-1.25137 -1.66001 0.803182
-1.5232 -1.60202 1.11154
-1.33847 -1.06473 1.23987
-0.782722 -0.520361 0.80309
-1.37494 -0.269956 0.860559
-1.69958 -0.565092 0.846716
-1.11681 -0.54175 0.0943567
-0.413785 -0.121885 -0.382499
-0.25106 0.237888 -0.604024
-0.337339 0.318657 -1.07373
-0.319046 0.296447 -1.23423
-0.655401 0.640481 -1.04999
0.0537754 -0.0132966 -0.320741
0.960617 -0.0143764 -0.831154
1.3759 0.3878 -0.604811
1.36949 -0.178913 -0.467561
1.00516 -0.273015 0.0235101
0.337098 -0.21411 0.158041
0.248559 -0.400365 0.916151
0.422979 0.0127293 1.17515
0.643146 -0.0341826 1.40085
1.05647 0.375749 0.944154
0.527346 0.220361 0.945818
-0.117395 0.386312 0.966566
1.22218 0.425205 0.523152
1.53344 0.53943 -0.23419
0.798719 0.0924302 -0.297343
0.934662 -0.338734 -0.986707
1.00253 -0.675862 -1.60331
0.408585 -0.411528 -1.31331
-0.204955 -0.352525 -0.649774
-0.420535 -0.181773 -0.384989
-1.05693 0.103604 -0.515839
-1.87983 0.0490809 -0.172049
-2.07159 0.127094 0.658595
-1.74839 0.780446 0.670909
-1.67388 1.18626 0.677764
-1.07758 1.30199 0.63208
-0.334251 1.05634 0.613726
-0.15971 0.786126 0.791836
0.00163623 0.125886 0.547008
0.0409713 -0.0783809 -0.241041
0.193104 -0.0426677 -0.563021
0.532682 -0.28412 -0.56193
0.0563886 -0.803123 -0.423771
-0.955647 -1.00853 -0.316668
-0.605325 -0.804467 -0.516879
-0.481133 -0.838092 -0.861978
-0.699224 -1.10308 -0.528982
-1.31917 -1.1975 -0.321496
-1.04921 -0.334718 0.358829
0.109878 0.152723 -0.0474572
1.1326 0.369653 0.189407
1.14559 -0.0384429 0.644254
1.63018 -0.340586 0.803742
1.79877 -0.126708 0.543962
1.77866 0.630672 0.597109
1.18299 -0.0231864 0.66442
0.806476 -0.479496 0.356513
0.826597 -0.363531 0.465219
0.792583 -0.263383 0.194173
0.410655 0.168478 -0.445194
0.120903 0.468981 -0.46319
0.150452 0.719506 -0.320841
0.516399 0.940471 -0.440978
0.781983 0.673051 -0.165161
0.6753 0.807268 -0.0121883
0.263258 0.272309 0.00229837
-0.274331 -0.315835 -0.0423455
-0.329191 -0.127807 -0.355783
-0.632393 -0.431661 -0.368371
-1.47145 -0.51595 -0.103106
-2.36257 -0.462664 -0.0189196
-2.39627 -0.558912 0.341279
-1.92779 0.210415 -0.0103679
-1.76441 1.09631 -0.0663797
-1.62705 1.07924 -0.432363
-1.26613 1.13426 -0.72195
-0.976247 1.44692 -0.806849
-1.21808 1.25405 -0.410139
-0.787365 0.56266 0.211681
-0.399903 -0.00402698 0.322196
-0.184801 -0.293151 0.717892
0.17649 -0.985718 0.891125
0.703625 -1.0528 1.06008
1.05868 -1.03594 0.633841
1.16369 -1.00726 0.368115
1.11655 -0.278981 0.209009
1.24567 0.43288 0.0482346
1.38157 0.748774 -0.0448978
1.71105 0.965971 -0.250409
1.6554 0.67595 0.114631
1.4845 0.269801 -0.173737
1.61147 0.442712 -0.60098
1.13727 0.0732068 -0.95577
0.687743 -0.328731 -0.88687
0.570094 -0.530632 -0.592698
0.487191 -0.0859811 -0.361037
0.320042 0.811589 0.131586
0.222246 0.408755 0.83519
-0.292992 -0.0113527 1.03326
-0.886599 0.321804 1.09938
-0.425126 0.380629 0.863435
-0.146444 0.253144 0.896687
-0.65987 0.44091 0.231046
-1.19 0.347601 -0.441762
-1.34665 0.212529 -0.531517
-1.61906 -0.0758988 -0.723289
-1.50567 -0.813886 -0.85602
-1.70217 -0.79601 -0.447004
-1.71728 -0.380781 -0.0957481
-1.84621 -0.634015 -0.493491
-1.31159 -1.1005 -0.240085
-0.173437 -1.17317 -0.0965588
0.418457 -1.05937 0.242932
0.284947 -0.408193 -0.134656
0.184992 0.19643 -0.144701
0.736829 0.417338 -0.0547055
0.551484 0.372167 0.0513676
-0.0601404 0.607552 0.0752931
0.375296 0.415526 0.247371
0.973876 -0.171652 0.347335
1.64707 0.217482 0.439892
1.881 0.186283 0.196613
2.74489 -0.497715 -0.0489593
2.19156 -0.0896739 -0.275638
1.22963 0.572506 -0.200508
1.12736 0.795388 -0.00234906
1.02357 0.471623 0.117
0.715245 0.717773 0.148866
0.127661 0.969849 0.204917
0.231189 1.29141 0.241063
0.642075 1.34745 0.156751
0.547494 0.722651 0.158142
0.0410859 0.254385 -0.115433
-0.640509 0.239205 -0.161332
-1.04687 0.563774 -0.337542
-1.20575 0.76739 -0.401407
-1.43175 0.216611 -0.309972
-1.77698 -0.264096 0.12935
-1.54935 0.153989 0.254076
-1.4441 -0.0219848 0.181739
-1.34176 -0.640672 -0.049725
-1.05761 -1.27406 -0.145523
-0.984475 -1.12557 -0.193917
-0.695281 -1.03419 -0.688141
0.291774 -0.524752 -0.349344
0.694232 -0.746886 0.195897
0.105078 -0.481214 0.428115
-0.251787 -0.0955252 0.297627
-0.00915526 0.0194968 0.119001
-0.13233 0.163972 0.181407
-0.134449 -0.25869 -0.0200487
-0.622668 0.195356 0.230396
-0.736168 0.135814 -0.0420493
-0.103612 -0.416575 -0.233813
0.720849 -0.760421 -0.117448
0.944409 -0.60813 0.224962
0.937796 -0.267119 0.332871
0.930098 0.0889198 0.370334
0.852078 -0.249857 0.38948
1.08714 -0.789963 0.391769
1.24144 -0.67423 -0.00429291
0.96974 -0.0979516 -0.445378
0.786036 0.348899 -0.476554
0.539252 0.63885 -0.0998656
0.639397 0.893889 0.109076
0.679355 0.857012 0.120265
0.157109 0.788479 -0.160319
0.0404649 0.351866 0.189978
-0.0247585 0.135363 0.0859018
-0.326436 -0.184957 0.164196
-0.930374 -0.101011 -0.0443431
-0.994916 -0.140005 -0.405753
-1.46631 -0.256953 -0.213111
-1.25801 -0.236142 -0.316114
-0.650733 0.0423278 -0.0361016
-0.722893 0.518335 -0.123274
-0.832502 0.525404 0.07888
-0.417431 0.117685 0.0226935
-0.204 -0.495939 -0.401345
-0.356286 -0.598468 -0.623697
-0.813111 -0.157538 -0.540858
-1.08939 0.0782451 -0.312616
-1.25323 -0.131182 0.331147
-1.13769 -0.473356 0.37422
-0.856807 -0.319307 0.728634
-0.198425 -0.322569 0.793796
0.653158 -0.290539 0.423529
0.984363 0.229686 0.223531
0.954902 0.117383 0.241995
1.04524 -0.454023 0.166585
1.55396 0.0103095 -0.159894
1.86344 0.578657 -0.157362
1.88972 0.538343 -0.4282
1.82111 0.435418 -0.644059
1.15742 -0.0636251 -0.406233
0.516632 -0.477904 0.0572381
0.135035 -0.137084 0.0650856
0.228328 -0.422702 -0.0783603
0.277758 -0.41961 -0.293682
-0.245683 -0.61737 -0.318721
-0.807834 -0.455367 -0.181039
-1.22636 -0.184669 0.177419
-0.50582 0.320148 0.627281
-0.267335 0.608625 0.552452
-0.651746 0.476236 0.567255
-0.528592 -0.0110657 0.164567
-0.476034 -0.132004 -0.227608
-0.929544 0.023937 -0.280667
-0.683902 -0.376386 -0.00234819
-0.518209 -0.888508 0.112138
-0.894995 -0.647473 -0.253415
-1.08796 -0.159872 -0.0782726
-0.880192 -0.147807 -0.00884543
-0.621901 -0.426666 -0.171082
-0.52299 0.113186 -0.287198
-0.139744 0.643396 -0.168804
0.332649 0.64574 -0.053797
0.233231 0.519271 0.058234
-0.0559084 -0.0658852 0.224684
0.0965912 -0.474806 0.320767
0.432695 -0.531959 0.348505
0.508035 -0.433205 0.200005
0.765751 -0.582251 -0.00604343
0.717516 -0.790043 -0.134361
0.659552 -0.412113 0.0475773
0.825207 -0.388306 0.249595
0.99604 0.0095877 -0.0421433
1.09512 0.564514 -0.241723
0.644428 0.511682 -0.404328
0.287535 0.645833 -0.20052
0.133756 0.797166 -0.0490704
0.504576 0.474964 -0.261607
0.492045 0.366024 0.0416934
0.270238 0.44309 0.132199
0.500481 -0.11975 -0.0448294
0.433279 -0.186037 -0.0870908
0.110073 -0.353327 0.0750966
0.059872 -0.333878 0.00117838
-0.12275 -0.242997 -0.117474
-0.365412 -0.22343 -0.059346
-0.649746 -0.0950832 -0.0156876
-0.693269 -0.0845799 -0.282537
-0.884451 -0.136898 -0.409532
-0.783416 0.0210437 -0.101524
-0.833852 0.145992 0.253966
-0.890238 -0.174145 -0.0983565
-0.919361 -0.218591 0.0888699
-0.582867 -0.118091 0.368558
-0.710891 -0.302199 0.589827
-0.374388 -0.0510675 0.384482
0.159471 0.26901 0.231788
0.577098 0.0851411 -0.0623209
0.177472 0.112662 -0.0574549
-0.274295 0.22945 -0.119657
-0.252484 0.00343398 -0.389302
0.300679 0.207382 -0.266306
0.489221 0.352611 -0.0809756
0.712952 -0.30287 -0.0107984
0.902514 -0.666423 -0.330817
1.23513 -0.343447 -0.333376
1.24942 -0.432469 -0.273259
1.11919 -0.890617 -0.298571
0.926104 -0.514059 -0.179866
0.323311 -0.037901 0.218509
0.0943391 -0.0554284 0.359697
0.116421 0.22909 0.564724
0.640869 0.428149 0.45198
1.10798 0.765451 0.461534
0.880996 0.968448 0.451474
0.437422 1.06326 0.205247
-0.032706 0.814584 0.157666
-0.243589 0.417506 -0.222481
-0.811397 -0.156968 -0.165021
-1.24653 -0.872457 -0.424786
-1.31878 -0.79833 -0.222981
-1.55217 -0.569336 0.0265137
-1.70688 -0.206186 0.144462
-1.61695 0.110063 0.0847275
-1.27076 0.109976 -0.211529
-0.865643 0.492481 -0.165942
-0.801706 0.870746 -0.262738
-0.359265 1.05248 -0.464386
-0.082138 0.606836 -0.30591
-0.0325787 0.196254 -0.275928
-0.183595 0.164831 -0.0154748
-0.122463 -0.0741978 -0.0263666
-0.0335084 0.317405 0.247623
-0.0755017 0.802792 0.478301
0.137504 0.488956 0.123158
0.399324 -0.157956 0.0784551
0.610912 -0.0402964 0.032516
0.927797 0.0133062 0.108461
1.14385 -0.14996 0.31293
1.47334 -0.351003 0.105165
1.50888 -0.46322 0.274452
0.766111 -0.575905 0.55381
0.443077 -0.622929 0.397276
0.538792 -0.522332 0.0959651
0.805183 -0.648566 -0.288109
0.863116 -1.15278 0.0228205
0.554997 -0.76364 0.134106
0.117324 0.0492676 0.0687844
0.073128 0.13109 -0.142237
0.28003 0.498789 -0.372391
-0.041631 0.468304 -0.405097
-0.801773 0.893858 -0.511229
-1.68788 0.954928 -0.263133
-2.01738 1.08872 0.0100704
-1.5516 0.948925 0.183385
-0.881757 0.201907 0.100011
-0.726918 -0.807197 -0.00938647
-0.701538 -1.38007 -0.109897
-0.584278 -1.22051 -0.0425077
-0.301192 -1.13897 0.102066
-0.276746 -0.738517 0.335309
-0.434678 -0.371716 0.482283
-0.945423 0.388348 0.421567
-1.18271 0.447756 0.21072
-0.476867 1.00156 -0.332094
-0.0490179 1.59876 -0.46672
0.113037 1.787 -0.498216
0.715192 1.59741 -0.488309
0.826869 1.19185 -0.425279
0.948645 0.601539 -0.132912
1.2424 -0.0265958 0.210956
1.14008 -0.377528 0.131609
0.843079 -0.773372 0.396905
0.728568 -0.901724 0.63932
1.1419 -0.775633 0.472892
1.25109 -0.586679 0.273502
0.878397 -0.0854689 0.101852
0.267781 -0.0408994 -0.0916699
0.256707 0.287429 -0.257865
0.357562 0.989035 -0.291687
0.215532 1.15176 -0.247811
-0.235556 0.480663 -0.140913
-0.731124 0.0394408 -0.0661406
-0.816875 0.301859 -0.139815
-0.787159 0.14735 -0.0900844
-0.892639 0.0581399 0.0341247
-1.25162 -0.428674 0.103661
-0.976827 -0.966184 0.0766408
-0.672575 -0.523609 0.292473
-0.0787567 -0.250821 0.276382
0.58497 0.026209 0.194194
0.600046 0.143096 0.185263
0.432999 0.222927 0.113478
0.00642477 -0.0421122 -0.129713
-0.51331 0.0205793 -0.543365
-0.609163 0.164188 -0.679733
-0.721715 -0.278432 -0.349836
-0.81567 -0.786896 -0.148623
-0.488963 -0.7542 0.223954
0.102944 -1.00124 0.286556
0.590277 -1.24848 0.305695
1.03984 -1.1853 0.276072
0.994457 -1.10549 0.320371
0.776455 -0.644587 0.258689
0.090785 -0.0364555 0.178264
-0.224792 0.434131 0.0538638
-0.0377973 0.755174 -0.162264
-0.052129 0.802924 -0.390095
-0.243686 1.09728 -0.312538
-0.0480678 1.06993 -0.153811
0.211715 1.02204 -0.246047
-0.055896 0.810086 -0.27982
-0.255049 0.161424 -0.33691
0.257505 -0.250866 -0.187413
0.35067 -0.161716 0.168624
0.551626 -0.153189 0.415896
0.799982 -0.0652209 0.490265
1.11895 -0.238692 0.651549
1.47552 -0.199328 0.706179
0.963867 0.18185 0.279593
0.477573 0.442886 -0.117359
0.539799 0.521957 -0.564331
-0.0358 0.770912 -0.497152
-0.100275 0.737256 -0.290598
-0.449883 0.626414 -0.223492
-0.350489 0.590845 -0.236973
-0.479919 0.405629 -0.317625
-0.682961 -0.0300225 -0.289145
-0.781042 -0.599883 -0.310573
-0.574833 -0.830436 0.00217361
-0.733769 -0.945355 0.0835057
-0.926606 -1.00097 0.215977
-0.95372 -0.758596 0.168813
-1.05964 -0.316131 0.36517
-0.920134 0.236494 0.22092
-0.584276 0.54308 0.0710513
-0.511005 0.865906 -0.0201951
-0.724751 0.495298 -0.0411164
-0.477745 0.0478326 -0.024852
0.17847 0.105194 -0.193125
0.387232 -0.448978 -0.274668
0.348006 -0.85679 -0.340265
0.256109 -0.894947 -0.202676
0.539971 -0.960836 0.184744
0.801229 -0.620548 0.323103
0.75275 -0.143273 0.418045
0.882289 -0.168542 0.350754
0.853783 0.0361406 0.34185
0.984741 0.0836194 0.0279479
1.27463 0.0144798 -0.170704
1.32388 0.123997 -0.114197
1.15358 -0.0556126 0.169702
1.15288 -0.100511 9.6952e-06
1.0741 -0.191458 -0.144956
0.780644 -0.524788 0.145963
0.205876 -0.753761 0.322185
-0.480522 -0.661491 0.441733
-0.837326 -0.435981 0.103849
-1.09893 -0.46292 -0.135292
-1.38215 -0.250795 -0.188723
-1.74351 -0.55528 -0.175589
-1.74 -0.261077 -0.469309
-1.26686 0.4556 -0.701688
-0.775339 0.78214 -0.445611
-0.400994 0.942148 -0.0793013
-0.562408 0.640166 0.0789513
-0.695658 0.693252 0.0395817
-0.51121 0.695089 -0.0425306
-0.20813 0.492533 -0.220282
-0.453578 0.33131 -0.290118
-0.718208 0.128472 -0.117271
-0.564336 -0.0247831 0.0522735
-0.190892 0.385163 0.106946
0.144512 0.518918 0.150792
0.435344 0.416713 0.355291
0.449135 0.329175 0.240145
0.805853 0.126514 0.273205
1.22837 0.0133697 0.179388
1.24997 0.143443 0.230901
1.01671 0.398078 0.245182
0.642252 0.00758089 0.141838
0.523881 -0.358424 0.0807746
0.672037 -0.518141 -0.145278
0.725185 -0.151961 -0.23085
0.554229 0.271482 -0.231582
0.372654 0.151584 -0.103427
0.526938 -0.423928 -0.0723074
0.531465 -0.648689 0.0574926
0.46682 -0.198054 0.204484
0.177401 -0.103958 -0.0367329
-0.325375 -0.400929 0.0849098
-0.753547 -0.769168 0.117099
-0.959054 -0.955232 0.202958
-1.05665 -0.920333 0.198811
-0.936785 -0.931584 0.0420058
-1.04289 -1.1135 -0.0522021
-0.96607 -1.23246 -0.107872
-0.663195 -1.02211 -0.129823
-0.281593 -0.553509 -0.276102
-0.230553 -0.27516 -0.434635
-0.448681 -0.0609728 -0.356162
-0.324114 0.020154 -0.145316
-0.195537 0.399923 0.0131228
-0.0607282 0.753232 -0.057776
0.104361 0.802574 -0.0127456
0.314756 0.346099 0.151081
0.131473 -0.00762524 0.135517
0.221706 0.0415436 0.0121695
0.239525 0.239046 0.0509957
0.311393 0.357627 0.176667
0.236211 0.444793 0.14738
0.13734 0.595071 0.182157
0.34022 0.643038 0.196513
0.626226 0.557625 0.186817
0.724886 0.497663 -0.00446519
0.727714 0.314016 0.046768
0.807238 0.16263 -0.249152
0.637346 0.286977 -0.338563
0.491909 0.3682 -0.506516
0.0898246 0.171065 -0.403297
-0.270556 0.448916 -0.410348
-0.30463 0.885572 -0.00451534
-0.595581 1.05828 0.19827
-0.838562 1.04093 0.269943
-0.583652 0.887076 0.218233
-0.51492 0.556025 0.185075
-0.467201 0.185265 0.0869685
-0.177523 0.0990872 0.0370455
0.0882799 0.057711 0.169043
0.119969 -0.664204 0.430683
0.213449 -0.991177 0.412557
0.268047 -0.681164 0.253078
0.177973 -0.472725 0.100634
0.134307 -0.73311 0.090139
-0.221234 -0.913528 -0.103637
-0.507929 -1.17828 -0.212962
-0.143195 -0.892506 -0.399868
-0.340246 -0.616801 -0.487677
-0.675427 -0.585095 -0.280681
-0.588324 -0.701515 -0.115681
-0.424584 -0.714918 -0.103443
-0.21888 -0.798973 0.0588789
-0.395126 -0.678038 0.381761
-0.695087 -0.538451 0.29709
-0.514694 -0.474298 0.11499
-0.0405399 -0.467919 0.0163528
0.201701 -0.322809 0.0647334
0.523972 0.0407068 0.147603
0.562726 0.354657 0.196468
0.637875 0.475208 0.104753
0.958662 0.562276 0.113797
1.17064 0.809788 0.0579306
0.908556 0.913792 0.0295474
0.691678 1.01307 -0.000504112
0.671321 1.01027 -0.229641
0.528108 1.06528 -0.182055
0.478123 0.742242 -0.183139
0.161015 0.531492 -0.141846
-0.0318105 0.399822 -0.540932
-0.162208 0.344204 0.00936826
-0.187987 0.462586 0.349437
-0.434222 0.594038 0.123705
-0.115642 0.629227 -0.177128
0.366755 0.298666 -0.421445
0.220314 -0.0413936 -0.192546
-0.171321 0.0405478 -0.243795
-0.520302 0.386764 -0.071103
-0.267879 0.508806 -0.0563227
-0.134344 0.292243 -0.190934
-0.475627 -0.0658365 -0.0633573
-0.699175 -0.0368892 0.21984
-0.4962 0.168903 0.258741
-0.419624 0.398156 0.343469
-0.54357 0.250237 0.391246
-0.742 -0.111057 0.57406
-0.814366 -0.240643 0.407685
-0.726962 -0.60535 0.0459752
-0.321797 -0.543954 -0.166557
-0.0224636 -0.561944 0.0507309
0.515352 -0.408036 -0.0805893
0.985529 0.0535243 -0.185277
1.34242 0.171264 -0.168518
1.31897 -0.0376271 -0.523347
1.09141 -0.390959 -0.73273
0.859458 -0.464613 -0.457322
0.645207 -0.0710231 -0.311976
0.378086 0.0436875 -0.138076
0.333685 -0.152509 0.15146
0.157346 -0.798739 0.513075
-0.138759 -1.24377 0.557552
-0.147458 -1.16704 0.700182
0.0948297 -0.888183 0.832453
0.410312 -0.37887 0.578241
0.198689 -0.288554 0.405731
-0.199145 -0.515145 0.346192
-0.134686 -0.380041 -0.0921625
-0.169962 0.0292892 -0.230024
-0.0782019 0.75759 -0.411122
-0.267818 0.970697 -0.792551
-0.662622 0.841728 -0.8107
-0.879622 0.422857 -0.826633
-1.08311 0.122396 -0.663144
-0.930382 0.20884 -0.408905
-0.769783 0.565538 -0.176847
-0.760277 0.812278 0.106225
-0.602947 0.615876 0.437127
-0.394633 0.62291 0.785798
-0.271135 0.911074 0.806112
-0.197158 0.929196 0.649547
-0.0443017 0.886707 0.518266
0.152275 0.597411 0.476144
0.231714 0.144329 0.218353
0.0982287 -0.0385667 -0.125641
0.113194 -0.0437941 -0.175753
0.470622 0.147526 -0.379514
0.657297 0.0613095 -0.549396
0.305879 -0.048879 -0.539059
0.44638 -0.167051 -0.593683
0.650685 -0.32508 -0.589531
0.568467 -0.127528 -0.387705
0.522545 -0.0699044 -0.115855
0.590025 0.0337559 0.0296644
0.563012 0.148354 0.301241
0.348034 0.0648989 0.348012
0.11156 0.0465762 0.578933
-0.0280534 0.0830583 0.522904
0.0787957 -0.0941189 0.619423
0.0548925 -0.324937 0.568556
-0.381619 -0.403601 0.309664
-0.670486 -0.622614 0.114543
-0.465661 -0.795677 0.10637
-0.401274 -0.722607 -0.215909
-0.33591 -0.720352 -0.356722
-0.400337 -0.585004 -0.504082
-0.679954 -0.374893 -0.697505
-0.883233 -0.174784 -0.668878
-0.71907 -0.201567 -0.549996
-0.447072 -0.0090265 -0.15775
-0.296865 -0.0555681 -0.142798
-0.299545 -0.239506 0.127043
-0.0305031 -0.0775433 0.346172
0.164144 -0.0595888 0.337181
0.053195 -0.235716 0.407182
0.0967048 -0.301182 0.556836
0.0432944 -0.137294 0.602941
-0.172998 -0.110219 0.347525
-0.0711845 0.0468204 0.256622
0.270892 0.0440992 0.156938
0.542773 0.0843707 -0.110792
0.771746 0.201987 -0.198269
0.724399 0.38561 -0.515664
0.733777 0.380276 -0.42669
0.582083 0.312892 -0.402474
0.383036 0.0956317 -0.407538
0.237108 -0.0828747 -0.219687
0.30019 -0.1121 -0.0201116
0.171872 0.127526 0.011856
0.0427246 0.221998 0.124835
-0.0203367 0.183125 0.126409
-0.171061 0.329596 0.172566
-0.3308 0.403991 0.0616205
-0.355212 0.477063 0.0379842
-0.426523 0.546015 0.235751
-0.316691 0.51061 0.334209
-0.174757 0.404394 0.0816328
-0.0667821 0.202922 0.100762
0.0321096 0.254411 0.025151
-0.30262 0.0336985 -0.149829
-0.328658 -0.0801403 -0.352431
-0.264299 -0.135326 -0.38986
-0.284206 -0.31912 -0.454613
-0.171075 -0.152175 -0.312038
-0.0744015 -0.0589177 -0.255299
-0.16044 -0.048269 -0.0759734
-0.218066 -0.00187602 0.211785
0.0114167 -0.10507 0.278466
-0.00429308 -0.312038 0.329532
0.0615926 -0.551824 0.343868
0.151652 -0.674047 0.231012
0.26109 -0.880038 0.0322646
0.0711502 -1.06471 0.0946927
0.0843132 -1.10162 0.146757
0.30306 -1.11633 0.118601
0.463091 -0.839595 0.227412
0.533765 -0.494205 0.0996597
0.651168 -0.252459 0.0116419
0.690419 -0.175438 -0.0846634
0.50088 0.0670071 -0.339141
0.52608 0.209172 -0.258906
0.537925 0.149072 -0.387442
0.255583 0.273488 -0.470419
-0.213506 0.205244 -0.35222
-0.319771 -0.111064 -0.324521
-0.583275 -0.113548 -0.255993
-0.553153 -0.113678 -0.0581825
-0.335109 -0.0689277 0.285659
-0.321834 0.107126 0.427216
-0.208972 0.35246 0.346496
-0.0344392 0.513855 0.488585
0.0995629 0.44274 0.328799
0.161137 0.451876 0.147261
0.303542 0.669975 0.0781052
0.223229 0.734741 0.0616237
0.0875788 0.517252 -0.0269493
-0.134663 0.341185 0.102407
-0.425883 0.0851171 0.0723117
-0.513589 0.0495715 -0.0573676
-0.394634 0.101095 -0.285268
-0.291041 0.245798 -0.372217
-0.256732 0.21043 -0.304951
-0.0772552 0.0416303 -0.380841
0.308103 0.0741997 -0.355015
0.359594 0.322228 -0.213865
0.171559 0.267407 -0.0263125
0.209833 0.143379 0.0221143
0.106472 0.219362 0.104372
0.0195069 -0.148229 0.053909
0.0489688 -0.372799 0.192685
-0.0827326 -0.431304 0.159957
-0.11275 -0.660662 0.216814
-0.061921 -0.857425 0.227723
-0.148593 -0.886353 0.287264
-0.0729134 -0.80787 0.339695
-0.035191 -0.640355 0.328886
0.19976 -0.268234 0.201741
0.358367 0.0895827 0.02426
0.310239 0.263954 -0.197389
0.404781 0.325416 -0.340727
0.186036 0.349444 -0.312751
0.0836021 0.419242 -0.371569
0.0856666 0.481879 -0.300277
0.0882546 0.326099 -0.186565
-0.00394975 0.0909336 -0.0027471
-0.0844276 0.0487442 0.0817094
-0.123462 -0.171561 0.127089
-0.0438063 -0.297677 0.253433
0.00108479 -0.329646 0.313149
0.0774852 -0.302908 0.164549
0.0321372 -0.0572337 0.12186
0.0370915 -0.0941714 0.0431809
-0.1687 -0.125067 0.170015
-0.365637 0.208428 0.203192
-0.294337 0.32349 0.0660355
-0.333933 0.284794 0.118925
-0.586199 0.0969088 -0.00225028
-0.532891 -0.108926 -0.157764
-0.411171 -0.25804 -0.324005
-0.280407 -0.283788 -0.405253
-0.0337027 -0.237156 -0.341401
0.0609498 -0.0994857 -0.369051
-0.0210734 0.198323 -0.412926
0.0198153 0.450965 -0.214876
0.058121 0.567851 -0.0859061
0.138851 0.54065 0.132952
0.201712 0.41475 0.225859
0.088545 0.267224 0.300457
-0.0290143 0.306423 0.344521
-0.0200867 0.227099 0.26755
0.0385171 0.0729559 0.299597
0.26761 -0.210072 0.284248
0.325075 -0.244797 0.317689
0.251088 0.0717483 0.295999
0.252495 0.213172 0.257738
0.375864 0.0474006 0.0124418
