0.0
0.0
0.0
0.0
0.0
0.0
0.0
0.0
0.0
0.0
0.0
0.0
0.0
0.0
0.0
0.0
0.0
0.0
0.0
0.0
0.0
0.0
0.0
0.0
0.0
0.0
0.0
0.0
0.0
0.0
0.0
0.0
0.0
0.0
0.0
0.0
0.0
0.0
0.0
0.0
0.0
0.0
0.0
0.0
0.0
0.0
0.0
0.0
0.0
0.0
0.0
0.0
0.0
0.0
0.0
0.0
0.0
0.0
0.0
0.0
0.0
0.0
0.0
0.0
0.0
0.0
0.0
0.0
0.0
0.0
0.0
0.0
0.0
0.0
0.0
0.0
0.0
0.0
0.0
0.0
0.0
0.0
0.0
0.0
0.0
0.0
0.0
0.0
0.0
0.0
0.0
0.0
0.0
0.0
0.0
0.0
0.0
0.0
0.0
0.0
0.0
0.0
0.0
0.0
0.0
0.0
0.0
0.0
0.0
0.0
0.0
0.0
0.0
0.0
0.0
0.0
0.0
0.0
0.0
0.0
0.0
0.0
0.0
0.0
0.0
0.0
0.0
0.0
0.0
0.0
0.0
0.0
0.0
0.0
0.0
0.0
0.0
0.0
-8.013620598498331e-06
-5.967239259730409e-06
-2.8225512022691127e-05
-0.0005136055875158841
-0.001644185389633424
-0.0024499184862676725
-0.0014296335753374821
0.0020656640386832407
0.004265693663175397
0.0020091822287441824
-0.0004639331479713556
-0.0005887591216114731
-0.00032745957995414384
-0.0002387625667528486
-0.00018921838428191822
-0.00030120750176090724
-0.00048736310662333157
-0.0005328827113831499
-0.00016302915221745937
0.000464330505885577
0.0005121190015328545
6.637389097171014e-05
-0.00037644325718666185
-0.0023615744242921457
-0.007261385322197813
-0.01211003912847265
-0.010928424287630162
-0.0035322478347418196
0.0024188414443671487
0.0036150892003474263
0.0030377259089621
2.545952371493798e-08
-0.007154114188246996
-0.011744466051738735
-0.010399880569824074
-0.01162880434419163
-0.012253503196861231
-0.0013364667804679417
0.012997552359203048
0.013179586854786967
-0.00597188176017115
-0.02576450064783393
-0.02500078159859622
-0.006937628376006748
0.012851654950596245
0.017659982562630003
0.014060260291974602
0.028834574743796096
0.04919117466353039
0.04475506963990532
0.025716300421614657
0.028088508730282784
0.055712406820254454
0.06581478015871904
0.030982225973838387
-0.014413645969643868
-0.008037991376420042
0.03437680721221781
0.04538141450973075
0.029656605259259977
0.01418375146284373
-0.018975939592366153
-0.06640162313926432
-0.08224057418597559
-0.06024869719661883
-0.029980192892414985
-0.008175075460629837
-0.01158178517588624
-0.05103116017826115
-0.08393219579383354
-0.056176235145296766
0.005201258681676327
0.061988611163445145
0.08450728038327247
0.013140164708251054
-0.1083729345624787
-0.1151151547273767
-0.0015435460021419461
0.07295343355523548
0.09230899255156577
0.16409963840350084
0.29149772434262455
0.3218876701870661
0.17115775556409762
-0.022220365335430647
0.013327850083261927
0.40917156996828297
0.853028271730172
0.8518323812573417
0.37408504425808875
-0.1465938361505954
-0.3994610037295172
-0.3231047914842884
-0.10917904471135165
-0.09152563365408284
-0.19937203252803548
-0.08225357666832211
0.04381141872171623
-0.359121954427033
-0.8388444583002903
-0.5804145044490494
0.03060330816492199
0.32228644220552044
0.6573372240851452
1.307429299701279
1.4663280910857468
0.6633238794969063
-0.45480280447816335
-1.206794394816884
-1.34675033591311
-0.880088350336886
-0.14383351818227186
0.18412155090913018
-0.12813446126271094
-0.6291340859055833
-1.0123885333958718
-0.6427915022949577
0.8000972835466731
1.9186951290235186
1.5013624192283903
0.2851591978020509
-0.3571988995194797
0.014762786933425032
0.86851978323697
1.323787370807974
1.1228307090797767
0.9529972018471851
0.729392295373978
-0.5391036955009336
-2.057257916408835
-1.8678099234970575
-0.5458032619863422
-0.10785274723095406
-0.35665503356588635
-0.5677669662353002
-0.8851458321400083
-0.5984155215851406
0.44096089219619106
1.1318744065478088
1.6161522142151665
2.6501578428756654
2.9316571456875513
1.232858008151676
-0.47984720298439587
-0.6041571791668279
-0.5648414768286427
-0.7683775273775715
-0.5199593923075714
-0.12962498115035137
0.6068390603268963
0.7956883067319112
-0.7177528332852976
-2.330920308751464
-2.1374554196019666
-0.32289055638055153
1.2489597780987116
0.9719710642927795
-0.7141705597930614
-2.5383100724345424
-3.644244338122145
-2.827360159303666
-0.8905782380203675
0.6169514783796672
2.0821018711785615
2.225114684917296
0.30274281978485373
-1.3859368299489994
-1.3293743020809072
0.25189653305294835
2.3553435731371035
3.384920846756355
2.13190825872814
-1.109905697973531
-3.5675726893121524
-2.452192624456797
0.1323253960370122
1.453068269907413
2.0614346737890665
1.0647723301786414
-1.2207135304806147
-1.8687028148812002
-1.3280748958394557
-1.3216560074246742
-0.7607402562507142
1.384060633035832
3.003980145017655
1.6035366815155867
-0.6577702766396518
-1.1732609156958114
-0.9188814706335632
0.3360749974630077
2.627001163108007
2.831026177058728
0.49936879724939054
-1.1347063696251705
-1.214602464195338
-0.9752818772706442
-0.5533350302463829
1.6044701292819108
4.446524221787323
4.133579362034771
1.53588980991361
-0.5204472169800258
-1.3373135757420735
-0.9566426600125082
-0.4437482458531328
-0.17451601415528994
0.23185627164722256
0.4056086699675223
-0.33460302986471735
-1.597934349332431
-2.0620151316971578
-1.4574322330191585
-0.8937589334384275
-0.44019526371788276
0.36883357870241973
0.43180657317757154
-0.6210709768245233
-1.401907982859217
-0.9010712868580072
0.3773032088907733
1.596890442702804
2.9417514389954307
3.1754926955321485
0.2822769424997853
-2.9143572755541425
-2.495832556777546
-0.07291559917746904
0.8949020233202689
0.33253530390660924
0.20529578842677854
0.09836959697768144
-0.6263390756639975
-0.9524326220230095
-1.3275201827217011
-1.0359397623671966
1.0853386474361209
2.1468334642740228
0.1535913893919596
-2.590474202083371
-3.226813112611552
-1.4761206364876163
0.28717926957872364
0.903517028664814
1.1082766323239077
0.689744095259934
0.1025651423689442
0.0868887511764046
-0.220841743807215
-0.592759488703644
0.1727994171783923
1.2625480919578518
0.8988928778707509
-0.40366544076302735
-0.4799376653024916
0.5338786026970774
1.1962688930317251
1.5309432497675874
0.8401700562076075
-1.5520768988733935
-2.939397721008201
-1.7079293805217166
-0.13997796483291
0.6764584694514053
1.199983082906852
1.0060167728877862
-0.3916728969654807
-2.059869152383801
-2.2968840700562714
-1.021177654295809
0.5931684741081716
1.858872961381378
2.0312709272992806
-0.1702887017121214
-3.2303121752177413
-3.47500473570189
-1.280084840777082
0.6830722666277818
1.873321448491071
1.5847365406542577
-0.9688305594765174
-3.3839298176240304
-3.2462879104703712
-1.6303512970497103
-0.2650132714347171
0.27253220037142434
0.2721090715091865
0.8121172991817964
1.7928484252632062
1.5063541616428644
0.11150164701758936
-0.2970663802162732
0.11047179641995353
-0.2039643006139471
-0.7093650321838387
-0.7842722669319193
-0.7604568361617918
-0.4582875327390692
-0.1731775353841316
-0.16349702484015438
-0.3145499737769546
-0.4598896779344033
0.371183381242842
1.4472323713436577
1.4234960563587964
1.115467653555834
0.5551790017973115
-0.741468036192126
-1.6425124924151988
-0.821182726337363
1.1267853446568599
1.5892641445302522
0.39310346352052905
0.06515140178984247
0.2628638996374213
-0.20096693071211025
-0.569868956084822
-0.3125474094286318
0.7875331678473079
1.8097961585038185
1.5404941624040642
0.17271085203529002
-1.0811895709012127
-0.47719757639715454
1.4158596764788411
2.0026588781997186
1.1836601005559109
0.8001592318455109
0.7978696477865226
0.4500990068976991
-0.17161217447787858
-1.0424561691368608
-1.5334272285231079
-1.2475189411729095
-0.4804726058443013
0.29697719927775845
0.28545215598234364
-0.3534856075070897
-0.6159495428159326
-0.9609603309316825
-1.3910868321378531
-0.7936253520766252
0.2952654908231951
1.8141483195236427
3.110921913886486
2.206328357640582
0.5091132888464551
0.36003397000278303
1.015495425312042
1.457463381461729
1.6560989819794125
0.9339460572556444
-0.7773807350590527
-2.240561744122086
-2.4828560830088393
-1.9046656609366845
-0.9215443373052905
0.6559368717212961
1.4659720617303578
0.685713039751426
-0.43862591061450595
-0.7500221810534249
-0.06474252939592928
0.6646787810429338
0.9015112813314996
0.6391018365734736
-0.14779407351179952
-0.5567074988341947
-0.3496496118397363
0.02088902179112173
0.786397781024798
1.329965876352807
0.9440177510352892
0.23367732224828197
-0.19057499840721626
-0.3239924229882378
-0.37997905432985446
-0.12095194369125162
0.43428470426509147
-0.023642169471221663
-1.4218366084591725
-1.254595181887323
0.30094796428560877
0.670454925464881
0.09931080084868227
-0.2444902937867024
-0.6264520920745029
-1.0592610378581448
-0.975611446111325
-0.13128581139102646
0.7699756230995229
0.6333309876124681
-0.31633995834752543
-0.9093247127164363
-0.5110838103385622
0.27617096821286213
0.2736838728869943
0.10832693405390129
0.24541352754028517
-0.13738415122073022
-0.539387244647023
-0.4642231888184717
-0.1916027929859418
0.15685152032950148
0.30692507811887704
-0.2089643643568909
-1.166553763267325
-1.2659999917577394
-0.3721691338215938
0.4496172300541317
0.839152662234689
0.589405176480169
-0.3999461925258745
-1.288278957376118
-1.021174726115661
-0.07644681747941129
0.3000847902567687
0.046839788945683525
0.023270946257804237
0.2955247769646929
-0.13048280699180026
-0.8087027175959494
-0.7026341271988004
-0.07242966186961697
1.0886382355340014
1.8546295833799267
0.9852373202212983
-0.20322689508813818
-0.2707918712280669
0.36440816627682726
0.6718555180010206
0.4401893037466226
0.49309488205235796
0.8461787370035407
0.3474389130825965
-0.8966849027235354
-1.424899261446147
-0.9039597326592722
-0.11087053501865529
0.005905703699258025
-0.8389922787604652
-1.4377150696868657
-0.8201278125038434
0.5275062317326868
1.355258265023564
1.0034574761867487
0.17606291281678677
-0.3207981001115826
-0.1846489477958868
0.4553091085531894
0.8290573199851035
0.6524143228032245
0.4125641368331365
0.5218009386902507
0.7135701288134328
-0.11967639018129028
-1.3482244443238685
-1.0392807147596173
-0.20258904870151273
-0.37012389285106706
-0.600880794197795
-0.46772339677973984
-0.60050153941444
-1.0753057626604148
-1.098697504376787
0.03814183440395302
1.1776242016607605
1.1212513736537173
0.4370497066694785
-0.04888149157920685
0.12143776018467833
0.6694287813697756
0.854179847199749
0.5324592406349384
0.052352046550256215
0.018144949542741318
0.6152983611893772
0.9396039521593905
0.3967553373382127
-0.4120799331397601
-1.098022402523362
-1.4576970156388243
-1.111563870206943
-0.5130053233546419
-0.047595655752951105
0.5274130664008392
0.9664658236881893
0.8312253947692625
0.1579583580641245
-0.4116875395380896
-0.16451536636854824
0.32168260850757613
0.14479663026099499
-0.21361492981396435
-0.32459563428687777
-0.43484201757432317
-0.39538253087659236
0.0341623581448427
0.8486016722236672
1.5686221042020636
1.4847523885103948
0.7618468064715829
-0.06378338712892406
-0.661170026222881
-0.5630777426147306
-0.16630404686460454
-0.26054653519096194
-0.37988361794476505
-0.18148327538048076
-0.20540023750994257
-0.44153186745895023
-0.46775861275577624
0.02511290571900049
0.9073307996358799
1.0815098397602947
0.16887370877610342
-0.6527795441132636
-0.8361219780718092
-0.6556011665103034
-0.11932694610612543
0.5420594780104993
0.8561473894612829
0.7170413603438595
0.45386332824521225
0.2538518100301088
-0.004498603705335724
-0.4036439665056509
-0.6974137347838237
-0.41939614165825634
0.5753727446291025
1.606185867062024
1.3141273797442423
-0.104614294123488
-1.051088847537867
-0.9717689264626758
-0.27060916889946773
-0.11577591540918358
-0.8050980271950817
-1.023465208011146
-0.4475673974152552
0.1513678874960213
0.34675801541303913
0.04076703221289285
-0.5307480478474313
-0.6802415455967545
-0.07154384398236602
0.738711493503593
0.7981160484438108
-0.026480077046623085
-0.6485067546456558
-0.6340794865446377
-0.302553932201151
0.34224863642060543
0.7269575369783597
0.6201802524427363
0.7351905785674236
0.841560553339787
0.06949572684984984
-1.2640956483070855
-1.6312020121032826
-0.6476995923384742
0.2159231905372253
0.18937469772091242
-0.2872833571768364
-0.34310797532229675
0.44248855748175453
1.0996952944198022
0.6334307257881417
-0.5007218574670841
-1.1467344893121607
-0.924267890587693
-0.42260712733421446
-0.11808993871188322
0.44364909833808497
1.060585810414973
0.761241472377676
0.021556435107102034
-0.2557163936428566
-0.1827902064291992
0.08009000020415602
0.41439352909434685
0.3194293280294529
-0.3101548537986574
-0.801032631955512
-0.41914831909398054
0.4069955388718415
0.45070384935359
-0.08406159298994842
-0.11184112989835537
0.12421543655386547
-0.06077782399907472
-0.3217419978228332
-0.17599483111442027
0.13650425883702433
0.27498807150891347
0.19075821843190466
0.2072202800958831
0.65483677249764
1.0117017152401089
0.7841426154069758
0.20609181564041862
-0.4765938639540315
-0.8687588451813
-0.613236890652296
-0.1514421291382293
0.14829384497345283
0.4106413265030022
0.5043205675035293
0.3696670187981505
0.16792136628743293
0.20930909990692698
0.5147701730955836
0.5155041378817957
-0.009378647887196445
-0.5248496510746495
-0.5586920652104646
-0.5850711617715372
-0.5609829928919118
0.22520876859106637
0.9128353040514692
0.4742487799330727
-0.2849043462009462
0.0008310364560614181
0.9145952322076776
0.8002334111659953
-0.05476655556498322
-0.21827041254094248
0.20038560097412828
0.3813943673077793
0.2092661681342014
-0.054187822981904166
-0.2616248532937433
-0.2025678459950142
-0.035285232517329845
-0.2705317323056342
-0.494736459644858
-0.05110291145328616
0.4271170165689391
0.28199935377317265
-0.028675858694169998
-0.012401423238466602
0.2872534690163937
0.422572799586711
0.32965224930305825
0.388195146143159
0.13221833869628896
-0.7122892721067449
-0.9851892704989695
-0.08791928002364813
0.7219608718043717
0.532798373167717
-0.06632682452416683
-0.32329787042052827
-0.026030639018996604
0.3073559864120601
0.3122281767602273
0.3201238805839062
0.2888730101011392
0.11400350304767004
0.038529614478104435
-0.14273352660155503
-0.6396378916239884
-0.9287997410133895
-0.6299590357129949
-0.14992594733778208
0.012720177166546609
-0.05598743628473146
0.008260203104752506
-0.0928494169450993
-0.4282748092015052
-0.06272472832829945
0.8567092154313636
0.9263549989193103
0.07425981740591792
-0.4560391237426815
-0.30850094105446835
0.03634951246149787
0.17639382507010026
-0.23409868764093522
-0.7128609426938036
-0.35170347471359364
0.35668997772539734
0.11433411395780202
-0.8634687635063512
-1.0963330957854194
-0.21295152985738391
0.6555563326254906
0.5954659826820412
0.06630726872474407
-0.2053543875030061
-0.21053827844374373
0.0802157307158971
0.4778956045175613
0.4152835449921116
0.04018974332120673
-0.07697825097042099
-0.11587134806325539
-0.3908272210893812
-0.5442394384823594
-0.39829032678967746
-0.07849817093870064
0.31199288206422876
0.3714939155235795
-0.005811848066819281
-0.3120978993848297
-0.24872820113627167
0.004148731050244492
0.18768694296413002
0.3828235016333102
0.6634902302428065
0.4884305406787053
-0.3290296759098945
-0.8732908428426568
-0.3825497200146957
0.40335685078495764
0.26452639530399635
-0.4775313967462949
-0.6872727119308814
-0.24067964961303828
0.1573170818476407
0.16658058938129938
-0.07531701788693645
-0.2633716522104625
-0.049706065694191615
0.2720071765359172
0.2982397492287795
0.13832876815647047
-0.1359528847199853
-0.27078421280259596
-0.03453020421598915
0.14283303873353667
-0.14889331302338124
-0.4697104622647721
-0.2570007781641291
0.2445556007087016
0.6220546051389446
0.5263670071490554
-0.07663155162456459
-0.409210151055792
-0.2765403621468109
-0.14582178366709175
-0.0653768031224205
0.06320091492798127
0.2962230520705828
0.29266311340470874
-0.18668598153434868
-0.4371530622862121
-0.008813202364361936
0.48110058664898336
0.595260932334625
0.611091115027963
0.7048322946456442
0.660094261332523
0.22070242914808347
-0.3925468247626607
-0.7121424777027205
-0.6390728107622151
-0.2947203373019766
0.051663986491441494
0.060830250424467935
-0.1522001858770336
-0.2582531132015233
-0.1974252620556521
0.005341217879625965
-0.03989998938994582
-0.514799692244849
-0.6757594090886533
-0.1129160347784291
0.6298369771315021
0.7460936536353813
0.2645499572121377
-0.16958554395615963
-0.4473638659047359
-0.5735372520764682
-0.5434956672597185
-0.3205763842282574
0.29313952254650344
0.8606383135149736
0.5840594807979755
-0.2585239867438353
-0.6735487530740183
-0.695371981743693
-0.5383052384095028
-0.1291187659405013
0.045275460063165185
-0.057633233609093226
-0.1071701537540597
0.06651025346330319
0.31949380667391913
0.09838956152497258
-0.4294264737547273
-0.39379295699105743
0.4198859702669393
0.9649269054501806
0.5651109944098058
-0.027145960769514588
-0.3203452538285495
-0.4801755275664754
-0.5894325011301724
-0.5603910373882893
-0.33507527772517287
-0.16351135825316354
-0.19319151348747954
-0.1917119190699501
0.0003150474586306462
0.3648742012397499
0.7729149871881009
0.5673884230326205
-0.11296315200397411
0.005303294172734785
0.7556137821157729
0.953149968835513
0.41304411588962686
-0.2950703336437657
-0.6233529334157912
-0.4770081438000535
-0.10124759404889472
0.24798871652152094
0.29440490611737974
-0.04203687688500818
-0.35426284073049275
-0.4260607976137839
-0.5165558034771622
-0.5264879714718115
-0.2428495509446298
0.27964115795045386
0.8858481289145874
0.8278706265360004
-0.0038592391840506224
-0.1968126359895767
0.5147407452825292
0.6689457753793531
0.22910478764773384
0.35034114847281683
0.6436163350069339
0.4034407277247133
-0.056036390499119126
-0.328062473009475
-0.35642265716871013
-0.37396672428246047
-0.2454681889336453
0.10640502492369769
0.3023056613356827
0.22110372859898114
0.05319349063661272
0.03975595822259126
0.024938180788014574
-0.21282961581098164
-0.3367038460165431
-0.06888843752733831
0.3603045161799853
0.45005524520065043
0.07930334665253802
-0.30753198820393624
-0.22830399847809946
0.4404052954739204
0.9046364086970464
0.5845843439787363
0.1940987488803707
0.05701836923683601
-0.061666896918926684
-0.036113783476825034
0.030082738894877226
0.06651221081238745
0.22768911775651723
0.4692511765044767
0.518114033756901
0.19239373773664026
0.022700486194202174
0.289207970443083
0.3510792938456069
-0.0754928221533202
-0.6385139044905004
-0.883522216164756
-0.4054182040158969
0.3782119530210841
0.6244704731475594
0.4180175384034315
0.19571574943455916
0.02940468206530289
-0.16987291376379066
-0.27566256554555313
0.08048621251930355
0.5145276709935218
0.3744141273348167
0.13731032412366462
0.28008619437358684
0.32480470375667414
-0.009907846893365768
-0.3337914200493737
-0.2813843773319662
-0.042612232235231584
-0.03884314969942082
-0.2925911036244928
-0.44662351801226174
-0.1177948825870625
0.4086156678197277
0.3291799129185158
-0.2378535739757397
-0.40595751785954093
-0.0031271068038756233
0.29140859736418445
0.09956171726788865
-0.2370455463389285
-0.3528664674901152
-0.2828508149515332
-0.2767101352579602
-0.2893374758691538
-0.18079193845335184
-0.1690158720464825
-0.24312991513636528
0.001320027926160261
0.3464138915470476
0.12069840256487385
-0.45108729593190233
-0.5731836657693887
-0.16659318756659114
0.18338470885743408
0.23364071677076415
-0.05757880850774422
-0.5969102583236274
-0.6713416577017844
-0.24499268320295287
-0.14663962803694242
-0.2698737529725325
-0.12275234311657207
-0.1177553886403741
-0.3653212217230993
-0.3159741509186393
0.0542228488947303
0.26184523741812865
0.20363844706766548
0.138981127435586
0.019662322799585796
-0.2760711731950279
-0.5946172223497279
-0.7606543348927939
-0.6682110172000707
-0.29926300428962027
-0.12322363616577126
-0.3347196340090244
-0.29229592733905396
0.04290635565779932
0.09938173740775214
-0.07467490243850161
-0.102951036010825
0.06161916047782556
0.18343559095777384
0.006228442736517348
-0.2910325384726762
-0.33359391401610416
-0.25122087066262955
-0.1966517669560368
0.033111928605401575
0.3847911843517946
0.40436850491311094
-0.06102322954811856
-0.5449523709906368
-0.4748583593849214
0.10808905423872783
0.3834487499648134
-0.0323945789068707
-0.4070183266693139
-0.23999387814617057
0.0630860852854449
0.17222968838538666
0.05448104698974676
-0.2387158445180264
-0.36195010874995304
-0.23395061401145023
0.05952753101636521
0.4128673750900962
0.3645883763785145
0.025569452462853137
-0.06773817011005656
0.13004026152565173
0.4172627482238078
0.48793195934326894
0.2300031520142598
0.05714057577440168
0.14909717149078605
0.11768834678506757
-0.08911091576919916
-0.1069998211927401
0.0740298169230229
0.19698228232637027
0.21256398799225895
0.12656738197381012
-0.060336037026445855
-0.2919807746799753
-0.5340318044348992
-0.5013712491849223
0.006639505336383467
0.5065022675591528
0.45187909709984053
0.12838942859043923
0.058012386730706744
0.06076226441255961
-0.05357815546675515
-0.02868133436091247
0.05820734671373917
0.04395516411361011
0.2405644373437248
0.5388087163168946
0.30093825715377803
-0.314777075623811
-0.40975426455772807
0.19646146467356163
0.6992422316646889
0.5559077735645616
0.0714965175010596
-0.22778953859713602
-0.19808905044262853
-0.07168704479299987
-0.1566431495830155
-0.3809722818307339
-0.2247224128564852
0.16997712512687757
0.044214423679893367
-0.31044872856491257
-0.11124066002790478
0.3069296508070203
0.3232106980605924
0.09690352750848158
-0.04541646188272147
-0.11144852028102248
-0.09138026737518812
0.19986208699322472
0.506716819650928
0.3893964071296439
0.12961654822929397
-0.07719437392053437
-0.36109779024624805
-0.3049209750554293
0.11481999418339581
0.22242150438639824
-0.03667363129769083
-0.1925644963068256
-0.11096561078088013
-0.02036662023286928
0.06977663858748556
0.27657393545681636
0.2523399863764747
-0.1556935420890675
-0.40225522670712904
-0.23708917118099618
-0.04136044709672648
0.010538396995870725
0.03126893734220526
0.05225648825076512
0.06855418160481758
0.12717464381491228
0.23938444046009483
0.30685376472597503
0.2852961547403886
0.15623377747567574
0.03013214401074013
0.06864489512277891
0.06003795410495591
-0.17629080554331744
-0.3377668206326011
-0.04042813830673818
0.45191022626750593
0.3337877226836845
-0.44881473878071804
-0.9667708646199644
-0.6019204696900059
0.2864993869608702
0.7930224900413763
0.40254023932411254
-0.33022935349070637
-0.4782591156663228
0.009325039244067301
0.4517439901287934
0.3236061628399276
-0.11805944062793096
-0.20425521657635937
-0.03851459095405499
-0.0007167895019474096
-0.0743715769489631
-0.21355538299655663
-0.13679104869062797
0.2888564984693275
0.4988770616280323
0.17721282967009244
-0.13005260492772208
-0.13853707820238814
-0.07624732439708494
0.0016483928733872222
0.06235696889772008
0.020964410293034613
-0.16689093707170266
-0.2921493915620054
-0.12769392400035465
0.02194473226566815
-0.036867104515877686
0.03348061630755725
0.21922587929309062
0.2301893208876437
0.20073438295996962
0.19998862805798304
0.16476696742251254
0.16820268524062104
0.1326322954619576
-0.039173815724628136
-0.21147187666630574
-0.056402547186607754
0.23785407573860046
-0.003217144428994123
-0.529921999488229
-0.4972549068757072
0.0183896611282299
0.2343667847535973
-0.05374045492973206
-0.2559512549687665
0.04434322473776551
0.4923838286713106
0.49575452982163865
-0.00204496031283391
-0.5009452091216259
-0.4556320398910631
-0.0035144397357155174
0.2298069976148785
0.09366700197382041
-0.11813096950592199
-0.20522675078191802
-0.13684516555481424
0.04145512729947928
0.21875341161910994
0.29807720588644965
0.28540259479257407
0.17839003681799673
-0.05399346790924786
-0.32241038502530744
-0.3930912395900617
-0.13547677946369235
0.21971368594460183
0.26739020793187057
-0.08194057418224825
-0.36862066129473037
-0.2741641288817535
-0.04057036224567148
0.1056227328236255
0.15109056006790478
0.1954072806230935
0.21171052737377608
0.12826231195740695
0.10732766285467377
0.1225187410645841
0.029552544113082307
-0.0666405469755498
-0.07276318451504482
-0.09188681061737153
-0.20698086017558248
-0.2511876418127114
-0.08278030695884854
0.09620208300875288
0.0896636181473207
0.06169392296982616
0.11897485359066746
0.13032504323338565
0.06289920946240009
-0.05377299431136778
-0.11466694632476841
-0.03256897873446049
0.024994329098943016
-0.07873415588372851
-0.15140969603017873
0.004483254953531492
0.21312846825193496
0.1441891230601009
-0.1464664538843705
-0.15952570170823213
0.18480663093064947
0.3286467829593391
0.07700479121059192
-0.0647082551008597
0.13035991495803878
0.1657041847426965
-0.12475980546444687
-0.27595922138496487
-0.12738986036665179
0.04694992189143404
0.039011189351961045
-0.10151794988305964
-0.12453122158024067
0.036009739444606795
0.16699634390921764
0.105080163485924
-0.020352507518867663
0.06021048623528619
0.21060612072049137
0.16340501755052217
0.04062089678304631
-0.07821135449852928
-0.23013628468072658
-0.22121240715834586
0.03842833472447835
0.25364660200703304
0.12368590381906386
-0.17057311534704286
-0.24225077874629966
-0.0796202665101235
0.09318162422840501
0.14405281346393925
0.08910016206927238
-0.007170316241565666
-0.0973249276677833
-0.1543389010255137
-0.11758535733270244
-0.009884658426413034
-0.0024477788144618567
-0.04645691072693919
-0.01704618495825963
0.0058079197136051
0.0037717117915114923
-0.006094143601483887
-0.010045505731054075
0.07019000715071921
0.1301077787572581
0.05924511674381627
-0.0192988179934393
-0.032708800623742235
-0.052079773360054565
-0.09959906271425711
-0.08203811281815629
0.00035263829705393934
0.0015369005829210108
-0.09457469965084486
-0.13061760642557035
-0.008250329509882437
0.14529111424243324
0.12122800824550911
-0.034766031687788135
-0.09087162014148353
0.004487193179313662
0.10234460652400135
0.11831071933443568
0.07471026334319301
-0.015264418074894315
-0.08690531762907724
-0.07753316909689176
-0.019805668097992973
0.06627266690075644
0.11069028381052769
0.05296718901853742
-0.016742791108496746
-0.05055404175126055
-0.03647318296032462
0.03409404795149565
0.08556384603205458
0.0808228192795638
0.005427865957368522
-0.09910430592619607
-0.09551637283276673
-0.004124480422727894
0.02231247646905482
-0.05177877242652561
-0.07072923159987296
0.07580378865916723
0.1747098487880478
0.05123164288723811
-0.10464407881834722
-0.062002755864888015
0.11402323196533293
0.15516819613438526
-0.0004440933025144922
-0.10723788794287231
-0.04382547565903669
0.0036572149687909283
-0.058961821566889144
-0.08941436899985447
-0.025479733719768916
0.0458311615945817
0.020790465680979503
-0.07688744220577043
-0.08646585432158933
0.0020288927888932884
0.056201989726613624
0.03271356237703679
-0.018323553756198513
-0.03972122077114204
-0.021215308226000693
0.024328473838886477
0.02293569633899714
-0.06266680158963278
-0.08896330879393083
-0.009380298932174631
0.039039849835406884
0.010484875963656999
-0.03876881386391907
-0.03288025291653872
0.03313659086276262
0.04619637599708848
-0.024230777012853977
-0.06651820234472994
-0.028971624812356763
0.0007336089567885236
-0.021274930004809855
-0.043855448766284985
-0.05479907012347324
-0.03032788593145512
0.011080841381321822
-0.0038014163264923073
-0.01688551715825045
0.03215834700883977
0.08966313151414415
0.07062197644672624
-0.04141250639557924
-0.09257019469500025
0.0062982107814368166
0.0957222533996259
0.05482371992618448
-0.031169177767324776
-0.053087304660148715
-0.024340952733005534
-0.007456784326779584
-0.007927244223298196
-0.004578259839047246
0.02255704051588812
0.05186399682368488
0.023051317439953735
-0.02827496403381718
-0.02949974255367994
0.012808069661267716
0.0578165583104128
0.05432267911160831
-0.0019811060870866745
-0.04198126036342567
-0.004363080238865412
0.05052141206022092
0.019683799027042086
-0.028575575117540865
0.0050392139550320195
0.055914829319475653
0.03922906655691383
-0.010506154903792073
-0.020391459054848404
0.019095266525840704
0.04749537072036662
0.008039619896298672
-0.0479902862989197
-0.04485783718822191
-0.014125107174811358
0.0019967971605671375
0.006698938202801999
-0.007550140974327213
-0.022971538129599053
-0.009636813179888244
0.010275141760747494
0.0058620414814278335
0.0015608510626345592
0.0195951234022589
0.02716807098994152
-0.0025247707992041013
-0.0420437060154747
-0.03706227505086206
0.00917410293855659
0.01753050361501357
-0.02058091962452381
-0.03778936183108532
-0.03146628654961715
-0.020133968700693915
-0.010726284202069118
-0.010520851652665444
-0.0039613010252686
0.0017679596754046623
-0.009174429478641331
-0.024676644454214573
-0.02639086043084784
-0.013377586913953292
0.0007449071600124715
0.011252321334496378
0.0025053846815271813
-0.02339648897861083
-0.026110182822648438
-0.0014927020883239578
0.014753802679616096
0.006476288416403214
-0.001939324381802894
0.006167295933706234
0.009663512886740291
-0.0019187271878604722
-0.010488103384504989
-0.0048144603380084125
0.007340472197764521
0.00814805420003066
-0.006860489577170351
-0.015050403493658736
-0.006468215743419041
0.005450915535323966
0.012407602360676756
0.011590046207708656
0.004344999333889078
0.0021690019163755417
0.011845055460623775
0.020432345663713058
0.016383327267531406
0.011702977393865947
0.013973083924548858
0.011170140471906086
-0.00015782398938538793
-0.003548274186441828
0.00870347648018236
0.016686999927506906
0.00947011435227764
0.003224069723823891
0.006297219530820186
0.005750810747055579
0.0036814772946624393
0.006960773837947413
0.007669592343932399
0.00946294198847044
0.007679351512028372
-0.0023911094453675993
-0.0029727594877955246
0.0034863451705849993
0.003219275233301476
0.002666347082653134
0.005775700353821092
0.005573284462687254
2.8054978202574077e-05
-0.0009412464068263154
0.003993137416105588
0.004598158254811011
0.0011984432007899198
-0.002042158489271001
-0.003952009597869559
-0.005383046016849663
-0.008184141969027274
-0.007463671687552763
-0.007077238763704599
-0.01215917523935164
-0.012905006922672917
-0.011394807394141927
-0.01146373346798661
-0.008941141066878
-0.006245761396380697
-0.0037363261960172388
-0.0035369190421657747
-0.008135746520936942
-0.012556759644809078
-0.009793168033669584
-0.0020868400107999143
-0.002477588212277386
-0.008273271000894714
-0.009106856606569066
-0.00998425482990065
-0.012410112022222749
-0.011440419228240767
-0.00738727719931128
-0.005132168032317398
-0.005438014568839064
-0.005227438993991168
-0.006714617280915762
-0.008720030798411486
-0.006419206459089333
-0.0038409209757408885
-0.0038418841772036305
-0.002406506953089166
-0.0017094862785782955
-0.002785026567900889
-0.0007738579428030745
0.0017320573409312645
0.001051900081537771
0.0013566522150818827
0.003747980438185125
0.004816011662028247
0.004610001080846152
0.005152621816546653
0.005771727134947786
0.004740010637679516
0.0038392548305839908
0.004366941388575095
0.004474619169137203
0.0040522859471041756
0.005232839702441455
0.0071573725534206725
0.006157535438193716
0.004118494351589681
0.006318113648710072
0.008809234852981539
0.008211104750209683
0.008433534712784463
0.008527162965587837
0.00850474553555772
0.009207417660812359
0.007018646867217566
0.0044663628373770225
0.006286021929292276
0.00921865311515874
0.008235713047865953
0.005309720528246733
0.004872625486153984
0.00498618825835292
0.004102857930159173
0.0037886983580074987
0.0034505652222167234
0.0035606083782903607
0.003980262243675339
0.0025270939620035196
-1.1889561626326345e-05
-0.0009392639807579081
0.0002935337772117935
0.0008474621729368526
-0.0008753220495047072
-0.0020874332508726244
-0.0023095340180603295
-0.002511040945877136
-0.0020960025253637937
-0.002146393770461833
-0.002656269103227655
-0.0026448812082831633
-0.002864367463619389
-0.003866769320695818
-0.005286198196371649
-0.0057976074904845295
-0.005508011077626438
-0.006098137248641445
-0.006940562273921808
-0.007137643806914132
-0.006974214094597873
-0.006425957264547809
-0.0055654306725641724
-0.005185153467500319
-0.006064691066249635
-0.006573221809588654
-0.005375075376409053
-0.004568570157385005
-0.004727555727331533
-0.004514636695306905
-0.004534987881963975
-0.004393816562720677
-0.003548830639996628
-0.003492920294899164
-0.003643555415751322
-0.002646329805905283
-0.0019173993870775785
-0.0025256077512862407
-0.0029748407777310457
-0.002016076515040252
-0.0007880956746191201
-0.00022260718003244695
0.0003911966680660711
0.0010959754885202302
0.001656584992467354
0.0020515701619068447
0.001991196460923536
0.0018379059435061212
0.002201071881541228
0.003204601669835272
0.004210852352346341
0.004537364293849197
0.0048880478106427955
0.005393421153038792
0.005349754102495573
0.005287656693667445
0.005453116132355693
0.0056871414595779796
0.006072831156875666
0.006078586939952184
0.005444298057134244
0.004845379698156816
0.005245704115131759
0.006345755932437572
0.006775326360616235
0.006647691988836041
0.00652502126436316
0.006172566005725889
0.005826496621605571
0.005654935806955317
0.005478878974324079
0.005142930024059817
0.00471448609485672
0.0044861518397120576
0.00416911499740848
0.003644962120703067
0.0032188603182776478
0.002784511068210496
0.0024563298159865146
0.002177116877382118
0.0017294554658916494
0.0014836643432675628
0.0013515529737157528
0.0006982472176526172
-0.0005686715945812174
-0.0018220790391608316
-0.0024638630794602545
-0.002503465161546252
-0.002277598765267501
-0.0023214243282432337
-0.0029828467104516913
-0.0038496369265601654
-0.004547765813708079
-0.00518314427998514
-0.00565232606136265
-0.00562654187165194
-0.005242598211419234
-0.005163264525134584
-0.005511908843199055
-0.005656814814700985
-0.005497629919769575
-0.005453105053921385
-0.0054670430054360696
-0.005526804624420003
-0.005777886335150669
-0.00591003117549116
-0.005912335545888575
-0.006121360606763871
-0.006238765479742675
-0.005897561190943201
-0.005345626415660089
-0.004745336625480802
-0.0039637693789354375
-0.003263854188154579
-0.002897177717566847
-0.0026126720230778173
-0.0024733380684608397
-0.0024100677636795104
-0.001847796995772151
-0.0010035061221580419
-0.00042288822418896227
9.267084807822179e-05
0.0007677804924142162
0.0013798347861376167
0.001772331644267905
0.0022037381666955916
0.002736453923221173
0.002999996674473291
0.0030041137816943404
0.003144323278144727
0.00361138319689042
0.004233870911063354
0.004743679653204859
0.00499047377785997
0.004979095440489077
0.0050876377660548505
0.005506695138681008
0.005720034109344154
0.005433981037790753
0.004981292694849029
0.004663329829419531
0.004598431934337583
0.004852789265001246
0.005357450457621815
0.005790738378724279
0.0056639477518175
0.00493518034303945
0.004213852620807281
0.003931633842947636
0.003894987490832391
0.0038683792002527466
0.003971980117162703
0.0041222857792661514
0.0038287381137200246
0.002986381372914123
0.002136795090539021
0.0016507367127980635
0.001350917142259829
0.0011022237679435137
0.0009038610869014155
0.0006175958428455489
0.00020595485508449057
-0.00011745525052360428
-0.00029309768910362743
-0.0005899290315055858
-0.0010328211868593784
-0.001419943243524839
-0.0017878479145552115
-0.0021552260286921213
-0.0024301757218906962
-0.0026425164538393525
-0.0028815296140235064
-0.0031848124558455267
-0.003392971160351088
-0.0033091156612408343
-0.0031619373999669034
-0.0032853376429565866
-0.003496663555557694
-0.0035806346578775607
-0.003805916492442272
-0.004232346066705068
-0.00442263333459966
-0.004148378945357887
-0.0037170728804162053
-0.003553283293643678
-0.0036028367525457374
-0.0036129082094186757
-0.003642585113498192
-0.003690206906544949
-0.003530281398396406
-0.003173705664391891
-0.0029114220662916288
-0.002806522861797049
-0.0025445086610255824
-0.001983450926092036
-0.0014380949320214227
-0.001152666990297221
-0.0009755513247984206
-0.0007236033961365105
-0.0005566322017825052
-0.0006021790504975536
-0.0006184651766634984
-0.0004585641067307057
-9.046152219968281e-05
0.00045310173768331984
0.0008845868250039416
0.0010856139471137338
0.0012910508262053734
0.001612236697908248
0.0018599995847755554
0.0020054382915648573
0.002257437885063709
0.0026637840950445996
0.0030223889098929006
0.003242609708986488
0.0034524424904024127
0.0036032212449085043
0.003617906684645931
0.0036677007035530685
0.0038018134380623223
0.0037864516801764574
0.003649183437251417
0.003736551242514841
0.0040072289306453904
0.004090668444949213
0.0038667109148095187
0.003528506887414979
0.003384568250344229
0.003559058004797881
0.00374418825484275
0.0035896522511811094
0.003188987922661035
0.0028239141123392215
0.0025839005027851122
0.002411016614415125
0.002275086687934365
0.002146824704184234
0.0019114946857998576
0.0014769486739843532
0.000929781981843604
0.00037232260256543637
-0.000162087339438087
-0.0005108723103973839
-0.0005599484908937885
-0.0004914068076632486
-0.0006284825859197152
-0.0010313223082745251
-0.0014020206143566805
-0.0015512094973323155
-0.001717867757796119
-0.002222234002934524
-0.0029370902337452
-0.003454402003479261
-0.003557380268665474
-0.0032812481239220606
-0.002929590095526742
-0.002885724962553061
-0.003203709038924696
-0.003737567888407338
-0.004282485906415395
-0.004564532736307287
-0.004589278815475949
-0.004529226466295819
-0.004292507273282883
-0.00385276059732154
-0.0035121602784105622
-0.003383684212814819
-0.003283649853498468
-0.0031079037386141407
-0.002880297441500628
-0.0027621300358121933
-0.0028962078832022835
-0.0030836376203954626
-0.0029044735749397775
-0.002250612056561305
-0.0016149801205440108
-0.0014620809913736266
-0.0015731517386796765
-0.0014914182058824825
-0.0011362636647232107
-0.0006918502815556685
-0.000285126524949806
-8.75477899119799e-05
-0.0001970233021436861
-0.0002547766378430856
5.934830663667512e-05
0.0006326891519556205
0.0012516147476979503
0.001714946281246488
0.0018751767314589309
0.0017584112033526434
0.0015632828952688357
0.001537734179323163
0.0017977226929016404
0.0022808840471857817
0.002861248987052218
0.00331139215015113
0.003413915875265866
0.003336689987713966
0.0033711300222407856
0.0034978889858248343
0.003550670793271521
0.0034219708637377422
0.0032612090563577793
0.003330848645526809
0.003462644781599698
0.00338533587010747
0.0032656155667806445
0.0033402077533322035
0.0034985022588908746
0.0034792516303089153
0.003318892057249157
0.003178161383024295
0.003001121594858897
0.0027697885539898284
0.00263206492387311
0.0026758901661905754
0.0027482976781188426
0.0025981790799202743
0.0021623454939051247
0.001593278256809539
0.0010608126197705
0.0005718239176279866
3.571498485402391e-05
-0.0005125737921058901
-0.0008618099485920364
-0.0008581719090586665
-0.0006693525307254686
-0.0005846511450949242
-0.0006535219210811946
-0.0008894790869718519
-0.001426866006106236
-0.0021829547275156076
-0.0027035004186102517
-0.002743954630513884
-0.0027247915211700037
-0.003040376846456222
-0.0034904763616748075
-0.0037694313067397414
-0.003869487720318865
-0.003826253344090336
-0.003683998989610535
-0.003656981868793362
-0.003817986666945235
-0.003996436729475918
-0.00400420170182844
-0.003804234730079993
-0.0035536342107972702
-0.0033383644559927803
-0.0031494312605796966
-0.003070981225910583
-0.0032105610617604303
-0.0035410441499066185
-0.003843317065353094
-0.003821662885168515
-0.0033339528450144033
-0.00255956829703214
-0.0018442497309583295
-0.001325339392952039
-0.0008400932875205092
-0.0005724812368514847
