0.0
0.0
0.0
0.0
0.0
0.0
0.0
0.0
0.0
0.0
0.0
0.0
0.0
0.0
0.0
0.0
0.0
0.0
0.0
0.0
0.0
0.0
0.0
0.0
0.0
0.0
0.0
0.0
0.0
0.0
0.0
0.0
0.0
0.0
0.0
0.0
0.0
0.0
0.0
0.0
0.0
0.0
0.0
0.0
0.0
0.0
0.0
0.0
0.0
0.0
0.0
0.0
0.0
0.0
0.0
0.0
0.0
0.0
0.0
0.0
0.0
0.0
0.0
0.0
0.0
0.0
0.0
0.0
0.0
0.0
0.0
0.0
0.0
0.0
0.0
0.0
0.0
0.0
0.0
0.0
0.0
0.0
0.0
0.0
0.0
0.0
0.0
0.0
0.0
0.0
0.0
0.0
0.0
0.0
0.0
0.0
0.0
0.0
0.0
0.0
0.0
0.0
0.0
0.0
0.0
0.0
0.0
0.0
0.0
0.0
0.0
0.0
0.0
0.0
0.0
0.0
0.0
0.0
0.0
0.0
0.0
0.0
0.0
0.0
0.0
0.0
0.0
0.0
0.0
0.0
0.0
0.0
0.0
0.0
0.0
0.0
0.0
0.0
0.0
0.0
0.0
0.0
0.0
0.0
0.0
0.0
0.0
0.0
0.0
0.0
0.0
0.0
0.0
0.0
0.0
0.0
0.0
0.0
0.0
0.0
0.0
0.0
0.0
0.0
0.0
0.0
0.0
0.0
0.0
0.0
0.0
0.0
0.0
0.0
0.0
0.0
0.0
0.0
0.0
0.0
0.0
0.0
0.0
0.0
0.0
0.0
0.0
0.0
0.0
0.0
0.0
0.0
0.0
0.0
0.0
0.0
0.0
0.0
0.0
0.0
0.0
0.0
0.0
0.0
0.0
0.0
0.0
0.0
0.0
0.0
0.0
0.0
0.0
0.0
0.0
0.0
0.0
0.0
0.0
0.0
0.0
0.0
0.0
0.0
0.0
0.0
0.0
0.0
0.0
0.0
0.0
0.0
0.0
0.0
0.0
0.0
0.0
0.0
0.0
0.0
0.0
0.0
0.0
0.0
0.0
0.0
0.0
0.0
0.0
0.0
0.0
0.0
0.0
0.0
0.0
0.0
0.0
0.0
0.0
0.0
0.0
0.0
0.0
0.0
0.0
0.0
0.0
0.0
0.0
0.0
0.0
0.0
0.0
0.0
0.0
0.0
0.0
0.0
0.0
0.0
0.0
0.0
0.0
0.0
0.0
0.0
0.0
0.0
0.0
0.0
0.0
0.0
0.0
0.0
0.0
0.0
0.0
0.0
0.0
0.0
0.0
0.0
0.0
0.0
0.0
0.0
0.0
0.0
0.0
0.0
0.0
0.0
0.0
7.152763465998326e-06
2.5215250369160478e-05
4.538619560462329e-05
3.920102680323053e-05
3.203733945604513e-05
3.384535522728933e-05
9.789494307297886e-05
0.0003034916260294025
0.0006204656831729252
0.0009420192933325737
0.0012830901526246382
0.0014617507764260582
0.0016395524965546896
0.002010374202587653
0.0022527367997184707
0.0022789978603953934
0.001877807184856399
0.001123977234741682
0.000679757311604687
0.00046670491018590567
0.0008193571206628262
0.0017689847353016006
0.002248311759595428
0.0022852377272486596
0.002254890450717126
0.0019782571599747697
0.0016037705740582946
0.0015692743988521159
0.0015080484197164715
0.0014607978455880792
0.0016193149234082973
0.0018574353821898244
0.0021392433732723903
0.001999695542521908
0.0016980213160569335
0.002285446441262058
0.0031700764798007815
0.0032663039431550796
0.003127044255331967
0.0025320253742244446
0.0015282159441855684
0.0010202918293812939
0.0009679211678290607
0.0016827281069386583
0.0028265529845450227
0.003489341798305979
0.0029874978758092875
0.0021386697345177736
0.001999596572791396
0.002354587837983049
0.0020030940402345344
0.0008269941657390205
-3.5913196877356804e-05
-0.0008042143255347897
-0.0011553933114642613
-0.000804173451369534
-0.00044758187445211235
1.2140385705083202e-05
0.0007664175832816011
0.001224697002204943
0.0016652893807691156
0.0025027388394642655
0.0025347928693176497
0.0016813503888147873
0.0014167540918412094
0.0015540315572817077
0.0009344531252606069
-0.0007375239031811548
-0.0026625486293260525
-0.004041631921748397
-0.00559259498796484
-0.007260387690286094
-0.007831598315625262
-0.007874449345301831
-0.00813009330566308
-0.00901424875107027
-0.010270308901074129
-0.010446065597557556
-0.01040707379676839
-0.010295732529901298
-0.009397070919433563
-0.008719112766669763
-0.008111614003859555
-0.006855264877841034
-0.00623597045566337
-0.006524941938645455
-0.007410914756975656
-0.00858026433024481
-0.008809584062392206
-0.009593647315188584
-0.012717408888367336
-0.015948456947060582
-0.017658358284566262
-0.018536121050266825
-0.019228081385033576
-0.020451800467336856
-0.02123501245073218
-0.020008632427070242
-0.019417564322393832
-0.021419521966471105
-0.023387328973052394
-0.02470898983807035
-0.025099247872526688
-0.02416641324948422
-0.0238180247357509
-0.024217861048108913
-0.025050671079877712
-0.026904876784911654
-0.02917550582281024
-0.029621211379734443
-0.026447302788001083
-0.02311553156407266
-0.02251826075479024
-0.022180359300058763
-0.020076147470002224
-0.01677611339010111
-0.015527004848941232
-0.015785211943996423
-0.013914903278267193
-0.011387682261871677
-0.011029262479943605
-0.011595172709442169
-0.013568538206868892
-0.018974951199989785
-0.021624200818402786
-0.01593726677311892
-0.010499219248699938
-0.014270884264125152
-0.021231651544804036
-0.023699845709504164
-0.02325248257472306
-0.02120046670255963
-0.018467728330177343
-0.01853516059631924
-0.022463606828425773
-0.025254461186220507
-0.022666503052282086
-0.019403024903757955
-0.02130772198147505
-0.026052931340407495
-0.03031821877274145
-0.03464355989089276
-0.03919642294710649
-0.03894485632846997
-0.03282042781307022
-0.0282723703062457
-0.028344916130394797
-0.02853823277571284
-0.02725723168920655
-0.025641744641065514
-0.021235087241305715
-0.01618873185873952
-0.019172190544563487
-0.027196076214616775
-0.030161670395632414
-0.02606824756752897
-0.019106564920055812
-0.014520907019494121
-0.01634653602487066
-0.022328331976198674
-0.025377240306315132
-0.025071103686758158
-0.022355524350086517
-0.018315423342939577
-0.019198170366554104
-0.023525158416247024
-0.025361876108042178
-0.023327303697434458
-0.01884814483268256
-0.017357715991662945
-0.020474804195371867
-0.020203041692452055
-0.013817513446134456
-0.007907209592623468
-0.004133272586817808
-0.0020012085159111996
-0.0020309578618120335
-0.0017361144613199158
0.00025306671785759897
0.0018399720657889548
-4.367521389253568e-05
-0.003329302343214354
-0.003847574745262787
-0.0007172368932808481
0.002442536556892429
0.003091554574737652
0.006109823631492995
0.011754787318815074
0.013834055638368249
0.014454075305261282
0.019292193310495472
0.021871419869525996
0.015439144515838502
0.0063880328223044685
0.0009912282135653243
-0.0019241210363480214
-0.004140391279022366
-0.004139147916414056
0.0016591113060612887
0.00955728773451635
0.013042984993839754
0.016264786701681796
0.023411854838636822
0.026316898877514806
0.02128554144371721
0.01688714462805794
0.014914632358359157
0.012576101858812786
0.012576890532348832
0.014990852726549216
0.019594473061245947
0.025988755252045196
0.030675755068058943
0.0312535722913147
0.03130873939780774
0.03422737005442647
0.034383057272371904
0.030514036038657343
0.027255400987700795
0.02512615283981256
0.022773817651483
0.021235412214213448
0.02331280234839657
0.028340358792713325
0.0327947442772737
0.0340012765862136
0.03225228217921081
0.02913537243290184
0.024051700235805367
0.020516890506490016
0.02309220772986828
0.029741372432986562
0.035115508042383024
0.03433033859635903
0.030012794955654273
0.02772208855698795
0.02663598057518304
0.027145167643473245
0.029450068453387507
0.026015459066143037
0.01596354378450952
0.01259660815073781
0.019170374539728124
0.025086903958074804
0.028579493815809553
0.03236391796661508
0.034712712120914466
0.02972136499745182
0.021993172116183336
0.021389477855335823
0.01995042322609812
0.014366057940117801
0.01661774191046676
0.026378584899091607
0.03182965909884237
0.03619392163361442
0.04734442515036122
0.054734063797746826
0.050553133924378976
0.0415112255030952
0.03247998043227202
0.028181231761490823
0.03273779941735399
0.040903745364116714
0.04275316075036937
0.035984448310605044
0.028789624310197392
0.031473931675722884
0.04072155393812591
0.037963582814805275
0.020689352244393746
0.007072459123961918
0.006705127762368256
0.01118499785617449
0.011667093575627232
0.011580804992410832
0.012987671817364347
0.011826035220905806
0.007465704416737209
0.005574609644716996
0.006205714798930282
0.005988877999348339
0.01166409652423684
0.020733787461103034
0.023464250949095506
0.025193222059529983
0.03619520155915705
0.04650929785968756
0.046867145077461515
0.050030606942114746
0.05196948358977668
0.04319764990544529
0.029820849291484285
0.01687614047811224
0.014875045004395716
0.025454334288016564
0.03132427948033937
0.03564230712321451
0.052976744788863
0.0664967715561487
0.07436857503092408
0.09328081744172144
0.10236549334183948
0.08492093535990106
0.05823835305195495
0.04004799771033936
0.028241327102656682
0.01717137751545065
0.01509366046325182
0.02037351202392802
0.014400112126711936
-0.007812455186020327
-0.016324505119652916
0.0055707678326958115
0.031374855203175615
0.05513010721687587
0.0868983668598733
0.10022104780666669
0.08475546415325938
0.06651997072780601
0.05737198647390663
0.07163357527150259
0.10123131775202726
0.10362172551930954
0.09730354287528899
0.12320647602288212
0.1533609813698521
0.1539996952852043
0.13556976222445608
0.10644514716574029
0.0751332550070198
0.0656082570539531
0.0789280605675806
0.08506606066358575
0.060331315986772306
0.03347820387148648
0.034998391487159115
0.0457209323229471
0.06065300414740154
0.0883332706127699
0.094709093694714
0.0650383796013848
0.036624587205369576
0.02913579414729674
0.039646101726845934
0.04529704412867472
0.02561399802982014
0.014538310524882069
0.03370566119575768
0.05980605968877491
0.07920302692795456
0.08418950054490014
0.07644554185336216
0.0671218559498734
0.05807469056645542
0.05533263833526832
0.07571865831429016
0.10537809972875924
0.1262558676144314
0.16388827671530848
0.19391439535989838
0.17204750649168943
0.1465724772005719
0.15987644690111624
0.17227157281479233
0.1724927292349715
0.19704728966402307
0.22164915049814762
0.23659315169721676
0.26710257628032585
0.2652289533173896
0.2211237050876706
0.18204585426877445
0.14457654622423838
0.09593244438101667
0.04869800282249699
0.022065264955099913
0.013076595225918475
0.009851053885604318
0.027368343305689317
0.07359655068385368
0.0872276365140734
0.02282952381982153
-0.061715320012013936
-0.13189600127001716
-0.18710212160703987
-0.1775197384235385
-0.09187141220941639
-0.027107300829558284
-0.03655772113894431
-0.04326478334912642
-0.02906674156603014
-0.030114137580234856
-0.03163348308683261
-0.03866790152405005
-0.052747235365927854
-0.07088517081126226
-0.07690124023013434
-0.044232777577226476
-0.01866417006270681
-0.013157829298157127
0.003657230448376012
-0.014879893483276943
-0.07080172802467748
-0.08054572992503005
-0.050531259117909406
-0.03407681485456408
-0.02909164915885678
-0.03414165127617553
-0.032688701017059396
0.015055821892767836
0.07618127090904568
0.10876087907870129
0.14110216624881963
0.14651017329690655
0.08956558901313992
0.018282296010985095
-0.02947458734551011
-0.055052141301756924
-0.07302334910088695
-0.08891310656923763
-0.09235495987148608
-0.08607592960224425
-0.09743032481002445
-0.12920066682668885
-0.1602026485529729
-0.17100705706533711
-0.14916205667100774
-0.1196366231320516
-0.09654942559505668
-0.08127821052653501
-0.10485951000161227
-0.14019406560481107
-0.12157042568920681
-0.08588139811997007
-0.09566403323724763
-0.1297981028480973
-0.15572393135853765
-0.15505244145475836
-0.10539078581925798
-0.027966954385952498
0.027600825949818688
0.027761680273361507
-0.011254115425172493
-0.044617515711458014
-0.06369782561879733
-0.07624445827732353
-0.08931956930739923
-0.09057608536814622
-0.08016560283225367
-0.07166398824318305
-0.06478593286079262
-0.0638319391252857
-0.047242736815382616
-0.016135066962380342
-0.0041228680740383
-0.024922972795425227
-0.05949613619357086
-0.06256597158779025
-0.050543279299529564
-0.06776896700677826
-0.09785709315622092
-0.12431862279310639
-0.15782784286518767
-0.20249493159874696
-0.20975045643501028
-0.13821651519411568
-0.056335747945584096
-0.04039501875776213
-0.06034079586635796
-0.06267325778563143
-0.05094087161398176
-0.0408818041100161
-0.055461385864926945
-0.08997505509227473
-0.11230556618324308
-0.12389233468198788
-0.11169443008653435
-0.07154139048467732
-0.04398904293638902
-0.04555873952377513
-0.06488059437587149
-0.0824561236940153
-0.09055060516238007
-0.10589695557457725
-0.11734702001162747
-0.11247982218530485
-0.10205831896721959
-0.08009277450755682
-0.049795804860903
-0.04686229593508412
-0.08701884708530312
-0.12481124983332695
-0.11832472340575341
-0.09314618847410505
-0.07445659156853415
-0.05902130989732148
-0.06030796272351255
-0.07491773980598965
-0.08093414463000317
-0.06278685775103277
-0.020772829910772613
0.0027891687605301413
-0.004560100238364036
0.0018591483906299866
0.03163859646997033
0.05175968924340782
0.06500369025385218
0.0947578667425322
0.11443779320901153
0.10571953271487226
0.1095294137924078
0.14515083549049565
0.16622893196840596
0.1294708157369556
0.053400757258323314
-0.006746669607139774
-0.022406017726525392
-0.009449031108841197
0.01075713716824229
0.04005067268194451
0.05496495230437212
0.024558672919096507
-0.0109588862492688
-0.006642992535317316
0.011245769360772057
-0.004965295035974764
-0.0394668692280736
-0.05116049505274407
-0.03330119733614882
0.010906365941630284
0.05927352010070354
0.07812171689793161
0.06905121622909106
0.06755635289305545
0.08093703614882834
0.07301045583949083
0.05160019749247325
0.053327455797435176
0.06649460106670194
0.08204912318993675
0.10096473046423474
0.10237867473138827
0.08208646111577043
0.07444815958972927
0.0937210383291382
0.10712899204604934
0.09718724314632668
0.07773005448297363
0.06548164047273106
0.060421106804069265
0.056942016114015594
0.05516590645606443
0.04231763752761248
0.013228497104268721
-0.004516396339916846
-0.006362349983514364
-0.016918191862849152
-0.029336632368853616
-0.01883533697010537
-0.002459618413595054
-0.013760144715373413
-0.025497007260066613
-0.018464263079824867
-0.03364611631727238
-0.07675227879355424
-0.10826137325133521
-0.11347936505040125
-0.1063392240251002
-0.09662296959844041
-0.07393560350111457
-0.05240783549106097
-0.05229669427086356
-0.046440918337473255
-0.013695384433647874
0.029866470916853544
0.048264929351930996
0.025450094057432322
-0.0029085945633338973
-0.009225173593242656
-0.0152764007009622
-0.03152131714584484
-0.052886188520974195
-0.07139955034017834
-0.05812552323561412
-0.024842650542700156
-0.012114355324388953
-0.01830651407037527
-0.03693666896619178
-0.06215996474485942
-0.08246805483998587
-0.0932134827747984
-0.09096249191983373
-0.08382787795571102
-0.061725345188950224
-0.04276112457255527
-0.06298661015427101
-0.08751579548509675
-0.0808612448278574
-0.05403999614339962
-0.03214108809649029
-0.03882086418295092
-0.05602288624793202
-0.049110711812402334
-0.03677556624840537
-0.047088735753024025
-0.06306841078774184
-0.05798825919771325
-0.03309815521855672
-0.010895554900556187
-0.014605360798198935
-0.03837311187778927
-0.0443332186398543
-0.01639278607360695
0.014734482990539532
0.020344790809188464
0.010515433473144998
-0.0038105201614763583
-0.01411224172044726
-0.005911407387052301
0.014139541695573785
0.03758100754772102
0.05992119173312433
0.07115727931290754
0.0580047875673936
0.012535226542868013
-0.027410470594265872
-0.03277903366295552
-0.028034725044676377
-0.021238730179772486
-0.017508056165470427
-0.025250552398277334
-0.022468540726942706
-0.017423950301084543
-0.03039089214054832
-0.031156592852544417
-0.011765295209076378
-0.0034446505418483857
-0.005810919059136816
0.006536830267868115
0.02385990064988201
0.022763466965645664
0.015780187618248002
0.01552375908320287
0.021643391484485276
0.02329060868115258
0.019831284922465567
0.02928647719642371
0.04468114535787822
0.04587251884559475
0.02884431775063835
0.008550581409606545
-0.0005566256844718318
-0.0019721378798137437
-0.014453685662096552
-0.03250579676441288
-0.030484869616636927
-0.00911493213250525
0.021165683632129676
0.04570472497333999
0.056772969406568514
0.06434993693339991
0.07520361473361425
0.08413971279156274
0.08422508886438476
0.0856258100098354
0.08589979128826422
0.07088825034429466
0.056957261834912946
0.04988128467371124
0.03455523546719359
0.022331215529522063
0.025346479086642316
0.031161058596527288
0.025201149786846268
0.0031072201033561014
-0.02068536113909298
-0.028100471234694637
-0.027531143710534473
-0.02488397176077244
-0.0061132397330037145
0.01748018226327868
0.02246929980720967
0.01979103520627464
0.023160610036886634
0.03147605327362944
0.036705585452948566
0.029781214890623364
0.014863092750525865
-0.003342067794147445
-0.010324080353310963
-0.0053564547189478414
-0.01092408401870944
-0.02238676218192675
-0.02603736008459029
-0.03260603219467552
-0.049279730514210855
-0.06536086914080223
-0.0705737238739145
-0.06603745641701016
-0.05492630692096535
-0.032692158097040236
-0.012337633291007765
-0.008134717422329631
-0.005266104983985915
0.0012249840380376886
-0.0024731511375129006
-0.00887406421019211
-0.000895811304082109
0.010325686535014447
0.014555282003081019
0.02359298065320731
0.0363921136947665
0.04086012431920738
0.03365087603437221
0.024192373036518132
0.025858373789542546
0.03357716855688939
0.029654139253183533
0.0066941116309989215
-0.01721828661575163
-0.02740439784138478
-0.025864932536152428
-0.011478444137862781
0.009587190262466053
0.02808820857392956
0.03827923457233485
0.04385206557871986
0.0506712918244075
0.052525072028446404
0.04825595599926717
0.04351668821504113
0.03742532525620049
0.02599061382994066
0.017584468105971224
0.01537650606696673
0.007320571824450074
-0.00015819774051158096
0.0025127781353208303
0.009860046118487013
0.015717357296214447
0.013684702972964648
0.011097286227692507
0.0156955492116658
0.01802052556862528
0.014899625403576968
0.011819554893012892
0.00457196828049242
-0.00546717603151731
-0.0005644759542008158
0.016142447383603112
0.02613868126496623
0.03141367054975699
0.03746792662753299
0.03528558803368843
0.022823694260410917
0.014581787101826544
0.013789073643683416
0.005891703591369793
-0.013505682988217261
-0.0314093407410087
-0.04116558679444417
-0.04708519502663766
-0.04648461964368385
-0.03494650982453666
-0.021210491897867487
-0.013512695060016195
-0.004783855863407885
0.0075897617916237
0.016940483203484843
0.021215465345633747
0.02399480985156273
0.023548270824940876
0.01188296242779272
-0.004874605275743887
-0.01424375177991143
-0.017675176560623573
-0.020485560940423135
-0.017312339960684552
-0.002966301066770114
0.009465629187585936
0.008718259667228107
0.006700569485591823
0.004216964542271932
-0.010768800985121766
-0.026787150068068463
-0.027914586054091566
-0.016955346097378383
-0.00763124708648063
-0.007802630612921819
-0.008697361717473252
-0.0013311342311032016
0.011018576687163373
0.026948782713910373
0.047085423334597774
0.05750933152759717
0.04788247354261925
0.02687144342127384
0.00552842081935625
-0.008776193029070716
-0.01458264631827726
-0.014569934197467653
-0.016309983799873414
-0.025725415957879305
-0.0342561870677329
-0.0312646279689903
-0.017524668618097792
-0.0015643884575280123
0.012591671395468969
0.022207440009217583
0.02516420320492624
0.02339278048505683
0.020580897655902063
0.022143866614739813
0.02315649088379046
0.015439955774107256
0.008199123314490844
0.01018293874550439
0.012806955048873745
0.013608375511916251
0.017736337765751932
0.022862777893059318
0.02400577590934858
0.01948053884231325
0.012164327277088745
0.0013352422804770914
-0.01355788750710032
-0.026777346925110822
-0.03352667119139159
-0.029614881200783514
-0.014034435428068126
0.004689731759662023
0.017900717084583774
0.025482273755346924
0.03303991833826102
0.044685618125724795
0.05509336594864732
0.05474788110146434
0.04552464596800682
0.037870388503134775
0.028220506172496343
0.009900683616208406
-0.004356570874860549
-0.006292330486493405
-0.006763641562136808
-0.011651904850633582
-0.015618037723166398
-0.014291022778925423
-0.008326908314707181
-0.0024462574392687757
0.006918854857699236
0.017914493567271053
0.01494448788372709
0.003174111263342134
-0.004262344853794123
-0.00601312405149995
-0.0022018739165135005
0.0033656529414656253
0.010783129453197768
0.020668995412377312
0.026381116213055417
0.023488884169550483
0.016445097307715935
0.011987515475912897
0.011132362004907189
0.008820883911265252
-0.0031247833610391143
-0.02071115043975316
-0.03167971677062744
-0.036281070843821234
-0.0406066248864901
-0.043810501818603395
-0.0420596744237827
-0.030336225350232532
-0.008564923721174018
0.008414512778459726
0.01088001008722837
0.009445555513086006
0.013311160841071184
0.02176944334272485
0.028101467121051306
0.023040732338117584
0.009633902483843047
0.0007732491679137053
-0.00021321405608930774
-0.00245553591395405
-0.011269857298389486
-0.01861748626169008
-0.014056264381766886
-0.004730832434110877
-0.0046067739242744024
-0.013452583943006248
-0.02012028654672849
-0.018093803289898715
-0.015535507148260658
-0.015330792073264645
-0.012373834677752795
-0.008956103365227201
-0.006291311934000961
-0.001449905509797771
0.00687997790716886
0.016308203672552087
0.021146894057796135
0.02117418739093875
0.02314786771097161
0.026025831779930418
0.020122963406895643
0.006502451639315136
-0.0012577889177228865
-0.0007685124601865559
-0.004201940049695339
-0.01642216146533494
-0.026250414949400634
-0.02321502580752561
-0.015265089805444746
-0.01311246200598274
-0.013516673951373773
-0.010964237205826975
-0.0023255681452776598
0.009295055150767301
0.01298131028242266
0.00997463885404571
0.0098288322901702
0.010063366361756117
0.011258889543467055
0.01830488773544805
0.019905898491559007
0.009704032343581224
0.0010701653173726467
0.004093689370588785
0.010147282478271858
0.008227524475443462
0.003418261632417082
0.001099145393650043
-0.005081002115474647
-0.016646455770373794
-0.024067941284142934
-0.021098144685760135
-0.010185495075665126
-0.001418506418170596
-0.00121092035276731
-0.0030689564144719982
-0.0015766837109208582
0.002357489994480979
0.009209848567044224
0.018873191010948746
0.023437251525723284
0.01734630884719784
0.01051307865929946
0.010646327412979209
0.008233640726881052
-0.0018141427678940957
-0.00964029471112062
-0.007027299560378286
0.0003019893190665801
-0.00017342023316324254
-0.009656019849764837
-0.017837083615190503
-0.016114739467210124
-0.0070202714741652555
-0.0003007104807259801
0.00018997421114357765
-0.0009383556405399416
-0.00019011020292813437
-0.002397168022420704
-0.007710219063711455
-0.0047933468084797705
0.004470440210824198
0.0076013181291593925
0.009089959282722696
0.015293981381049515
0.014335071141275716
0.0008636053250085333
-0.010715253869335943
-0.00896730327732815
0.0001053378291192306
0.0030316680846632213
-0.003208635997637185
-0.011373376557096844
-0.016370300795962963
-0.020185199369652886
-0.022168167754750234
-0.01573933718785184
-0.0014546454566228063
0.009234920378973688
0.008050448371435155
0.0007535521588607425
-0.0031499695820161725
-0.0016191334614135465
0.004195784578182204
0.012799223411055207
0.015511727694204724
0.007700611251703471
-0.001575802027290142
-0.005989709661232909
-0.007368645693886443
-0.007449626245302622
-0.008055350647124692
-0.006179255184382541
0.0018614662070404794
0.004232749721873085
-0.0046257420398892555
-0.013031652372627415
-0.013547884592649153
-0.008657567028106593
-0.002706307087125879
0.0018645572364157834
0.0013889464665781147
-0.00154398108187053
-0.0030915419202019352
-0.003686202845624595
-0.0008342377977864301
0.0055104438454349446
0.009556433733232792
0.009001265320568313
0.007532037087457602
0.0031962883894036936
-0.007193601457714729
-0.015640385271147736
-0.011404695591353342
-0.0008612383292875035
0.00013832073904169074
-0.006977484367875605
-0.011786364102813217
-0.012250464321832346
-0.011071504072858096
-0.009283701147014373
-0.0037845243824893007
0.005103904251539338
0.00805787258284162
0.002544322582232327
-0.0003509755564157361
0.003575113381087146
0.005293929603209831
0.0019288708077493076
0.002139468010580615
0.005468836357794669
0.002851321866631681
-0.00459987508897741
-0.008887174841818049
-0.006649298470830278
-0.0030805571626315383
-0.0031834735201556412
-0.0039925199702033265
-0.0016093793218324166
-0.0002678749453327888
-0.005593196472190216
-0.011644164546512405
-0.010116780243489602
-0.003557012198887757
0.0020357300071335723
0.005516647207391405
0.006151440751207206
0.0029017523959639436
-0.00013920003028639012
0.002038091254871709
0.006591604880533198
0.008034586473874708
0.00659025578768605
0.004021980034355245
0.000846546683003338
-0.00269093500807032
-0.005734399569601725
-0.0057457250471429164
-0.001310138832464199
0.00324187862556926
0.0013302014949824396
-0.00508996160628431
-0.008202159728909794
-0.006592417910625695
-0.003927280402244411
-0.0009367371020237936
0.002903236402099233
0.006943579063113572
0.007233213742449152
0.0024125857763931794
-0.00016072244454476604
0.0026389883924951155
0.005859179395109626
0.005379869478853893
0.0021882906032169892
0.0004437778105777478
0.00016456343033794277
-0.0023342968428339164
-0.005913200436872454
-0.0060401750030255755
-0.0024066020347787874
-0.00054467986774405
-0.003921587865407748
-0.00605265640679951
-0.003488079594970977
-0.003532285728367426
-0.006590705029881096
-0.0051153227608283945
0.0002763398974829056
0.0048327501470575044
0.007074489381492426
0.0055970561122521524
0.0005492213542853265
-0.003981860478959693
-0.0027622259837897733
0.00221270159733623
0.0035927507632124607
0.0012139773149678263
-0.0015488030493434138
-0.0032789245708471733
-0.0033777655044071953
-0.0044127233041506165
-0.0056187299495103656
-0.0028247558371009515
0.0004373876928240915
-0.0028503293752915005
-0.009057233073753055
-0.008429962971212401
-0.0030049312358733783
-0.0017665134344629235
-0.002972523060570541
-0.00023408957797352788
0.005121469877910475
0.007509630996859631
0.004019455095045538
0.00042738416113023605
0.001898380924672975
0.004044101607555726
0.0034103463180922755
0.0015271560369615638
0.0010062465011688806
0.0013384705889532217
3.082796555891719e-05
-0.003092022385816664
-0.005642350217908976
-0.004169638168301831
0.0005317704619360369
0.001983955748344052
-0.000810658105237602
-0.0011991792443832774
0.0014523100458986315
0.002141735807404783
0.0007495621752763751
0.0014520806015700645
0.0048001661536204755
0.006762178219781508
0.005122666616211949
0.001298590095678829
-0.0012544988717792872
-0.000282320084261012
0.0028786084550832805
0.004891414960750488
0.004039920794116782
0.0023883089407306093
0.001679484745657799
0.0012031325778395945
0.00017927411327846454
-0.001636858527167668
-0.002479353187891353
-0.001422106138332659
-0.0017691321307617958
-0.004336856735354171
-0.004704946025968321
-0.00035955038018259817
0.0035486710571583473
0.001727093574135153
-0.0010424767711768007
0.0016909917527357114
0.006269242893592357
0.006053615286067996
0.0028033949291993965
0.0015145075721303368
0.0019433317765615782
0.0002870444395488698
-0.0026162217901994776
-0.002415992785946603
-0.000683899910044111
-0.0009137480528047812
-0.0027632170204132398
-0.004476990906032436
-0.004146240589162591
-0.0019263259106411363
-0.00041252118548524273
-0.0003113421613155731
-0.0007310606014715189
-0.0009767584646764207
-0.0004578555248950918
-0.00016468674062683182
-0.0008706267967373626
-0.0021679063299789958
-0.00204103138595696
0.00019188925994521666
0.0009075007941910733
-0.0004115159673432671
-0.0002344992560514316
0.001005241374438205
0.0015110646508226318
0.0013534110634995985
0.0002380474431939054
-0.0003789542216607307
-9.949520634643723e-05
-0.0008909771445590098
-0.002975695753961102
-0.004329063544346835
-0.0038603938907259775
-0.0030439718613263778
-0.0025507272090128062
-0.0017416180660060204
-2.4732332060159486e-05
0.002412238860717181
0.00322777416252737
0.001413412084033065
0.00026141813498352097
0.0019144094423324332
0.003996163100576439
0.0035383823089175587
0.0014361333366674403
0.0005168671960622455
-0.00016788629097698
-0.0015837756626435817
-0.0017751300851488558
-0.00022178371712653128
0.001117890218581489
0.0005099457924941717
-0.0002473360619212619
0.0005886851533002822
0.0013033740068156298
0.0007186611627515717
8.57545353425397e-05
0.0004374044857460179
0.001210587737563473
0.0010958448160431572
0.00044147508320068374
0.0009992015367011255
0.0015637964465878684
0.0002666795329769897
-0.0005915160351682724
0.0018473338112991475
0.005346876173282106
0.005322177481811278
0.0027471298129876018
0.0015549333102294577
0.0013653679325393994
0.0009193530751846244
0.00044280843402768314
8.228550252364207e-05
-4.784578586688993e-05
-0.0006032188045223677
-0.0017035714891206091
-0.0024260079535221614
-0.00214804742247001
-0.0008385792506162093
0.0008328347367753542
0.0017651300869739675
0.001841400227117653
0.001591065807547201
0.0010887640174880267
0.0007382861037757277
0.0004852533317428623
5.945930537356113e-05
5.361130842651013e-05
0.0006422489798639084
0.00046944810025656853
-0.0011528454950125592
-0.0022298549461677417
-0.0015208422950983473
-0.0001900181251370278
0.0004206214386728426
-0.00021872545618204002
-0.0010588499494395879
-0.0004340945137615229
0.0005338146605398601
-0.00018772656491968995
-0.0019613379275780804
-0.002633520576258739
-0.001351138737652166
-9.818037943040253e-05
-0.0004074424793488359
-0.0008762465574354693
2.3407716493038507e-06
0.0009512666604481643
0.00010441935314573151
-0.0007518258402930668
0.0008855694261153679
0.0032233172316920872
0.0030063719803236216
0.0003720475654323893
-0.0016910677212087228
-0.001560408442889904
-0.0006169767840235045
-0.00045277864649637974
-0.000943431010125557
-0.0009338717998231502
-0.0005053403278956906
-0.000527033764035188
-0.0005076970048227507
-0.00014879691646604528
0.00034846645979712455
0.001486992677595692
0.0026956219088965093
0.0020775782264147256
0.0004891456303605546
0.0003693533820792609
0.00122569500150485
0.0013149202680306825
0.0005968187339215582
0.0003716452252663021
0.0013275495341557456
0.002361581710714267
0.0015692015298264179
-0.00015165626196328292
0.0002327732829986333
0.0021584196785357735
0.0023797221451540436
0.0007728359893628874
-6.59616812818229e-05
0.0007192022010353307
0.0013549676132244967
0.0004316148721322932
-0.0009330100035924386
-0.000910876815565048
0.000607951369442057
0.0016996048937037397
0.001075789958738142
0.0002986328857011074
0.0008481890118528988
0.0016038280570525804
0.0011671688172803308
0.0003007771369212592
0.00046246616224013374
0.0013642651163138834
0.0012573123595229275
-0.0003641122628379012
-0.0016973940542269672
-0.0012931734853462642
-0.0002515052853111461
-4.404175441803015e-05
-0.000442337480098803
-0.000681333190835628
-0.000369729750620069
0.00013060922086404999
8.820778389536808e-05
-0.0004801881504220347
-0.000549994379681254
6.313372982392615e-05
0.00037306220443962166
-2.4185196281623607e-05
-0.0008304293299038866
-0.0012058736534283955
-0.0007152590379629144
-0.00022736772132465617
-0.0005972933760940526
-0.0010455783541285773
-0.0003207457748847476
0.0005964209531913049
-8.038852294901042e-05
-0.0013520045598715083
-0.0012845246651519778
-0.00039606559064897496
-0.00011410152443379347
-0.0006066600004764476
-0.0012011140416227839
-0.0011019668493368205
-0.0003775051798672629
-0.0003785386300819405
-0.0011109934221573534
-0.0008374433756371606
0.00039906323258281695
0.0008839997921087811
0.00042183663619213774
4.5902711102605994e-05
6.04923220415657e-05
0.0004058292438794537
0.0007402504192026603
0.0004450544675464751
-9.682941776780164e-05
0.00013130235911736264
0.0005433150159742491
3.738388799140224e-05
-0.0005573536233954358
-0.00022931496858959513
0.00045601545116792
0.0006843510870235688
0.00047870537840930054
0.00015369111467300665
0.00012004129291042152
0.000550719986515681
0.0007277953450814216
0.00015765365109738434
-0.00017656501817238317
0.0003657858346442924
0.0008104417904979472
0.0006169898348133652
0.0003045440630732129
0.00029894295951918764
0.0006129402432598424
0.0009122333925684763
0.0010097496096788954
0.0010199753549358596
0.0012653642994857757
0.0017237513631970915
0.0014314936616465783
0.00041452199803368613
6.611028310935126e-05
0.0004689181543764217
0.0004510689904045698
-0.0001018175526652868
-0.00040788534590234716
-0.0004607026588147245
-0.00045030768675319353
-0.0002766653913884046
-0.00034704669618168657
-0.0005528121833420617
-0.0003163988627811741
-0.00017083174271368087
-0.0007444507102541562
-0.0012974883752342532
-0.0011496476784474549
-0.0007908053741628803
-0.0004826942344343953
-0.00017431399629072182
-0.00026559159543641044
-0.0006084827427767921
-0.00048213341938797746
-0.00019903213231784077
-0.00032505288063009276
-0.0002926667552348345
0.00014159035297309856
0.000209889892384103
-0.00016816680399593198
-0.0003280054932969034
-0.00022002228498508222
1.6925858827321042e-05
0.0003195244075671531
0.0002362893144904963
-0.0002460872568251334
-0.00040353480031030884
-0.00022285200591390866
-0.0004130714105686275
-0.0008648759474008257
-0.0009603184682837718
-0.0007300036518500181
-0.000486452720449339
-0.0003385695325943315
-0.00036892149140044814
-0.000507225153216297
-0.00044515435942133353
-0.000214677263120383
-0.0003063659210852353
-0.0005311275098248925
-0.0004573260297310168
-0.0004143719142428705
-0.0005160728446516122
-0.00039804502426044123
-0.0001079649848915713
0.00010131521353183563
0.0003528809581138756
0.0006040914216711994
0.0005420384604355712
0.00037813944102802215
0.000553422059673202
0.0009047662333414347
0.001143730383829169
0.0013800751270912862
0.0016061687739956328
0.0015621547161649549
0.0011946868154708477
0.0006973935343961758
0.0002790073161513138
3.4391294430504476e-05
-6.0856988300327076e-05
-0.00021644542672246978
-0.0005831921618558026
-0.0009105408100742898
-0.0011313763381289076
-0.0014384915832595037
-0.0016738361483986408
-0.0015577416639015536
-0.0011769420541634457
-0.0007477308804278757
-0.00031994540188370576
-4.054329101089289e-05
1.432530463991941e-05
7.645613045654022e-05
0.00016091820777757636
8.538641827236704e-05
1.0790778889920873e-05
0.00011404682435975724
0.0002696530255332587
0.0005128490103376047
0.0011255112901908508
0.001916532480607954
0.0023614552653389454
0.0025024407802538744
0.0025754427796781235
0.0025041820538688566
0.002459521032203088
0.0025955505237037864
0.002566840517236669
0.0022683644600038533
0.0019647498334947303
0.0016330862968162649
0.0011169974112827696
0.0005452985468945976
-1.204384906617449e-05
-0.0006155885793413939
-0.00124174480111139
-0.0019515195227447332
-0.002721490902822233
-0.0032602616254552167
-0.0034109452622506967
-0.003331427652164231
-0.003134002013349013
-0.0028399125108857356
-0.002569450761077563
-0.0023828147937608977
-0.0021858759543612843
-0.0019126443188201222
-0.001607285452155142
-0.0012986573193324265
-0.0008689994030183933
-0.00042174051999929654
-0.00017488090911674822
4.716658558847518e-05
0.00035229805672623105
0.0004679395699260743
0.0002493440779346337
-0.0001355746388027515
-0.0005539264131525763
-0.0009545093979824635
-0.0012238681482066064
-0.0013436066562879097
-0.0014300700686570792
-0.0014800070739644097
-0.0014274300089755817
-0.0013228585305313377
-0.0012675021973868647
-0.0012738608496817455
-0.001264012902256924
-0.0011533700022721698
-0.0008241484092101038
-0.0002530939196891001
0.0003896421154640702
0.0009897171216939483
0.0014844698782119103
0.0017364590856732219
0.0017504671774189774
0.0016534299367804567
0.0015888726184591867
0.001655335404959301
0.0017573625440912267
0.001678987697412965
0.001402690443353639
0.0011500490855205908
0.000994339508284676
0.0008940370251115244
0.0009919218247521216
0.0013055368277002373
0.0015144399455359761
0.0014367840362674508
0.001254568609880809
0.001225533562302562
0.0013757963284668517
0.0015838270843481004
0.0017576563811696642
0.0017363498370721014
0.001461262683187883
0.0011556431494436407
0.0009905180957930347
0.0009172379570862453
0.0009270135845069699
0.0011480867572426163
0.0016142362978897973
0.002157469453335968
0.002613048687979415
0.0029190543816601812
0.0030898220802108626
0.003170788063259251
0.003160515728046266
0.0030510225866317653
0.002815500326003594
0.002345192523819112
0.0016661915054168534
0.0010202268113751426
0.0005165642199986088
2.923276073413465e-05
-0.000501044287833918
-0.001044168623954346
-0.0016588882036127858
-0.002386256497441471
-0.0031289222647350088
-0.0037571361256985626
-0.0042150110864112
-0.004496006380882795
-0.004689769537501666
-0.004904685389924156
-0.005113884328453913
-0.005246375203373479
-0.005281637868818783
-0.0052635387521946944
-0.0051865869040379755
-0.004992021376035862
-0.004741026190917407
-0.004503591530877233
-0.004251544953355275
-0.003950931826540096
-0.003636187817599596
-0.003432776696297464
-0.003409782258366
-0.003537416078339259
-0.0037754987928379133
-0.004032568727156917
-0.004230251147539697
-0.004349923499482771
-0.004375545534177334
-0.00427032212078616
-0.003953848155879191
-0.003457919640398126
-0.0029746012304567864
-0.0026275516101031044
-0.0023610360356259934
-0.002039984997196768
-0.0016059381542859956
-0.0010972109615648875
-0.0006016457513206308
-0.00018309536313737695
0.00023466483634949664
0.0008077587105468585
0.001565153884861492
0.0023751649795205314
0.003119568355028296
0.0037870475244786007
0.0044149477884205595
0.005010678241989571
0.0055843940576977575
0.006183670959061466
0.006807507033805529
0.007336112652780255
0.007676186022148776
0.007926016897110463
0.008166096235165723
0.008282822768342442
0.008187189403551615
0.007929057519905181
0.007588805585469462
0.007265364954494768
0.007030125073397977
0.0069019560361237966
0.006891213242352716
0.006947398129430569
0.006950337126602832
0.006840229730184458
0.006736073354504573
0.006762519935235816
0.006867812522285664
0.006942040001291874
0.006919911767254852
0.006846630057769359
0.006780786212529773
0.006650118207175865
0.006484206741014539
0.006441421045823394
0.006483437674526744
0.0063766916055905615
0.005992847216158509
0.005446516530514141
0.004850487430638178
0.004037448221504236
0.002797023338746436
0.0012284218072309285
-0.00031845607731431375
-0.0015281249855270728
-0.00237469439289831
-0.0030841303544408066
-0.0038061899172074725
-0.004533640163584638
-0.005356997585953033
-0.006352694601179577
-0.007336908695088031
-0.008109982935726675
-0.008707483216486758
-0.009218802550704985
-0.009553974400754617
-0.00957003693901979
-0.009323075743776074
-0.009084591468708223
-0.009081409573944104
-0.009277520389835653
-0.009534916735560743
-0.009721871898753396
-0.0096695008125839
