0.0
0.0
0.0
0.0
0.0
0.0
0.0
0.0
0.0
0.0
0.0
0.0
0.0
0.0
0.0
0.0
0.0
0.0
0.0
0.0
0.0
0.0
0.0
0.0
0.0
0.0
0.0
0.0
0.0
0.0
0.0
0.0
0.0
0.0
0.0
0.0
0.0
0.0
0.0
0.0
0.0
0.0
0.0
0.0
0.0
0.0
0.0
0.0
0.0
0.0
0.0
0.0
0.0
0.0
0.0
0.0
0.0
0.0
0.0
0.0
0.0
0.0
0.0
0.0
0.0
0.0
0.0
0.0
0.0
0.0
0.0
0.0
0.0
0.0
0.0
0.0
0.0
0.0
0.0
0.0
0.0
0.0
0.0
0.0
0.0
0.0
0.0
0.0
0.0
0.0
0.0
0.0
0.0
0.0
0.0
0.0
0.0
0.0
0.0
0.0
0.0
0.0
0.0
0.0
0.0
0.0
0.0
0.0
0.0
0.0
0.0
0.0
0.0
0.0
0.0
0.0
0.0
0.0
0.0
0.0
0.0
0.0
0.0
0.0
0.0
0.0
0.0
0.0
0.0
0.0
0.0
0.0
0.0
0.0
0.0
0.0
0.0
0.0
0.0
0.0
0.0
0.0
0.0
0.0
0.0
0.0
0.0
0.0
0.0
0.0
0.0
0.0
0.0
0.0
0.0
0.0
0.0
0.0
0.0
0.0
0.0
0.0
0.0
0.0
0.0
0.0
0.0
0.0
0.0
0.0
0.0
0.0
0.0
0.0
0.0
0.0
0.0
0.0
0.0
0.0
3.156410279378194e-05
0.00010006929438144115
9.161670850820572e-05
6.717081620168371e-05
5.299299582486519e-05
4.298648448692203e-05
3.6231154848547585e-05
3.0902979717816494e-05
2.6931565618237763e-05
2.3577647134798844e-05
2.059209499134549e-05
2.0037062175138737e-05
3.229142149908128e-05
4.299176831201699e-05
2.547134649129037e-05
4.947923501216717e-06
3.30903565892482e-05
0.00017508533239331424
0.0003459481232125797
0.00038359852207076983
0.000601138876741356
0.0009226258977721435
0.0008702394385494015
0.0008906512772420027
0.0009241573915686401
0.0008159158131060488
0.0008846696181904467
0.0009814542465728655
0.0009350800716571276
0.0009493650325303187
0.0010881025002831902
0.001097783960308862
0.001021472222300391
0.000991644862144791
0.0009114323557767991
0.0008106444589466487
0.0007803479128095125
0.0005986709097700918
0.000556125277748424
0.0005025330084465963
0.00027827164725783627
0.00016455914729709034
0.0001690321403596155
5.517385317574237e-05
-0.0002509504631546325
-0.0004035488565509362
-0.00026847388904902887
-0.0003416813291781836
-0.0005562333680831022
-0.0005454914327255104
-0.0005755857359931321
-0.0007557646536626651
-0.0008716736705685443
-0.0010787106858243423
-0.0012905043208449852
-0.001435265228223377
-0.0022944260721029694
-0.003173699117063492
-0.003214183554359356
-0.0031199420831972417
-0.0036264859792327444
-0.0034973203219044492
-0.002970437170293863
-0.0031133520867678566
-0.003692761742113149
-0.004012895607105206
-0.003920363571218735
-0.003607757373002124
-0.003813559968820248
-0.004148925912050955
-0.0038978869059305564
-0.0035273890596728393
-0.003936979901494437
-0.004065999333049248
-0.003542140993234027
-0.0030787511503971923
-0.0029460987501761173
-0.0033231043198566988
-0.0037286568745607557
-0.003060849326174146
-0.0024478398158158878
-0.0026920480872036534
-0.0029532716418172364
-0.0034049657046746327
-0.003608640550050743
-0.003454872390728926
-0.004079527877262691
-0.004982117774495995
-0.004952049718665891
-0.00483800631914702
-0.005291364694813581
-0.005842788093017883
-0.006387365292990363
-0.006650242513566265
-0.006507829008999327
-0.005803916329863343
-0.004987510834682995
-0.004957945502492521
-0.005542064012162252
-0.006099494523457514
-0.005627386780889807
-0.004411170410868209
-0.00385908190997412
-0.003909206082306912
-0.004310630637519415
-0.004906493987455479
-0.004761996086053264
-0.0049618109220145494
-0.005803817281997736
-0.005598071629471212
-0.005044406757636879
-0.004558555476297228
-0.0034855509102694965
-0.003614461285139863
-0.005286145539792128
-0.007462565936909881
-0.009010558081941141
-0.009557831166866043
-0.008911403064546526
-0.007236758112785278
-0.005410793491032307
-0.004361510403091518
-0.003996190034615142
-0.004232535423329338
-0.005363271021285209
-0.0053500259348882835
-0.0039153678786415045
-0.0037202932488089014
-0.002751847254553847
0.0016942745382228757
0.004682576044890954
0.0032622908769612954
0.0021638075825245262
0.0030839670418205726
0.0042900991983366036
0.003880882031860403
0.003445135711940917
0.006098455033787454
0.007366401048951261
0.005653286048899323
0.004615536718851875
0.005303370068565031
0.00419843219909114
-7.870838198380923e-05
0.00017288334230434349
0.004756784979399672
0.007227822572009792
0.007357025197918394
0.004047691682077673
0.0015854891561420897
0.005200447785541367
0.0055957847454606155
0.002604876960956559
0.006423223682589095
0.012391554424102176
0.009745607049178354
0.005113903247649026
0.01242161180807922
0.018519200123609407
0.011012791254688752
0.0029438247450246425
-0.002528493784319863
-0.007146864067930111
-0.0016433132192257328
0.010577797453854412
0.013642877620801354
0.004726070324911859
-0.0022976067569176755
-0.0009174900068997063
-0.0012311493004949488
-0.005423500502065117
-0.007906436346344648
-0.008376332631812844
-0.005372677490606914
-0.0027303837298034124
-0.005689945572257597
0.0018434202681064484
0.01744103733738543
0.014344176401504108
0.0023701936618323507
0.0038201952934544623
0.016248483966115463
0.021185976021243755
0.018636263717054093
0.03200129336930265
0.048737500091982945
0.050766465111995264
0.05180938493688454
0.050031177691453155
0.043595904472631467
0.0423205411087594
0.043829744140237464
0.05311013142843571
0.06182664150823125
0.05534068585005432
0.045199824101083926
0.044320754538205435
0.04970608967948967
0.04181204503165785
0.023669568105174125
0.02122301704688695
0.02492531967353397
0.011443717825229831
-0.005099609259908924
0.009440118589329381
0.04483632152405265
0.05460241024889523
0.026584310342559963
-0.007177498170771447
-0.013561078994526878
-0.0012614236079870858
0.00021043204871282247
0.0016213516605484896
0.02428605811524329
0.04549592454323076
0.04050572073474334
0.027511102227546182
0.03046850639328906
0.05528630124170605
0.08072221453690875
0.07675903880094939
0.056407109781631236
0.06104721579254044
0.0772982869402886
0.07137149049375592
0.05899822797662556
0.0609205285873327
0.06560969734306879
0.05689367140600292
0.042750339506341085
0.03978136056487577
0.057455771454301016
0.08518143750207731
0.09693956945001966
0.07736443799421881
0.033377222696367344
-0.016595581621693525
-0.042365839231716745
-0.01572621687596309
0.03470380630590929
0.06036808935296844
0.058524430059061446
0.055096422912333326
0.0662280297242552
0.08354667567139225
0.08196172160351325
0.058550196349408265
0.021973189443091592
-0.006780534495160341
0.00519292654166102
0.03933897243212122
0.07407378013902585
0.11580678873474382
0.15457727327447215
0.16356666866698927
0.13026633667979326
0.0888724366527346
0.07804510276044489
0.10119759658223207
0.1344142313987646
0.1468072731160203
0.1320951272318712
0.11078598643642
0.09755123994013426
0.10312132388140649
0.13831728628414974
0.17450824549793173
0.1783130040463966
0.14205238025482342
0.08640151401440883
0.05272224429145855
0.0748699601221132
0.13593238595710788
0.16911158532851678
0.15073640766319843
0.12338110969102285
0.1426473377985398
0.2017763502295474
0.237869614682758
0.23354065982487907
0.22308361245466884
0.21356875328979932
0.17765012447280915
0.1425841254609566
0.16263990964097358
0.2239192557820293
0.2643415453856875
0.24176634169316896
0.21177998246074106
0.22539235655916212
0.23851276772601998
0.2240819820682508
0.18823697673669515
0.13008352104565196
0.07482918310670593
0.05647031238830948
0.08618071295603406
0.15592471837152058
0.1908836073555387
0.15237834930778255
0.10464926754872676
0.09657970640421927
0.1290453621520667
0.14691266335139483
0.11441682075288061
0.06681084727918377
0.01988065038098326
-0.02986548602834466
-0.03316504440749154
0.04725826566416674
0.13236725159197626
0.11704687013440383
0.03204382468689881
-0.00406547869378351
0.01823713194187269
0.04105820618899298
0.05869081938406581
0.06644041063104142
0.05125717480948476
0.03140452669779639
0.040554903172579114
0.09253602853099493
0.15425583659463285
0.17958966700639184
0.18137562638787164
0.1497749505490491
0.07277205662786049
0.010937171530631852
0.021926702125464333
0.08906705475659185
0.12504798361024683
0.10037434491562057
0.05833844326343033
0.04163727380363179
0.05830701274355066
0.06471146625918572
0.024663805135134186
-0.025652152540230833
-0.033711553156791946
-0.032017056330819714
-0.044768364042384524
-0.03563680567300385
-0.018594058458358403
-0.0321951012855353
-0.037331582196596304
-0.007186234597441497
-0.007098321971852751
-0.05069519471862015
-0.07432544115607288
-0.05156572553604151
-0.036867365673955606
-0.08263964836960089
-0.1408521849181084
-0.13414357177351047
-0.0688528239677681
-0.01642928892207042
-0.014068604176062703
-0.05478124415123608
-0.1123835441416211
-0.13337774410804695
-0.1104743386917837
-0.11357880890212005
-0.1519082851835659
-0.1673776255635252
-0.1690095221182528
-0.16148601555835135
-0.12592481173918518
-0.07617991618698365
-0.02310350647593161
-0.0008911061510425153
-0.042002792512882636
-0.11282101517259122
-0.1591384911211507
-0.16447830352155027
-0.14414800942142852
-0.15179322621659982
-0.19997806256321582
-0.2119343417269769
-0.15498597272335637
-0.09709766096965111
-0.09463628050281431
-0.11602744815762905
-0.09745898164974885
-0.05037336324000574
-0.06868404021425484
-0.14434891026220248
-0.16335294840277037
-0.12374191792342176
-0.0862109402323091
-0.06359733274949518
-0.08106067966039397
-0.11937456692073983
-0.11100694879646286
-0.06283797898535039
-0.021037921656280618
0.012825652566836715
0.030843434979475635
-0.0024438761284940823
-0.05161282914190719
-0.07904403275560345
-0.12743220123442978
-0.1913844786719
-0.20651428848488934
-0.1515720198366463
-0.0925483541333061
-0.08783534196302112
-0.09887511101394475
-0.10255385879968597
-0.09129721288859122
-0.04290510257279724
0.003697003619724067
0.024755785802409405
0.048517855158561676
0.05180394920309964
0.011241427650518956
-0.034327817767351144
-0.060350218202038744
-0.0354288743844807
0.0426666644832555
0.10353231613716037
0.1220476324851807
0.10434097544408699
0.0727487387915757
0.08855023239074697
0.1219127765978199
0.09246645863287216
0.034956694061529354
0.01906364534704914
0.033140112823299935
0.037153331569549954
0.036024093655250014
0.07512183214054194
0.14666095052823097
0.17927989646239778
0.15225863482922666
0.0871112327719403
0.018754662617492035
0.009856870045201072
0.07285940752116007
0.12419606222047151
0.0967021809701797
0.03970995572774891
0.02175553674891531
0.03828079296580291
0.056670680195743256
0.06303122632882446
0.07134380969347968
0.08983510914820177
0.12416153882618379
0.15265474490942527
0.13089738460918435
0.06852926694771702
0.025123642673972064
0.05263475804851511
0.10261364317546356
0.1048575505891846
0.09468458472643669
0.09786215713816397
0.060367816958705946
-0.011814022716113919
-0.003998586839966981
0.10089828871045207
0.19583023377176104
0.22619369694645025
0.17985178319649173
0.0702969317482551
-0.025261219243569406
-0.03578393556798767
-0.007114499902395457
-0.01977758472317587
-0.04396374814804847
-0.02686488847867699
-0.009909484691961675
-0.01052672870412113
0.05576923656642692
0.18565795791118583
0.25670020926471926
0.23058504384483888
0.17172474081933395
0.11080600271607817
0.03304355033073742
-0.015612852917236256
-0.015093945021536053
-0.0063404537037739924
-0.001692120260879039
-0.02182198291635969
-0.026570018238099367
0.055633127281057786
0.17580058657326464
0.22521822931033242
0.2004635114929908
0.17072546875602115
0.14432385914138518
0.07440388601195748
-0.0383765317700604
-0.08602675795136486
-0.03676925843696201
0.03900495505411925
0.11090223025130752
0.14697111522961834
0.14518598064663127
0.15787654895645115
0.18496747009629017
0.16006163250939898
0.10914511004280479
0.12913146114432061
0.17352185785203517
0.1514556297945277
0.08655829366164555
0.05947795908416565
0.07379393480155153
0.07482592063589144
0.10391170226306591
0.14657037379841378
0.12953347655149738
0.11634659949049303
0.14541541796415552
0.15523213559766383
0.1546775677568477
0.20152939462297273
0.24157911917934577
0.1916411782564634
0.10374391052251698
0.08123945492290266
0.08930688060106272
0.028892107058803358
-0.03945171028945531
-0.028219102121553354
0.03463718466511737
0.0789959734291254
0.05941240369740108
0.01143524414248207
0.004970128796963402
0.026612260181221904
0.028512556134587787
0.012084495290374683
-0.011690289395053436
-0.056912595027150695
-0.1254954157633783
-0.1867045411095911
-0.18251535164748736
-0.09319017840173152
0.022323384025529962
0.07596147433354085
0.037296639449656825
-0.0008578128660328767
0.03289355688187154
0.062296472225574766
0.0221366145956677
-0.020480888631467624
-0.009036402707324425
0.007242792849775118
-0.018661583823664795
-0.030544894969629754
-0.0048841283379595975
0.024616335999981042
0.06732001909260277
0.10832680610463866
0.08589244535540122
0.0338665842592411
0.046740254497987126
0.09394446624475468
0.11035903270698925
0.1047429473497766
0.09062861035948773
0.05732682984845565
0.05919837001359105
0.12043078177051568
0.16089825182337192
0.149682498446075
0.10060229496221196
0.058364746273460104
0.034581179822404086
0.026583436480199542
0.05208973042138252
0.06511097643385844
0.018039701194533977
-0.06645883511787581
-0.08263165399628221
-0.000332460090093387
0.06350790855047596
0.023046584820029657
-0.06850822082070954
-0.10573590369220512
-0.07646830336555295
-0.01539107627761342
0.053166599669842475
0.07260149596718739
0.03773288529938078
0.02322998281713864
0.01920787256736513
-0.03301699808908313
-0.0641477407484928
-0.0002624097976145082
0.04895134814036792
-0.027271294506240388
-0.1067046909398885
-0.07504865415419129
-0.012659808518567944
0.00477603144576983
-0.01564532511256298
-0.024471408874501457
0.02173685173692255
0.06079147764028589
0.029791958402411667
-0.004497357831404214
0.015315314797851294
0.03872815789818623
-0.004194220477468744
-0.06283060817899723
-0.027131360035577125
0.09570995130453754
0.17783027034094173
0.13007665412006952
0.03772067476816751
0.017858911607729986
0.052974392054016925
0.08505346741984414
0.1002783591174142
0.1052773851717477
0.08223094853950919
-0.01052995775044548
-0.0975847482750999
-0.06428268713132963
0.02875628462706097
0.07362075618991563
0.047839089872917864
0.003212050123072698
-0.0036892918017739458
0.026442457591842248
0.05831042201317993
0.02865237441385807
-0.0354732552649865
-0.02762685166650616
0.003949648072666852
-0.0507705119536523
-0.10295373747547419
-0.03546449201461296
0.07380803621460093
0.0713949431111309
-0.01717189701156228
-0.05938328958289552
-0.0437330294351729
0.005140034291461224
0.054327116380582595
0.05643307415540972
0.026740656115838108
0.02380363052968639
0.037254396662966045
0.014047523491475214
-0.02817321794458535
-0.028631828349851795
0.019121463193725232
0.05488626221685369
0.045060106851799564
0.00826233258515276
0.001832047159570442
0.05253630560274446
0.09880489899074302
0.07701714904870723
0.04574484087763787
0.06614664202405268
0.08868029014284147
0.09136142501443742
0.08209220126995895
0.036681262142579635
-0.020613152813635977
-0.012231747200747399
0.025787389446916557
0.019028318179425314
0.026803146258440838
0.08824699722732586
0.1590668306224376
0.198665897518059
0.17053269911138513
0.11798011113071985
0.12360876832943585
0.1639774184564978
0.1521329622293142
0.05137161477404756
-0.04230246567533017
-0.016884554614840466
0.08443008493994292
0.13443102214737623
0.08441848484687885
0.01676400596992203
0.013673885543497166
0.053131575456728766
0.08613087468823738
0.12269880285034993
0.17716855876891552
0.17803416340538475
0.08734174340050276
0.000970764419867795
-0.01871001008787211
-0.005460615907965035
0.03915029077533141
0.09198774018776601
0.06408661144062612
-0.011967422656666012
-0.027861509749581976
0.022675491310266187
0.07184428156958134
0.06651684840301558
0.048610617979329335
0.010647441813663006
-0.07552087585177637
-0.10661817347485565
-0.07457837196447294
-0.0657050686090389
-0.08652297610453703
-0.08233587739294557
-0.038895698726400404
-0.02406063064738798
-0.046977332857442024
-0.05375336498436049
-0.01711294131013286
0.04408180630328053
0.054374668567109534
-0.005758544385755825
-0.06530777699557459
-0.08543074482706668
-0.07669077492204227
-0.05931112871524367
-0.06399479921826566
-0.07641402874247126
-0.03800654087594622
0.014474586210633281
-0.023888450410115888
-0.12381731536301184
-0.1731034881644318
-0.1638442136612755
-0.1363204485837496
-0.09637874231215963
-0.05020456194191276
-0.028590006121502396
-0.04473436589314071
-0.06834677290796234
-0.0846594231605427
-0.09091671803795444
-0.06514588374585778
0.011934944250086194
0.04280176430518542
-0.050267763308044104
-0.13662361640497167
-0.1372863759810475
-0.1143909600319124
-0.1031477019094398
-0.08949517546896185
-0.0711179668336901
-0.07724716168307776
-0.09985962970459365
-0.09837685164058331
-0.08545837130905617
-0.08841537773593462
-0.0996523931630009
-0.0967254875804021
-0.06312065716822553
-0.05447995269449937
-0.10326014803774958
-0.11427000455823474
-0.05683721678695548
-0.01886464870042523
-0.03942730851719565
-0.08178189217803655
-0.10361618735319565
-0.08745239079027428
-0.0331089214221027
0.0024472330310995696
-0.021837249708749857
-0.039071238961538884
-0.03190727540752072
-0.05469041585253224
-0.08917178877094069
-0.10899298034625221
-0.11874776310269763
-0.08841641895829985
-0.024477715016987135
0.02293239701413152
0.027860253327623225
-0.010131113453580639
-0.04516577958859124
-0.026852881148868718
0.012541439053869381
0.02451643216667891
0.012887026062579753
-0.019380389630037086
-0.055769014527290765
-0.07376560792048564
-0.06372253273617211
-0.02347168707692237
0.008385026059710499
0.002726726008030758
-0.017815509010305968
-0.025923080108701216
-0.02062356295431888
0.0017687097072086667
0.05169545208260997
0.06954039776813718
0.01568038897192653
-0.019308717372773707
0.00407417244527841
0.0398336041134292
0.04353392422315167
-0.006553100937084661
-0.03868052911771857
-0.005856819310460746
0.04452132607304714
0.07905969752797304
0.05949124183279206
-0.014863960982815949
-0.04880249989919191
-0.011245282336958533
0.015096177307909058
-0.011628789462961298
-0.026989317677338844
-0.009433789480993096
-0.03004196022774531
-0.08263972942777031
-0.07935342947792332
-0.009889865131953647
0.03902706821047702
0.026952601469550412
0.012329030090269382
0.03139104204976204
0.0436424960418548
0.016074184578827633
-0.012395403052014715
0.011806602499752475
0.0460089866729951
0.025095087225009294
-0.018047930762058156
-0.0356440252389394
-0.029663743973799245
-0.014669576760318605
-0.0001677311212693165
0.005377408126426937
0.005957470718497836
0.008665298164947271
0.0037855951171670327
-0.007850805098975198
-0.005266546655352439
0.02072584695911927
0.0387278903661472
0.029437235271862337
0.013128202487644626
0.006501759194725276
0.005335133224037571
0.004266871917205348
0.013608917272725334
0.0262991558714244
0.030476355558071665
0.023462358376919887
0.01207319484993462
0.013875890802538834
0.022144095757003827
0.03045593236990143
0.04280781505012379
0.02956380169264975
-0.004364982875818762
-0.011277659758588255
-0.015084248887345834
-0.020837611601322116
0.0015901304063100957
0.025833355579845875
0.03308781716894846
0.024531461639923712
0.007966197581865555
0.0021935196393096873
0.018973142851538918
0.04436338840532769
0.049203246534612846
0.03390028386013457
0.02164878215461181
0.00705917198670021
-0.007901566869187067
0.002195240047173227
0.02763818038741937
0.033218307224480735
0.014728623713944095
0.0017005156362355385
0.002095222796389448
0.014313383833656306
0.0251098392195882
0.010277663744569681
-0.009755558559629883
-0.007952601114846037
0.004325901160182461
0.013676797025807364
0.01806508466667666
0.015944009739782727
0.008737286732974548
-0.0020918861304831584
-0.0021530079025748015
0.009784318382404336
0.02183357207712824
0.03456203224018371
0.02556958555606672
-0.002464045001891094
-0.00984903233545593
-0.0006243688950791867
0.012161668270747234
0.020541990734177177
0.006064080555048394
-0.01385270890591782
-0.014356079152373507
-0.010581270305790319
-0.015342994495213154
-0.008219274542451511
0.005125728657536147
0.0055989700630676735
0.0031919577329573897
0.005899327256200864
0.0035651871522480107
-0.004887700455833075
0.004346582817463613
0.014504342135443663
3.179886153479463e-05
0.001169113435839796
0.02199142551692952
0.012153481063456666
-0.011121392893049576
-0.006779566933192426
0.004622549101633587
0.0026166274423474935
-0.0012725520400700726
-0.003854544131362517
-0.0035491414526227223
-0.0019642581130753156
-0.013392964367462462
-0.030917492091296767
-0.024507801626996423
0.008059713636067983
0.03373528297806524
0.031746518796040825
0.009152183409944552
-0.0037718765569401545
0.008835013709641171
0.026886740361509658
0.029635066711457533
0.020015546446227727
0.013584600881252358
0.008169342146687889
-0.005573570901637805
-0.0182189904383633
-0.005074713874533023
0.028834773000738907
0.03744441530343237
0.011125506907525543
-0.008548336253961723
0.00446109897282908
0.02539001298905606
0.02144663029585248
0.004615266798194526
0.0006564453360238995
0.010895416802285446
0.01933185573570456
0.012352019990801155
0.0010155829306918735
0.004553583754907598
0.016427549359936275
0.02205418561747506
0.014376513474610409
0.005660616426463292
0.02207739503371492
0.03927111831914724
0.020198952684827118
-0.011149887943974604
-0.01799222044369054
0.000846920671899969
0.01401629162220806
0.0032631682892715307
-0.01603501307696273
-0.02877321965143563
-0.02585842513045464
-0.015985585954665846
-0.007454734531722677
0.016069655237365227
0.04021609787903427
0.03130643848843758
0.006079809475318543
0.0030543626511007464
0.014886852974301043
0.015893281680018596
0.010063154760138623
0.008536389039134461
0.006018900330846107
-0.001357115482766668
-0.002471280443381982
0.000496520230048567
0.0033197250356416202
0.015551002740275141
0.026213131252394602
0.010554136590138869
-0.007591921676309425
0.004588121207606675
0.016751288923023473
0.004773240985905981
-0.014735552433279548
-0.021427146479814963
-0.009385245446288253
0.00593684513924339
0.009205229018580301
0.003395644969321489
-0.0002138355445458641
0.005049775028326686
0.014335178793734265
0.0226241350709414
0.02799519992264917
0.026822543662710578
0.02369773305631353
0.014459362765801932
-0.005195414025201965
-0.01673469524040097
-0.007768409863992672
0.008856240030210558
0.009449974861086612
-0.01136691403324256
-0.029713807922137528
-0.022065726033265277
0.0025022931293659516
0.015575632556056557
0.0163019388790554
0.02143716120450555
0.0211610409373663
0.004607066710083804
-0.010051251268867259
-0.00464557567180122
0.007708526163193085
0.0033653382693749115
-0.005112403725736151
-0.0005023377412884263
0.0057798607247348
0.004668926041344084
0.0012387075082950453
0.004146235990201629
0.011577468355124226
0.012339547101196417
0.006522693656303922
0.00481423941959825
0.0074158918807090855
0.0026122391382853243
-0.009078272207257702
-0.016328573239472795
-0.018121265435199232
-0.011848475746061427
0.002149775093389661
0.013173126246604008
0.014110050228581278
0.0072708749692791666
0.0016278779474419112
0.003914635618462746
0.01227965003123799
0.02128492758060386
0.02570766187024109
0.01653925271577335
-0.001399995568220359
-0.011850115299232236
-0.010275991680588207
-0.006668177982285768
-0.00834070140112611
-0.006917512306062617
-0.001952535194738053
-0.004249750916816338
-0.009355971182141421
-0.004901809162590985
0.005478458935849863
0.007748842475563347
0.0021439599987473873
3.889401371498267e-05
0.00028979076393475243
-0.003795603429745654
-0.006563606725358394
-0.003470444337803392
-0.0014434064946180448
-0.004587200080841006
-0.004560147697181193
0.0025978731150501965
0.009021330232535166
0.008554579966553243
0.0033172885498304115
0.0018714698561049148
0.002130927927273918
-0.002813505287450858
-0.006027380620940079
-0.002608841670392001
-0.0020098562323695225
-0.010124090740910804
-0.016418341387992526
-0.011377062749338444
-0.0054554908130018415
-0.005933714416796503
-0.0018578065162101415
0.005269833465151441
0.004074438124816446
-0.0009295688955750219
-0.0003779391829867481
0.005562734776356571
0.011083532587082608
0.009597653109485032
0.0019280889981017708
-0.0023624715979712347
-0.002334706600607861
-0.00400389123025532
-0.002360354999974929
0.005153778259431771
0.00427741358591483
-0.0048339449000497706
-0.00410642994014167
0.0038417371922895007
0.005458516503169391
0.003281796325537457
0.003460447320131107
0.0003702439759808938
-0.004690922171371745
-0.0030853783460417675
0.0008373870406920932
0.0015691835699772278
0.003080624387493226
0.005651142319790388
0.0036269418334473023
0.0005089016002738989
0.004081332301471658
0.01069017443540168
0.012300827021159162
0.007816963804811526
-0.00022154777218504304
-0.002423742130823531
0.0037020182147342977
0.0036327941804039344
-0.0034124570587863966
-0.0025815772425677773
0.0026174876020155485
-0.0025383328733740475
-0.009757718518239752
-0.004394228521869886
0.004500093066755178
0.005107755871733302
0.0023564408519038895
0.001367096093550406
0.0006415329132669614
0.0011303531992607019
0.0031438498768275535
0.004328468740349567
0.004640386435990593
0.002737483881286283
-0.003339644754235301
-0.006864164377377882
-0.003750828289721594
-0.0011947703840587609
-0.0008649239034765125
0.0016743312359341676
0.0009716259129250866
-0.007320396169075276
-0.010153572346665113
-0.0031570176989415464
0.00032136412808047405
-0.0024554764054658144
-0.005067898891364135
-0.008077658557211027
-0.010056540188128228
-0.006467628724699646
-0.0016868061889766485
5.3188865815104426e-05
-0.00011711908951514065
-0.001067227222691433
-0.001902910926483861
-0.0027817486348604885
-0.0020723107767965107
0.0011248157609120347
0.0027422849817918256
-4.9852749219836565e-05
-0.006048990258048047
-0.008542569613259644
-0.0039350331048307536
-0.0003461376581609224
-0.0032802735861791952
-0.0067562727592427275
-0.0047383506626691
-0.0027545003033525904
-0.005596939329990322
-0.005751325610776943
-0.000803877968315663
0.001704240191036652
0.00010522386231198072
-0.0019327468928072163
-0.0025627353835974433
-0.0009493678776956614
0.0021256949207129516
0.002818563057601564
0.0009858598975116678
-3.4089578842892026e-05
-0.0010394375232660356
-0.0015689793454190834
6.017646200131698e-05
0.0014178204848691563
0.0015662371147016452
0.002159619001156491
0.0015172978873687812
-0.0028079502437628845
-0.005027447004115435
-0.0004568533810564314
0.0028551710973434546
0.00039504821589827
-0.0020073551935586
-0.002164739268908381
-0.001772082981699227
5.028656545637633e-05
0.0023799368690922617
0.002947366799341058
0.002849715293941547
0.001673431902210748
-0.0004452083995115185
-0.0001924980216768918
0.0015971999329204433
0.0023353831937568885
0.0017509247312046737
0.0001919340933782632
-0.0014237087378079786
-0.0023086798877471146
-0.0011684077855437685
0.0005891174364246553
-6.630466487964125e-05
-0.00206100761553425
-0.002671283445658852
-0.0019133976827320927
-0.0015456773634490047
-0.0007829900019661239
0.0006607380662321767
0.0002705387736037264
-0.001035315023084574
-0.0013192755639480132
-0.0017414009316501897
-0.001996851211392264
-0.0006109163035010486
0.0010758056509297478
0.0004358489426618622
-0.0017455247833791695
-0.002936828066942169
-0.0022042616642262156
-0.0005523146694584202
-0.0005650568212985606
-0.0020582237306923457
-0.002130443258868307
-0.0013277086469564686
-0.0024211436052102484
-0.003941848648518616
-0.002323653307303777
0.00039683732003164727
-0.0001816718463647296
-0.0023004721888849793
-0.0023595651685807697
-0.0008793372759555689
0.00022385878347850065
0.0004015038427068301
6.0625047778515034e-05
-0.00018022284207409796
-0.0004039195229418092
-0.0010814801812908455
-0.001207792720053062
-0.00033430883205232614
0.0005046341055456894
0.00014340132619284913
-0.001734794017386067
-0.002734582100836854
-0.0016140705273617628
-0.000612907170583342
-0.0008611787958869242
-0.0014138762972924917
-0.001434116080022283
-0.001216712895634359
-0.0008381909855961373
-0.000490328116560847
-0.0004614535229106661
0.00039381234039538837
0.000717672937742455
-0.0008301265203320505
-0.0009542352463328038
0.0005710806070971304
0.0006884757547181576
8.845535718960514e-05
0.0006462189838253261
0.0013701158601446516
0.0008343414617428496
0.00022532562953487658
0.0006724280396144726
0.0013820786847888098
0.0015299120874616053
0.0007000689530325957
-0.0003670069527872297
-4.9175964348799595e-05
0.0007414349662488634
0.00030025237101993476
-2.867903730541985e-05
0.0008425401452353218
0.00106245207049877
-0.00020195148716995378
-0.0009837807305024693
-0.0003988318891258689
0.00039713694197553287
0.0007351322625332577
0.00035047429229913464
-0.00042336960719372395
-0.00033728976968313337
0.00012996265098441258
-2.1471607535077013e-05
-4.408369449847599e-05
0.00017316805198127065
9.950043871969289e-05
-0.00024942787031781904
-0.0007969220387629307
-0.0009649688814695896
-0.00046314636180908443
-6.2666007597999466e-06
-0.00021710710584362552
-0.0008065760417148996
-0.0008497306245434388
-0.0005884114708437048
-0.0005371018495926007
-0.00043411136219524476
-0.0004125849186809096
-0.00046456726545854814
-0.0007486755355960191
-0.0011510169718741091
-0.000838515020225393
-0.00020819697607291624
1.180096876062606e-05
-3.94961269723556e-05
-0.00015989267048976768
-0.0002705009313702065
-0.0005836416400502731
-0.0006386375209306505
-0.0001438997348965219
-2.510848819875796e-05
-0.0005219234347130445
-0.0009620903781296355
-0.0010039730932974804
-0.0006016889223355838
-2.276400333991092e-05
0.00029555505031319477
0.00035684215712118836
0.0003863902910041713
0.00025154826749725214
2.6286567328887958e-05
0.00038479165689545166
0.001047953354936462
0.001186569210618825
0.001123275864882033
0.001206449613019543
0.0010817756813987069
0.000986576691359091
0.0012291282643235848
0.0013977834099363033
0.001219475604797409
0.0009165259078778396
0.0007333307351723115
0.000734356155116859
0.0008999459979803641
0.0011037621316655844
0.0012031036513102968
0.00119995688978127
0.0012275728739433117
0.0011850485707275854
0.0011073810137551686
0.0011889685646336602
0.0012904341199730515
0.0013480667210624031
0.0013813413280254591
0.0012777188307877046
0.0011173231540438282
0.0011255763014862078
0.001275582548541988
0.0012600598163310616
0.001114265224849378
0.0009743701714159577
0.0006896409869113985
0.0003949942794049492
0.00022325383453157047
0.00021218972831069924
0.00034531160057938267
0.00022114039301419645
-0.0001358596705277702
-0.00023107426016572813
-9.564212620870545e-05
-2.1529128294635834e-05
5.380713806730495e-05
0.00019080682690176694
0.00010287831505931597
-0.0002461296938697408
-0.0005209978954903402
-0.0004802345930180492
-0.00015926167385580994
1.7854214945352176e-05
-0.00018882648886324333
-0.00042290576042603497
-0.0004761821067970751
-0.0005381140831806512
-0.0006655951384481278
-0.000684873196981508
-0.0005541106520905955
-0.0005529767634326271
-0.0007404418150111637
-0.000784564032047103
-0.0006255799294294026
-0.0004155128171860752
-0.000293418498074596
-0.0004078462649290346
-0.0006119711666047649
-0.0006494261824723824
-0.000614210075063149
-0.0006189859897058614
-0.0005150576995556595
-0.00043022288142957295
-0.00048578209832537294
-0.0004466723740274909
-0.00035347902861849545
-0.00035703637348713415
-0.00034645010972687336
-0.00033061129865329456
-0.00035189564146590515
-0.0002848946383306193
-0.00017035036552792728
-0.00019639570789938953
-0.0002420397933256688
-0.00012728351244999914
1.4632722090349503e-05
0.00011031677240625304
0.00021754096730507556
0.0003004181926833682
0.00036469479695534974
0.0004785372208145217
0.0005599569416027762
0.00054384052485011
0.0005579218561158023
0.0006130714085807348
0.0005799522741463549
0.0005333498249238726
0.000643871733315958
0.0008062029467383676
0.0008558796046088865
0.0008318957328987065
0.0007590322183424866
0.0006977630778648082
0.0007126190830202345
0.0007435480622425448
0.0007962170420203437
0.0009019210482422797
0.0009516194783221284
0.00087151791686628
0.0007724509573933428
0.0007494440975361475
0.0007807111289928363
0.0008068114247432712
0.0007479428534425455
0.0006269124087305313
0.0005259874106159468
0.00047410748294144446
0.00047963120639276833
0.0005042782887570323
0.0005245163142062903
0.0004913089657683705
0.00038262888455313764
0.00033591813507362394
0.0003427247143063469
0.0002638698324376731
0.00015022579268331054
6.234582996236138e-05
-1.3360575196720817e-05
-5.915296864081434e-05
-9.678520922527758e-05
-0.00013278349357842274
-0.00010231695738618652
-4.4609223090747996e-05
-9.197597846204694e-05
-0.0002162476134829419
-0.0002759567982796166
-0.00027139353960888875
-0.00027120697223911855
-0.000303279373247029
-0.00035158500575348153
-0.00037716033363541186
-0.0003977470826022429
-0.0004216369224993732
-0.00043168345276434265
-0.0004282464071132268
-0.00044328275626640657
-0.0004973302601166652
-0.0005247674411710819
-0.00048451972009447915
-0.000419459498821908
-0.000369910722233637
-0.0003316253681315411
-0.0002957723651208604
-0.0002830184907420098
-0.000270344764765082
-0.00025266117719845925
-0.00024919044606025426
-0.0002432319698664867
-0.00024199313707713442
-0.0002072517435838827
-0.00010899889887217025
-2.902522359672424e-05
1.6659276638433453e-06
5.101862772738359e-05
0.00014933051028615543
0.00026147267464241166
0.00033461310007576104
0.0003303688719335782
0.000294451710505967
0.00030541747924230843
0.0003413747569589749
0.0003796626100442936
0.00043041497376376076
0.0004703010877008234
0.0005139742119514145
0.0005482410151805966
0.0005082377003236374
0.0004243401363977323
0.0003749769068585433
0.00036808585844254636
0.00036621531908064106
0.00035026808629614985
0.0003251856289158471
0.00030784984191467774
0.00031041400947491663
0.00029953784369601225
0.00024682528547059643
0.00018761394766038673
0.00015703677705952837
0.00014675874886701756
0.0001429809998578519
0.00016416709663771083
0.00021349340550178724
0.0002556274789617645
0.0002917238437555035
0.0003292811721006565
0.0003370311465215022
0.00031134785798448474
0.0002598360351198782
0.0001893543525194101
0.0001385602846724811
0.00010682728991623585
5.571974524046904e-05
-1.0501876029218291e-05
-6.729950354267127e-05
-0.00011354739744074473
-0.00014396079764353827
-0.0001501058314336867
-0.00016799717232863313
-0.00022692783386853437
-0.00028891992811204095
-0.00030973919903797546
-0.00028414489245992563
-0.0002451518564751203
-0.00023354966126012776
-0.0002508650982538823
-0.00027378508597017073
-0.00028767125067196634
-0.0003002079022908213
-0.0003196823093618822
-0.0003275991633965797
-0.00031898044498685066
-0.00030977952631881903
-0.0002949270236940026
-0.00027331102542514705
-0.0002718566516936624
-0.00029250941778105795
-0.0003038818398112284
-0.0003014335992976945
-0.00029357817153288286
-0.0002819474651567816
-0.0002764726993563487
-0.0002672836381818454
-0.00024248613630063832
-0.00020863408423415003
-0.00016113921378497294
-0.00010548758873172163
-6.124663244466362e-05
-4.5524803828687315e-05
-5.414171543296151e-05
-5.2212233285209104e-05
-3.07940570357197e-05
-2.1198150156177635e-05
-3.751116556889743e-05
-5.234532810657554e-05
-3.740579076295615e-05
4.5020325515490445e-06
5.8364209835744096e-05
0.00011653336929006999
0.00017350340008791986
0.00021824601174893032
0.00023793329585351927
0.0002452804633421568
0.00027257393160646506
0.0003275777878816191
0.00039481937547076145
0.0004513387376095699
0.00047199786027323886
0.0004619062694390876
0.00045292274670073447
0.00045037314318732377
0.00043361001851750314
0.0004030450843063374
0.00038135146995909853
0.0003620444448397968
0.0003356105959692234
0.0003383299889017901
0.0003651741579568203
0.00035334219119667414
0.0002923627007952864
0.00022922007246766206
0.0002047941421939447
0.00021203015788789456
0.0002174942307527061
0.000215877619384811
0.00020406866319175917
0.00017218373795505976
0.00013812266362770893
0.00010942764673173598
6.236115481234145e-05
-1.0742208172667775e-05
-8.934758090919783e-05
-0.0001463593074376341
-0.00018617320264949553
-0.00024117348418957078
-0.00032172100575532505
-0.0004061067253991624
-0.0004637617727837863
-0.0004962752022848196
-0.0005254649091772192
-0.0005566900033139112
-0.0005844290526251744
-0.0006019691049616887
-0.000602144676270106
-0.0005788044627431247
-0.0005517783298354655
-0.0005476404731967722
-0.0005529501342234904
-0.0005649008072612749
-0.000607047146310104
-0.0006529499478658399
-0.0006571416585960753
-0.0006219971757705617
-0.000570866078020566
-0.000525583436192752
-0.0004956307991681606
-0.00047346434741899244
-0.000465382359267825
-0.0004738153601962443
-0.0004767205449114999
-0.00045782154672989304
-0.00041706701652568487
-0.0003660415133919538
-0.0003156847192747053
-0.0002723735809353055
-0.0002419148987395707
-0.0002225181766094586
-0.00019178568116156734
-0.00013630449752296194
-9.131595164274547e-05
-8.903909854720834e-05
-0.00010733583487790773
-0.00010201643949938477
-6.061454552862996e-05
-4.978308556495656e-06
5.8287864313036485e-05
0.00013547156864797798
0.00020007115912867315
0.0002227504839321496
0.00021454530032662936
0.00021003676608742083
0.00023876825667086944
0.0003007857600865909
0.000370565179980387
0.0004320332902603171
0.0004896744655633962
0.0005429528140681868
0.0005688740445553815
0.0005457338666464837
0.0004885945641769737
0.00043213565802350097
0.00038678220069488943
0.0003426349919196531
0.00030463001828209694
0.00029029170266372514
0.00029369866257265945
0.00029296449645763113
0.00027789581505958987
0.00024308258655074923
0.0001922854572131909
0.0001458841047269722
0.00010876390165388921
6.53439601698854e-05
1.8558279413406133e-05
-4.435350076906416e-06
1.3824622405271087e-05
4.4155930135555254e-05
4.69453394535458e-05
2.18609975393927e-05
-1.9011039464009085e-05
-5.4872170971290855e-05
-6.159514199142983e-05
-5.354910851931422e-05
-6.048015516347299e-05
-8.46448100047345e-05
-0.00010105009592866013
-7.985703292469569e-05
-4.1180054908165995e-05
-5.004220109965952e-05
-0.00012356827082154196
-0.0002141306278057075
-0.00028316626692412533
-0.00034394834623453335
-0.0004106045756096163
-0.0004548578903119799
-0.0004582558769030117
-0.00044429838621893
-0.0004397137254816578
-0.0004455200902580095
-0.0004597869777073135
-0.0004951294111319401
-0.0005497315431934274
-0.000597876409322629
-0.0006321841427869622
-0.0006648046945931851
-0.0006808751002778741
-0.0006567055760011255
-0.0005991494725806677
-0.0005334561000374897
-0.0004900633084797706
-0.0004832368730058701
-0.0004902425418485688
-0.00047464282036318613
-0.0004296835175876992
-0.00037250139751830377
-0.00030212328984951994
-0.0002133893698867923
-0.00012244788096192976
-4.50381413683231e-05
1.6560992104664034e-05
5.56000624467036e-05
6.203347878647079e-05
4.4304701811254274e-05
3.351899395000257e-05
5.284340089171767e-05
8.217969677773249e-05
9.398452724063349e-05
0.00010569024886737098
0.00013637368331454133
0.00016676776239860254
0.00017717781172205916
0.00016433731713700315
0.00012437072919038259
6.701229253066419e-05
3.167135270017907e-05
4.8147427159282296e-05
0.00010950387815264198
0.00019980988612660169
0.00030936739355751807
0.0004187107022029268
0.0004944679426870882
0.0005170286863170688
0.0005065891315985802
0.0004985417715767157
0.0005060234655091736
0.0005262189760524906
0.0005551695189580723
0.0005901786661507064
0.0006230316057056793
0.0006459488182469092
0.0006539777497324221
0.000630071852854531
0.0005708974301578549
0.0005012804267590633
0.0004378301042451541
0.00038431818527764536
0.0003532380760956779
0.0003515209133586432
0.00035395022037853667
0.00032730349734135254
0.0002726204319052532
0.00021041806093013965
0.00014012634642820952
4.6377411026587515e-05
-6.29602121328694e-05
-0.00016239765588540705
-0.0002350722900857582
-0.000278898206850779
-0.00029791559513963646
-0.00030113791317517
-0.000323901536678535
-0.0003995418437729378
-0.0005152711261801595
-0.0006264598087269906
-0.0006960153767061005
-0.000719548926153903
-0.0007104164000038564
-0.0006832718629766545
-0.0006549541323847217
-0.0006254657494413739
-0.0005761890583164946
-0.0005030112540064942
-0.0004196673886579844
-0.00033660051944222447
-0.00026209550736312575
-0.00021156592785325501
-0.00018217805295683734
-0.00013808232586293924
-7.157710230610194e-05
-1.9585869346480365e-05
1.7085625418479691e-06
9.773865282114386e-06
2.177961465914861e-05
3.894646628794337e-05
5.0197467090837716e-05
4.549479100231692e-05
3.002478306308332e-05
2.6536265893131926e-05
4.716053858807191e-05
8.031172859411395e-05
0.00011452903552579425
