0.0
0.0
0.0
0.0
0.0
0.0
0.0
0.0
0.0
0.0
0.0
0.0
0.0
0.0
0.0
0.0
0.0
0.0
0.0
0.0
0.0
0.0
0.0
0.0
0.0
0.0
0.0
0.0
0.0
0.0
0.0
0.0
0.0
0.0
0.0
0.0
0.0
0.0
0.0
0.0
0.0
0.0
0.0
0.0
0.0
0.0
0.0
0.0
0.0
0.0
0.0
0.0
0.0
0.0
0.0
0.0
0.0
0.0
0.0
0.0
0.0
0.0
0.0
0.0
0.0
0.0
0.0
0.0
0.0
0.0
0.0
0.0
0.0
0.0
0.0
0.0
0.0
0.0
0.0
0.0
0.0
0.0
0.0
0.0
0.0
0.0
0.0
0.0
0.0
0.0
0.0
0.0
0.0
0.0
0.0
0.0
0.0
0.0
0.0
0.0
0.0
0.0
0.0
0.0
0.0
0.0
0.0
0.0
0.0
0.0
0.0
0.0
0.0
0.0
0.0
0.0
0.0
0.0
0.0
0.0
0.0
0.0
0.0
0.0
0.0
0.0
0.0
0.0
0.0
0.0
0.0
0.0
0.0
0.0
0.0
0.0
0.0
0.0
0.0
0.0
0.0
0.0
0.0
0.0
0.0
0.0
0.0
0.0
0.0
0.0
0.0
0.0
0.0
0.0
0.0
0.0
0.0
0.0
0.0
0.0
0.0
0.0
0.0
0.0
0.0
0.0
0.0
0.0
0.0
0.0
0.0
0.0
0.0
0.0
0.0
0.0
0.0
0.0
0.0
0.0
0.0
0.0
0.0
0.0
0.0
0.0
0.0
0.0
0.0
0.0
0.0
0.0
0.0
0.0
0.0
0.0
0.0
0.0
0.0
0.0
0.0
0.0
0.0
0.0
0.0
0.0
0.0
0.0
0.0
0.0
0.0
0.0
0.0
0.0
0.0
0.0
0.0
0.0
0.0
0.0
0.0
0.0
0.0
0.0
0.0
0.0
0.0
0.0
0.0
0.0
0.0
0.0
0.0
0.0
0.0
0.0
0.0
0.0
0.0
0.0
0.0
0.0
0.0
0.0
0.0
0.0
0.0
0.0
0.0
0.0
0.0
0.0
0.0
0.0
0.0
0.0
0.0
0.0
0.0
0.0
0.0
0.0
0.0
0.0
0.0
0.0
0.0
0.0
0.0
0.0
0.0
0.0
0.0
0.0
0.0
0.0
0.0
0.0
0.0
0.0
0.0
0.0
0.0
0.0
0.0
0.0
0.0
0.0
0.0
0.0
0.0
0.0
0.0
0.0
0.0
0.0
0.0
0.0
0.0
0.0
0.0
0.0
0.0
0.0
0.0
0.0
0.0
0.0
0.0
0.0
0.0
0.0
0.0
0.0
-8.67809896564636e-06
-3.008371765576232e-05
-5.135738575288137e-05
-3.943927063494956e-05
-3.224548141712824e-05
-2.685185398851523e-05
-2.3112191740752966e-05
-2.005908330826559e-05
-1.7800881587986273e-05
-1.9361699914342094e-05
-2.8229025988174707e-05
-3.575016727352217e-05
-2.49375405931204e-05
-7.367861893889598e-06
-3.6164742377025436e-06
-5.667176723437444e-06
-6.272037011256961e-06
-6.673758498796547e-06
-6.738251330690159e-06
-6.678386525592765e-06
-6.551627874728465e-06
-6.039891485794753e-06
-2.7048552457562207e-05
-9.539978970856671e-05
-0.0001917551932658782
-0.0002217607587411867
-0.0002167904244869099
-0.00025997546222539177
-0.0003279403940367061
-0.00040021993491624164
-0.0005064112350041996
-0.0005966431087131354
-0.0006730507866063135
-0.0007797802291199384
-0.0008511587050948342
-0.0009362434798242187
-0.0010768159690402153
-0.0012473973227905201
-0.0014270385252547807
-0.001713028254315759
-0.0020485273621943453
-0.0022827859041545323
-0.002360859582799153
-0.0025510734318670374
-0.002940975220844486
-0.0032949918410714687
-0.0035788900810642724
-0.0037813827044839996
-0.00393447947792608
-0.004056174653798882
-0.00424182631668175
-0.004334391184749008
-0.0044880068453013264
-0.004737518166376403
-0.004978210882112844
-0.004964978480470963
-0.004868039519609081
-0.004866808741126111
-0.005110142057811862
-0.00548077516867547
-0.005841344827502736
-0.0060537601488767365
-0.006359773506054775
-0.006629251518979571
-0.006968319657462288
-0.007483687325903079
-0.008222100181799752
-0.008937148321331717
-0.009253962358875762
-0.009115073389841072
-0.009016232712431661
-0.009449893141607574
-0.010377634079482572
-0.011706074329576347
-0.012857733426591043
-0.01378610114806186
-0.015107272497445161
-0.016828426178072623
-0.01949948573359496
-0.022723491539433986
-0.02486920428559125
-0.02619619290827801
-0.0275778052659545
-0.02723580175162464
-0.02600809023463818
-0.02609088062296471
-0.026789789056734077
-0.027440665436441993
-0.02745978038372173
-0.026735948902369067
-0.026058094179399176
-0.02485919188279837
-0.023054461841771925
-0.021830086985447708
-0.021867883765737485
-0.022528968091728406
-0.022941844401510036
-0.02223243759054643
-0.02072005683106923
-0.021898251931904828
-0.024927462171989156
-0.024775025645195566
-0.02253651823636071
-0.02035006694769049
-0.017830198082814212
-0.01564949005075756
-0.013786248922613787
-0.014645503847423474
-0.017955251971123413
-0.020153398533236725
-0.0210587850536651
-0.02329233417568018
-0.025429761920344122
-0.024864891909048847
-0.023906696124655
-0.02479087182688356
-0.024165529339103684
-0.020725980003281005
-0.018169531791035174
-0.016555736837305123
-0.014029460664128472
-0.011979671676685994
-0.009574095303044284
-0.005934694518236959
-0.00392798845838107
-0.0049907781656852186
-0.006603915700341001
-0.005949261042436092
-0.0037602970299423486
-0.002080000606104043
-0.0012922800555892563
-0.000863623025879378
0.0010971349393204518
0.004796839836397204
0.007279270074628216
0.006648549529073845
0.005961865169159407
0.009454903854354336
0.014956360967482641
0.017484510110558026
0.018361089186585744
0.018380891943900333
0.015029311168816449
0.009616367032087488
0.003929271763673878
0.0005447475814313119
0.0011244201977724988
0.00308201209286244
0.005029444633541672
0.009380036362676257
0.017519365857717673
0.024502454830946763
0.023727880727210958
0.017021642244873555
0.0146365355280918
0.022349099059117066
0.02936781197694288
0.026895436894933265
0.024300904435932337
0.027490209605195902
0.03144881675459077
0.03206326340233074
0.030345915378627266
0.030801194581722847
0.032773549717041224
0.032393838191891455
0.02938110047648186
0.02479324434827956
0.019167724579623464
0.012721286964335823
0.006407643708953223
0.004046415988512078
0.006141988217004126
0.006450533452594783
0.005026194434435975
0.003659073892856673
0.0008274001267171068
-0.002756055263339069
-0.002635626986089703
0.005649292145575458
0.014896085823014422
0.018396382698316085
0.017947091828921232
0.016273292878923252
0.015300448031278542
0.01612389696977066
0.019160947842507735
0.020816226465662897
0.017970724382853964
0.014691580323088859
0.014738333228353525
0.015575526321430734
0.014561145250148106
0.01387937273326058
0.017112496399006392
0.024630844301924318
0.032345161733927895
0.039481886544909736
0.04494431626921769
0.04308097943380798
0.03681608750108559
0.030970257762116787
0.022808916997506125
0.01633805082826849
0.01697112384049106
0.01892415050732346
0.015935574174666303
0.011837426483727202
0.01325158097809804
0.015131585761314844
0.010672248467542264
0.0064101036745884
0.003525045208423875
0.002820067685371656
0.01052517800291498
0.018731230761783138
0.018763940849495755
0.015561644833985385
0.013693541343775591
0.0103548405952209
0.0055547535829675995
-6.865206294370653e-06
-0.004469031661765951
-0.0004250307417137526
0.011327457279114151
0.020109705326625028
0.02046719293089712
0.014715650402255207
0.009569211948129815
0.013961138887908254
0.0244280291800908
0.030998000914402444
0.031426450172799915
0.03146472273597047
0.03702273214602348
0.04410987678526771
0.05317713198854507
0.06415501665312025
0.06646034492503955
0.060684642724222096
0.05339467490113165
0.04179256927028072
0.03210804534772782
0.035180532532902486
0.04197703480814156
0.0401756765860917
0.03083728663387533
0.021206231825687812
0.01872843112263401
0.020793671525432267
0.023946368590548314
0.030924487661682064
0.04018924052563436
0.05069118419358388
0.05932857700889767
0.05443059721653107
0.03740581406748742
0.02026391248324228
0.005749221609981453
-0.0058893807687043845
-0.011494202294923782
-0.00854501369482669
-0.0027719482716374835
-0.0030589245146890706
-0.008528716294869048
-0.012810201158317222
-0.014058692803372458
-0.015302158213632483
-0.020031049701187877
-0.02557875484951029
-0.025403185687675085
-0.016935504736655643
-0.0028692907541399
0.006757983237217256
0.008572202528747259
0.01039712951119305
0.01411569549944975
0.00969119915777072
-0.002278129470570787
-0.004684071312570381
0.006722157325750109
0.022248246342418294
0.028444312290220777
0.022093211294160812
0.01688566662119566
0.02174297705632847
0.029100165161170317
0.030246475558806094
0.029512028940287354
0.03481156145056534
0.04231034180531499
0.042746665553404325
0.0370411978076333
0.03167629645531843
0.02839821164341533
0.023241067301804058
0.016408387995192876
0.015093444347359711
0.018830891757757075
0.01876063950821138
0.01422969518416466
0.01317787323343099
0.014510757568941109
0.014816941451322072
0.015879602099183907
0.015893553729355896
0.015461171820899905
0.015513384119329716
0.010459971290050373
0.0015870670357628945
-0.003264024627311641
-0.004211413812562911
-0.0017760476800627388
0.007259441274063685
0.017352823198617372
0.019269592536102685
0.014029246964698835
0.008390533805866294
0.005787239468137427
0.0033280199922338946
-0.002548582149018749
-0.007820339355398631
-0.007061501451781888
-0.0011240230188126177
0.003997999669559006
0.0019592252327929128
-0.004303237347398702
-0.009259954293660588
-0.014396550879865482
-0.019309165132138238
-0.02470034305418007
-0.0329745270790879
-0.04267256677966315
-0.04923952229549614
-0.045137557843564644
-0.032804028023481785
-0.02849285947739198
-0.03373694125582862
-0.03952164725263674
-0.04614276996301369
-0.05584726529997162
-0.06560504673216036
-0.06631185630968486
-0.05594005125217332
-0.04471205485629055
-0.04003070811673971
-0.04409787367365705
-0.055179304113902095
-0.06210998968101166
-0.058474612061262934
-0.05662499790533456
-0.06795654498898362
-0.08641223334208466
-0.09714879294052887
-0.09132544157721681
-0.0764080589442682
-0.05935837247157761
-0.03831329217598098
-0.020109502722828007
-0.011245677487843135
-0.008406189371551917
-0.01004207461112361
-0.0184937526116
-0.031089779399574597
-0.04362996792184071
-0.06320525797230983
-0.09206291154813362
-0.11314295943743817
-0.11293199092130708
-0.09746142258344684
-0.08334775589534087
-0.07779060419333657
-0.0730068224421342
-0.0641653512396147
-0.05329912420607617
-0.04650223722795049
-0.047671228243169446
-0.05525629309842393
-0.06541151721819827
-0.07313879566470016
-0.08620352922250331
-0.10528784552735902
-0.11318148572598496
-0.10296273706876499
-0.07523251294208093
-0.040476199865847336
-0.02629585786563361
-0.04053267422537299
-0.05922262743712212
-0.06137665857593507
-0.049778355238694616
-0.04225768395137463
-0.04459759252022077
-0.04889626135339636
-0.05897757959973012
-0.0804781284539088
-0.10169561248361872
-0.10516487957666873
-0.09069211616268719
-0.08102734144767519
-0.09015728207936498
-0.10702496627402963
-0.11818240135433934
-0.11720363989267195
-0.1002598461016278
-0.07199271786722461
-0.0496695484663896
-0.047955528899947315
-0.06319748134525309
-0.0790665319631839
-0.08710221175001828
-0.09268652745511176
-0.09905316844032032
-0.10838722563086858
-0.12146602703256903
-0.12710499290850613
-0.12180107220490011
-0.11132907715482172
-0.09176774560010952
-0.07381859398470403
-0.07285608208758958
-0.07201559857958428
-0.06474406047582838
-0.06547516209080548
-0.07219944793416526
-0.08294691655712606
-0.09242804904102764
-0.07488461057525918
-0.045098929374597106
-0.045729951061061015
-0.06345636200927814
-0.05847665783052281
-0.04170271932984147
-0.047172439996458135
-0.06597917404340592
-0.0789567876702336
-0.0870692116660787
-0.09042922954074249
-0.08283847534739597
-0.08162453741080851
-0.10079947390141478
-0.09835353967101834
-0.06241205735190439
-0.04138558381128235
-0.04288602812267287
-0.040238466786732194
-0.033477379000028694
-0.028871497655700094
-0.029088445470944004
-0.044186934676035336
-0.07520980692391761
-0.10105653151189588
-0.09932200426058099
-0.08995819971193755
-0.08657208888418728
-0.07264425858818589
-0.05369281959995124
-0.03480006686793578
-0.028278099739528075
-0.04424276640315395
-0.05815500967296426
-0.052191257709831365
-0.030326512454492836
-0.01756517558666449
-0.023071545818510467
-0.022677457319905774
-0.01195419175751363
-0.009485217311466858
-0.006486653245011235
0.01571390019687071
0.028252932837946294
0.018089747537440106
0.002775145272203471
-0.020037586041025467
-0.0486642352515311
-0.06718666939016524
-0.06469783688401194
-0.04732968732636914
-0.014764249778617842
0.02113817686950744
0.03437759866398931
0.026565148376173894
0.025062663215341306
0.043851360088007704
0.05340391313380197
0.045527169980856465
0.04162869069496739
0.03272165168990413
0.0042903701347600945
-0.03874370852358603
-0.057314743987937955
-0.014676852672284807
0.05888811264771648
0.11288960014268233
0.13422850285032317
0.130396446574557
0.10530238765064012
0.07138589168139822
0.04828194870048839
0.04072778781405117
0.04332820670662928
0.05175724900299727
0.048461122230459446
0.018378924919313512
-0.008494493784422323
-0.001706668814951351
0.029087533354444844
0.06040408100508204
0.07967749217213767
0.09950593566402055
0.11246748337532501
0.1084052650213016
0.10274877747093335
0.0942161125862833
0.08715704890619178
0.0832076132248603
0.07778649423322485
0.08092639486017798
0.08990244578197476
0.09429038172940668
0.09072676894294311
0.0833700375996765
0.07776137149025306
0.07177762517776529
0.05870092033627373
0.04463241333063186
0.04911095171666011
0.06689534094683641
0.0770251312833473
0.07185000764789432
0.05570652880819893
0.05389717433956924
0.07380867464347728
0.08003386832459657
0.06333547765449014
0.05041752288065252
0.0581630887908726
0.0816652482663652
0.08715906133221778
0.06367262910775269
0.04766225469160883
0.053736713857235635
0.06926522787582488
0.08101466037953083
0.07300966459818989
0.05482191582047205
0.05417655056808987
0.07274321782525824
0.08319402055326235
0.07062218056564146
0.05287783779330201
0.05604646225959925
0.0709002229976317
0.06384039588548258
0.04979149572445236
0.055667927698794806
0.054726932352439354
0.03515882595795191
0.01758962934705149
0.003977842229170515
0.0068183971974525096
0.035874964459312875
0.059788082851832694
0.05529892586890877
0.03678036033348425
0.024564090725454072
0.031411421717223525
0.05939158229645948
0.0891925823164386
0.1033309528716235
0.11420646563197054
0.13556062108266564
0.14263215138583876
0.11842117188009124
0.07953384353192436
0.051578210048828906
0.0508106599907665
0.0598106567819096
0.06235553188606026
0.05970597482518066
0.04608330259108257
0.02762659906570674
0.027663063526196102
0.04253364807011734
0.047352493452723465
0.04141371540279693
0.03672131433668233
0.03693543214426429
0.03395309919169519
0.02352325849920432
0.021740071305226698
0.029190449966893756
0.03400364584175698
0.03716732967235614
0.03106984206226883
0.018912636663315198
0.021409653905209415
0.035153863043082836
0.03894310876265629
0.02640585972733306
0.002825537831957401
-0.02078382673938127
-0.026932833078282658
-0.01904925675750647
-0.0225067435654986
-0.039240631803260935
-0.048872218318185834
-0.045712128510044386
-0.041146580742734216
-0.04774563080525436
-0.05157463723035879
-0.03925061517821796
-0.032432457295132666
-0.04896741684058366
-0.07162229593191595
-0.066421721452892
-0.038710238692562314
-0.01755661085981056
-0.009224658778810152
0.0006412499329301567
0.021926722354138454
0.03711576200567983
0.03502557809999768
0.029364850696485072
0.03193266296162772
0.0412793755759247
0.05219788868107872
0.05375497544198787
0.04538073637304259
0.045651643794264764
0.06198902723452193
0.08419052163142539
0.10268926337141765
0.12016600195147702
0.13305183705048804
0.12541510711164958
0.106291924386215
0.10386653680045077
0.11330116828473404
0.11923049834109992
0.1262224472359936
0.12904830869681264
0.12389921934867082
0.11445207664690663
0.10009412807969363
0.09444845711973776
0.1051615460538766
0.11784823339455117
0.12454762933656827
0.12370196937349898
0.11642481780086249
0.11492717055766453
0.12594226995125168
0.13387989695442407
0.12320400401412214
0.10375224858175744
0.09116335158381587
0.0904238367772138
0.0892432118363322
0.06652284431778323
0.024348316450002655
-0.00972242162002354
-0.013106354627765873
0.007624040218601912
0.021901078165505565
0.009859406490425267
-0.009529251675119433
-0.01598032788935221
-0.01819470020100111
-0.023207298765647637
-0.026146379623141716
-0.022148364714192074
-0.013873911655265
-0.01640856370034578
-0.047254489991652625
-0.09213388846109784
-0.11699150034666801
-0.115594647363302
-0.10032976510048855
-0.08472795746079648
-0.07997234421880589
-0.08253036726994871
-0.07873088378864702
-0.0672869818069538
-0.05841815635483654
-0.05309649834441058
-0.050662002726120356
-0.05603800420636987
-0.06789585319263983
-0.08569544808031766
-0.10332473232026658
-0.10878441412274463
-0.10249460784309354
-0.0942603720362165
-0.09466629007845569
-0.10125224524206722
-0.10170128305160472
-0.09105265887990792
-0.0794245265461592
-0.0745561495379054
-0.07277131162983373
-0.07822709400057137
-0.08610496498963807
-0.08800617842537284
-0.09313374611267657
-0.10144234343820267
-0.10689098711050468
-0.10682968176658471
-0.09586638239495954
-0.07806488144433119
-0.06470256919507718
-0.06342869702677048
-0.07448449630274173
-0.08344361470718395
-0.0784503194210899
-0.06992006522771252
-0.07039478051164388
-0.07817602149537531
-0.08391925434948544
-0.08478372396451082
-0.08670433233312591
-0.09432619458334456
-0.10040882238599014
-0.09790063502183208
-0.08991544162192468
-0.07977765688254511
-0.07152959084006755
-0.06701991349228881
-0.06475561235629562
-0.06275835184581077
-0.06303589348623824
-0.0655559924804822
-0.06864252794199953
-0.07358979334223958
-0.07405786942160893
-0.06322735112839353
-0.04821849813311924
-0.04299028119284112
-0.05017028896975965
-0.060144383347149534
-0.058585395164476785
-0.0460936654580942
-0.03857228483245863
-0.037502612121459084
-0.033739675889971704
-0.032627215151270754
-0.044164219471019235
-0.05575202451746976
-0.05069352634849475
-0.032106391346686386
-0.009327799035910644
0.010748108850600145
0.022081811177176856
0.016581479871984023
-0.0020030659239635993
-0.013728102610343558
-0.010490243686752162
-0.003386164330417967
-0.0026710385701096194
-0.0018978649156669845
0.007729956811341897
0.020500293719014913
0.020605431923905026
0.005100274244736432
-0.007485820797680268
-0.003677328211932382
0.012200859283600315
0.02538319429564125
0.02781237839044816
0.022080303481057755
0.01171536887312148
0.004182201703451747
0.0017276307615051755
0.0008144318749307213
0.004181453838642918
0.007611696066052086
0.0055163426164806986
0.001182197012826569
-0.0037195064558511247
-0.011238613449351568
-0.01388237197163726
0.0018653274886892242
0.019503976622846496
0.014677244751121721
-0.002739157209178715
-0.009229902816613443
0.00019699754959291686
0.014448488077486726
0.024784099390643136
0.03030944111645731
0.031749438459632254
0.024361354358628785
0.008117079272971594
-0.005998315825328296
-0.010707242599838008
-0.01333392173061097
-0.018299679019835282
-0.014972957469172921
0.004018936994616281
0.021845155812746916
0.022470645016081987
0.013139332643802938
0.0027236516956976567
0.0010988252371710208
0.011313405063870607
0.01694576813315155
0.011496747412742375
0.008095454650957942
0.008422518068241763
0.007123313377099485
0.012781851067064118
0.027292088928347818
0.037987595116867605
0.043499760717294673
0.04480368129578105
0.03753985984257702
0.03133192697579763
0.03537899785444046
0.04818931969669859
0.0629330540127801
0.06060992073135263
0.03316095680918638
0.008734583643527678
0.011623112945153872
0.023544283721737103
0.018918642066934117
0.001357711173840856
-0.0124776458487274
-0.015997511302233397
-0.009141508761755665
0.0029592204575220045
0.009962431030501458
0.013543350538583496
0.02101343600921552
0.022005873451258276
0.012436394637014108
0.00958053271812036
0.014911110926125674
0.016925364055962306
0.01645188592347458
0.018345555474851283
0.020516517981600358
0.0217040038298335
0.02267899931336359
0.02139438800064395
0.01533904505267397
0.0006193338279771468
-0.02125308819062101
-0.034590629937434905
-0.029010616014150614
-0.01502187967003336
-0.004672551381967657
-0.005807076411601897
-0.017621892708142163
-0.028000968240132998
-0.032974143004022155
-0.03655649827470529
-0.03776613975981336
-0.036056790294457776
-0.03687087417815602
-0.037243937382041306
-0.03207662835599622
-0.02903377504070197
-0.03210821851714209
-0.035335064744989174
-0.035921701546680465
-0.038006523057715166
-0.0441005392800982
-0.05050796533725093
-0.05422467930391598
-0.056128279871356046
-0.05716058414626727
-0.06026346361858786
-0.07189668460333326
-0.08624220391372397
-0.08942360055823056
-0.0841915401854713
-0.08422094222223014
-0.08817020656764728
-0.08808444956903928
-0.08903934259734292
-0.09019718332228562
-0.08620910277853336
-0.08382624511692835
-0.08568344918904282
-0.0848537514042937
-0.07920675552413613
-0.07113581344763971
-0.06818950153834273
-0.0744293992350352
-0.07681481472175694
-0.06658323221624726
-0.050189671797862996
-0.03722110911342142
-0.038947353049587095
-0.055478780783889674
-0.06645783015161773
-0.06312945414982755
-0.054759687579378276
-0.043155757482146354
-0.0325928599750513
-0.02886610037779933
-0.029109718465770193
-0.03202529329707478
-0.03196075131198534
-0.023590164405071026
-0.01176012595114117
0.0007871447070297435
0.011204429240569764
0.015415992834677839
0.021345029160119638
0.03452578303272691
0.044781298493707426
0.0466386490027459
0.04094021103812998
0.02977353084870053
0.027810854124947777
0.041254578543183686
0.05389285424293172
0.05749838619087532
0.057767673275434035
0.05591691190083521
0.05168334912734214
0.050124953048146584
0.052170459689011545
0.05147817522336919
0.04727459403589399
0.0494087437416084
0.059541211418753584
0.06566158043143108
0.06753917444818422
0.07047658259531957
0.06988797869727634
0.06443002877174835
0.05834867665853776
0.05652751468993718
0.059899834776165256
0.06213764604817368
0.060163677263420035
0.05750444357569416
0.05174564653943596
0.043331589965565534
0.042552056437498084
0.044358273988277436
0.0368062840127971
0.026125277890650486
0.020965132904231142
0.02003420007584123
0.021551494342493722
0.024025221485175007
0.020927682188503743
0.010891564404975938
0.004023536210570916
0.008518513320319353
0.019551263645920854
0.024083159054358167
0.01563781107494079
0.002442121592312137
-0.00034275336214414334
0.010842290165915773
0.02263970008484944
0.021702260057659288
0.009850700367951416
-0.0004514450024488865
-0.0030002993660117163
-0.003834035478306998
-0.009127684582298375
-0.013632581361450541
-0.008092062065244944
0.0035578878156142402
0.010331201444537903
0.008659722360027811
-0.00015882221093780987
-0.008810928812865755
-0.009752382703236244
-0.006089728928866732
-0.00384339548230057
-0.005055248877603159
-0.007046407237500789
-0.004985503938626863
0.0009144398714826297
0.005427494164974722
0.00505420985384067
0.0013678793180386096
-0.0005005819413814707
0.003379152690250007
0.007756308460834723
0.007579587459876657
0.004972435027512
0.0021531741336265247
0.000255071286012734
-0.0011056937020322917
-0.0020444445970620056
-0.004592000853228511
-0.006917218684826884
-0.003926221207790765
0.0015007779729193258
0.006067983759629732
0.009209445511386196
0.00842781462164033
0.004568346850396915
0.003645283874315701
0.007373745595664441
0.01044683154816955
0.009171023955788893
0.005002845717879947
0.0025022193422534287
0.002006425373195972
0.0031366947059368556
0.008682809060958764
0.014453179077405438
0.01645402025111686
0.018108801482203025
0.019996309259045813
0.017521103264672128
0.013031523265448874
0.012328074290732684
0.012206703075263815
0.010822119466837378
0.011196840748425573
0.012625353638287803
0.014042320511854443
0.016687946426843944
0.020215846684577595
0.02149975702689555
0.018045427079112327
0.012961018398289599
0.012763569008951557
0.01651211787267356
0.01952752278838895
0.021238025330015932
0.01870221841646938
0.011729013496160647
0.008593765559734795
0.012654718199619882
0.018621857903373677
0.022222693627016035
0.02116488306826343
0.016892016440522805
0.013407398021761772
0.011427636224771979
0.010509064724701724
0.01054598269991244
0.012015348420522232
0.015297388044263298
0.017819371645959457
0.014657079454471608
0.00662536410227975
0.0017662867410397176
0.004221460438500703
0.008801754743803031
0.009518550074766196
0.006942426997684311
0.005252013343409465
0.006854690982523198
0.009096284835471768
0.008202296840893164
0.004676302686857786
0.002974381064754329
0.006319398007392206
0.010076589493050006
0.00739242381374874
0.000152199377905186
-0.005353476909927343
-0.002453872177813779
0.008327167161809269
0.014171461950832813
0.008847742762441919
0.00040916591174937334
-0.00406657283810341
-0.005468825981157825
-0.006497962875205287
-0.008340024459687834
-0.008956747179360673
-0.006692184742198266
-0.0030338396647205394
0.0012937579331946199
0.004137477513483848
0.003462839484726466
0.0031861775566400415
0.004104494671147071
0.0012348788372831543
-8.778522654832621e-05
0.004823336199545678
0.007172709840273202
0.00369554890118322
3.7773106918268725e-05
-2.2785416631832752e-05
0.0022326151047175552
0.003339322056982037
0.004165007183968588
0.006035128007514133
0.006314040955830495
0.004329387084337875
0.0019795407706103864
-0.0010048323903348243
-0.0016498167274354187
0.003964014190430773
0.010303074765254154
0.010012296434412198
0.004815686888729232
0.0013226662094109785
0.003060417838165975
0.009865404851052834
0.016532413181806777
0.01702244386508666
0.014434802781987213
0.014724063815206344
0.015936910320073182
0.016236603457653834
0.01588910037745584
0.013834325510920025
0.012010625536438047
0.011054709278841722
0.008242042074013686
0.003275959375517658
-0.000451945234402834
-0.00012349481035163677
0.004362129559898126
0.008203057764230933
0.009839168025102584
0.011971553242726673
0.012269472890815416
0.009664318012243659
0.006370064768099636
0.0056736093551748735
0.00812838037861679
0.009510506523968038
0.008598752671264235
0.006808478120027035
0.0043889973930092705
0.004277687776870908
0.007162062324748915
0.006939432667055331
0.003137588486630814
0.0019002975874805208
0.0020499080554199725
-0.0014286310837953813
-0.005905452308871604
-0.006648782676509274
-0.005339575146446532
-0.006443862414947795
-0.009346570798802646
-0.010717051223197065
-0.009027474102867947
-0.005505123898510596
-0.004041457738171412
-0.005273904357785523
-0.007036547485149021
-0.0065451698277452135
-0.0024433254775395657
0.0015731359456712063
0.0025891861111134204
0.001429025538260835
-0.0012310194026689569
-0.004155903777773268
-0.006119861967216401
-0.007820048567117726
-0.008679481843714199
-0.008750610866714355
-0.009006741073892452
-0.008730576568688156
-0.009058062233532014
-0.010124431077026682
-0.00922951183279947
-0.0061678617317732255
-0.0030975444770120837
-0.0018831500488659522
-0.003467493254235269
-0.006342166555136399
-0.006906718238867914
-0.004442846148490808
-0.00023393125468562458
0.00408369302397192
0.0053478629990026975
0.0027887659690407273
0.00035828666546978196
0.0018305112731635267
0.004695128051363571
0.004627590275675413
0.0015581495745770953
-0.0014196262982789274
-0.0018572748618015562
-0.00025289119650730217
0.0007624184875155245
-0.0007553534896561463
-0.002933344345308025
-0.003148581695579443
-0.0017173093230554003
-9.70216425356434e-05
0.00042879776516161866
-0.0001536644295230725
0.0007537567141919086
0.0036463405814481965
0.005093227666806492
0.005375373287834541
0.007375562618571044
0.008372830635158287
0.006233610552461513
0.004767436737539096
0.004846275768122805
0.0038921443542128545
0.002617853373453303
0.0019347533091254455
0.00012957931827393363
-0.0015452737036441336
-0.00022476212165293953
0.0018492562291492246
0.0003817647548827181
-0.0039733856481737285
-0.005776603263384227
-0.003199727196838653
-0.0010340069706936718
-0.0010450594078214737
-0.001158713848608906
-0.0014861285957471835
-0.0010256767590401251
0.00043878695038964316
0.0009786419646386005
0.0009130075326154944
0.000795787203748852
0.0006348505312279639
0.000837691202698333
0.00031055071544928265
-0.00155202865147945
-0.0038950353102240585
-0.005591363470401015
-0.005078047643230736
-0.0035043514715039307
-0.003959538208419717
-0.006466261247302197
-0.008560063957489653
-0.009548671931954541
-0.009474260746116465
-0.007853836173120821
-0.006145496222231507
-0.005974389485825113
-0.006386007663039628
-0.006174330461318608
-0.005323274887757174
-0.003325019287192404
-0.001022895932739269
-0.0007917516738422483
-0.002289992384762137
-0.0032211415855159277
-0.0030234038906244817
-0.00241540656177393
-0.0016245799859353023
-0.0018506761540063531
-0.003820169399674568
-0.005706656756169608
-0.005877420100076408
-0.004367826249435531
-0.003114916813114828
-0.0035070681168060066
-0.004788682261702944
-0.005143966108236636
-0.0038389113631346374
-0.0026845450553939693
-0.0017367000170095644
0.0001805326148303853
0.0014004760131927205
0.0013052347373146268
0.0014429827849847298
0.001905170792004231
0.00223494968836949
0.0026117658256584494
0.003249380877361029
0.003973783960245423
0.004456218277912518
0.003856924799086131
0.0018973550078074121
0.0007186526071164492
0.001663683743007696
0.002878296880805747
0.0024017916337674616
0.0008733147836799741
-0.00042451257653858076
-0.0013964206486341676
-0.0014031537616480863
0.000311238539976779
0.0021234537146732277
0.0018102570850914315
0.00042460483194655665
0.000747913382183637
0.002714931281871519
0.0037101433403010538
0.0031537085503073646
0.0025293062709902227
0.0020792509782803998
0.0013928568908968468
0.0008857297055359463
0.0011000786424660426
0.0012129912480014341
-9.298683310048735e-05
-0.001972052946552284
-0.003122607072073339
-0.0032069976204763613
-0.0020801788651058665
-0.0019071369715354914
-0.003761456487145074
-0.004876975117107976
-0.0040291995758775425
-0.0030802476298618956
-0.0028239780347127136
-0.0030799553539977396
-0.0037509834352460222
-0.003361023333234775
-0.002105883195065495
-0.0020615394998997894
-0.0028673715150165824
-0.0028893763990520704
-0.0025092566973479256
-0.0023703311223884295
-0.0021231735694886436
-0.0020259405262740993
-0.002480398352264488
-0.0032083564386970924
-0.00373580504262802
-0.004192768846264318
-0.004444682281020612
-0.004313007096907644
-0.004390076251437388
-0.004709148908027867
-0.0050003391690953925
-0.004543342674496235
-0.0032458673183700477
-0.002424535170936985
-0.0025538739502770657
-0.0029452239188716514
-0.002003969021688923
3.3204559297617445e-05
0.00020705236805529067
-0.0012115906420932922
-0.0014759540992105545
-0.0007190011603023097
-6.186985445106218e-05
0.00030253607891671583
8.634204125079727e-05
-0.0007471697236518856
-0.001346683810431089
-0.0010239190826047944
-0.00025612269529380036
-0.00010445733658904409
-0.0004169859073220203
-0.0005166248242353905
-0.0005724015026946993
-0.0006345685846177039
-0.0004156895622453191
0.0005391774968044879
0.001440155191398316
0.0011539555426606104
0.0002471496571688005
0.00029109667495772585
0.001819247328315185
0.0031360740025510804
0.002993038055332989
0.002178473269055454
0.002057215074428491
0.002812035219606002
0.0031824182920009896
0.002537563944494992
0.001915012415133301
0.002004929155958105
0.0019723340141750588
0.0013925241179387415
0.0005918386164216223
-2.4261277258118493e-05
0.0004361344417205978
0.0013903019735280937
0.0011407804544270514
0.00032169185207412787
0.00046483070074249783
0.0010126211966216083
0.0009540710552885071
0.0007806027314027364
0.0008924475626119178
0.0012344181853964572
0.0013841943450663896
0.0006334040505127481
-0.0003098913581323515
-5.613324603048812e-05
0.0008304495045890132
0.0007573421291427497
-0.00019981792598296744
-0.0011684678666575145
-0.001384045947708765
-0.0008045322802611938
-0.00044996245976686595
-0.0009110442190816469
-0.0018366105876434734
-0.0023081353826796295
-0.0020917175087100445
-0.0019989629089997908
-0.0020898460715286075
-0.002003145370033465
-0.0017467562152453898
-0.0017112849192896654
-0.0021025478532706973
-0.002084483933535261
-0.0014040877697419926
-0.0006617692128760976
-0.00034150667137516894
-0.0006357116901653056
-0.0011272358504582636
-0.0011486997008310692
-0.0008548655968306438
-0.0007308571197078533
-0.0009869430146478865
-0.0013312420540638732
-0.0011229207255130903
-0.0008248763975718096
-0.0009849329941453795
-0.0013303619691718358
-0.0012316215286159039
-0.00028762017815419207
0.00044995844212783177
0.0001423196548742732
-0.00024860735245206474
0.00017903790793930563
0.0010500693364585078
0.0013188171054415937
0.0009683914083996732
0.0010162106200833848
0.0015686871633861104
0.001826126119888176
0.0016030867270361035
0.0015438387385579666
0.001907293220525352
0.0022778177772562248
0.0021468613785380663
0.0017335420066719011
0.001699431419807944
0.0022229828024689716
0.0026207102644708667
0.0022704827932176546
0.0017772910304776157
0.0016765028103256326
0.0018764688927032228
0.0021938501061880785
0.002230157394392882
0.0020024536952464797
0.0020651912471168236
0.0023580967913144923
0.0023689727697602243
0.002190458529876808
0.0022393494718921363
0.002396918829924886
0.0024653531191971864
0.002358038218536236
0.0019405515977937422
0.0015539207848937195
0.0016019448334790255
0.0017189976341265263
0.0015021285619786198
0.0012230535500923905
0.0009975581265940915
0.0009778468797206265
0.0009510556060507686
0.000534725942968492
0.000208361673164832
0.00035717879775336395
0.0006414962890078058
0.0005225149100586617
0.00023541933378817828
0.0003238195036185135
0.000564016045137566
0.0006280419875269833
0.0004597888032986967
0.00016286887768076185
0.00014210897584990173
0.0002584650141553572
8.444113913532333e-05
-0.00021172929291852084
-0.00043899723967049905
-0.0006412209796176694
-0.0008266785889180421
-0.001033475689277073
-0.0012219721166734062
-0.0013470592131624465
-0.00126729590138393
-0.0009912810518374348
-0.0009730308738230081
-0.0010545112192556286
-0.0008158081211160523
-0.00038528945412432054
-0.00013211454503316697
-0.00027302111331484516
-0.00044417335235212525
-0.0003078437713573747
-7.991616635171353e-05
-8.416870260464826e-05
-0.0003474063917744242
-0.00047157252703402305
-0.00022503381825980418
1.5163583439357008e-05
-8.777505202357371e-05
-0.00038791577875499524
-0.0005500110161692089
-0.0005424957702413974
-0.0005522582386626771
-0.0005298650929080566
-0.00036750297800387604
-0.00018362566149163234
2.3554170244513475e-05
0.00017381897294951946
0.00018559404723616875
0.00028268056049540947
0.0004028006235151906
0.00042689057217460834
0.0005189769295511819
0.0008777412673775958
0.0013769849470051932
0.001820632368634593
0.002300864706730722
0.002769894520922913
0.00304893349982907
0.0031545167844704534
0.0032064650325727543
0.0032456953718228735
0.003211116055138513
0.003069119010315088
0.0029363169743359934
0.002908838302337452
0.0028529396301626925
0.0026743580242468462
0.0024454244500992438
0.0022759917668742913
0.0022355059728438845
0.0020632989061159443
0.001719558722367526
0.001492050907065627
0.00127815438148848
0.0009051600193901498
0.0005765189286220367
0.0005376446688004052
0.0006434896001230882
0.0006808807678074639
0.0007828207743087955
0.0010708995675923194
0.001471882115830375
0.0018539754605628551
0.0019174225126392772
0.001617473300068318
0.0013465710554325296
0.0012363146485828951
0.00106234283509456
0.0007287155424530002
0.00038073162219003125
0.00012474072720434996
-0.0001166411803267832
-0.00035815985033303227
-0.0006544660159541148
-0.0010420143509306794
-0.0012613911372204587
-0.0012445857408516158
-0.0011537906132115079
-0.0011097517662467492
-0.0012269500790052586
-0.0014675062984202752
-0.0015597579515549526
-0.0013021886292838192
-0.0008949188952654214
-0.0006069525737996626
-0.00040121163934876285
-0.00018169815530650861
-4.968423816851803e-05
-7.41125355199971e-05
-0.00014777176047942202
-9.159189573045373e-05
0.00018548330499151337
0.0005264750576071566
0.0007472355557640798
0.0008460532096738682
0.0009482456634391878
0.0010719683011015811
0.0009472313910039963
0.0005116262964460002
1.5102868550521402e-05
-0.00041318234328402073
-0.0007413184771268664
-0.0010217072485857737
-0.0013598551204725092
-0.0017678900715757814
-0.0020445731137045
-0.0019313284608895617
-0.0014896751669120816
-0.0010179787375719973
-0.0006881401364768222
-0.0005082475497420746
-0.00038139071209930054
-0.00017614229072292998
9.21051316695336e-05
0.00033887735941140674
0.0005412390217681969
0.0007214587115880213
0.000901876313823502
0.0010435275593902269
0.0011701459550184086
0.0013613405564472923
0.0016044158940280262
0.0018761067438047229
0.0020422751154285427
0.0019948834956802874
0.0018914029960628886
0.001837540152839687
0.001729217722698462
0.0014753195863218935
0.001129751132715046
0.000838339480590768
0.0007006127274847612
0.0007349071688496503
0.0008417481719623175
0.0008209081712559886
0.0007668091477268018
0.0009532727206160493
0.0013409019975457862
0.0017374919307508755
0.0020606091816097807
0.0023739342808123376
0.0027623706230338
0.003203053300219982
0.0036234060717956727
0.003907472564014198
0.004034187245184787
0.004068971856256357
0.003972844713426474
0.0037359013859726334
0.0034108912929009354
0.003067288544464483
0.0028062015285520636
0.002627940344206947
0.0024365536661520217
0.002207556250788259
0.001973766264026283
0.001716663606921891
0.0013675886970752336
0.0008846843518402914
0.00031629643024925363
-0.00027825739478014875
-0.0008591613490476873
-0.0014020134318035466
-0.0019312533682628325
-0.0024672352384759806
-0.002951361393650619
-0.0032378844514543686
-0.0032699975093664927
-0.003196274477544528
-0.0031686172945090637
-0.0032181789832074347
-0.0033010248978953102
-0.0033427716945249705
-0.0033267010028997773
-0.0033150001574598444
-0.0033782078382287688
-0.0035059928701680794
-0.003636632042219364
-0.00377557020654129
-0.003947679735081275
-0.00408322004035208
-0.004125923802138536
-0.004131327427072466
-0.004157300120835993
-0.004150426266830039
-0.004010897890369097
-0.003745516231284087
-0.003465457909498378
-0.0032766822211086066
-0.003157159416278018
-0.002950905279474378
-0.0025702982072800663
-0.0020912098017482057
-0.0016565234170872523
-0.0013507015596464535
-0.0010733226804935834
-0.0006743054603421245
-0.00015479269245289573
0.0004117308168734732
0.0010151898173593674
0.001706073645819334
0.002462277381239852
0.003170349177450619
0.003773010746867291
0.00428536747214825
0.004709283327809928
0.005074913068897701
0.00540646749846451
