0.0
0.0
0.0
0.0
0.0
0.0
0.0
0.0
0.0
0.0
0.0
0.0
0.0
0.0
0.0
0.0
0.0
0.0
0.0
0.0
0.0
0.0
0.0
0.0
0.0
0.0
0.0
0.0
0.0
0.0
0.0
0.0
0.0
0.0
0.0
0.0
0.0
0.0
0.0
0.0
0.0
0.0
0.0
0.0
0.0
0.0
0.0
0.0
0.0
0.0
0.0
0.0
0.0
0.0
0.0
0.0
0.0
0.0
0.0
0.0
0.0
0.0
0.0
0.0
0.0
0.0
0.0
0.0
0.0
0.0
0.0
0.0
0.0
0.0
0.0
0.0
0.0
0.0
0.0
0.0
0.0
0.0
0.0
0.0
0.0
0.0
0.0
0.0
0.0
0.0
0.0
0.0
0.0
0.0
0.0
0.0
0.0
0.0
0.0
0.0
0.0
0.0
0.0
0.0
0.0
0.0
0.0
0.0
0.0
0.0
0.0
0.0
0.0
0.0
0.0
0.0
0.0
0.0
0.0
0.0
0.0
0.0
0.0
0.0
0.0
0.0
0.0
0.0
0.0
0.0
0.0
0.0
0.0
0.0
0.0
0.0
0.0
0.0
0.0
0.0
0.0
0.0
0.0
0.0
0.0
0.0
0.0
0.0
0.0
0.0
0.0
0.0
0.0
0.0
0.0
0.0
0.0
0.0
0.0
0.0
0.0
0.0
0.0
0.0
0.0
0.0
0.0
0.0
0.0
0.0
0.0
0.0
-3.4426343935097686e-06
-1.1335621046552161e-05
-1.8411619775075693e-05
-1.4556861377395075e-05
-1.5232075906983889e-05
-1.4992818951112008e-05
-1.5599929725931633e-05
-1.6275878694733812e-05
-1.7212101314584893e-05
-1.9513547336933932e-05
-9.973161340157095e-06
3.684255716984223e-05
9.799870478471356e-05
7.104685627264237e-05
-3.080031167234267e-05
-6.872824840922984e-05
-5.28473897397251e-05
-4.673236273406771e-05
-4.5614219446668926e-05
-3.0726137097905345e-05
4.251742483529937e-07
4.344173755298941e-06
-8.024620057152883e-05
-0.0001575155282842101
-0.0001955596790073441
-0.00011774298299990574
-5.16290993069462e-05
-5.828160935457178e-05
3.719184550751607e-05
0.00020818423323950034
0.0002741678483827627
0.00040291005841281173
0.0004145366106387383
0.00034639085682506123
0.0003385580852779634
0.0004770498332064298
0.0006472589012915072
0.0006762305317893758
0.0007056924763780964
0.0006210771810626108
0.0006827000350544386
0.0006564068401214495
0.0005638399176120654
0.000563632545241658
0.0008980865600793832
0.0013164991302789877
0.0013660046565950352
0.0010311950602010038
0.0007867071874752499
0.0011101800001658564
0.001489427406859526
0.0016856414953180581
0.0017815206440711607
0.0017683902680454876
0.0015313091102634414
0.0017831898362817
0.0020060874414634016
0.0015576119336525572
0.0015276161342521316
0.0018901044418598684
0.002465006529008751
0.0033744175494079816
0.0043245404700414415
0.0035164510923043407
0.002418690247419352
0.0021827991252188214
0.0025887333484850656
0.0035478687592370556
0.0033981272299276393
0.0029817609387669474
0.0033461886727266256
0.0038287205077279555
0.004696193702386968
0.006229808472341173
0.006243423561452117
0.004480001278642957
0.004018204759319945
0.00456183212344784
0.004605458627763918
0.004800365320309455
0.004947578214576193
0.004256869363614509
0.0037488794456164536
0.003950795812910195
0.003734315905880565
0.003893131082775832
0.0037591344116314723
0.002610256486718371
0.0012549856744260327
0.0014426486407295642
0.0023532516300107265
0.0008000976254835094
-0.004725221631365831
-0.008553397916683197
-0.007333614610720008
-0.006330147550551611
-0.007879042006137042
-0.009883170352638575
-0.010643121793539883
-0.00899472294468818
-0.009635034802755559
-0.012802862806727293
-0.014867864055281158
-0.015373606925282194
-0.01685233193094149
-0.02122840365701816
-0.022023614677014573
-0.018871974106984206
-0.01233205225743301
-0.004857387636489294
0.001284776798332743
0.0007846007986097625
-0.009533695324275967
-0.018407793571120008
-0.017774277945858466
-0.011630985938272243
-0.0036052323854032704
-0.0008943608890927067
0.0008569175972060307
0.005761110982073424
0.006070178894908913
0.00941599272177239
0.018420146678437454
0.015359870804468632
0.008668471912918497
0.009428501001509125
0.012839229394894115
0.021511396689645166
0.02796186653667145
0.02235946567942978
0.021401387915316202
0.0367546474524043
0.04728739162104698
0.03382995728169942
0.01829488805011631
0.02300453427050118
0.03111654774265191
0.03577056037212588
0.04205564531065338
0.04095601936162154
0.042181699796532114
0.05138709910407096
0.07034966865497994
0.107206782223185
0.12572676948789968
0.10072173336785827
0.05603087459815148
0.03133932820634617
0.04351774105034019
0.0638848603335142
0.07553450122465302
0.09106552010924329
0.10714145352669724
0.12655882466447022
0.13840276121159875
0.13242770214201002
0.15451395310458607
0.19584947303663305
0.20962613479497133
0.1851197621277558
0.1353574698169013
0.11681117876788287
0.1556028788272127
0.19911202683068455
0.17794217657078287
0.1072971307224009
0.07691437164957103
0.09565990078922616
0.10755984813736857
0.13054043869688225
0.16812586532500434
0.1541557388402925
0.09570795727381817
0.030638172317897228
0.002027698835747103
0.05063920913477025
0.10375236596536846
0.10358493659900925
0.0979833959997205
0.13094054837549501
0.14766438308494076
0.08482339946890852
0.02013980178150045
0.046742193614723836
0.11708051561403067
0.16285295260733512
0.15438093731215105
0.13759348867923438
0.21842312459950378
0.35512696919814285
0.44721166648538546
0.4567177494237275
0.3571235087169174
0.2173430708838776
0.16940754492791862
0.2320578110813991
0.34961827003455925
0.4645180534277573
0.5170071444751569
0.453173820595295
0.34018933133124457
0.35048368082973563
0.4494561977071824
0.4753378990143855
0.4102315666197495
0.31398120705099775
0.24356540276863883
0.22737637227298146
0.25086822970880995
0.29685606158725203
0.3149097289097372
0.27629362256283
0.21774151894802787
0.1497580531965713
0.11231910347503032
0.14525453894208196
0.18982205708066446
0.1997218451900644
0.1891157602030129
0.17749405695010767
0.15897212802677493
0.14960487539617312
0.19861187984034595
0.24286886782132178
0.2009210745110323
0.13483429648044973
0.09741458418714838
0.07497648577119596
0.0922982741630697
0.19228162496484516
0.286927282640237
0.23265355542295887
0.11820722260999128
0.11678488019074112
0.18021323359493244
0.1963860358558384
0.14505767959764618
0.06316860281379845
0.041480926517452645
0.08103264394605127
0.08825825224778445
0.07903582887950313
0.08404630735158777
0.09068550447919856
0.07345756585110508
0.01762288870622874
-0.008298285417043012
-0.007949905053883051
0.0013304593723369117
0.052315632182192776
0.09642388753159606
0.1257263666607954
0.16786736009088354
0.17004353098930142
0.1323331122149222
0.0940629683437665
0.038304139734741394
0.04223860104109602
0.16717464946535124
0.2564240351268317
0.1683505729293982
0.0018808714077529559
-0.043516509504179145
0.04787200513122922
0.14161893222532776
0.20293867859560097
0.23373712008394945
0.17596672188140486
0.05896643180876466
-0.006930998023781959
0.029238541749937178
0.12057373845992023
0.17866614006943524
0.14514736590253258
0.04538218878654142
-0.02345989187627933
-0.02678062440893914
0.003552726202730414
0.045282699504495746
0.0691469986784644
0.052838861741305795
-0.01655567266425135
-0.10091229582677187
-0.11679642840963937
-0.06574327138604638
-0.051006169343325206
-0.08733399528758401
-0.09436181647647138
-0.06010011413441849
-0.054696166461450584
-0.11498175462278407
-0.11097950543943154
-0.012137530998964788
0.031678517052500535
0.006006000852019331
-0.05228358391697705
-0.08844928768732614
-0.07129693098502447
-0.05949685610644024
-0.015287048485554912
0.07440808398458855
0.09453583660854774
0.03987954338479011
0.01797584441247451
0.0655926329310097
0.11631892997053857
0.07368362372734646
0.02160566332032645
0.06574045848942765
0.12315306057572306
0.14675532449500217
0.13276285482389655
0.11927615313861362
0.1740301699655266
0.2614649075479505
0.2847157382075715
0.2302151566231752
0.1778820968583657
0.15119854240670338
0.1504505525911563
0.20075517304605495
0.24686144103307667
0.19240719874218518
0.08796491286236995
0.08525344504520208
0.15387107459529095
0.17112069041831326
0.14380783535706718
0.13676261133197098
0.18719205420648538
0.24590152492075565
0.23052449594122237
0.18674845960163797
0.1979310873086062
0.20497948924983353
0.13476180840076846
0.0925118546193979
0.20180607888648106
0.3578058740853213
0.40363989197576955
0.3281777610721904
0.22818549117445514
0.18505152176823664
0.18098929625845242
0.1823260052194917
0.15562286547078705
0.14537760316474327
0.20334068026509028
0.23106166718284235
0.17136454506068427
0.11535808383529227
0.12933813822118012
0.18306272401271162
0.20367255987150143
0.17538007341386225
0.13143349716137076
0.04795453598354249
-0.004028878669402535
0.06024372970795703
0.1537552886623329
0.1779413548149291
0.17674747100077293
0.2186383662572067
0.25385079748373407
0.2508690608947945
0.24511714390650344
0.22818612961607257
0.1932113838896836
0.16783923374731533
0.15376589787093697
0.15109837151467712
0.14407068409221915
0.13789113676689438
0.12742573903260979
0.08346509430121805
0.04573233101874442
0.07732515516958673
0.16142638115890381
0.18636641648539126
0.12774463123381372
0.08245893320576698
0.12257306102567522
0.2359748581148662
0.3137765320910077
0.26964174857319045
0.18379264722371752
0.11896979910749587
0.07955163265665358
0.09651637641674622
0.12807258269607372
0.13106642451008652
0.12683362523925967
0.08803614384371301
0.00935980790707359
-0.014569102495595704
0.01157559422774107
-0.027193508318427408
-0.10782590879337042
-0.11183644372827259
-0.08985137604591173
-0.1298931202292539
-0.1611488077236903
-0.14615401689828583
-0.13588018056259438
-0.15692611402425938
-0.18683353529531097
-0.20987052126157957
-0.21294989180287724
-0.16958947020090312
-0.07890246686946259
0.04403316606046334
0.14381194556698268
0.151255107598365
0.0806353697471993
0.035358676179232745
0.07834224123716202
0.14487981899549818
0.19139520582701774
0.24472443566507793
0.22292220332949272
0.12570794595096663
0.11508039163679959
0.18397725647195923
0.22756085089906486
0.23705949516081812
0.27736874522362065
0.3751816961900438
0.42786149880619445
0.37646388201644687
0.29552248341923293
0.21920977223937368
0.1256289891214438
0.05542889320510373
0.04260300788015321
0.018881755499189547
-0.015327611582019078
0.06450345287552547
0.19622356571811658
0.23173882808388815
0.2586387384692948
0.35279064592859105
0.348840356223264
0.2149670059991632
0.134422419541553
0.13628933152177805
0.15030532897087348
0.14576306954162327
0.11093075444333843
0.03490078510171793
-0.013952775366502098
0.01091324248555341
0.06367284325439972
0.12261688701245202
0.16844046852102157
0.15978055509321862
0.08619011572043114
0.025034370020730324
-0.016232674013984892
-0.08755638488735289
-0.13722141003426652
-0.08581902543184593
-0.0001250442030420772
0.011408304930310436
-0.014792129478787568
-0.05324689743277206
-0.06908430472293899
-0.00036571831987927683
0.08352379390008725
0.08778602256286729
0.020105083835868877
-0.029036036371974255
-0.03016170661917711
-0.05672225234254229
-0.08666881812287434
-0.09846700361901192
-0.12036043245078365
-0.13336277269782568
-0.16597049037267012
-0.16785955946467845
-0.07073278983220388
0.02643938751247615
0.08455558077375919
0.13720656533871406
0.11406249908879654
0.0022501979988980314
-0.06775341355159727
-0.09532751975748674
-0.14258239656712818
-0.13759011211912536
-0.07865144266426878
-0.046301119251672136
-0.060614452200357376
-0.04580362107424767
0.0288815336483385
0.05560146137486731
0.016824040483739748
0.004992589772814667
-0.023205337541709555
-0.09365858962894398
-0.12616615041288182
-0.15859458858724915
-0.13816025869362134
-0.00046017258675162153
0.08045020779185372
0.011368163488586156
-0.061138801353252024
-0.023002394472807493
0.02285916667482782
0.030361301751854124
0.07567218226231752
0.1090050061240921
0.059821084297386355
-0.023711662138066095
-0.04620668571380914
-0.014498094220112688
-0.005447476912924342
-0.013015853460068722
0.03496243764075581
0.12882734972050852
0.19058008265958112
0.1933307764088847
0.14179729191287457
0.07085365209985885
0.04158410586319091
0.07368362104354219
0.08223030634814132
0.052102822614017656
0.06532894050784468
0.06530919648136052
-0.0006010234150164699
-0.07025712887887875
-0.09722183446017361
-0.0707004388710633
-0.007430553807333869
0.030034942949912963
0.04108389772258246
0.02507602745438212
-0.025201040711642357
-0.016512057038648293
0.05811053811341618
0.11838374975173284
0.09567548079393282
0.031833363614418714
0.017347903817224633
0.03650078192590694
0.03344914697300595
0.03642831344951712
0.12599223280933572
0.23220948019097307
0.22524122690517046
0.10368308907194222
-0.019462390356776257
-0.043270973393299036
0.02179674433409032
0.0717178851298714
0.025694652874902222
-0.0429360921045768
-0.047284186279039395
0.0012007363413899163
0.02902808224973418
0.017893551918538808
0.050935474457180954
0.105599288134475
0.07810450404556257
-0.023364082170070397
-0.07172335088735936
-0.01932654647658565
0.015373266389067088
-0.045215981398423956
-0.11853354774236213
-0.1256204944004026
-0.10943772968570224
-0.10377363351203775
-0.09455016965737874
-0.09670321859983969
-0.10170381445833136
-0.060626522314553524
-0.012262978832381062
-0.015674876924009238
-0.042470964213222
-0.07348230121782812
-0.11699995562860624
-0.13957499531305817
-0.09202526622774099
-0.009775763414236109
0.026044606456721933
-0.010450996420963286
-0.029893118670123765
0.011286661313282334
0.021503446348971132
-0.009891123931336121
-0.039113926492276636
-0.04834964458955795
-0.07128345177518669
-0.13425541417315054
-0.1864052220012652
-0.18979433688462102
-0.10244572454066078
0.033379987815010115
0.07007910356111297
-0.02337531119691242
-0.0892170066088417
-0.04151062789544148
0.06421858888047981
0.1283390981286447
0.07326848380755858
-0.0033353614148882555
-0.0012527966425700766
0.022735639817497322
0.006075333911204254
-0.006117703925932638
0.029101618651828223
0.0591243567081527
0.03875656112379487
-0.0007699374158416995
-0.009208305106226175
0.014314291435531088
0.08483061926239169
0.13429250748270768
0.06554605562337039
0.004234489293890432
0.0548402201355657
0.11994489937426607
0.11408719310250581
0.09838485714885277
0.12253165934504875
0.12211553901164787
0.11237215821225452
0.15871757391862176
0.23420126757155438
0.27454171237873004
0.23669284844836536
0.15507001022002792
0.09220834157402845
0.05243029123546548
0.05151756170361296
0.1014321560275077
0.15218254745130022
0.15535401879691632
0.1301800661988774
0.09302963049916478
0.06574602145624338
0.12462050465225355
0.2298455834059605
0.2625851401859509
0.22355280694795687
0.18583192633545795
0.17265866975493654
0.1424985155754931
0.10244844169334116
0.0948062726459785
0.1299809789160851
0.20587498199364831
0.2420498265285716
0.165432388083511
0.07165794274496765
0.05528342548127328
0.08201032766524527
0.1216322052759064
0.16043485954143488
0.18421321020076495
0.17953030049409255
0.13659828210101949
0.09033124802449115
0.05184128979535009
0.03772062237634894
0.07531098735949651
0.11057568891296975
0.10193538417537287
0.08507348196774514
0.07199432482259513
0.05046417526695429
0.0815019831627907
0.17452345803591607
0.21337049744366865
0.1517275527505309
0.05261082324582332
-0.004528813592339823
0.01486271359562549
0.05240069329265346
0.02593454096136431
-0.004208867775739564
0.034495591108301575
0.06340429112791257
0.06601506942298553
0.08226530185769437
0.08533690741495698
0.07002096164191224
0.050164180176946765
0.015885216228003547
-0.025921117879076735
-0.03947137609981044
-0.007663947732893127
0.016238899477286458
-0.010434941970241293
-0.037359955916755005
-0.03204537255191372
-0.0038862180618506868
0.01453939954783973
-0.03099718971807717
-0.09889398767797974
-0.10128000178390166
-0.050980452269650395
-0.0017509223106106143
-0.008670139002891831
-0.039095049672798796
-0.004281078893863948
0.024520031926803982
-0.010343272785075113
-0.03512424414494424
-0.021872869778534906
0.0012610662267201964
0.00733353908611267
-0.011253762430192788
-0.039134248949579065
-0.07079809528724829
-0.07098421746961549
0.02219479993692132
0.1087686516279744
0.049704586828547274
-0.0541533957656677
-0.09093393111488267
-0.08322573176905072
-0.04471629020063966
-0.011513555915820097
-0.014936098613530022
-0.01769015342633994
-0.006846763815246394
-0.01608301518851693
-0.029258255065682685
0.01640194002806354
0.08197800583245536
0.059531924257225574
-0.03213728258250841
-0.07537203267336466
-0.043443421281282014
0.0008348070826331382
0.018447408689567877
-0.0036075492921117795
-0.04903703747047105
-0.060996795069385254
-0.03613970489648474
-0.012615687477997191
0.007768184131047769
-0.0072327057471453715
-0.0446953205150656
-0.036617589254020276
-0.0026779038299005417
0.011505850448425156
0.004091010226862101
-0.0012886233923793701
0.01847908157086003
0.04131418938339321
0.0367390922307039
0.03782273241589225
0.08202668497053298
0.13649456317429912
0.1575061171083288
0.1206145721201172
0.05302431703831908
0.016216795705885304
0.0031711049878900017
0.023716817891345252
0.07839529352078614
0.09880088280696916
0.07878536075044434
0.03971563637225631
0.0057597680620037495
0.005113555785967845
0.03251413709387121
0.07562895547214638
0.09457283741183428
0.07665347784267665
0.06542669120935027
0.0835783615269047
0.1062620664975667
0.09854109119752125
0.07285931921830896
0.06964361465572502
0.06419944874986384
0.017787801734063705
-0.015465245323829825
0.0020291891695293023
0.02143175543633229
0.0010654196172133277
-0.02394280931366385
-0.004198103747885321
0.017653363587043957
-0.001703403413538927
-0.018042087274701704
0.009940714230001866
0.023184595179848014
-0.027036858110420715
-0.0708458535338837
-0.061697473006570434
-0.020475074832661287
0.017631894664918806
0.03525733806006115
0.03982587225910681
0.026098854640598725
-0.003626481616777304
-0.03099971819864149
-0.030381001783554427
-0.0037014865898118247
-0.0005468599906204418
-0.035062247080865
-0.07427883071033484
-0.09086328280561612
-0.0611716350742859
-0.01706126497942767
-0.01999166921861712
-0.04841234002229469
-0.048982884680111305
-0.03699987407945471
-0.04047750411692242
-0.031154667802275677
-0.0041575801759299305
-0.0036952151805322675
-0.023041597076744937
-0.03428690325652455
-0.04593249186121743
-0.07052692427346427
-0.09827246340719485
-0.09632188485679202
-0.07634408154893489
-0.06642671074883852
-0.05268304754733086
-0.048792723352852445
-0.06680728784264917
-0.06734252938358885
-0.05058553627860782
-0.0643299448282465
-0.09480616138201642
-0.08974290584481025
-0.07190972769724005
-0.07847868285793294
-0.07665065848152877
-0.04010662354525207
-0.002824138880421335
-0.006922272317659539
-0.03014436552689763
-0.04942097079749141
-0.07776389207328019
-0.08692412409182908
-0.07760523860848398
-0.07210678989092736
-0.06126813153462741
-0.04061443209422934
0.0018273797004275626
0.05203942703807998
0.06418442648986057
0.016504288662504134
-0.05455866333293535
-0.10550509213170704
-0.11315606266220658
-0.0693245257635909
-0.019303490033297066
-0.014689315378013327
-0.047978310159053725
-0.06353712563557937
-0.042376277020091356
-0.021553307941157018
-0.014070084772604902
-0.0125638153230892
-0.014650025380801483
-0.028444955926714786
-0.04456314810296295
-0.030151519189267808
-0.014268485427641761
-0.031514475883746916
-0.04293332520675727
-0.04026169115825343
-0.05284318341627649
-0.059642881676761336
-0.03231056246602826
0.00512910974850072
0.030215986793278405
0.04907588315258865
0.04130080775627901
0.008693500741438712
-0.0073041038724264585
-0.008771330492545582
-0.017119502128730275
-0.019964383373687056
0.00028106823374548823
0.021106493660448793
0.01466462182557649
0.0010921812611622013
0.006109468875772968
0.02268966648791031
0.03373509043280367
0.026381150850676598
0.01346424777178488
0.020017833406274752
0.03849997365527509
0.040337264501042795
0.015274084525938786
-0.011585994455022793
-0.0037973321869599294
0.024439065907811766
0.027251309190350036
0.016872657868748153
0.013661189036588847
0.010616131679355538
0.025148135076970637
0.04195289536962808
0.031159413856342886
0.010813595406412389
-0.013064344194627509
-0.027553534208820254
-0.0042927085630370294
0.02750704636376602
0.040019701665521774
0.03856484584979721
0.015576736991255558
-0.011324401452981914
-0.014324261253224946
0.008972857164938284
0.03887407487325396
0.03419464900512035
0.003914444578071273
-0.0005577315693256823
0.014447935771963707
0.02179475062379513
0.024846343515460747
0.030041879468867924
0.04843498998426925
0.0670358652583235
0.06348837874981796
0.04895840412506469
0.031395208870320934
0.021484873597484723
0.02832550768224382
0.030242472979493718
0.013773742929996955
0.00012317194911197615
0.010457027234920872
0.022177665439813487
0.01057994055705137
-0.005931895660481524
-0.002648249866914005
0.020535939925552298
0.040775568819367815
0.04432532464296602
0.0317471975932531
0.007133081657563045
-0.009989510702897705
-0.006424897696893445
0.0072908929772941
0.01562798529537808
0.006349420802982299
-0.014742854985348629
-0.029906329391203815
-0.03481044477466465
-0.023022826497054866
-0.0038902087579624095
0.01212833076197605
0.030398725060011744
0.019569766322494242
-0.027263178478849123
-0.05127069931787062
-0.029379061702482036
0.0016427351967782215
0.015495432316121997
0.010109280995128584
-0.012336659106162594
-0.02209143104492653
0.0004941315811331403
0.025210199531743433
0.03082847133233065
0.026898996520626953
0.02345458179178864
0.014809155006374726
-0.00377962669306513
-0.020940529678866223
-0.025461034614924972
-0.014666952841375881
0.007852729143210242
0.026223230046609685
0.02788965529552361
0.021866906300046455
0.014398110078434976
0.003685088554391064
-0.00011992748833130721
0.008398003264519697
0.020060731483112382
0.026630418336684468
0.023161477307958533
0.006241535709132689
-0.016629022551998565
-0.017220053401356083
0.012335625570689802
0.03807543110438437
0.03956751208929739
0.02508168928230994
0.008516129029756778
0.001889369344966072
0.0052050603165324
0.006372210643464194
-0.0017023893781439566
-0.010469656675799365
-0.005325206495938732
-0.0010693251071799152
-0.014634685739686768
-0.024885281110672397
-0.018581009625765404
-0.000617705601854144
0.018636843035585337
0.025126062449295942
0.018182004540132277
0.0058246324684696205
0.002529091368406351
0.010038179480465108
0.009642485836399085
-0.0007249716504617807
-0.010205315136262973
-0.014621881271891542
-0.015926080605431464
-0.020532732741271358
-0.02312878646339006
-0.01368250283243586
0.006831730605083106
0.02566038432591836
0.026842118670746207
0.01277716130492527
0.002872406612012194
0.006849622947415949
0.0064948764719436345
-0.0060980392717897595
-0.0117886130062912
-0.0024597559303205824
0.012331221466407501
0.015309690847969099
0.00397438407792582
-0.0011125577699383096
0.011815633906575087
0.02693561877363299
0.024864612209322425
0.010418981135740392
-0.0019988320046556126
-0.005601902027152004
-0.0006085538824097857
0.003834196648361554
5.641404271674636e-05
-0.00734348140085418
-0.008340320863954817
0.0023030880494299224
0.01510852576347155
0.013408665840745796
0.001851588993803015
-0.0036251460055246104
0.00033785864233746345
0.0064334465594117615
0.009883383356763257
0.01364350280960297
0.012997056904940118
0.00509344808880581
-0.005167537498121502
-0.011563558354071895
-0.004127476797207616
0.012724612740483348
0.02084383355229838
0.013007074493040064
-0.0031873484218532012
-0.012485819141172742
-0.006753087358513995
0.0030779517713246654
0.006699078973570193
0.00853745644401007
0.008619545207561587
0.0002878752286816538
-0.008465084568511276
-0.007337840905144691
-0.004309214952786858
-0.0014942636446804677
0.008588403558872514
0.019212503367496907
0.02173575106189257
0.018506259145048515
0.010404319117819296
-0.00253803453352859
-0.011166841980341307
-0.0059337765020717175
0.006053131700817515
0.007320169356642437
0.0019667905420950905
0.004747497902208207
0.007244716460199224
0.0011025493748010823
-0.0028482617587113662
0.0034637135352702715
0.018052116516502372
0.027376130495917927
0.016068186910548437
-0.003782255694620427
-0.012046632076493013
-0.010629564562532647
-0.0036827809819077097
0.007586690859743683
0.02016392276222251
0.029280590849894463
0.022213180474313803
0.0020676467719130615
-0.010727431644714968
-0.0047352936409807
0.01192550562441161
0.01608258366600671
0.0051603916462899715
-0.006184825975224256
-0.01389046276458681
-0.017065686190683015
-0.015322938503171034
-0.0071161177122120835
0.0040134940619426665
0.009586869643096381
0.009929062901399725
0.007762356938462251
0.0019260390286003884
-0.004716104008673658
-0.007238212427464203
-0.0029498514730939658
0.007072441697021562
0.013897216817125002
0.0108641473113995
-0.0008498091297313901
-0.01710237503852076
-0.027549361467023196
-0.021379027697695393
-0.0024363619028811715
0.012602681489011995
0.013990064526314346
0.004200621626304923
-0.010132315683373872
-0.01906338989599224
-0.017820813188342582
-0.008624291384224485
0.0025471437686266953
0.005367779642010875
-0.0022287263018247916
-0.013207496627748614
-0.021298028167110898
-0.0181571222893445
-0.0009411470657908867
0.015947505035140676
0.021197130305162692
0.019018556297015817
0.008564538715982417
-0.010079619214935612
-0.021262693349006635
-0.01783242726659815
-0.00908375656184828
-0.0030970563207794173
-0.0037400435084787905
-0.009128158165201784
-0.016483158977766355
-0.020377877196566363
-0.014307218617216146
-0.004546079903905504
0.0024007884693917295
0.00651302355830338
0.007209728374113153
0.0027908488547993384
-0.005888083905172189
-0.011706706949917394
-0.011414235828759714
-0.004776697581853264
0.0064285649148992565
0.009073539796195943
0.0012403407449483343
-0.005448843652191066
-0.010637544343825621
-0.014073533140586746
-0.008180830560483002
0.006913072583183045
0.017664398664388053
0.011872314334802786
-0.003427681936138055
-0.01420028880709073
-0.0168252010804939
-0.012212274001599532
-0.002828528768150484
0.005109790514365078
0.006681297137328265
0.00301781371702888
-0.001381382689041317
-0.0019110566118419523
0.0031458731337643104
0.011451810948997816
0.019338245501044866
0.020433734829120254
0.01198339628924477
0.00043482917778986884
-0.007342219518902935
-0.00992091852839912
-0.007824579315251498
-0.0018670058546214451
0.0036591203488502222
0.005118292777299748
0.0025023424837399954
-0.002674728886144655
-0.0059856939539428295
-0.003544885818138893
0.002839598018948234
0.008647204317594193
0.010913262359535606
0.008827981189838182
0.00421703827079672
-0.0012867022070196
-0.004842078065333088
-0.0030232778050242643
0.003050358741419611
0.00953360787414979
0.010902849276194893
0.003795412774168269
-0.0054166666954361
-0.007465719926193245
-0.0027789915537814363
0.0019249671329574663
0.003094661667833661
0.0037130343400691755
0.001734874066297025
-0.007187275231340211
-0.013594515696987849
-0.01312570295823396
-0.010041260053551673
-0.004364494711669987
0.00024489317540091513
0.001409724474662203
0.001079108714007747
0.0001962531003363496
0.00024040675387910893
0.0022043961690093555
0.004461231678747707
0.004654487505482804
0.0030877409762530435
0.0014205888244615546
-0.0013565006809133848
-0.006766405049247083
-0.010813562944183527
-0.008216575529037623
-0.0042236832415064405
-0.003698822474561499
-0.002315883833965488
-0.0010161053979692862
-0.00349981028176282
-0.006661308415584279
-0.006381965022878284
-0.0043421800090702725
-0.002259684087458302
0.0014943775281301374
0.004164393195867134
0.0014939316314002494
-0.003472578510122418
-0.005458705694043233
-0.003707638121469433
1.0011217478083095e-05
0.0029809057565344
0.003618008511726756
0.002764850154770386
0.0008938064030982431
-0.002052509487988534
-0.0031049435391712846
-4.503733785630002e-05
0.0026854997957269536
0.0006561514649957459
-0.003545406819366846
-0.006237179433454233
-0.006820144694064342
-0.005042412764812989
-0.0028755210731336686
-0.0018182349384759176
0.0007149379234270838
0.0035101050037755236
0.004458091490402734
0.0052318196448426875
0.004491443086043269
0.003100786065965438
0.003462885216779396
0.0031384708863142633
0.0014917496207205163
0.0007901689078784503
0.00247883877958058
0.0032303153365890735
-0.000735200199804159
-0.0032611306471023588
-0.0009615609556737016
0.0005137675496137194
0.000866501761448597
0.0015115486838014477
0.0007939062224905005
9.685810416072455e-05
-0.00025441053981914717
-0.00132807533065356
-0.0013303472054827274
-0.00034193132543294867
0.001492365072822959
0.0032666994894681293
0.0021178173878370946
-0.0008739094158943339
-0.0022174533434645783
0.00031720764034858727
0.003616940790421757
0.003163792182952753
0.0013325056877853962
0.0010719934711673174
0.0008948718916579748
-0.0007143896247413509
-0.0030009314771375123
-0.0030482243202576125
-0.0018103315781179006
-0.0030497970751911015
-0.005348931934673896
-0.00546790591947415
-0.003591694041483068
-0.001577028776073814
-0.0009370206018628406
-0.0014694515316107278
-0.0011986761457542289
0.0001578183734980991
0.0014448019917708958
0.0016223873673423563
6.987762185542154e-05
-0.0016487563823568139
-0.00218188278714327
-0.0017765512416403246
-0.0011407052101801126
-0.0010944132120717027
-0.000381231406262008
0.0007148695103470281
-0.0008602487669159768
-0.003146829589811588
-0.0031371032722252302
-0.0021222548520406378
-0.0009729080600404876
-0.0005627970171002535
-0.0010356313475580364
-0.0016275613443480813
-0.0018735793700974893
-0.0018033774462982667
-0.0018032927415614606
-0.0008388524850888602
0.001115166590579222
0.0028672943676387396
0.00294937814164611
0.0011434189016128666
0.00024838619659802564
0.0018133550282968776
0.003556863586170435
0.0031271282769474804
0.0010821851545427066
0.00010217447717247043
0.0005817122563923415
0.0002867040887692818
-0.0010073489280929928
-0.0014878111476190248
-0.0008237885105162795
-0.0009834458929590386
-0.0013892639416739115
-0.00014521867749435333
0.0009435335413826648
0.0010458506006022323
0.0011600261344032017
0.00035445454152603336
-0.0002173263193307998
0.0007543209080235696
0.0014520644085810643
0.0014589126919126458
0.0011287512641453392
-0.00014692073050786813
-0.0015911490026142094
-0.0007667701902538137
0.0012409995755012738
0.0007520312247872541
-0.0004353057054836677
0.0002803697523820229
0.00010875248909185117
-0.00145432994535175
-0.002141567329395547
-0.0020653765279676837
-0.001130985376068468
-2.493422697468432e-05
-0.00011124176471521463
-0.0011524651220570046
-0.0016582463353200792
-0.0007807258633381933
-0.0004175988831853459
-0.0006298187065677688
6.566977640203818e-05
0.000729687401638702
0.0007088350298480674
-7.766570659670382e-05
-0.0012229911051991405
-0.001134466963017164
-0.0001464489685396522
3.7428280479747936e-05
-0.0010758720109079428
-0.0021184407897866567
-0.0016875123952369967
-0.0008585546605478578
-0.0009215923402342844
-0.0016398373564422012
-0.0019316358570202492
-0.0014372884138822168
-0.0008072401433058938
-0.00027116589377028773
3.2319049492670805e-06
-0.00012434026164938658
-0.0002741116068563982
-0.00039935326564725357
-0.0005973143018362476
-0.0003847633465765717
0.0003433033318651697
0.0008040605741917676
0.0006186982814157366
9.174339738881107e-05
-0.00039236745007451555
2.9358250914352334e-05
0.0011041221895482498
0.0014101677425362848
0.000776357049101121
0.000551918278932518
0.0009162655220041767
0.000494114411141954
-0.00015635077102384504
6.395155498923702e-05
0.0008382482677056277
0.0016816571001895839
0.0018612218354598499
0.001279044625845325
0.0008096644679998873
0.0011155344399554875
0.0017250640971270908
0.0016820589304968915
0.001542673876992526
0.0018460190323560956
0.0020475709278533713
0.00205182948807794
0.0018051254308003482
0.001490283119227876
0.0015526327025122896
0.0017665968782770106
0.0018079924397840428
0.001468510009919625
0.0011375576421652346
0.0013899622426004152
0.0014893996408324114
0.0009750547241412413
0.0007552097848520539
0.0011408382108706776
0.0014148588629864028
0.001216415652837904
0.0008786089548914907
0.0007098077838353715
0.0006100358800458708
0.0005792766340019251
0.0005528094964221862
0.0004522713751913889
0.0006306044824698545
0.0007777738748574901
0.00033383655603752517
-4.899595047275419e-05
-1.5441074364573175e-05
2.6129175609152184e-06
-2.097620673421044e-06
-0.0001226016617710508
-0.0004945527502797832
-0.0009592280236615765
-0.0011193168937934273
-0.001130738338096338
-0.0015696363797176212
-0.0018338254003657341
-0.0016381872716524346
-0.0015752546051510524
-0.0015709350153064242
-0.0016214533680869185
-0.0018127363023745329
-0.0018818887990710057
-0.0017303340369512264
-0.0014816414966039883
-0.001322688480173143
-0.0012445400607909009
-0.0011920130100879394
-0.0012328131467756068
-0.0012827008573748737
-0.0012661316507198727
-0.0012520005434300983
-0.001170445275336095
-0.0010286000324503007
-0.0009382375778319108
-0.0008560690163641272
-0.0007216921887614845
-0.0005601820600414113
-0.0006087812641724559
-0.0007416273648158319
-0.0003647604460367701
0.00015163093465261053
0.00023954822509465146
0.00018302343891781812
0.0001910764453932042
0.0002859282217905526
0.00046101164049859995
0.0006768337690117824
0.0007854261569859958
0.0008292008555951891
0.0010133461311012
0.001016511544298414
0.0008401014374865049
0.0009734431768891965
0.0011572634127469078
0.0010869725269748466
0.0009916214118459571
0.0008791178068872068
0.0007571687106835254
0.0007714488771273514
0.000912510219676787
0.0009792142222685306
0.0009320576789298533
0.0010058860988558219
0.001115775542097819
0.001190488985082039
0.0013186882544901743
0.0012805456592361337
0.0011452861542799108
0.00120448255502285
0.0013228632014738667
0.0013282662439214991
0.0012590323311842953
0.001199983502209693
0.001139749031453589
0.000965794949674901
0.0007753612202890944
0.0006927504914859183
0.0006417644920893725
0.0005746018683203736
0.0004638349821319486
0.0002843127795969047
0.00011441227836088904
5.678876309430748e-05
7.642132673365366e-05
-9.043213147098825e-06
-0.00013096930681626997
-8.507426252548329e-05
-0.00012705982098542578
-0.0003503538165201136
-0.0005090234139537226
-0.000601687902621501
-0.0006464925009274801
-0.0006350911748854794
-0.0006538777272245709
-0.0006895573314350205
-0.0006351308882220364
-0.000589959932046836
-0.0007435291535337083
-0.0009267799160474495
-0.0009730092110973388
-0.0010478247989854992
-0.0011538932437278402
-0.0011747578878907308
-0.0011899418048408113
-0.0012071006154984307
-0.0011641714664346696
-0.0011452904309287213
-0.0011778397260496537
-0.0011838067408186158
-0.0011674881730591139
-0.0011455149571428323
-0.001066534486556841
-0.000985988551375596
-0.0009945015218671236
-0.0009888489865653351
-0.0009119193226580074
-0.0008658462015751148
-0.0008561303170487543
-0.0008358167353304826
-0.0007962216426168382
-0.0007199489374179827
-0.000639031058248376
-0.0005302477882762519
-0.00030667970244049674
-4.426675021837399e-05
8.262341393198312e-05
8.930437355274906e-05
0.00012155934680158976
0.00024008828021769362
0.00044296606737188524
0.0006604488724765457
0.0007990734020035876
0.0008959776922819469
0.0010079206827450372
0.0010694584377008332
0.001090504867539708
0.001167890543929044
0.0013004258476549985
0.001441104339110962
0.0015779894077670358
0.0016409332044149626
0.0015824127110565791
0.0015034496639856998
0.0014999656499384143
0.0015522831679292515
0.0016024418713801928
0.001602624493791325
0.0015387958300669452
0.001498717957880905
0.001526259753308231
0.0015192722209980553
0.0014443703887560822
0.0013674625947608483
0.0013064098129209436
0.0012561088072024563
0.0011680322578318848
0.0010170522554306157
0.0008806731637763712
0.0007868225053036147
0.000672635643923078
0.000531332442822454
0.00042803767257781135
0.0003569515872807009
0.00027437007022587515
0.00017822505630595795
4.490551273659803e-05
-0.0001232379313856796
-0.00024682205997192223
-0.0003093666869783221
-0.0003653449611061297
-0.00044607427387584244
-0.000557096138063159
-0.0006831841805476776
-0.0007843286192548185
-0.0008240997165521047
-0.0008295147271925109
-0.000850914897340238
-0.0008959857436067509
-0.0009507036863307554
-0.000992560207186113
-0.0010097350099948458
-0.0010016183686593824
-0.0009522801626352636
-0.0008940025622179522
-0.0008982684084950216
-0.0009561457314134655
-0.0009779292121323536
-0.0009292024116767729
-0.0008621726718830265
-0.000845622354842805
-0.0008860392136794664
-0.0009058026640457734
-0.0008645078163066996
-0.0008064715429137073
-0.000771739632629782
-0.0007390762117460442
-0.000682142044886527
-0.000614606618434968
-0.0005449191989423414
-0.00046962880623318274
-0.000409380660121064
-0.0003681445321327889
-0.00031727712928982226
-0.00023202845559419825
-9.735171917976436e-05
5.281377884257079e-05
0.00015270840966651267
0.00019300472252536193
0.00021959303143006075
0.00026781989813322326
0.00032580183879339864
0.0003807303636505654
0.0004481705663713782
0.0005144264028221338
0.0005528236758896847
0.0005849266647977548
0.0006423177028285372
0.0006988255939823861
0.0007175986643427594
0.000720579074009045
0.0007546860887187152
0.000827691213910055
0.0008943115799142159
0.0009440699020839973
0.0010150827724632139
0.0010968195489481367
0.0011445740785965984
0.001158306412902168
0.001178194401476083
0.001194986676133383
0.0011729983761239234
0.001152671027252462
0.0011627944491617722
0.001168672979302088
0.0011754218323653922
0.0012107772037628914
0.0012492688692737311
0.001224638397109089
0.0011258961797161247
0.0010381266861337985
0.001012196709084143
0.0010074324756699634
0.0009774182557140678
0.0009207360374858478
0.0008707339968102933
0.000830048548313785
0.0007558870838924744
0.00063456718492777
0.00048735522593255313
0.0003181765894233899
0.00014754528382195144
1.5242670308735918e-05
-8.423379362816794e-05
-0.00018058165139837952
-0.0003003945830909407
-0.000445565853993942
-0.0005871195165838184
-0.0007101037538875188
-0.0008073683177542504
-0.0008666767425975237
-0.0008877297317232225
-0.0008949822048204105
-0.0009263878419647126
-0.00098795978700323
-0.0010492383001707668
-0.001083264014942047
-0.00108401096468809
-0.0010499544181925002
-0.0009770433012713325
-0.0008900979651756778
-0.0008374944944502639
-0.0008371357629411793
-0.0008575410363602796
-0.0008680336294224571
-0.0008772760464831046
-0.0008778635053530267
-0.0008449354122120049
-0.0007831701070024205
-0.0007178302264368764
-0.0006683397359502856
-0.0006165600990282123
-0.0005451091298689446
-0.0004617507020390528
-0.00037284190385150813
-0.00029178752087862295
-0.0002315357347212113
-0.00018874447685186433
-0.00011604793219097377
3.387540009716254e-05
0.00021475555737996598
0.0003517465514521108
0.0004340437835999047
0.0004917757067446139
0.0005583052170845282
0.000638329751989415
0.0007159302868603091
0.0007912857484512835
0.0008639789396910313
0.0009263926348180083
0.000975262361927832
0.0010002670347380232
0.0009936948031057193
0.0009828412096793456
0.001012142646372716
0.001069623811731663
0.0010908986722981888
0.0010493631489365538
0.0009810852614280906
0.0009164549833163925
0.0008535811562792271
0.0007913184683024377
0.0007397179098963004
0.0007025325205608372
0.000676338711526135
0.0006708546981197614
0.0006844583410913114
0.0006841295765160323
0.0006327704879242707
0.0005257098407674645
0.00041940959720393575
0.00038400263430894515
0.0004243567133533166
0.0005023287992630427
0.0005829302641959385
0.0006307055589651992
0.000632655088707385
0.0006070570331637441
0.0005715241137812295
0.0005395930806271918
0.0005272312266046476
0.0005207390700012527
0.0004723280534978651
0.0003741491160987943
0.0002598730402918118
0.00014400822381230302
2.6039664127501697e-05
-0.00010112046547225846
-0.0002393962500727642
-0.00037429776961337395
-0.00047590860054846473
-0.0005210082489477041
-0.000525138382339001
-0.0005292302451896651
-0.000565435957321147
-0.0006164481258440953
-0.0006247366759072939
-0.000563347199267983
-0.0004747891719229999
-0.0004239509112428873
-0.0004222651859004607
-0.0004257572926711564
-0.00040329159637084394
-0.0003787580948670003
-0.0004027848955795455
-0.000506994523606573
-0.0006643190811173908
-0.0008260465758732018
-0.0009973752696821113
-0.0012032058476114343
-0.0014146957420996722
-0.0015586783379095675
-0.0015939382981105669
-0.0015181054897947456
-0.0013269553020219718
-0.0010652073078036043
-0.0008333671251813634
-0.0006961164175899528
-0.0006366693630994328
-0.000594040076320373
-0.0005165553100817218
-0.00039338151719445067
-0.00024695666034465065
-8.257971802420136e-05
0.00010764160040683885
