0.0
0.0
0.0
0.0
0.0
0.0
0.0
0.0
0.0
0.0
0.0
0.0
0.0
0.0
0.0
0.0
0.0
0.0
0.0
0.0
0.0
0.0
0.0
0.0
0.0
0.0
0.0
0.0
0.0
0.0
0.0
0.0
0.0
0.0
0.0
0.0
0.0
0.0
0.0
0.0
0.0
0.0
0.0
0.0
0.0
0.0
0.0
0.0
0.0
0.0
0.0
0.0
0.0
0.0
0.0
0.0
0.0
0.0
0.0
0.0
0.0
0.0
0.0
0.0
0.0
0.0
0.0
0.0
0.0
0.0
0.0
0.0
0.0
0.0
0.0
0.0
0.0
0.0
0.0
0.0
0.0
0.0
0.0
0.0
0.0
0.0
0.0
0.0
0.0
0.0
0.0
0.0
0.0
0.0
0.0
0.0
0.0
0.0
0.0
0.0
0.0
0.0
0.0
0.0
0.0
0.0
0.0
0.0
0.0
0.0
0.0
0.0
0.0
0.0
0.0
0.0
0.0
0.0
0.0
0.0
0.0
0.0
0.0
0.0
0.0
0.0
0.0
0.0
0.0
0.0
0.0
0.0
0.0
0.0
0.0
0.0
0.0
0.0
0.0
0.0
0.0
0.0
0.0
0.0
0.0
0.0
0.0
0.0
0.0
0.0
0.0
0.0
0.0
0.0
0.0
0.0
0.0
0.0
0.0
0.0
0.0
0.0
0.0
0.0
0.0
0.0
0.0
0.0
0.0
0.0
0.0
0.0
0.0
0.0
0.0
0.0
0.0
0.0
0.0
0.0
0.0
0.0
0.0
0.0
0.0
0.0
0.0
0.0
0.0
0.0
0.0
0.0
0.0
0.0
0.0
0.0
0.0
0.0
0.0
0.0
0.0
0.0
0.0
0.0
0.0
0.0
0.0
0.0
0.0
0.0
0.0
0.0
0.0
0.0
2.546782312268391e-06
1.822700898088417e-05
-0.00022739997668423092
-0.0011004061702308712
-0.0013929627187618527
0.0003054952796874282
0.0018838368216742222
0.001182222736314133
-3.5408363529504246e-05
-0.0002564182501094314
-0.00013338268022742618
-8.189742531198426e-05
-4.852057811384916e-05
-2.5126189464546695e-05
1.2834417149206104e-05
-0.0002381998987302255
-0.0015173527262279858
-0.0028935547514403847
-0.0017710296923353567
0.0004549562309291172
-0.0010475958972557132
-0.005304964023972021
-0.0043493818148539285
0.0035200133910478783
0.00876548904977106
0.004575817803987589
-0.006604617202082061
-0.013370250881973038
-0.004903205400090477
0.0064816374348086216
0.004675695357441582
0.00017952299095282337
0.0005515614537946659
-0.002863242034669445
-0.008082707604550501
-0.01095544582101196
-0.008770353129319945
0.005652518064261911
0.018644243584682196
0.009559851429543735
-0.011077968157481948
-0.018526492568362092
-0.008550822475954293
0.003326057603217504
0.009317033455587074
0.010658406998814731
-0.0013247993936568371
-0.018183560544030683
-0.0157961827024567
-0.00866216229639695
-0.01490009220522378
-0.010940438015114887
0.005566586847615732
0.002341719058685524
-0.01861056731392853
-0.03249810375369593
-0.03247061456923673
-0.014001695618143333
0.013672042988601987
0.02079073800615582
0.011045077719130176
0.013317768608374334
0.02581361612401944
0.015233136286139178
-0.03150786664636572
-0.053011012184637975
-0.005071736070618251
0.04745004638173456
0.042894904714523695
0.009102897820002011
-0.006239821400393749
0.0018443816195306505
0.01634669216678745
0.02893345181035913
0.034171520747622114
0.038928283380728554
0.03478700668489757
0.005006818431208887
-0.021408800442733057
-0.003919865424734162
0.031696377584272385
0.04297023734927961
0.02570700429156659
-0.009977544976493847
-0.007355966878424306
0.040304379186749055
0.06946906310143548
0.07244182244219885
0.06607972061972019
0.014248252400194788
-0.06274785964095117
-0.06197477840159969
0.023455107594748406
0.10349236205866155
0.09438123110864459
-0.011134604718382362
-0.11119099832703784
-0.11320503767800436
-0.03959056563157344
0.04510756929141161
0.09977657648229937
0.11249094695700708
0.11236483555140943
0.07094073441403854
-0.042957881652886505
-0.07506545221186635
0.046768309172117634
0.08020845619629993
-0.06360249228912597
-0.1182506736822248
-0.018883626268735746
0.02539507128634265
-0.00894410121919985
-0.04313091740108738
-0.07384624403018722
-0.030199395085490823
0.10573128546750088
0.16162546041861836
0.04654614302734298
-0.1014911211661428
-0.14413700462095014
-0.08325433770690778
-0.006536323434549938
0.0693558599224695
0.15166853779660305
0.11159798513608733
-0.022861768254633947
-0.04071919224512346
0.0039517150952887185
-0.03274158967395984
-0.03669267299416902
0.06511815823872158
0.11177132176398663
0.012146374838593179
-0.0923790851131116
-0.09406115997898566
-0.06470806701670825
-0.05247341622046209
0.003844602781460902
0.06289808813618178
-0.02180741506339941
-0.16325752458793388
-0.13258880981133994
0.02194554125040814
0.06669927822640734
0.026534557625882485
0.035600125588483036
0.04662451330136747
0.07502631914639943
0.05965456889731098
-0.06531616298547767
-0.05352350811711418
0.04595905327557694
-0.012627388606353495
-0.03168598733711916
0.12946374078467135
0.16905387210120085
-0.061859263496232914
-0.15840813034251228
0.02872232560786236
0.1359319758470064
0.14751843889698252
0.14855866011105776
0.008996551886347069
-0.16136221539491416
-0.10630058291834311
0.14358994951622223
0.2839441122429251
0.2395539150593121
0.07083826234831614
-0.19550367067851224
-0.27636954767684174
-0.08611973254076086
0.01408052499475867
-0.11897934633980638
-0.040772215957848676
0.2532444650509185
0.15097347366390856
-0.11706749606372087
-0.04537714655562555
0.07363189207137233
-0.12049522522902872
-0.2749019718803008
-0.0498712994665635
0.05458712188567792
-0.17617462956052407
-0.25494436889249517
-0.17256316853366324
-0.2142401802198657
-0.16758801772112122
0.11075409630044405
0.40361711241310455
0.4011239403931736
-0.10575974083773135
-0.522948559401084
-0.24394540170599388
0.2164555932506606
0.10548499131177212
-0.3755002138427919
-0.4091557530330918
0.03183131911037887
0.4308057333508303
0.5129267431868733
0.15965096036647095
-0.27690126621576283
-0.41595110963494863
-0.33640021909667756
-0.13689687821491864
-0.040812333074181945
-0.06525216905870597
0.05668901896742534
0.13259161723038645
-0.06500564589677267
-0.19891068353550853
0.11756648177269322
0.4919071882691065
0.2754867440595896
-0.2114946202254538
-0.25705959887244106
0.03758775351529754
0.036208648076987926
-0.3316846564278945
-0.5224046671503118
-0.486587928754826
-0.36112062742873985
-0.09175255940960436
0.13140499237381015
0.20809957420005148
0.18770780906923146
0.293154453430126
0.4512616129506354
0.16778498176523213
-0.20940100968297767
0.022205120748576224
0.37284903550439735
0.08730462625503349
-0.2796832414499895
-0.3000523353216438
-0.6670665026086725
-1.11287070606749
-0.7241042161989557
0.1284019557602554
0.5524516595390055
0.37985658968145314
0.20941580833362364
0.4168770594210795
0.5698706219097859
0.28090940200115394
-0.11621285568439119
-0.09944991786998379
0.16313575100215894
0.12755344927768375
-0.08802448011780444
-0.15639042765221886
-0.3510820642827868
-0.6839139699118707
-0.5445371076835619
0.13411560982592247
0.41617619267670486
0.05767214436699081
-0.03925137671169866
0.41311840205279493
0.68240968032198
0.1338562589605714
-0.41471741081564806
-0.0691652188029095
0.33553079971614713
0.3551589692514034
0.4291391983372864
0.16104953101378
-0.38166631476042306
-0.40008297536026344
-0.05247066077890716
0.022988391606659903
-0.09527749999098743
0.19413398471203527
0.640942448044184
0.5923371922129969
0.2626389109057335
-0.12272245796619391
-0.35447796464519477
-0.2132139411597304
-0.025944800818501115
0.2639429556496202
0.6724122616961172
0.562830872899021
-0.07644284443966105
-0.4657450345505856
-0.3630324880291859
-0.2640599021069974
-0.0794882748573594
0.5716759210317937
1.051793645423802
0.7597471891055023
0.0003815642807124481
-0.6663987771587362
-0.6168462556101506
0.059965389129110834
0.46655521776724684
0.3864016583077011
0.14912779894491926
-0.32581858636123123
-0.6039225274290028
0.011638408221380759
0.61207684385166
0.3263206545746771
0.13331074189194847
0.42271151214893765
0.38315417954275677
0.258345857287105
0.4407863650960867
0.3156240463447084
-0.19154528165368756
-0.5599353966096223
-0.4080393403339809
0.0796528929620561
0.029064913688648927
-0.4516361888777523
-0.29572417753885516
0.3477874011049908
0.3101545078321473
-0.48165590397345115
-0.8793139473341038
-0.39112495435801353
0.42572134730765904
0.9088918340133648
0.3461430976182494
-0.8799592031625187
-0.9060195948878967
0.059963505243804886
0.17564787482169752
-0.1625162602894517
-0.22769410619113684
-0.49108929420359215
-0.35124253253117305
0.5251917078516821
0.5801435514330382
-0.3382737572023599
-0.6636504433559131
-0.5705757880554538
-0.6321008266912064
-0.372596127401299
-0.04112208910664409
-0.22176349961924022
-0.4400400173172065
-0.21673532710993354
-0.4513838084357595
-1.285162429662298
-1.1465752613924376
0.2313188753283325
1.1129536806475346
0.5541681174872638
-0.19883919036147937
-0.0768717886299105
0.3061763245981141
0.25218805390962595
0.02928167220085154
-2.8557452345092062e-05
-0.1249932512548445
-0.16859302701500864
0.170357350232084
0.11814415530024996
-0.5746815133167201
-0.9244619345101271
-0.432613347592641
0.19313359495625143
0.19898602526627557
-0.24499923167686682
-0.570293695081389
-0.23694508139396706
0.5415900721537903
0.9455462227815169
0.7606359006431886
0.24791913744321542
-0.05791068934370726
-0.09272054460901596
-0.20394552490771678
-0.1774650787285962
0.03770535207349871
-0.09121002616518095
-0.3655740431608883
-0.12496594242620496
0.40458230652765736
0.7700711905073808
0.5410617986672691
-0.16479144786847413
-0.4487091042808341
-0.18941150064320506
0.10038509966509056
0.048882149864580005
-0.09994465438035045
0.40838945737916954
1.1493429971650226
0.7973859856108448
-0.45538177137603936
-1.006363061427904
-0.49196086957429974
0.28516752922639066
0.7999567283959613
0.6420450058334841
0.24131676236798577
0.23070811058246465
0.09008591587394461
-0.4205863149000371
-0.44652936572266355
0.22344409746409194
0.5612479054154073
0.3397624223525149
0.30731825514713773
0.5325651995934936
0.8950290180983957
0.9572480391362413
0.13263881027282104
-0.267595111717699
0.6055848361118115
1.1752923313537813
0.782410415182825
0.23039812555209016
-0.29919945354994654
-0.6332348029591003
-0.3460638037985799
-0.1591138807209121
-0.44673768151515425
-0.1991264909084952
0.3411730778113805
0.04918819061223353
-0.6602129381436088
-0.6452310322508118
0.175162421012313
0.7581190363287217
0.5339315102062437
-0.12683465994723364
-0.326807443965047
0.575549565937355
1.2053158922747533
0.5031278297012934
-0.042913767203009656
0.3141864169451348
0.6586083918111659
0.6293608634344513
0.20988264446990895
-0.515084978536312
-0.7344361961084057
-0.4045370311766546
-0.39818623645330165
-0.47733531732121715
-0.29567661615962404
-0.46039605243913767
-0.8228562834754426
-0.5878787366961056
-0.006189810121748704
0.31717409860095025
0.38469229486242257
0.1261187937541416
-0.3274064113599931
-0.49312890387984004
-0.2699932020696152
-0.010513856227161488
-0.2340791326957872
-0.62940153782116
-0.30212205321341074
0.2942039770198967
0.3613846894684999
0.08367576963751612
-0.24627021772809798
-0.1726219268134786
-0.007785670888437899
-0.6846396618339836
-1.5548895794828772
-1.1573803850337459
0.4444304058193813
1.4360480136936056
0.9344306048855386
-0.004766901062304908
-0.8269607912473361
-1.4715340988655317
-1.3747267636075702
-0.7448549116662316
-0.18199411420912534
0.5045839325395682
0.9023461625853615
0.02635789932324506
-1.0955574449777723
-0.5134184516543105
0.7519439506687148
0.9152236462755402
0.8104168382488169
0.38693502953063796
-0.6347474858898874
-0.4957835998265087
0.20586192843119194
-0.23570729016283065
-0.8274126369112688
-0.5088670541276825
0.148826331849687
0.11390863118213838
-0.42455442392023063
-0.11947821033412005
0.8046431717284095
1.0387305106050577
0.44886136883076966
-0.6249714744543517
-1.1149203758605333
-0.15899533169385155
0.8711464129767743
0.8706054071892345
0.27239875127077284
-0.4792860497828246
-0.765912680948085
-0.23652229037829345
0.06091184572268079
-0.3723215840817399
-0.61748717374228
-0.5664376379136774
-0.2570218295140349
0.30990635274853584
0.22619922119879185
-0.3604114888825024
-0.36292455968880183
0.6474937420213477
1.9551242479901405
1.8117105149544332
0.3350004136819857
-0.44861191900744846
0.14683058932752363
0.8098210657395932
-0.14288421931695794
-1.416152249640959
-0.8615809305325588
0.19816291483564885
0.37057422848580557
0.1717912934412987
-0.3805296062797307
-0.8373390924664822
0.06334930872885584
1.6736148080832849
1.897894740546164
0.5416542960128945
-0.3667347337106296
0.05548990757723967
0.5286060972845636
0.2927650516173691
-0.2780046538602757
-0.4541221270438327
0.1960183413823981
0.895323421346641
0.6944516424962454
0.022899246324557445
-0.03569817877342321
0.09954744318410269
-0.44844506961752917
-0.7946799611827767
-0.03844346601851328
1.018545786188406
0.9199380491503005
-0.45245652066306724
-1.2771935428524164
-0.5442307812509913
0.4351452170693163
0.770325463608832
0.6202897437212405
0.19961927711020147
0.11593297260843259
-0.07475845212825413
-0.7713689742155682
-0.7301364084604062
0.06707511667955364
0.34801252215474165
0.08792913489191645
0.06819472176143314
0.08825019009146813
-0.370689024169515
-0.6895687986155254
-0.5975937499958535
-0.7210489317006894
-0.6896286976927287
-0.0038142545736975612
0.29076750682569963
-0.28733197216100886
-0.4314443257935731
0.13100354914311274
0.21117671374654784
-0.12699688697047987
-0.009048389049463514
0.25377855286239764
-0.023008293337814033
-0.466816799149554
-0.45076539234081653
-0.14873871653112714
-0.06326094752326336
-0.21881514436859908
-0.2607466996740791
-0.34116480090280144
-0.6071802774122357
-0.2241731420762205
0.7560285709279542
0.758546094139069
-0.13085712404560643
-0.4258277688074547
-0.1351868492916979
0.3903556240758982
1.1390601301540817
1.121996344364017
0.06601438355557818
-0.8815738747895403
-1.063872020097417
-0.37396876007693053
0.36747679832724606
0.10587763347550536
0.023205515712950986
0.9430318941671204
1.3130065794346215
0.4121214284227015
-0.8949915527504384
-1.228783465007223
-0.0977458005461499
0.8665350461847322
0.6457310131240158
0.24962353229180054
0.08800026673709847
-0.13645194257202617
0.01564464553974096
0.4780067248007692
0.33005649178600677
-0.33844185179927117
-0.297502724540169
0.6043876293189953
0.8081536932487953
-0.035894532591130665
-0.19250262844474728
0.36998434847223016
0.21229344639415226
-0.0636214012673192
0.07067166035783902
-0.23860888859874194
-0.5326667004893714
-0.1873027571500639
-0.02477002156197563
-0.3554767203731547
-0.617204382225006
-0.5597411093059217
-0.11580063944884612
0.5183813275328739
0.8998428850231481
0.868699558950956
0.22760619453883624
-0.6445312122103947
-0.7033009062681121
-0.1052325904765883
0.08642429256391101
-0.04576294704069155
0.2455308061741491
0.43311059546515895
-0.25594259142026426
-1.2568584286594136
-1.5433656618156564
-0.8980607970390969
0.0015093754373830285
0.7109936943914056
1.0091150026632876
0.5061757029972194
-0.40418552485460113
-0.7286924179673225
-0.3670502637904392
-0.021851723298685337
0.20484384818346932
0.40857816357064525
0.2587159094720703
-0.33929438523049193
-1.0245384252651115
-1.1153207414119017
-0.5243640949294367
0.11833570715440146
0.5294173400798173
0.8253520156212472
1.0036534269488924
0.6765879389058445
-0.30778135808809337
-0.9702089730044804
-0.3627037358850719
0.5460486682149285
0.47334627802197177
-0.2357056258019818
-0.703444819312975
-0.5016527236024483
0.11152410814096302
0.23992435645302862
-0.4156385143906103
-0.5687632068128992
0.14908801798033833
0.28465216051644726
-0.1692068786615767
-0.186125285844717
0.15463291791447473
0.28755185045092735
0.00952852419855181
-0.5368502338914776
-0.8377806911515744
-0.2983059156964604
0.9222061816186053
1.6515554563899177
0.9928672789307238
0.03093446503929324
-0.004469316883762506
0.4109318131032534
0.2874461152214
-0.5017523953044335
-0.7191815087294657
0.06439327210787985
0.4698796304928483
-0.07064200223777932
-0.4822163973157973
-0.2863437367495563
-0.20171434932087487
-0.22097399499873488
0.3281019357611723
0.9268627007193916
0.6510014917606697
0.15543988113757903
0.10658002222532172
-0.05554851282302365
-0.18945096625644275
0.199586817206324
0.5173600575238116
0.22923725336206774
-0.074592453137472
0.04117594409766915
-0.008997848908084026
-0.4081429604067398
-0.48760534053544696
-0.016153869246805144
0.5347290432498962
0.8465211467536907
0.7018971951211094
-0.09587097430626264
-0.7864202025828807
-0.5635443568209971
-0.08563771582924798
0.03699993729849598
0.03998034558457214
-0.13613921648921515
-0.6277937246811212
-0.9052694922122473
-0.26388682559333176
0.48435866569213176
0.1442410179666985
-0.36518346948401914
0.09110332026256504
0.7916013207404125
0.5693413672651936
-0.5388101316945744
-1.2887016092437062
-0.7273868304241597
0.4429146333634501
0.769645980764308
-0.15359661080544684
-1.1048829362250094
-0.7590713786777036
0.40871433965001097
1.049788420265477
0.6609640268890239
-0.21505438932914442
-0.6740815202017258
-0.27265048969687145
0.390325829621913
0.36332865510864665
-0.03513852281356289
-0.1316309468130019
-0.3019332476569538
-0.5261041883966073
-0.0753157489785061
0.6223304427978171
0.5597716998990295
0.007509853757465972
-0.2757038399514202
-0.22345693828260343
-0.0788321069259346
-0.008660372978638801
0.031016555336097165
0.2220730234103215
0.48070378778402995
0.5829943331261931
0.3842371485616135
0.030461212778234225
-0.11486116676159337
-0.18604132795898937
-0.43971044500518836
-0.3848604453488176
0.4903693166664015
1.2803481864163986
0.8077158956280084
-0.23888211706326626
-0.49127564292832443
-0.004894847791049318
0.14219767283195583
-0.2526553554113978
-0.4284716797364938
-0.16915912072159767
0.28340809653250837
0.48100630970716624
-0.056144280313782796
-0.5035705655385717
0.053935399696377215
0.497489134414177
0.030692692722169995
-0.3358979032362984
-0.1059482618566964
0.2037790795025328
0.062057142786848804
-0.3694590423465899
-0.34039796524474064
0.14864800548646956
0.32781594046514406
0.07357308396851484
0.06454353076072275
0.3905163673616098
0.3583679658474483
-0.05280119276399787
-0.2996304682558569
-0.26885525730826626
0.07438489353570402
0.47830006322857394
0.3233481873852302
-0.29295257293854243
-0.7438635507877794
-0.6278430461120206
-0.1685204045441344
0.06132800791471118
0.2608695237885099
0.6328063237183756
0.6580433540186014
0.2373443686750246
-0.27249995580813713
-0.5781372788345458
-0.48517725058084266
-0.08276546532060931
0.2468669256017992
0.27598632497311015
0.15577250064722892
-0.03048187163415025
-0.24437220315248873
-0.23624203938925614
0.1319888220836075
0.5100243911110462
0.4244587382786598
0.0632882012596228
-0.18046714503457947
-0.3110829860613515
-0.3792040603402196
-0.4161552608156414
-0.3717106689546832
-0.018660627104260186
0.43918275482998764
0.3047739838518493
-0.32944273271208974
-0.5048461691405912
-0.11957167509621211
0.08905550327540951
0.010596794766459782
-0.018911781852303196
0.0157504416913378
-0.015172224967210261
-0.0768540196193446
-0.11331443442497809
-0.10324705590008205
0.03895269992727422
0.12688966936768165
-0.01171458137059474
0.06183898209672496
0.46233435123780736
0.5061242437929144
0.11572533503016186
-0.09551086826893986
-0.1374604943781949
-0.3078590631856195
-0.34516759202496156
-0.020697199231790576
0.2755184381170408
0.19291903946879763
-0.16527676088838547
-0.3585471362213209
-0.011510220679872766
0.31437624457679153
0.17332655220783674
0.14732593215084674
0.27287002360392937
0.0771152266270811
-0.17293215235734027
-0.13781000803811316
0.008227042561050387
0.0879760158916814
0.13787738736282631
0.2538253672435909
0.2682322116322076
0.034569063784609826
-0.20768556045696296
-0.26374080283779916
-0.1696128215077873
0.03815459618918738
0.21103368955447024
0.0623006494521542
-0.20799830831276964
-0.23797533369032375
-0.18842520244155683
-0.20517241019624816
-0.19766756737688695
-0.13154526896709448
-0.035463071156057714
0.06975951639100171
0.14541843815001745
0.0067582524509421146
-0.3816220945738851
-0.5498235329416964
-0.24296775582533015
0.13452490723344857
0.3001945205860783
0.2123813158085317
-0.11178243963741348
-0.32082363189830565
-0.1660838889268681
0.03444609700601427
-0.06002838042851387
-0.24778310550322216
-0.18217228058657486
0.05213188946300772
0.05652445897921509
-0.199889482944197
-0.38498463887355294
-0.38825181165083433
-0.03763421903890915
0.5531657345045784
0.554467783981501
-0.18476850602980274
-0.6801958710331966
-0.36925776639375896
0.2118337602501384
0.3907552256309943
0.17027571140334316
-0.05143100956866196
-0.08410748824286142
0.08335510284129351
0.3276608709818008
0.3005280653448308
-0.08160255407237324
-0.356512793999361
-0.1184181376279813
0.27745849249000276
0.21049154016842295
-0.0627260311942895
0.04759493934704512
0.2631266082090937
0.211131395300772
0.09883879370375402
-0.020841471291244838
-0.14949454900219541
-0.10796977836650133
0.05727645591181627
0.17238483831922963
0.15112891580536614
0.07768404093389293
0.18888103683941357
0.3887789570369978
0.28523939877543686
-0.01919380646044126
-0.1328965860840662
-0.05694735793132499
0.05803446668769695
0.18496250006496376
0.2276616991723448
0.13025434199529726
0.055143571405782285
0.06254936161451641
0.05282689237210247
-0.025778783879358357
-0.014923674528489765
0.17343817309478898
0.20070505287115462
-0.008477472263502744
-0.12945457694084506
-0.05933177968264415
0.08452781889297352
0.1499848576233974
0.09913674369349536
0.010970514193546289
-0.1059794336556849
-0.17808282104044046
-0.06587218343452536
0.07343028309094315
0.05306966774119636
-0.06083520702426749
-0.10843233233259501
-0.035009198109118615
0.06037082642624241
0.17129878270450505
0.12617363794643172
-0.23349514488152343
-0.45861693958995337
-0.18257107058804525
0.16884699004289289
0.06200130438071038
-0.22701914325036696
-0.16185404458607613
0.02911845102855433
-0.011113959041138273
-0.0427696184850737
-0.0367645462800257
-0.20969375528069348
-0.2497271168489726
0.03699374203854016
0.14722533842414431
-0.151845451740803
-0.32835160026046895
-0.09274143815949897
0.15673349711690954
0.16285378592091201
0.02704726122147041
-0.1624458306953155
-0.22160310214604917
-0.06348411836146543
0.08203903137372225
0.0667831085531735
-0.01901916805466191
-0.027258267659738846
0.046350188626841475
0.042032827694932315
-0.0844587607924368
-0.16580586281702295
-0.0522485542138621
0.15837973439341752
0.17159256515802282
-0.05993855010988623
-0.19359606582603767
-0.05846938336698269
0.08172307686261801
0.04921352212810747
0.03009918341916958
0.11844041315656487
0.2075161157965411
0.26044644901690145
0.15079980424756195
-0.09949758368434801
-0.17566036498454396
-0.0717765762145039
0.033935793491731016
0.0900867229892485
0.13415675228365892
0.22309320839453523
0.16218272190711808
-0.07348822767816433
-0.13095910642668648
0.024149089513977894
0.10248976231015973
0.03412338544569298
-0.025926955204151406
0.009902471071776907
0.0635773919568909
0.02982046144495858
-0.044755766867950825
-0.035856760137982495
0.07649274928629057
0.18676076436974345
0.20177272771262894
0.08653668582215507
-0.13714306533813436
-0.2284043983977467
-0.07788732380487699
0.08098555748797971
0.12523942844229788
0.08469556400911546
0.034173899642929786
0.0013081191678303344
-0.05223740007277827
-0.07788365701401535
-0.12461963374981785
-0.26036196851551835
-0.21742328382220047
0.1007680548724456
0.25718641125807545
0.1412828331592037
0.012821154671699767
-0.11411865753586554
-0.19163715235104545
-0.1337440307602855
0.015500843842773563
0.17045021483456707
0.16045861556506819
-0.025221247555011494
-0.16179380143084243
-0.14087457314898005
-0.0425713874381625
0.03283398310403245
0.0371053540780718
-0.0018364990937709289
-0.024107393861177724
-0.006342403981167817
-0.03803621653214792
-0.17018826777664592
-0.19077730949331867
-0.02861655067241871
0.048334290260791744
-0.02364179633396599
-0.023314868942841776
0.09334466415593617
0.12214947860103935
-0.007781522909564107
-0.11176561815210373
-0.07734374118950987
0.03588211944984001
0.10909129926934985
0.04317639460203743
-0.02552760215925191
0.04203855429174891
0.07193369734394552
-0.015766249654306078
-0.10124960506251952
-0.120727476336714
-0.024464509419549564
0.08567804498712371
0.0297548867442883
-0.07931099544359806
-0.04860362971858289
0.07010545867960799
0.1366245664088677
0.0914990217594891
-0.03306875529439479
-0.15726695895079362
-0.15039966589039977
0.049159613917470237
0.22945060572438827
0.2039946250715045
0.0625801389799396
-0.06130584976979855
-0.09748049103190674
-0.00010015401036088959
0.1682893793476064
0.18440002664659508
-0.012793457455049192
-0.15476524257621763
-0.1172487604157061
-0.048006946407709215
0.021416609352139276
0.08301707256897162
0.05419801535565257
-0.008437165796147787
-0.037449130140366556
-0.017914017182534856
0.04122264515403356
0.054772551602473823
0.005464056444181782
-0.005369893109178028
0.0638165575463692
0.10117415574945444
0.045126091514351985
-0.03331129835252753
-0.06714501442211744
-0.03785207814976557
-0.01179942904712098
-0.030786829671250127
-0.015156302143236629
0.05332230782554252
0.06247434627060276
-0.024939251676080496
-0.08528904870301937
-0.06518343008986299
-0.055574068520235664
-0.05360209470520505
0.00829670348640754
0.041572920410065425
-0.035973324165960906
-0.1230227556109561
-0.11705731584732625
-0.007712943038437475
0.12787320664848878
0.1507225342974502
0.045137567791204786
-0.06306329555743113
-0.08205040122662302
-0.0165170598779676
0.023316347666088
-0.03907423550808188
-0.08215929571770873
-0.027775579616209793
0.0021531363625308412
-0.04310650345678642
-0.044090581481636824
0.010423859668239848
-0.021306744057106045
-0.09152972731309206
-0.04281829367666466
0.06566319041888903
0.1071236355211471
0.05115813220662847
-0.04165121644289495
-0.07369556138225455
-0.051506650271343234
0.0008846897058272466
0.07792134867800554
0.09314790467835728
0.028450845553469297
-0.014438108751836293
-0.029332402066900135
-0.07199760565933129
-0.05686018867656016
0.07677583488028249
0.16845063119171344
0.08598428558133908
-0.07212060993574387
-0.13923998348203548
-0.0629377684191271
0.029569791068083207
0.017700257691640093
-0.011462103394891713
0.017450919898766643
0.05152483679612613
0.05393613330642537
0.023319374419894068
0.016673901691607602
0.04800134026668095
0.039888105153179115
0.01153670757110556
0.024078371558357282
0.04026548521689545
0.0225041466674899
-0.009050363211796966
-0.058227647808644194
-0.09666403294863016
-0.03792832685711006
0.08059648452097329
0.11708988979768478
0.03888163125361014
-0.057584656448641136
-0.09171491310476906
-0.05845207570873305
0.008185274310336905
0.05419832441268086
0.05437597468983542
0.03761767344942888
0.007655642280202156
-0.042239216871804444
-0.058325286820996844
-0.024389208579627005
0.015389165949617771
0.05676326163700547
0.058796996773660924
-0.018777052625747342
-0.062174245078668255
-0.01325609323111299
0.0051289743459055764
-0.031046549209011363
-0.028030090536129437
0.0003114353304588088
-0.0038153207330760257
-0.039096534803900664
-0.06154907653287125
-0.04187348086523841
-0.025735129853389525
-0.02393488905442935
-0.005351755217763858
0.025320755047416238
0.05921462621917856
0.057463546838764756
-0.008449345314083862
-0.07715574896417511
-0.06849854854196663
-0.006905470036917318
0.030032335516579668
0.03983486389617122
0.021220669514061766
-0.04241609498285009
-0.07584784377730658
-0.035448257430162555
-0.004493273993532368
0.003376973143769097
0.03537254710543371
0.03568292703781597
-0.020892547809363393
-0.05572177326151113
-0.028799034962316047
0.01582657094056038
0.03440737190601061
0.02763620259271798
0.013467706215601886
0.00847029651617533
0.011374459080698862
0.014827332234066804
0.020475423441390708
0.012680046777408466
-0.011143220791384875
-0.003060098135224104
0.04596414189605186
0.06169726639029259
0.013864580869358385
-0.026585516780974306
-0.01906633008135482
-0.004350775030658348
-0.008681177133364562
-0.0015995897661654822
0.033962113933418824
0.04334042517223081
0.0070078518160735905
-0.019781974302179053
-0.016822908274939628
0.011914930196539608
0.05600467344642192
0.0657727823339154
0.02418346645915998
-0.01357011472143562
-0.013822993757689278
-0.005443423070362145
-0.002477340420098111
0.00926587601948297
0.014332735228358272
0.006682534568776282
0.008067302684945956
-0.008321189435634221
-0.045596343988354306
-0.025345683992195986
0.02253363322035612
-0.0011017484949975046
-0.029805584618875943
-0.0010561644256177904
0.007838518870073462
-0.011227158883099216
-0.00628252725755852
0.004516907551732771
-0.009739796113567787
-0.026666754867836474
-0.007900641054625691
0.018347904820837157
0.00939297008447713
-0.007185297468080212
-0.01600202099067405
-0.027747739058963047
-0.021438682456091335
-0.004241180968274478
-0.002244330326054207
0.0038988447931310255
0.005967204389895649
-0.035341400217513114
-0.06825524734518786
-0.027673649933343644
0.021062393711564688
0.01376814056608623
-0.0025878984849933818
-0.010167531508640375
-0.02286654450527124
-0.003505681825945114
0.024337078444284437
0.0053555629296072734
-0.013305637754700632
0.007902888443439003
0.016430747261623274
-0.0054188392980139425
-0.01598963483453972
-0.0002170155921977399
0.021901652106987895
0.011146164721078109
-0.02507610059818531
-0.027437259871940286
0.010858087568014712
0.03787664515160156
0.009346362730994677
-0.033454645158304486
-0.012662052750008722
0.025819924333420403
0.01421455381979616
-0.001475868151495126
0.009641214427495751
0.02218027900156954
0.022792822073319327
0.009234095505443273
-0.007363686337358215
-0.007884805711336294
0.017351042321227472
0.043565166846879444
0.026239066067779183
-0.01028997942380675
-0.0073249608726744546
0.012436906344759253
0.009082838779219428
0.00245991936933998
0.005192389523696558
0.006626892555850267
0.008295021414198451
0.00080685985636299
-0.01733634886830225
-0.0058698518709857485
0.028035010301925768
0.02144339508453699
-0.01005705836004545
-0.008077983984376156
0.009099794984815673
0.012520175632997751
0.015793131260913952
0.010633259480852163
-0.011764523509556635
-0.02132498896046609
0.001470133172144771
0.023475604209332163
0.004927796206932571
-0.02137634520535973
-0.010098916247491005
0.0015553720801011525
-0.015411281622771418
-0.021788690177269792
-0.00732647184477356
0.006420403690300054
0.008767051907816402
-0.014372079960253225
-0.03610200389800137
-0.013459884189443003
0.013939169887493715
0.000468414741067364
-0.015946331968145912
-0.008915253715266018
-0.00165083155878133
-0.0011893850032961824
-0.0066833488434305584
-0.017270899263640165
-0.013417048510322126
0.005914093414188177
0.011957654878978085
-0.009482518929507203
-0.028808876976150845
-0.014102286792392341
0.00715349818279027
-0.0008152692055895071
-0.018628437217115525
-0.015515132698191736
0.0025800848934602943
0.0078116379478270995
-0.0029133659937439623
-0.009586692080523335
-0.0014777324850273755
0.010235676154532617
0.0046725205488068
-0.005229796245487158
0.003666618435433783
0.01673785515853525
0.014223937684680235
0.0019206554383369467
-0.004432950497684831
-0.0018445524374042076
0.006254173238478778
0.020040836642661763
0.018418954410146095
-0.0063525626048842486
-0.009792780239478325
0.011448155376325545
0.011853839092963664
0.0007321781222547723
0.005894387526371234
0.013129560671335506
0.011074256935120307
0.007141572507045605
0.0015958225938126124
0.00026834018027165697
0.011414720348575613
0.01691387792223015
0.007235365657502199
0.0028409028068341136
0.007365701066098703
0.009276237651143373
0.008896126301631994
0.005691513861139175
-0.00010667981613726468
-0.0005630803607345963
0.007133148651919921
0.011287428759646154
-0.0019331459233148044
-0.013909781024502821
-0.0010308098542359165
0.010800240285901428
-0.0018135114642965622
-0.012155741253464929
-0.0022857706014435975
0.007093734938715354
0.0035401605034559545
-0.005363365397224128
-0.011725743454020086
-0.005644156482412783
0.005793554444518414
0.0016000921096973127
-0.008328633432003497
-0.004893832962743354
0.0004567123117234835
-0.004561629209113202
-0.010684986550911083
-0.010443229600424686
-0.006035266491745955
0.0003521441001088661
-6.5954485072175e-05
-0.011641113280588852
-0.017637346426293075
-0.007033586409095666
0.0013629396981661638
-0.00513688310970882
-0.010095981410656409
-0.005696386166918991
-0.0021689444284569478
-0.0037431340658457815
-0.007146724507103085
-0.007097019719840661
-0.0029510549446467344
-0.0005594279513586291
-0.0015815219972930628
-0.0031752999178758807
-0.002511128830266296
-0.0006069074466012257
-0.0008186950806727394
-0.0019123902809403727
-0.002594050924242877
-0.002673910403309973
-0.0008942619831889426
0.0019421337301347961
0.002337244564363133
-0.002995471513437886
-0.0052549162810184595
0.0028135669999310984
0.0059124194749785525
-1.2262395312525462e-06
0.0006635104769682691
0.006409477473885974
0.007348534522582902
0.005073962544195662
0.0025841000612696233
0.0020000131293847947
0.0065631602202213925
0.011163255455138492
0.0077270933371790616
0.002866800287149664
0.0051073505148530535
0.007380483229644475
0.005739155675118236
0.004664218331993357
0.004357789970456651
0.00594142666548922
0.00830065337194957
0.005588789943163172
0.0005515043107303621
0.0013633289222917879
0.007353591326401756
0.008774643369140415
0.0035081999134410754
0.001124456687071582
0.004105566072302433
0.00609437709595931
0.003931374699640098
0.0009587789446110641
0.0017065400060316796
0.0038019603421966626
0.0033047815863275196
0.0010038506657618922
-0.0009007659738552347
-2.6224601301440726e-05
0.0014927446521774393
-0.00033735822656749345
-0.0026827233622937815
-0.0027012518626019838
-0.002165618896194769
-0.002509949893746074
-0.0035347435659193265
-0.004937649447242296
-0.006197016590050653
-0.005452982948565036
-0.0038273118207449606
-0.004814721738919193
-0.005884866569724735
-0.004671461946637827
-0.004653374930334156
-0.005948405750242954
-0.006185846707415144
-0.0059326375924736025
-0.005378895690035721
-0.004201545770862001
-0.003944473053019419
-0.005528221069926411
-0.0070507264210258784
-0.006601039448736233
-0.005344841209774211
-0.004564535999431385
-0.004548976092029847
-0.005091358298458521
-0.004128105001608956
-0.0026818949212982185
-0.003472569510131571
-0.004444254300728915
-0.003074966110523382
-0.00039622360446828724
0.00034428794990808625
-0.0017009851829442968
-0.002358175505353522
-0.0001448430419784953
0.001451232277437874
0.0008540248884125103
0.00027349595385912565
0.0015772058068611804
0.003098677261136236
0.0030283258758594923
0.002002154130534276
0.001487179985527338
0.002763620409034997
0.0040371299576453575
0.0032623850878631677
0.0030565333093377817
0.0044733070315122496
0.005170007359523379
0.004648190586966919
0.003881810342316597
0.003799876089082669
0.004612470491716717
0.005459669299899507
0.00537975929906515
0.004898908948043368
0.0054621977599819075
0.005849757773946842
0.0046918134451713785
0.003879408750006656
0.004173978336122322
0.004453196567629031
0.004408340157536773
0.004033929879395957
0.003474208709813044
0.002940323695147138
0.002458520735866273
0.0021204964916827825
0.0019935805341604524
0.0020700322881755987
0.0018013287466883843
0.0010520450917587132
0.0007458008307926546
0.0006479083849711387
1.3170713673836771e-05
-0.0005445593754145309
-0.0004449306539428502
-8.337337420258196e-05
-0.0003188121438446218
-0.0011557207543995294
-0.001552787416636985
-0.001446785560207807
-0.001762132450605467
-0.0026363946204334436
-0.0032466636283670705
-0.0031072795274764086
-0.0028690252243856957
-0.003239248270823518
-0.003939968813126908
-0.004216437946511688
-0.003881602311488407
-0.0037404622153405375
-0.00424290998648842
-0.004476947358674273
-0.004210449680458418
-0.004283674163617582
-0.004708309139678569
-0.0050992897681853885
-0.005102379975430366
-0.004547937179292407
-0.004092972274425997
-0.004125806918653851
-0.004137085923514212
-0.0037506058534486322
-0.003404266319365177
-0.0034141992178471784
-0.0031722124563193684
-0.002553285847263966
-0.0021209562970408743
-0.001992645575887929
-0.0019953681855669403
-0.0018438931150270745
-0.0016076925636768085
-0.0015923283668068608
-0.0014358709129816873
-0.0009077627440421013
-0.0005042256880545401
-0.0005943751425732183
-0.000722982273210573
-6.777384131122173e-05
0.0011357588852507843
0.0019771083498958853
0.0022944288741348546
0.002488551592816633
0.0028916913802317047
0.0034209766845505075
0.0037870641076240084
0.003989218643048134
0.004185292451440189
0.00452722239965167
0.004878741520262762
0.004882049138265176
0.004496119390826928
0.0039404189967651585
0.0036040641502117802
0.0037618703503615723
0.0041932887451379
0.004452608233129647
0.0043381351172877315
0.004221164580656029
0.004532847466554046
0.005020634629818554
0.005137532744878836
0.004741545139093403
0.004136469019140589
0.0035628977815254626
0.002800791015206051
0.0016323049436289747
0.0005298408418495223
0.0002799907125425096
0.0008636634860121926
0.0014238756126169225
0.001421743337247583
0.0009475900513336899
0.00025769084971386566
-0.000285486291065534
-0.00045894427794497197
-0.000462687076148833
-0.0004874150350021276
-0.0005006293373580378
-0.0006395145026991529
-0.0011727888404620289
-0.002072713991161987
-0.0030406710225608885
-0.003793706693318515
-0.0041291799240842034
-0.004030732057300368
-0.0038153871805529822
-0.0038354820879664725
-0.004050833727827104
-0.004197064988310769
-0.0042113904072206484
-0.004158142758683389
-0.003975997275477828
-0.0036669509372197133
-0.003489330250608021
-0.0037005264952597724
-0.00428657514475592
-0.004859262933706999
-0.004859901527060307
-0.004166640156896953
-0.00321917890410019
-0.0024529704915290406
-0.0019826658797591438
-0.0017677705931973336
-0.0017424046780637927
-0.0016762823389670685
-0.0012448667748329902
-0.0004278070378468148
0.0005844278956341636
0.0015549958542254516
0.002119360012582764
0.0021276594291660214
0.0016970467091891029
0.0010210535311280405
0.0005756996065943434
0.0008269891955180223
0.0016161721591855176
0.0023244566093801175
0.0025188044962397393
0.0022520852883800243
0.0018411058735502636
0.0016197546624910216
0.0018597713233400393
0.00253703544928053
0.0032302042089934866
0.003483874500478281
0.0030568106074866366
0.0020800831592581556
0.001178467508216474
0.0007990022108533004
0.0007392312752041488
0.0007822830492005807
0.0010920169540312298
0.0016839722892761585
0.0019694648010632346
0.001406167830516094
0.00046569270066805436
0.00026634257662392274
0.0012065736117937076
0.002460099020950777
0.0032631264984415154
0.0038590598275959876
0.004213635548503831
0.00348983121507079
0.0016360572141761404
-0.0003125617329419101
-0.0016811667735819132
-0.002207593953350811
