0.0
0.0
0.0
0.0
0.0
0.0
0.0
0.0
0.0
0.0
0.0
0.0
0.0
0.0
0.0
0.0
0.0
0.0
0.0
0.0
0.0
0.0
0.0
0.0
0.0
0.0
0.0
0.0
0.0
0.0
0.0
0.0
0.0
0.0
0.0
0.0
0.0
0.0
0.0
0.0
0.0
0.0
0.0
0.0
0.0
0.0
0.0
0.0
0.0
0.0
0.0
0.0
0.0
0.0
0.0
0.0
0.0
0.0
0.0
0.0
0.0
0.0
0.0
0.0
0.0
0.0
0.0
0.0
0.0
0.0
0.0
0.0
0.0
0.0
0.0
0.0
0.0
0.0
0.0
0.0
0.0
0.0
0.0
0.0
0.0
0.0
0.0
0.0
0.0
0.0
0.0
0.0
0.0
0.0
0.0
0.0
0.0
0.0
0.0
0.0
0.0
0.0
0.0
0.0
0.0
0.0
0.0
0.0
0.0
0.0
0.0
0.0
0.0
0.0
0.0
0.0
0.0
0.0
0.0
0.0
0.0
0.0
0.0
0.0
0.0
0.0
0.0
0.0
0.0
0.0
0.0
0.0
0.0
0.0
0.0
0.0
0.0
0.0
0.0
0.0
0.0
0.0
0.0
0.0
0.0
0.0
0.0
0.0
0.0
-5.392354116262808e-08
-2.712102312919481e-07
-7.436302706617652e-07
-1.526037157064988e-06
-2.630606281428487e-06
-3.8501919281609764e-06
-4.99620511644213e-06
-6.153065653384803e-06
-7.857996426523048e-06
-1.1438185446465153e-05
-1.8947676613555182e-05
-3.3426174563075266e-05
-5.6650287381100696e-05
-8.910078333539312e-05
-0.00012694609958952173
-0.00016860615033335977
-0.0002125749516534772
-0.0002632938677223575
-0.00033161014954192044
-0.00041813599310778094
-0.0005340382193685995
-0.0006719128523417854
-0.0008074824379617393
-0.0009133018266621637
-0.0010060815688465836
-0.0011575668829650262
-0.0013543619624811945
-0.0015864439176738847
-0.0018941910103536805
-0.0022807340401701324
-0.0027287185716762213
-0.0031287382732457115
-0.0034800125301016984
-0.003889617552587441
-0.004394052555617803
-0.005000337744383544
-0.005553724819741395
-0.00607829844392877
-0.006747200990916182
-0.007272883175927395
-0.007240880095605729
-0.006859875977068264
-0.006738317995627086
-0.007100606404237671
-0.007714987492177339
-0.008222080394138189
-0.008368366105764042
-0.008440968857174177
-0.008656535085826582
-0.008634349522553878
-0.008614175491708776
-0.009352146891997972
-0.010868390545320255
-0.012188631336325776
-0.012661876929271431
-0.012854490974918321
-0.01312156356150022
-0.013305984318257802
-0.013205077843927035
-0.012551077154006354
-0.012210998518302542
-0.012906728270519582
-0.013489598497153204
-0.012677145897170363
-0.010466155001035751
-0.008102157200828072
-0.00658678515496425
-0.005561718980972289
-0.005226313730086812
-0.0051657643411551265
-0.0011644564597413408
0.013588644006347128
0.040996259694947204
0.0756268023077266
0.10117108266668674
0.11078330059119468
0.11864583412935889
0.12924706988641455
0.13475707552876326
0.12926999266515735
0.11562694285554274
0.10241772408786783
0.10917358341791293
0.13878636383765894
0.15518529392142397
0.15461780296672523
0.15525627916063453
0.14620123076929112
0.14745622703528222
0.16384390569733753
0.1556619127389876
0.12915545400237632
0.11183674461238868
0.10291726719547228
0.10515476599419597
0.13428343830330902
0.16953843511804567
0.16246652518567345
0.11612861535887123
0.07082140260254438
0.0476730396670464
0.05706274886512739
0.07480706639227275
0.0700794300817099
0.061955099575376364
0.0641149521140882
0.05710303061604549
0.04922179458767582
0.059318023654911504
0.07838503000000535
0.06955388329444111
0.02976373495417914
0.030598143678967335
0.07853762382875731
0.11519945346198772
0.13991464181473773
0.16378625729004595
0.17922390690426526
0.18386417994341492
0.17059596816502226
0.16326418114551583
0.18533716360020655
0.23656650115518704
0.27894183087344543
0.30109727903030087
0.3478090707249719
0.3812231338880278
0.3435487296574689
0.26102562968612125
0.22283912439931616
0.25564879195867785
0.3088989608562589
0.34266354731116055
0.34857031483504647
0.3585821264631712
0.386526504029481
0.38868420141641274
0.3290803592315166
0.2638949084997889
0.25818988007132054
0.2934323822569731
0.33695802086783727
0.4432516928758691
0.6153377238416076
0.7548860740893485
0.8414923508166176
0.8601270679095315
0.7692312786025879
0.649002426203621
0.6133122063724129
0.6567389103886405
0.7387713113384166
0.8325328673029837
0.867034791774793
0.7973960475193091
0.6943965971311097
0.6016277278668274
0.46362945173978926
0.3028726868453579
0.17255575216528624
0.09753090524419905
0.11818782132293097
0.17432507407502618
0.2129251381011656
0.2868864690481134
0.393552288118745
0.44966888480293493
0.40911187772750107
0.3164210631070914
0.20538387757537352
0.13943201533643204
0.21339267827243563
0.3649862431878856
0.39118081345892536
0.23306542600338837
0.08915934341762527
0.11793116191803815
0.29169701664579895
0.45284047375896586
0.49238898964053696
0.44313679063285494
0.3497106795731297
0.2564766797664907
0.22596287632749273
0.28550919593079394
0.3520714595050712
0.3740561279393919
0.4376773728060482
0.5565168836031578
0.6208272049714885
0.6353172437631055
0.6851938810038779
0.7671124305637258
0.8324108017284878
0.87473491965104
0.8949645925903
0.8260447587538963
0.7123625053429629
0.6548155057413995
0.618490316643937
0.5781534346272259
0.5602666882915673
0.5472188602817816
0.525519412943699
0.5363290498339724
0.5301390937684063
0.4706290223920371
0.4178949359914292
0.3732497317946639
0.2990338364046747
0.21958644918331988
0.18397636273975154
0.1681807318629421
0.14659944024198085
0.13438919130909865
0.10775614009029055
0.005052966848823217
-0.17267849012590583
-0.3278082825519443
-0.3827801897228783
-0.32094807278581383
-0.12081328075689333
0.1212797420918487
0.18976828741613536
0.02199634326343084
-0.23269894832384325
-0.40411547654932095
-0.4419219232975266
-0.4023784395898291
-0.3510678636973299
-0.25677008974568744
-0.03338833923344757
0.20962946033726584
0.3272201781956554
0.35284511718747513
0.292183090836805
0.17317983079200988
0.07695880885783371
0.013708600811403118
0.025410192458365295
0.08845158265060833
0.09186773844101308
0.05332133169569465
0.05182905882655712
0.06928364509583158
0.058664390501556016
0.05437510673518435
0.10085699641005637
0.1434450460329021
0.16410247855280616
0.21013976883843524
0.25357646981749177
0.27078390067439584
0.3144650265236544
0.3531407542795525
0.3200840192024115
0.30121985829400927
0.3578996143871743
0.41594125547703575
0.4061140881599975
0.3648965974547716
0.3994420988551841
0.488628410147413
0.5048312413462671
0.40202972719964264
0.26703181706823603
0.24214401995498708
0.35806819889893304
0.46177502758967115
0.37799305376738074
0.1042877636263101
-0.12257256753359368
-0.10737786903518884
0.06165676994463001
0.2063199222789327
0.23450898134519885
0.1686419041469084
0.05863350377324534
-0.032750600538566196
-0.0013578932354405013
0.14177188510338504
0.18919444295762913
0.05331068437809199
-0.06075883825598518
-0.016661059019389936
0.0791541937224391
0.04467955863549856
-0.1451498548072968
-0.29829415209038007
-0.30272331560200094
-0.23035807782848136
-0.17969895949552928
-0.21076082584299552
-0.2504880804033674
-0.22512900946630052
-0.15283757660796057
-0.05940393702788904
-0.002319833989648463
0.028383572003557258
0.05090761754923924
-0.028160200620295943
-0.21135369345938657
-0.3095249434952744
-0.2062469500906794
-0.0456242925569097
0.0024130299367596244
0.0018946839282944145
0.04398600856887805
0.09910879361696226
0.13171603234859067
0.13156007811244513
0.09081983116782553
0.045176894777453645
0.03371238023876307
0.028624635862275597
-0.02329104095695705
-0.1369854406229348
-0.21546830124868066
-0.22208141510653437
-0.24220920578738306
-0.2726156318664695
-0.2965971784623578
-0.314015391240521
-0.3079041665938024
-0.28531512332062614
-0.23694598692538266
-0.1394592052809662
-0.06321670810652234
-0.12884660173894924
-0.2501775255047
-0.29804609867328946
-0.3321010515756445
-0.3827519571018494
-0.41512402334885273
-0.4131312372020101
-0.36915041486232913
-0.3168029002933685
-0.25876324022227976
-0.1836499098624943
-0.1204074588373818
-0.08288864055918019
-0.07112280789364482
-0.07382410590474354
-0.11116634907452247
-0.18819774061579322
-0.23809978665744772
-0.25480268001961437
-0.2833854234933494
-0.2715956046185407
-0.15190660122833116
-0.012405678198577368
0.025872457037987767
0.0260676897986051
0.06441096675433348
0.061334393994271624
-0.012691120278728471
-0.1149587617452316
-0.2146559037891072
-0.2503769567990715
-0.21803176092627413
-0.18547300122204777
-0.1864768896278259
-0.20255037724943145
-0.18249416239403077
-0.14870234685678424
-0.16502409471103244
-0.18125901115366877
-0.13203596250264654
-0.06276000286103403
-0.008584004173295579
0.061098534573289134
0.10803143386534195
0.079140412839606
0.02364289031258473
-0.008745659682836292
-0.011529941286980979
0.03335219708026161
0.07888711668311416
0.039408443987887294
-0.05259527664508784
-0.09245612317164532
-0.07120535262970655
-0.03291889507067878
0.014796659898882188
0.04740502266054242
0.07181494019007449
0.0983943995624321
0.059072403479698145
-0.03965885875492705
-0.08697493036615393
-0.05787441897085133
-0.012499253976986938
0.019287304072081308
0.04223567589715525
0.07721794522548564
0.1580745519106883
0.2465645474457135
0.2544267846534382
0.20855786211630545
0.16082430419624447
0.11974851309596696
0.09358414621151721
0.08414982974169471
0.08053454481694027
0.08098974106123302
0.08225189068555862
0.05397589569071027
0.02987082912685218
0.05509811300701033
0.09113746862225446
0.07170035500301788
-0.0057287905060997195
-0.045401318889709504
0.019196313112353813
0.12210127759666659
0.17773458057819988
0.2065363862628195
0.23179025539021658
0.19321429631657652
0.07914755407237895
-0.008675423182041528
0.0026932023228853283
0.06902522812634082
0.10717183320105113
0.08680384466879816
0.06142714187833774
0.08640294021527685
0.10337280667710118
0.0553767514244261
0.026080687973217827
0.07069888373116318
0.0917536957494014
0.03892899280110889
-0.017192684709570732
-0.06835549739837228
-0.13475075047094767
-0.1393045406372665
-0.11878828636036853
-0.15683716650536883
-0.1581678651287085
-0.08837212713759587
-0.004135983105719727
0.06722215608335783
0.10514000769714293
0.09360785356357679
0.029013109642678468
-0.022170711329652877
0.006860746501350615
0.08926845124315289
0.18607789089477175
0.23297492398581254
0.19320212097089942
0.18240460607197545
0.23324450244600273
0.24659041419987132
0.2103859153102649
0.1581797672204338
0.10410232372159817
0.06363780826159941
0.046332303852009364
0.04206591451697472
0.05149722561058976
0.07117317000491631
0.0787267478182988
0.08548694971993419
0.10610016652622549
0.13752177655417935
0.1707612968910475
0.22401171269250875
0.29498570950290837
0.30067321375185413
0.2511284674801814
0.2487080391769171
0.2819870388915233
0.31363625477547746
0.3646604610640895
0.4010038015409415
0.3563167947780475
0.2411315795582042
0.15208758055568142
0.1171677626495387
0.10278135676850099
0.13182331890880522
0.14899403485574594
0.15975952319204553
0.25867421810107893
0.3387898421386678
0.30266127401046
0.25185236804222166
0.2442306826495315
0.23849781515489682
0.2215204176133421
0.18204258159412465
0.1251958710377443
0.09541223379405629
0.11259572743638956
0.12149776965757511
0.11036813762861442
0.1344070579628215
0.1370738731009851
0.09095160347781946
0.04595639267536092
0.019467518132346633
0.040205509532324595
0.09697000018014636
0.13143504562688016
0.12069573201883463
0.07776490634758487
0.03199108184450487
0.008197087409521495
0.012431947428841185
0.07888259541115981
0.18207383707237543
0.2668605696353058
0.31194939399633886
0.3007881602703537
0.2846220192017779
0.26869772251793717
0.22020019119621997
0.19183447244890464
0.1799172140950964
0.11797081107427039
0.03543067932832378
-0.01816093443232037
-0.03411697105531231
-0.028125555887704472
-0.026524910577092657
-0.006756186909887431
0.042180671056553876
0.07777132281709419
0.09816191999896516
0.12650301121938853
0.12394041683423933
0.05899094466000059
-0.022838244669529648
-0.05020572378259629
-0.0260069744643695
-0.009082421042330164
-0.004078585110579593
0.0392546191319507
0.15198464777509157
0.2578766205129142
0.23899021222841318
0.14103634891168523
0.08437653897979278
0.08045687012383831
0.10816821394863135
0.12643607751480393
0.08588342101650566
0.03276857364457587
0.02073142221484295
0.029718711917962964
0.03184919328427022
0.024601626820101242
0.016910882204843346
0.009649020055792662
0.030168133866913187
0.0776155220549069
0.10221823027158151
0.08083432232046228
0.038646666307098676
0.016032471304747272
0.008075676298954676
0.01639732959265727
0.003025667916430679
-0.060570068306191056
-0.09983328112768558
-0.09211767066638048
-0.046439608762007686
0.0034169449299876337
-0.009747706180988898
-0.05244526034472505
-0.06797541795243735
-0.05278495071704697
-0.022995353451434157
-0.002547291706353619
0.0002454066695621398
-0.011209864021375755
-0.022733155729620345
-0.018856580957118438
-0.0027182211330675815
0.02818985941117427
0.0747928809315857
0.08629705529592356
0.04852153786106429
0.033235733772839296
0.06601098778428129
0.09463033331638862
0.08364930029867856
0.05864383476000179
0.047970898989157386
0.06922813764939055
0.10345123554668598
0.11808666771424071
0.12562345891598006
0.14232011065706032
0.14894533514398725
0.12734293312470912
0.10940379354662107
0.0908386892498622
0.05794211887846657
0.005965113413196
-0.05104491069850242
-0.06614209908920178
-0.03364857202897578
0.02103258004674243
0.03814309232695619
0.028270945964243177
0.029071893080531746
0.013493437295709182
-0.006992169534335768
-0.012452570221050068
0.0048311683327271005
0.053962776623679674
0.0825054298943335
0.04126762156661648
-0.007599656187804356
-0.004446511256013773
0.025223113952753916
0.0423647887995654
0.02475185626449566
-0.012658642288048064
-0.030998921276124622
-0.0330559273611537
-0.042610543397862424
-0.03774289733471902
-0.000421283319310102
0.03964604678477852
0.051630497842876426
0.04607626496835399
0.04340531653512991
0.03878132057660745
0.027279816254994052
0.020555495070466917
0.0450888042203559
0.09236312094968976
0.09975237533617633
0.06333331293978708
0.052914243183481056
0.08280000928743853
0.10805088007773775
0.09929374679362116
0.0739465147462259
0.05463845898593126
0.02709065713095275
-0.0018801336384161652
-0.014700291334956879
-0.028047770917144034
-0.039853257296737186
-0.031132695431755758
-0.012161338026968048
0.01194032810579542
0.03483501093815766
0.02357618322128865
-0.009944604712572067
-0.01221046058077503
0.018895824624469666
0.06192372695147911
0.1042220110006466
0.09387488411046237
0.030391898141178632
-0.013227768369227044
-0.011366650984857353
0.012594677839661988
0.024923484804238727
0.01721547400729189
0.018040306032569564
0.036907209126885505
0.05500985656456336
0.06969512822422923
0.08162227281363524
0.09526792310061438
0.12050014869981585
0.1473831224848107
0.14702994535725916
0.13123048676896584
0.14583336659065324
0.16723812503794386
0.164910000057887
0.15361086149847208
0.13935439901548083
0.1256603116362561
0.12137560581489545
0.11479175405341105
0.09781392612763702
0.08327124094890413
0.06054504434784558
0.013893447258661077
-0.030197691964424435
-0.05146655101458026
-0.06893040113668517
-0.07528172024762797
-0.05661274381246851
-0.022778114785987475
-0.0005418318465388925
-0.010368685752840966
-0.012889382864181016
0.016112058569890435
0.0421786800392896
0.03680415838247778
0.009774464227065096
-0.00620664186578032
-0.013310317505073575
-0.03381752259618339
-0.04395436954059116
-0.02705238555963498
-0.010113641510816672
0.007066287257013814
0.02918009341841916
0.037083925280088144
0.035151458850371284
0.03436447995087182
0.044111926331040247
0.05854514228045967
0.052191592114419344
0.029269774379864198
0.02051443354286122
0.03433653013661273
0.04957499543206922
0.056065322000747826
0.06438276535737442
0.07282344908291215
0.06282973060767233
0.04370146561956725
0.037141785290063185
0.04615800416424424
0.05361592211746403
0.03668796700471429
0.010487174453222258
-1.0835498480379101e-05
-0.0022743873508753653
-0.015311097021867474
-0.03621514484743553
-0.0525815378306389
-0.06532853881078435
-0.06754149267885691
-0.05125424106291225
-0.030719710574560417
-0.020344561700637528
-0.011703924193434447
-0.014891834900084847
-0.043752621455837984
-0.06998567168379595
-0.07261558132410127
-0.06275251066719233
-0.056526862389685725
-0.06333906820241811
-0.09003250794547352
-0.1176861261867676
-0.11494382779004925
-0.08779875147389588
-0.059851796120171455
-0.04338179299760748
-0.03998708619781166
-0.0508598632191752
-0.06873420696723544
-0.07596414900836813
-0.07030774795256192
-0.06357943244008689
-0.0685112588437172
-0.07845455855590423
-0.08175199640694643
-0.07650063253600682
-0.06145686422895426
-0.0439678447174937
-0.03778642239016189
-0.05038756986187564
-0.06902523437248696
-0.0803868815858419
-0.08566113421530282
-0.0917306884254044
-0.09710053059640374
-0.10456544826632537
-0.12049290793283267
-0.12146776715181005
-0.10275472139387928
-0.09055233730238725
-0.09012429419041133
-0.09808923381535838
-0.10762938622840545
-0.10341770483766079
-0.0862663120812429
-0.0697852643137007
-0.05943893703440651
-0.053397441898092965
-0.05888859374887868
-0.08413565504210657
-0.10797442850919693
-0.11007582385678225
-0.10025335609054449
-0.09057101249616199
-0.08908849961176601
-0.10314517597958506
-0.11587208072625266
-0.10195087890659356
-0.06778595877313075
-0.03585573176783847
-0.01810170090624809
-0.01449971677091872
-0.026813472579903855
-0.051191760904727525
-0.06375461788760223
-0.04978620579152317
-0.0274154398097874
-0.018546392319759686
-0.022580626046541194
-0.028464105753897732
-0.027985617802605875
-0.0221762045142041
-0.011461915360599517
0.0028391302277442514
0.007451866091329021
-0.004717746018494918
-0.025224859971161664
-0.031909377372466616
-0.016057551258982953
-0.0025095301913800206
0.0013315060850288638
0.01140914222633209
0.02310651350319389
0.02377675674108961
0.014023814667500904
0.004263822095761089
0.00477437546848984
0.014516050005054595
0.026149587232223392
0.035592863079801036
0.04291792176865228
0.047765202844788926
0.050680767009188714
0.05466483473767416
0.054704464770023956
0.045996289482950585
0.039341131282047914
0.037134884868188854
0.032405551505603994
0.03422669484993943
0.04343465367407473
0.045227987394012674
0.04029804476063834
0.040845398703984875
0.04682198912057877
0.058438588376582404
0.07375495438918973
0.07438455795461872
0.05481271982464037
0.03199194947300755
0.02234504672367524
0.02749545863397744
0.03648844648657145
0.045218429979665506
0.05065999700010607
0.04586847458650815
0.03989775868526577
0.038893525061871985
0.037004263035696136
0.03507305154290645
0.03407461207946851
0.027925940015334605
0.018807762058942235
0.018461177583362468
0.02555927192792191
0.029870970335654758
0.02922210960067196
0.024696602055541576
0.01337955924294843
-3.976932494446953e-05
-0.004758834881942141
-0.0007350191959284171
0.0037838570649178474
0.003066755610275277
-0.002245220210494389
-0.0074160363313919165
-0.0047713518725466956
0.0017860063589918316
0.0005074454801266887
-0.005101545832099643
-0.007977289569742162
-0.013493967892963034
-0.025567344093876336
-0.03386258259824158
-0.03173476421779234
-0.024203251052623404
-0.01628496167011425
-0.013889855516811956
-0.018333770062050815
-0.025451017126356727
-0.0313873766398796
-0.0332602077079218
-0.032335936267484836
-0.03322479607344629
-0.03681533936834923
-0.03955328275454766
-0.041795714328692696
-0.041442097085735374
-0.03288406166000192
-0.0244490363722343
-0.02276425984266673
-0.021992172527562432
-0.02259544194290593
-0.02150597099047524
-0.015299219150224993
-0.009684075161889884
-0.010858721844137512
-0.01695624631457573
-0.016565124192184297
-0.0073537309995959374
0.0020744466314081126
0.002545692320155576
-0.005285456140111786
-0.00740924581330275
-0.0015795136660390206
0.00224395458547106
0.005688817338926707
0.010187511330931915
0.008466491439446088
-0.0010303045110791383
-0.006774789839044007
0.003931664386059891
0.022843158623779093
0.031105230949610395
0.024541177719571976
0.011283458676080802
0.005969844166012781
0.012049548603453865
0.019184315455914334
0.026181487561109183
0.0333480931674884
0.03524403856855555
0.029469341263374586
0.02332200462203354
0.02412318673272564
0.028403763763984572
0.02986440522321659
0.029459721265945663
0.028513263309787328
0.02425759707773799
0.020448187258635137
0.02113011343330439
0.027097191934472974
0.03523627704734612
0.036576357423034035
0.02918222796162748
0.022961988997050646
0.025004444584921563
0.029162862155787807
0.03056840035293115
0.03125157250950864
0.03125362821167399
0.028972263530031468
0.024185479360585124
0.021090768239525274
0.021126149508897494
0.02113391955721953
0.01975332243031772
0.01375326864506021
0.00648925086710999
0.005135024203453522
0.004935132567739197
0.005295782371915162
0.007445664139429634
0.006100401912885549
0.0023844183927692582
-0.0017718676085997855
-0.0012208670116747532
0.006943624473862836
0.01267016661383437
0.006846149410290995
-0.00514558918350099
-0.009732511281768247
-0.005838934457600703
-0.00370105429770651
-0.00476502147029079
-0.004755245636980376
-0.0063351272601151936
-0.012302372585984638
-0.017515996582801428
-0.014950194728027217
-0.00810674221491459
-0.00657634175608196
-0.009809150220138039
-0.012870809441834571
-0.015002921535284498
-0.014074801882078724
-0.009944985752927255
-0.005713903025818926
-0.0028942407258600016
-0.0038068490724677564
-0.008092066248431758
-0.010502169909903047
-0.01020961954726747
-0.008887120499145775
-0.004697920252661319
0.0011581425859195158
0.0023009838924703935
-0.0042761184241279174
-0.011659271662335652
-0.012977236832891861
-0.008855022715876806
-0.003469004580729032
-0.001970371286537572
-0.003784946868417357
-0.004443489939216241
-0.0033495321374047947
-0.0026133289056418183
-0.0013336246685084813
0.0017863269985990116
0.003056773206955991
0.0015462100050732948
-0.0010583854614733858
-0.0031635649089000644
-0.0006988779706416669
0.004507015530960672
0.004386842938727441
-0.0022726555449429525
-0.006702647060165351
-0.004814748774643316
-0.001652654978220943
0.0009781037751318768
0.0038766999370327877
0.006632859133876761
0.00863973542451529
0.00797376317929047
0.005546664113363425
0.005439392986679395
0.008362791245429577
0.009515976384517047
0.007107418712156952
0.004814515505158093
0.0035668214087341086
0.00372927763476769
0.005408881057902932
0.005529035618897613
0.004372158294218191
0.004374949634750735
0.00449546876316965
0.00299373966553178
0.0018434441318294162
0.0038159719624999617
0.006690175716315331
0.007429489787841023
0.006039870135037518
0.003127006801087071
0.0013864017573432307
0.0026706884849902633
0.005619742316840323
0.006805024053445707
0.005632653805435572
0.006357805147410553
0.0072082405286225835
0.00540067376360209
0.003759851969825546
0.0036833115575640825
0.00496790945962056
0.006109490721865285
0.005231912354294903
0.0030228521512656514
0.0022305396386479537
0.004419999804910429
0.005654923076470984
0.004090224647170921
0.004317414193171812
0.006742576468339333
0.008042428223379715
0.007549077848126617
0.008035221416711728
0.009546221564435594
0.008468121690224758
0.006152057786913866
0.004986510673214626
0.00422693889255666
0.0036880677459661462
0.0034374166311120203
0.0034370334907739652
0.003140181211733576
0.002170989227719226
0.0014018105341543348
0.001724268349349587
0.002773605226442508
0.002370020635764239
0.0010298767065734572
0.0011905095744605704
0.0021708577059587272
0.0023183698816696104
0.0013145046507087757
0.0007553517905881965
0.0015154426188750418
0.0013653463482696372
-0.0004158040626709074
-0.0015766302395045168
-0.0012107823428373732
-0.00045741053880803687
-0.000694140331829811
-0.002198661289185323
-0.003380369422387222
-0.0031842282807063586
-0.0032654000934180484
-0.004640403695285891
-0.0054632667616235225
-0.004473608746492023
-0.0031805869093886182
-0.0032419146413323495
-0.004218648962117093
-0.0045333529989970015
-0.003476789432838654
-0.0023276667849728883
-0.002552620906305166
-0.0031896481596834954
-0.0030122987352762362
-0.002795712500057178
-0.0033897353976871073
-0.0040260514272615604
-0.003457131095355341
-0.0027416271283240605
-0.0028261402500354875
-0.0028912913175347483
-0.0026527633819812485
-0.0020858570534889273
-0.0016482587355211695
-0.0014991587985329613
-0.0007930654672265221
0.00022666201943218224
0.00035527245051076255
-0.0002664902646008226
1.558547050424813e-05
0.0010452702586001474
0.0008052054191226505
-0.00018500192956818026
-0.00025271250285318573
0.00018056178514341733
0.000120513344071749
-0.0003905104373134267
-0.0006856785829414161
-0.00017627901612854858
0.0006944712454947014
0.0009151357214813731
0.0008783167180391827
0.0013645624501138903
0.0018003513591712537
0.0015465582871112403
0.001398168786189988
0.001982581291258749
0.002477799140527031
0.0023563019435655723
0.0021127603796299043
0.0022000039739719975
0.002748339406297933
0.0031937548734784684
0.0028988506544760134
0.0025381723817459734
0.002905846480786326
0.0035268431965460637
0.003535026677950302
0.0030994018326749874
0.0028767857448455726
0.0026220337534882546
0.002012173553484019
0.0015268096111179966
0.0017144651185571794
0.002527076550820819
0.0029511485506483843
0.002616149388796847
0.002455725371485868
0.0026423719319112696
0.002590447619888114
0.00211113162967767
0.0013724222373796887
0.0007335706809364195
0.0004196516606942633
7.001699671277589e-05
-0.0006181477665746295
-0.0010505034609363446
-0.0009297006584063404
-0.001057484691109537
-0.001470419831376294
-0.001561706051563972
-0.001613951603422263
-0.0018542545480647202
-0.0019134297874135687
-0.001631274726742288
-0.0011998319106248851
-0.0008742861227763411
-0.0008698410394607583
-0.0012062917882948155
-0.0015268880042691774
-0.0017105371909400867
-0.0021599214583222543
-0.002847154124010982
-0.0033811307307111105
-0.003719054021463916
-0.003941291146679242
-0.004051017539189992
-0.0040931893570782885
-0.004068262980541759
-0.004139845831298265
-0.004673132720618914
-0.005368760128046335
-0.005521774742296952
-0.0052411641729850226
-0.004931807439074187
-0.0046074936869145355
-0.004338425976853349
-0.004216363837164194
-0.004185050474305286
-0.004198929061462856
-0.004128171600251347
-0.003716300557906028
-0.0031278274150437196
-0.002637248066089624
-0.002096657839366012
-0.0016556568090645462
-0.0014843143259429673
-0.001270603887025587
-0.0009330492282342308
-0.0005965324838296871
-0.0002400927491381886
0.00020731264706264185
0.0008011010473955249
0.001398635078931008
0.0018890483041520965
0.0022446998525220588
0.0024347315997867774
0.002715226190567
0.003208196397133096
0.003638176849473469
0.0038113438625797954
0.0038303174774437713
0.003758617900594569
0.003477827162062614
0.003167648196563113
0.0030612329987727994
0.0030796943394629556
0.0030916519793025296
0.003022521269217531
0.0029998898876742977
0.003105329265892819
0.003163593072304734
0.003063715510231585
0.0029374430742286953
0.0029731206563001727
0.003179079097218931
0.0033957581752443104
0.0033664423823164796
0.0030067465567684545
0.002579790992084846
0.0022977448523765973
0.0021382502968128334
0.0020766108479590307
0.002056530154657293
0.0018891071925333472
0.001600049411987683
0.0014077851079095233
0.0012568451242610244
0.0010567796826856273
0.0008489266420376509
0.000649006563111614
0.00047218628831509845
0.00020121379620920173
-0.00021782497680383127
-0.0005912012805612101
-0.0007828020042470884
-0.0008596198527682189
-0.0010147131833050686
-0.0013991228675492176
-0.0019640424509055738
-0.0025223465466884384
-0.0029248895125787563
-0.003228658539007023
-0.003513963961652377
-0.003578295772671379
-0.0034303227267899225
-0.003404128704861549
-0.003471012291232649
-0.0034790665141934537
-0.0035591104297780793
-0.0037475119144417092
-0.003909685917595284
-0.0039674420402639275
-0.0037848092531478274
-0.0034050770096300887
-0.003142241824872786
-0.002994637622555228
-0.002802212345907653
-0.0026612358567995255
-0.0026289470124195194
-0.002536935439279824
-0.0022076895588893654
-0.0016767932661315111
-0.0011722917464141761
-0.000833795742891174
-0.0006472354751017352
-0.0006147563221542409
-0.000660520264470788
-0.0006624495291081592
-0.0005865555467035597
-0.0004217327103171298
-0.0002601776948141169
-0.00015950369543440667
-1.0373879051804608e-05
0.0002517973038506286
0.0005595221359577018
0.0007410299432289
0.0007610689711287982
0.0007678528041408902
0.000854003744393363
0.001060347087711331
0.0012857074225532488
0.0013949437017004962
0.0014941714518934912
0.0017552692582425877
0.002161575417131367
0.0025327258854089684
0.002760056108823405
0.0028706873591265013
0.0029406149770867312
0.0030607402333837973
0.003224407042418557
0.003348178367463607
0.0034531595277364855
0.0036050348574719416
0.0037065391725393296
0.003604407076031741
0.003318565339260165
0.0029965932235065636
0.0027741188408122756
0.0026303514111311213
0.002429249726356539
0.0021890517536370417
0.0018955723103062907
0.0014302621296126516
0.000914768735287464
0.0005267520103326672
0.0002550727324060845
4.477895245308825e-06
-0.0002132647956198964
-0.0003905988748154245
-0.000657776195423395
-0.0011475588731286786
-0.001827904764592544
-0.0023824421357085657
-0.0026839633801000397
-0.0029250641906122415
-0.0030712708122014928
-0.0029685875494912294
-0.00276788714626375
-0.0027205372892557056
-0.0028259587841115742
-0.002966226303829731
-0.0031136534363784877
-0.003272815944213614
-0.003434111179382069
-0.003592371557697549
-0.003692814719166925
-0.0036732998640022817
-0.0035661451331652143
-0.003454828462359943
-0.0034336100158305224
-0.0034653804484555332
-0.003409890727816901
-0.0032997016325916916
-0.0032375218522824427
-0.003201658716445396
-0.003108712150942275
-0.002963166774298029
-0.0028010252841222604
-0.0026009295938733646
-0.002332704403341904
-0.0020213264445458987
-0.0017419190434777852
-0.0015234480556197587
-0.0014165249793497434
-0.0014581237998022938
-0.0014999936517208902
-0.0013520373261828643
-0.001017848118598492
-0.000574236680892524
-4.476942078840697e-05
0.0004685439547919388
0.0008291351215151479
0.0010234740298960688
0.0011559839134598052
0.0014229285285035408
0.0018748539231706713
0.0023341014160339324
0.0027080784882371665
0.0029301291269930247
0.0029153853803385696
0.0028809988990369925
0.003181375384456587
0.003766473583544643
0.004264997169883319
0.004515164834796295
0.004614021591420636
0.004651995720629198
0.0046355509091504975
0.0045240797912850855
0.004327627648425962
0.004168915510368834
0.004102621688640583
0.0040465586361660075
0.003968454340377188
0.003873696687018453
0.003735877099834035
0.0035853869285183415
0.003481638494383372
0.0033490713336505537
0.0031280479146165567
0.002915142257844907
0.0027278100710017954
0.002538650497958601
0.002392837724791966
0.0022712811307477074
0.002086403680508636
0.0018236395628685807
0.0015283426006182722
0.0012438061907988727
0.0010070109770129862
0.0007850220611806244
0.0005291427199920985
0.0002342982819760273
-5.3219071544689233e-05
-0.00024584717769963793
-0.00030866231842815366
-0.00034411812259767125
-0.0004883687637995116
-0.0007682944740006152
-0.0011446176837047915
-0.0015122877471540925
-0.0017796638937160455
-0.0019531517372213293
-0.0020394284888119955
-0.0021056418424252963
-0.0023116981054644467
-0.002627575619555432
-0.0028946237561722327
-0.0031139227188579687
-0.0032472555096898035
-0.0032382979858628994
-0.003283019693044941
-0.003557767047381194
-0.003946319533962031
-0.004206216592633297
-0.0042486877892550295
-0.004200165061609575
-0.004166458119242927
-0.004071554675761859
-0.0038106722607282235
-0.0034471566907131146
-0.0031531850623030652
-0.0029874420675253337
-0.0028963927893133697
-0.002843755165451848
-0.0027503492632558607
-0.002530141557360869
-0.0022429081193055026
-0.0019627062605826855
-0.0016418024181402656
-0.0013063768828876924
-0.0010512313754377331
-0.0008369865798334738
-0.000575417163224068
-0.0002594809414511789
8.126796929065075e-05
0.0004153402947101183
0.00071388076674168
0.0009832399626291163
0.0012001218247498966
0.0013508491671083657
0.0015034740396103106
0.0017244203689642111
0.0020154471431577782
0.0022931539334483434
0.002439485674848609
0.0024226260507850734
0.0024056862110312855
0.002546940219102418
0.002790391297066391
0.0030119947871083716
0.003139889465919765
0.0031718020467598313
0.0031241861333082565
0.003017090586535716
0.002941548545051886
0.002940158731271681
0.0029325272796322304
0.0028942091791159283
0.002855174937131254
0.0027795294298395457
0.0026997236740683495
0.002709492477261917
0.0027996913299950374
0.0028770248628400565
0.0028441849125464026
0.002693648430638555
0.002494943703351697
0.0022540722373142847
0.0019201154198657882
0.001516296672927069
0.0011410681427600237
0.0008695377034953161
0.000664378778401431
0.000434226201229484
0.0001406916447406747
-0.00020032197316855978
-0.0005006265887686028
-0.0006938000457935274
-0.0008507580137111092
-0.0010409438958398909
-0.0012335680702720946
-0.0014069075784570292
-0.0015766002813312238
-0.0017404898700064868
-0.0018987447756109639
-0.002070497348391916
-0.0022417040746874396
-0.0023973772243025106
-0.0025425102961737236
-0.0026389123228195764
-0.0026613319180335128
-0.002639343074665994
-0.0026161509263070764
-0.0026079675623951987
-0.002572131810430153
-0.0024404757320768663
-0.0022369226741670314
-0.002095691644445371
-0.0020907144015199657
-0.0021731978334985514
-0.0022331797983311434
-0.002183568252381644
-0.0020452410930823137
-0.001874632122643493
-0.0017050768970040796
-0.001577092378425741
-0.0014709003775758768
-0.0013184597178894203
-0.0011368501121781865
-0.000972069035030163
-0.0008353159386931511
-0.000749160106730332
-0.0007138399610808719
-0.0006926192958557184
-0.0006160905940844082
-0.0004570439043278737
-0.00029673757060758065
-0.0002066849221406663
-0.00013022827782439194
3.0162346932580947e-05
0.0002875568671183764
0.0005855943777904646
0.0008531334252779095
0.0010712276323804764
0.0012716221328517264
0.0014877884254335197
0.0017137390271111344
0.001892375128294379
0.0020206289602410187
0.002136279903885442
0.002214759530416066
0.0022478730870621106
0.0022768556693005424
0.0023117823110513917
0.0023385691861537226
0.002375849276156082
0.0024450811295063427
0.0025203169815152934
0.0025810147489670797
0.002623701505465399
0.002647524528476852
0.002655606578716786
0.0026276908018498524
0.002558252344951871
0.002476421069588326
0.0023664020164801776
0.0021650451786625227
0.0018842491763597946
0.0016118536747676238
0.0014019259569754
0.001247866016816885
0.001114075159564412
0.0009649481797537819
0.0007629723476925557
0.0004996019412098743
0.000249836245490471
7.483291533170415e-05
-6.364855826504973e-05
-0.000205005094701188
-0.0003574105930104566
-0.0005371838627760719
-0.0007334429141221742
-0.0009000087573752482
-0.0010041906336598124
-0.0010683470085502138
-0.001163179812649015
-0.001325292743034114
-0.0015038651010795636
-0.0016748765423407123
-0.0018897090265455082
-0.002144116543792671
-0.002373320367447368
-0.002529977268587651
-0.0026132005009968083
-0.002664753012603774
-0.0027201762599310944
-0.0027969794297635258
-0.002870959852137693
-0.0028783331042848428
-0.0028110159780592673
-0.002711513646796578
-0.0026014963333530665
-0.002495179756161849
-0.00240417938962211
-0.0023099931329345806
-0.0021905497672317026
-0.002054743653190619
-0.001912496247152883
-0.0017600495864607106
-0.0016040839737925408
-0.00145299369258619
-0.0013118053094477423
-0.0011788705812194114
-0.0010406128927316649
-0.0008933355016855727
-0.0007307364922542674
-0.0005253039726462938
-0.0002783168238496855
-2.7085118761151154e-05
0.00022398220311357886
0.0004877832248940194
0.0007539536859700814
0.0009951648115668823
0.0011875047127014554
0.0013470398221900669
0.0014965361238802853
0.0016184307463844357
0.0017007477746392272
0.0017699960347222707
0.0018393006557911205
0.001892538347268268
0.0019143546863371705
0.0018876714957733146
0.0018080485667794472
0.0017039583519846357
0.0016227124684713406
0.0016039558762506354
0.0016402963463715433
0.0016736692331780199
0.0016683230524147921
0.0016413691459227356
0.0016177005096802465
0.001612517299050067
0.001612448439866666
0.001581451648973191
0.0015091646228380406
0.0014239614868766794
0.0013736603961111086
0.0013513642604181626
0.0013017865439627213
0.0012052234461627323
0.00106295271562402
0.0008861707568807827
0.0007210950993738436
0.0006055027694106464
0.0005177075035792391
0.0004320572591901073
0.00034876171640812033
0.0002492497130256502
0.00013370403750521343
2.9238766848580916e-05
-7.814535088724885e-05
-0.00021199302816105484
-0.00035029820536430415
-0.00047376768999587087
-0.0005991352324888815
-0.0007436127794503911
-0.0009039235498850971
-0.0010647021048440196
-0.0012309093517765882
-0.00141445447439903
-0.0015842339432802954
-0.0017113987958140146
-0.0018168804765000672
-0.0019342943394094444
-0.002078276122299502
-0.0022324828716839633
-0.0023531397173962416
-0.0024049173730200327
-0.002376333057158018
-0.0022859849940281437
-0.0021936186060912194
-0.00213927663429325
-0.002098069721677245
-0.0020300267944746565
-0.001924080639791646
-0.001795782113804641
-0.0016754316602490653
-0.0015802794542825113
-0.0015073089286829807
-0.0014611834216026708
-0.0014377972489751523
-0.0014208471290929616
-0.0014035649737902014
-0.0013767902340875446
-0.0013334945069542604
-0.0012600763136771725
-0.0011280068756880583
-0.0009498541531394679
-0.0007663027986264095
-0.000571826725349848
-0.0003536660948508851
-0.0001400071532302388
3.925685902279851e-05
0.00018092760574939075
0.0002964848881039366
0.0004097209512356926
0.0005502466496844329
0.0007165704205898344
0.0008943967742384883
0.0010775719740535243
0.0012383227991056842
0.0013444473679322024
0.0013973778353993816
0.0014282323530791883
0.001480457350132849
0.001580090915987638
0.0017039853643817588
0.0018032035343298809
0.001851937822738842
0.0018711049581337069
0.0019028676211139545
0.0019599959315223484
0.002022963460844642
0.0020518812171037215
0.002014037219957586
0.0019488242051347213
0.0019158648134043664
0.0019025817837375985
0.001876072932183189
0.001822005392174446
0.0017196069014554774
0.001568016433315769
0.0014007655664602127
0.0012407531587626001
0.001086959526351532
0.0009370009762327522
0.0008062354058100727
0.0007124043303854098
0.0006400875484108898
0.0005705004364967932
0.0005001167574086308
0.00040951106213119953
0.0002895094385233064
0.00017173176035063697
8.662565510080562e-05
2.2277768439822767e-05
-6.55370509583188e-05
-0.0002028809110256287
-0.0003645618022865083
-0.0005077087177386267
-0.0006213544236548805
-0.0007280542392705306
-0.0008295047983148774
-0.0008991282321941257
-0.0009304801083727536
-0.0009220779463139092
-0.000875597763115433
-0.0008155093310319094
-0.0007505768593970247
-0.0006607604187535194
-0.000553991789814508
-0.00048143523407557414
-0.0004636640626404358
-0.00047373445657571323
-0.0004930970423457862
-0.0005214862602118028
-0.0005657246117751983
-0.0006435951677835643
-0.0007525280620422041
-0.0008651624223170307
-0.0009714892718378451
-0.0010871904369888254
-0.0012222934900237385
-0.0013581344569368716
-0.0014646195872095582
-0.0015186759653161136
-0.0015236163459320267
-0.0015030589304575613
-0.0014654376122440057
-0.0014008397791402736
-0.0012934917089308493
-0.0011537196023762594
-0.0010192685307326645
-0.0009158317451455711
-0.0008418529195962948
-0.0007658236587830156
-0.0006584862481010304
-0.0005247054138374602
-0.00038051577538245854
-0.0002497632860507936
-0.0001589573686479924
-9.467422061112501e-05
-2.9996479150308405e-05
3.899620044386071e-05
0.00011929688543867609
0.00021439779660854282
0.00031093237948764165
0.00040409392072521586
0.0005092482917713396
0.0006362934713759419
0.0007772014276518693
0.0009163594833775622
0.001031537686832175
0.001107597555640149
0.00115606611957039
0.0011913265898494398
0.0012152295118068965
0.0012424963160651641
0.0012931376883657927
0.0013649673669349517
0.0014201339738560722
0.0014194445573614378
0.0013665601178051948
0.0012843077676549849
0.0012006244348961384
0.0011466709033451604
0.0011292572200780019
0.001145491223181291
0.0012003200730955205
0.0012814913383832997
0.001370701333190388
0.0014535341829762093
0.0015018579639245794
0.0015036614586967205
0.0014851377581533128
0.001466586819750344
0.0014333411598149283
0.0013750239263657592
0.001306119701097507
0.0012447948558658892
0.0012063361375623575
0.0012076022873450157
0.0012443555544873976
0.001257032394411546
0.0011996541651495309
0.001105086909796721
0.0010274180075467549
0.0009892546658208097
0.0009819878215775357
0.0009743645005461597
0.000935578103323008
0.0008582306867978062
