0.0
0.0
0.0
0.0
0.0
0.0
0.0
0.0
0.0
0.0
0.0
0.0
0.0
0.0
0.0
0.0
0.0
0.0
0.0
0.0
0.0
0.0
0.0
0.0
0.0
0.0
0.0
0.0
0.0
0.0
0.0
0.0
0.0
0.0
0.0
0.0
0.0
0.0
0.0
0.0
0.0
0.0
0.0
0.0
0.0
0.0
0.0
0.0
0.0
0.0
0.0
0.0
0.0
0.0
0.0
0.0
0.0
0.0
0.0
0.0
0.0
0.0
0.0
0.0
0.0
0.0
0.0
0.0
0.0
0.0
0.0
0.0
0.0
0.0
0.0
0.0
0.0
0.0
0.0
0.0
0.0
0.0
0.0
0.0
0.0
0.0
0.0
0.0
0.0
0.0
0.0
0.0
0.0
0.0
0.0
0.0
0.0
0.0
0.0
0.0
0.0
0.0
0.0
0.0
0.0
0.0
0.0
0.0
0.0
0.0
0.0
0.0
0.0
0.0
0.0
0.0
0.0
0.0
0.0
0.0
0.0
0.0
0.0
0.0
0.0
0.0
0.0
0.0
0.0
0.0
0.0
0.0
0.0
0.0
0.0
0.0
0.0
0.0
0.0
0.0
0.0
0.0
0.0
0.0
0.0
0.0
0.0
0.0
0.0
0.0
0.0
0.0
0.0
0.0
0.0
0.0
0.0
0.0
0.0
0.0
0.0
0.0
0.0
0.0
0.0
0.0
0.0
0.0
0.0
0.0
0.0
0.0
0.0
0.0
0.0
0.0
0.0
0.0
0.0
0.0
0.0
0.0
0.0
0.0
0.0
0.0
0.0
0.0
0.0
0.0
0.0
0.0
0.0
0.0
0.0
0.0
0.0
0.0
0.0
0.0
0.0
0.0
0.0
0.0
0.0
0.0
0.0
0.0
0.0
0.0
0.0
0.0
0.0
0.0
0.0
0.0
0.0
0.0
0.0
0.0
0.0
0.0
0.0
0.0
0.0
0.0
0.0
0.0
0.0
0.0
0.0
0.0
0.0
0.0
0.0
0.0
0.0
0.0
0.0
0.0
0.0
-4.911447070259952e-08
1.966296971529956e-07
3.111763949502588e-07
2.3055661553989425e-06
-6.05595694552856e-06
-7.867040891480629e-05
-0.00014581408960319758
-5.768099819789183e-05
3.49656029373459e-05
-0.00017067880479495638
-0.0008406275668782952
-0.0018828748793531275
-0.002521239561943664
-0.0018799013534741636
-0.0010949612597964252
-0.0018608670605067385
-0.0028406772388074137
-0.002731387046618166
-0.002329754635560157
-0.0021533035424620896
-0.0023311821789567923
-0.0020941426051804516
-0.0012364171918457542
-0.0010569363559561865
-0.00155490251019569
-0.0016680664864646005
-0.0015295568108497802
-0.0016326466353022097
-0.001350514226523327
-0.0011954744832464537
-0.0015338848430363576
-0.0013437723039604397
-0.0013274868881543117
-0.001738819087519551
-0.001943498103815642
-0.0021408787372622627
-0.0027275631774815526
-0.004091585431777223
-0.00534781504723585
-0.0063775793921694015
-0.00719231877235656
-0.006951865163029666
-0.0066824423404614475
-0.007751028536133556
-0.00965936008438007
-0.010780125524306272
-0.010872465316621806
-0.011143267269607548
-0.012485913076297563
-0.014221669846591498
-0.014740003119378361
-0.01414831479658719
-0.01364649565351038
-0.013189551579258978
-0.012471100644980812
-0.011793041657623987
-0.011657908689808292
-0.011592445522554416
-0.010504491384870867
-0.009350472960492684
-0.009276346292216285
-0.009257215727822572
-0.008768424243042394
-0.008364850903097137
-0.00724975580241156
-0.005686019473452644
-0.005015873836076535
-0.004436756913046919
-0.00446167590086226
-0.0053463174934846504
-0.005198178322415142
-0.00607259537104595
-0.007518497046826163
-0.007412576923795123
-0.007502287815344605
-0.007872679172784223
-0.007539790199027365
-0.006304861909756807
-0.004613068951785537
-0.004723048078852817
-0.00606590416805148
-0.0064060265635877975
-0.008035064848876198
-0.009359614527184855
-0.007890447746379578
-0.0067884528442422815
-0.0075751414307508366
-0.00977091905060114
-0.010265547261664764
-0.008260009837584974
-0.00969216455782773
-0.012396866659413029
-0.012197124199916335
-0.01075822500188177
-0.010128376872323942
-0.011859188847349307
-0.014838376090919505
-0.014290486443790542
-0.010337923544398506
-0.008545762625657658
-0.010802881847824854
-0.013026309410306282
-0.014680353037546223
-0.015621013230340867
-0.016119061409723204
-0.01617780048502443
-0.01656106658745678
-0.01944820066397083
-0.021208944297936336
-0.020443621913364508
-0.018540862721267072
-0.017212628789752764
-0.019359824622391948
-0.02297746285239355
-0.024619441685258245
-0.025165402361598727
-0.026136427397896782
-0.02809545635229784
-0.028883003093733227
-0.027102451071322697
-0.026385995416038227
-0.02689603559547896
-0.022971821520854325
-0.01710186827293061
-0.019097492615799124
-0.024048822755967085
-0.02431917604732297
-0.02569306635309237
-0.030174740042017045
-0.03098435405638788
-0.025846481617430736
-0.021762487804776433
-0.019933145392007353
-0.01763763201839153
-0.013627871041057487
-0.008868245670905115
-0.008381201163852997
-0.012660227147218747
-0.01815139809934076
-0.01939264856942109
-0.01674970734292962
-0.014938200997827685
-0.01326624126602378
-0.010243470036701657
-0.006307571159112055
-0.004460392317782364
-0.0046934142769202635
-0.0036179824559477037
-0.0021299057007632812
-0.0018261088143374277
-0.0006304326063034847
0.0019129983072250706
0.0020659924999851765
0.0014373856321446543
0.0014068143363306432
-0.0023165247072999837
-0.0046638844117843515
-0.0016239532392300943
0.0017598896517312139
0.002560377547151889
0.0021754882690749543
0.00034212180614238584
-0.0018244830645812765
0.0026613358640581513
0.011389233358715395
0.016287605096376525
0.01498715950846526
0.010741096087898888
0.008296391553275072
0.006581103271131739
0.004412552212600518
-0.002640617885501422
-0.012478975295857838
-0.008879646630723836
0.009444512064978148
0.023177418307653495
0.038498192832198935
0.06000218890558959
0.06280543172769458
0.05399607584961692
0.04453649424968468
0.032954912269428635
0.03699482301591896
0.047937893041446675
0.03487702518512693
0.014865346363403727
0.02508980000302014
0.04399988041050761
0.038707163724773626
0.02374263525273516
0.024087158385894907
0.0340707551470416
0.03711833811743066
0.03489915371934872
0.04394095052177968
0.06255051459130812
0.07691193134615879
0.10181444381290014
0.12988460907275698
0.13342891020099856
0.11964101619675287
0.10147562287425323
0.07759529444811772
0.07085934484730083
0.09249002467991799
0.09182435886724065
0.048670512394338165
0.009788836948551354
0.002251231851411664
0.008478049308970285
0.009010794038200739
-0.006514533305046776
-0.03233395785307419
-0.04260101073504043
-0.026227218418259746
-0.021794947453339823
-0.04083161989120535
-0.029128063691030485
0.004940861654567455
0.0039064462217224425
-0.022819833544132015
-0.021538799567666054
0.01352561795602817
0.03858493203171441
0.03222666582834045
0.014751535249527686
0.014081460548936258
0.03014115043222378
0.035074744274626986
0.02770063978080674
0.03707886235736873
0.051949484479939245
0.05458565011938592
0.055986121813074746
0.05239701421876426
0.04907550864713598
0.05069832723818096
0.03903194056050324
0.026858652793441653
0.03145263154583965
0.036917197727365514
0.041994968574200556
0.05732187143899029
0.06908114625449709
0.061852168639671044
0.05327513618319781
0.05109667578079106
0.04879676474909668
0.05416755050836363
0.0579198105816866
0.05950496700781581
0.06886929532308271
0.07863745005396693
0.08114161558649809
0.07974402700622052
0.07359407941463329
0.0727086394745701
0.08696651136467023
0.09706671571254744
0.09806908061963412
0.08951026744603739
0.08155422581662852
0.08413258924862883
0.0905953017724575
0.11061436861321082
0.12275920620403741
0.11068586501977537
0.09855069403243509
0.08872826317210289
0.08415243594523185
0.08776640732354904
0.07590887693769525
0.06071675372082237
0.06752674567551356
0.07504512260431323
0.07241918141143582
0.07811258442881976
0.091176626592023
0.096320159358422
0.09169680792358037
0.08032683403567181
0.057866701550555344
0.04626807918310862
0.06322402752775405
0.06194776668060215
0.0365091635264651
0.041919132247322154
0.062122481618232375
0.05301058655960387
0.03461961612717457
0.042690279807236935
0.059635578101102864
0.05407731328304523
0.0362972048431163
0.01868794124417046
0.02266826420133745
0.05731258310173189
0.06683186879482456
0.035086171640009683
0.01147106245382005
0.010951782192678177
0.014678435130942583
0.003315600207998927
-0.019907083223588487
-0.03663762750556886
-0.05004894230238617
-0.05970740330101089
-0.05379287942013287
-0.03791702149900998
-0.02565520631615114
-0.021644908323719313
-0.019216739734454244
-0.016614199499989067
-0.018485119251689254
-0.03103243501700973
-0.05134980120795739
-0.05681658486540151
-0.054075837602260736
-0.05571466444117805
-0.05884449391404414
-0.06490827512023845
-0.060036875286546866
-0.05078881381336598
-0.05816365594646605
-0.06636204387258088
-0.07188882556889492
-0.08188094836633121
-0.06904342269301132
-0.05795634792779118
-0.08155046645290961
-0.10598876389757868
-0.11533540900523094
-0.12249455527230485
-0.13186336051032524
-0.13499910292603712
-0.11744987263026696
-0.08952537862328012
-0.06925919517923779
-0.055833497224480666
-0.056023775264502536
-0.06091760415848684
-0.05707113419681653
-0.05776770701896437
-0.07215111420537441
-0.08258789047811771
-0.07665692067235029
-0.08626133897346618
-0.08930056596763294
-0.057044169513802104
-0.058014825521845156
-0.07780890939898759
-0.0681839402975102
-0.0667569652171949
-0.06420922627047396
-0.03176205708913119
-0.0016116145617739478
-0.033269357248189545
-0.10391831175983303
-0.11566376663744306
-0.05477376265622483
-0.0024430921735379063
-0.0010655501794657996
-0.005764871375780837
-0.002552464106901493
0.006678883175026713
0.0422714343757361
0.04238782968530343
-0.02320970528940958
-0.05876632801826469
-0.03510558354949804
0.005418540792275754
0.050425699622113254
0.06550080879795926
0.029011610859276615
-0.016438293863149354
-0.028143894235630743
-0.030957750817807286
-0.012834873691868592
0.033098268132458634
0.04413500825735058
0.04702048351968456
0.07418359581942992
0.09908994655169232
0.10247325788536882
0.08169500464618301
0.0790221167585333
0.09994543219037619
0.10661201341251017
0.09519597211102547
0.07164877837515464
0.062158665390305644
0.07026844837899267
0.05771490573668946
0.032436718991384436
0.014187505299427753
0.01007002779714545
0.02330597331049649
0.0394902378506338
0.05933225467108785
0.06704974928730416
0.043552023825970544
0.028002862179692212
0.03716776667603405
0.03907825465728816
0.030779289793389977
0.023922910268394253
0.02055589568589946
0.014891631809969183
0.00446931392183012
-0.006262869575823557
-0.022603595239581206
-0.032372843906269946
-0.028513171832134743
-0.02327566318493305
-0.016239673533837307
-0.018006818484244465
-0.029216251337014443
-0.018686453339478777
0.001060893118585572
-0.00998024375191451
-0.047455242323347316
-0.07066654447729429
-0.059896752987746195
-0.05563089022187207
-0.06625745758793816
-0.0596225302577181
-0.0532046521489953
-0.057946323085423676
-0.056150432735179986
-0.05038409987384074
-0.0420957137634185
-0.040539129375585
-0.06144380953451048
-0.08762659347178489
-0.10888614153037486
-0.13378089412939992
-0.13960432866006386
-0.12052434229879636
-0.11294779212905207
-0.12551509949541967
-0.1290916462926424
-0.10849431629025169
-0.07804291177448751
-0.064386338460285
-0.06792709815118665
-0.06688191411013703
-0.06445829909084166
-0.06343108393496322
-0.06315799684134973
-0.06986815341955971
-0.0827834791012998
-0.09293086019060184
-0.09467719471260619
-0.10257267763873068
-0.1112351161746971
-0.09123272117706109
-0.05752261539688493
-0.06001022307466889
-0.0781262824872878
-0.0674040975110418
-0.060451763812384894
-0.0624171452961539
-0.05585297264771451
-0.059827070414967536
-0.06990655030357809
-0.07105895550906825
-0.056905296253719186
-0.04354290704807675
-0.03613603282505499
-0.012639199519634728
0.017548291475070022
0.028256332440038872
0.014741070939504894
-0.0019007941935263945
-0.007528441791262319
-0.0112673985721939
-0.010824770707620014
0.003885401683757685
0.011802666998587492
0.002746720885946073
-0.0008014120868381475
0.0011672887499943078
0.008861167024020315
0.023936135616876197
0.03673270512115819
0.05734049168648707
0.07634818850397466
0.0636680098217028
0.035721147818450906
0.023679464366237687
0.023629630432649453
0.027999243155175168
0.03914669595158238
0.053073802192159715
0.05509468818207473
0.04021246107323868
0.02566734723863109
0.017621012730161943
0.0011291651265928015
-0.01482115255143372
-0.0008489502376401343
0.02130253728351854
0.015225447530981125
0.008622660720791523
0.017273034624939038
0.022688303595952326
0.03322042506127324
0.04884185828838851
0.049798659047107244
0.03840345444206775
0.025541744327186942
0.02052862884562728
0.029930379489861183
0.039179834234323724
0.03311409768421332
0.018559675937931515
0.00847262917709901
0.003075810599649517
-0.0004736841196441686
0.00136012032361405
0.007645845898871448
0.011046043785517951
0.009611757559449608
0.0034227448702598613
-0.005260966668225545
-0.007954663419516063
-0.004800964057162184
-0.0009982271288714133
0.001497617121806693
-0.0005357866053832725
-0.00531653599251897
-0.007393106090626414
-0.007241011593865801
-0.006494540825616185
0.00406980627003042
0.022410473062465866
0.025932058178757888
0.020003497913180467
0.02512964300225816
0.022015814062956572
-0.003581319659174225
-0.026853970403672225
-0.033038789798865625
-0.03090474386190142
-0.025944208396931408
-0.019832259392392013
-0.02517346901522375
-0.032446530911078256
-0.017344044902394697
-0.00022318979511908957
-0.0012776327123850714
0.0028122508860630347
0.017915966908630895
0.018594342790251062
0.0022114388866970747
-0.014573836063016859
-0.021531036589194204
-0.017561970290128362
-0.011131939112737563
-0.010756735401557636
-0.017404028897430424
-0.024775992158080858
-0.029102809194106325
-0.025268939733229384
-0.013101876833612029
-0.006152145386000981
-0.00763226668040817
-0.014543915676468375
-0.032356575373926826
-0.04553040118327279
-0.03648529210885942
-0.02013701011995558
-0.00588237139000934
0.0028733731173620288
-0.0008685152654579267
-0.006716747715886545
-0.004400953835527871
0.004368022981626516
0.015323643983539997
0.028297960738913386
0.038068103068724
0.034889306990140596
0.02463396565207629
0.020884451194506277
0.015090759342000028
-0.0010081600919404582
-0.0042005716124447895
0.014852895871395605
0.02895320866341876
0.018423134228883226
0.004069249125585455
0.002363479918499855
0.004787494078414733
0.01762476321543307
0.036300330945253506
0.04628003051475103
0.0484587466034357
0.037488549729916595
0.017731548018669958
0.009813048036962877
0.019552217592846914
0.03355918240842848
0.03868186383778702
0.03582139708616644
0.03274590005479025
0.029354562685404713
0.029091251673445652
0.038242623092121085
0.045283254344208566
0.04283799847967328
0.03342601626953692
0.023227319201869767
0.021600819299214567
0.01688797245217329
0.005823517755455089
0.006611015548820571
0.01431863753142724
0.01596675061426731
0.017498170321634744
0.019593908808357666
0.013817659110327384
0.005139040775767266
0.004672783122123762
0.011263768479462054
0.01595969176779637
0.018102582209365576
0.01857930561676597
0.013013908449206524
0.005303221910839057
-0.001002953615906215
-0.008123700006488719
-0.01003189112671882
-9.680236276439127e-05
0.013358506690165986
0.012402516970270004
-0.005977999211122278
-0.01663479963019291
-0.006782798178213133
0.0029448119497634782
0.005321883875223691
0.011121151496988542
0.016253237578320492
0.006143618073608278
-0.01358060499612476
-0.01733498553217356
-0.007760878159594032
-0.004323302536876077
-0.0024030133775363133
-0.0012851581863970543
-0.006373739614437461
-0.0074166866528567335
-0.006308022063164761
-0.006714720820633365
-0.00037103142843645284
0.005647175257938963
0.0015484577782975972
-0.006865157417726371
-0.005115735783195326
0.001000467977102107
-0.005711131909939275
-0.011296872280362509
-0.0015731275758615344
0.006238267534478061
0.0023512059318593886
0.00030744854441176
0.002454169022166489
-0.0004151253509580833
-0.007465141464559334
-0.008041272940199956
0.004083494092382333
0.011768207669302885
0.003080939128968218
-0.005211300973149233
-0.004522276408215803
0.000848105425241595
0.005251505788077551
0.002064656535030031
0.0008378454462676857
0.0039721324287085025
-0.00012633568740755036
-0.0084192267063278
-0.010942400693159375
-0.0003067445196266265
0.013258779330486248
0.013143361704834215
0.009565699954733506
0.00960063248342325
0.005104520077862272
0.0006144206465725325
0.00198780107243385
0.0026854870423220277
0.0008352365791784268
0.0038565026929697393
0.0076014380334542934
0.005684845391041724
0.005878752111406457
0.005710409013383983
-0.0009974404808906904
0.002907479703940086
0.01626758686296804
0.01727724539941851
0.010162159074736813
0.005688781414773318
0.005634708472935249
0.007162100783694754
0.004217033592970174
0.006471353950558393
0.02252036431220439
0.028310670688330666
0.012281913463378057
-0.0002726650953496695
-6.697344922623932e-05
0.0015581169145678267
0.002093788905599764
0.009855343701685676
0.020987270412916786
0.01867036375606886
0.008439516319358917
0.0024862628083909375
-0.0012239126201746102
0.0032412056863443234
0.01293799357044252
0.014637565152816395
0.014140203875217581
0.011987030605008617
0.003151814240699941
-0.0006338456635099974
0.007830057956314522
0.01726916689628792
0.014167268420944184
0.008119426247064592
0.01207362387978234
0.008347383175309817
-0.0067636928863919815
-0.011254780156136313
-0.005870768312200866
-0.0005425167365092633
0.00034774319682522405
-0.0016217201500976137
-0.0011065565027919878
0.00019742025907268224
-0.0009322883330483118
-0.006818958056262758
-0.008852316697743792
0.0006146984637110505
0.008811001321511275
0.005628988845054904
-0.0016002094962547328
-0.0053971148376439895
-0.004977704683447402
-0.001885642050852969
-0.00021562063576528625
-0.0008840667538286849
0.0020267667516560704
0.002538550400558576
-0.006882280109413127
-0.013186667992707212
-0.009728966479392507
-0.005469758259354054
-0.004540481151063448
-0.0032465903026699413
-0.002269873218559459
-0.004422471543089737
-0.006353548437394514
-0.007628884259576378
-0.00828444077617984
-0.005671721995807601
-0.0033146836442887323
-0.0015147073778771644
0.0027727907560775402
0.0035979342846757
-0.0014591794499045905
-0.005910663561512115
-0.002185011757823423
0.00446154565245526
0.0021306866742007518
-0.0022444182958986356
-0.0005225672750089226
-0.0013942569865130906
-0.009088498438147975
-0.011837035800493211
-0.005350136003906102
0.0008358885013885353
0.0018331313959996439
-0.0005334651668088297
-0.0014329131005934661
-0.0012051158328899964
-0.0033987667224571476
-0.004343308746920561
-0.0009692864182382885
0.004217000300445275
0.005435040588951536
0.0016908812450435002
-0.001499147808224597
-0.0021641567539828262
-0.000791284245965864
0.001928524058884215
0.004060572444922143
0.0029153656614637267
-0.0005137899514325332
-0.002381713377001077
-0.003026702442785888
-0.003143787765915717
-0.0005527285670616341
0.003046122953109298
0.0011888816008449711
-0.002725371730091864
-0.0014472362648904379
0.00043545590678367615
0.0022153656714605677
0.0028427407938996603
-0.001614081024213433
-0.002252959013815265
0.002752874380369966
0.005236643175625502
0.004197696688228467
0.0016801093686087086
-6.78742865789242e-05
-0.0007124308352915652
-0.0003212388805987538
0.00028197139545655493
-0.002086343991463682
-0.0029405993019542016
-0.001072687283576584
-0.0024576319461755373
-0.006105892414797094
-0.005872139012606361
8.240301599048558e-05
0.002122562238927357
-0.0021458599531447874
-0.0038071116176095487
-0.0022969079886630698
-0.0004790994746173472
-0.0015452160707919297
-0.0047534272399196095
-0.0027140459666246384
0.002596202169072142
0.0029746349645859344
-0.001688878824438862
-0.0038228896794316753
-0.0013185970440317604
0.00045915041972598104
0.00035289623327934387
-0.000622253574137105
-0.001843247302433403
-0.0026680732462806165
-0.0030271800962553067
-0.002517764036698896
-0.001985700621652945
-0.0022464461441544814
-0.0017573601132382366
-0.001082131910851452
-0.0027611637310945318
-0.003580210215501496
-0.001621613413046394
-0.0001742537452046197
-0.00038085067819571694
-0.002145247947275779
-0.0018340954669823894
0.0018708278958682867
0.002674256444725613
-5.5845584646216224e-05
-0.0030199135258733665
-0.004067655491575493
-0.001886630273889251
0.0002948045465264856
-0.0006903122894124929
-0.0027496222928990806
-0.0023467108841442774
-0.0011999159658795076
-0.001757723356463589
-0.0015636979450538986
-0.00037041265943874046
0.00026109768665438234
0.0012307864797176768
7.146686415835097e-05
-0.0026790923020520692
-0.0017317808611800297
0.0010973348283263773
0.0014008397080049022
6.099618552977347e-05
0.00011369474746569249
0.0019225057101618802
0.0022665935504317114
0.000440548006999198
-0.0007985915294928578
-0.0004826077471415635
0.000552666924772468
0.0011610448086634738
-2.1983993120252948e-05
-0.0014412333291146785
-0.001245304322483895
-0.0010502480159488568
-0.0008237890672046841
-0.0009782739924392796
-0.001540597497728223
-0.0008218776974545245
0.0004184121682102201
0.000785911634391582
-0.00010482707118956023
-0.00039629735635352085
0.00020113454988912092
0.0004355281910987803
0.0009300989742170034
0.0009759612423615233
0.00077182599461475
0.0009127826680257322
-0.00045832181780005254
-0.0022923914215652336
-0.0021218575709831596
-0.00041863337944922726
0.000648563785076154
0.0004312173955662915
-0.0003555906397458276
-0.0015854386387853447
-0.0019770912906131874
-0.0012094007883695097
-0.0007073826998118792
-0.0007487894402942274
-0.0010984412723954045
-0.0013692829951672896
-0.0013790752172525773
-0.0018510294705331247
-0.001825579821237185
-0.0009330837064665949
-0.0007794923963988032
-0.0006998729422569795
-0.0005594678318795675
-0.0012704380261772765
-0.0012898827665167331
-0.0009041215492716333
-0.0015821454900011315
-0.0018472168997072172
-0.0015464097556081343
-0.0016961329774621316
-0.0014001083050531788
-0.0010984248429580993
-0.0019356815128984575
-0.0022605040709778434
-0.0010828264098957157
-0.00019734296594452953
-0.0005845537059026382
-0.0004635892577636724
0.000500638231332861
0.0007043356493535168
0.000521706641460953
-0.00019265968220078336
-0.0006994686738537137
0.0003981409938113367
0.0012583903406003971
0.0008544529038062408
4.716376675393705e-05
-0.000548976750253821
-0.0003924253605908001
-0.0004332601576655416
-0.0007431109921985416
8.482255582425862e-05
0.0008275835044370987
0.0003328190628751964
-0.00036505681890128884
-0.0008013244140508092
-0.0007669180377028634
-0.000272668930453604
-0.00011985953941976769
-0.00029052674132326443
-0.00017533515809151513
0.00019066963805290996
0.0002400832786809189
-3.284704736775394e-05
0.0001966083049952468
0.0007761624033057533
0.000561910859738012
9.526456832661872e-05
0.0006202255711588076
0.0008477908057883374
-0.00016638620373454389
-0.0006225626122645929
-0.0002906498379489265
-0.0005761292020219612
-0.0007766504829576826
-0.0005557629244827094
-0.0006936308603189012
-0.0005979450081895328
-0.0003943855318507034
-0.00112311324683806
-0.0014129098591524902
-0.00038983891458935135
-1.4845888621740222e-05
-0.0005853154267737938
-0.0007975399608973892
-0.0008067320696695273
-0.0010044325945063254
-0.0011439206381213683
-0.001316498413308979
-0.0010086614866443514
-0.0005143732168127035
-0.0008066888911867637
-0.00131622254686487
-0.0014894125279792353
-0.0012249726615555286
-0.000783873138209544
-0.0009532521344297845
-0.0011598721398721206
-0.0007041995105477666
-0.0007066253827758279
-0.0012679236625529574
-0.001167241993251796
-0.0005109413793505524
-0.0003083840815372771
-0.0005528800159728528
-0.0006671071100495071
-0.00040501079163868654
0.0002011245969510324
0.0004359803497955304
6.167843741789986e-05
-4.966431506418781e-05
0.00027649165616199813
0.0002878852198202516
-3.715983437882382e-05
-5.897303959721622e-05
0.0002863524458863173
0.0002985546878906212
-0.0004160008093332406
-0.0007779344267018196
-0.00022022839015113928
0.00017887486602429693
0.00018612541660423547
0.0001937324911569559
7.642731108535717e-05
0.00014492903535591716
0.0003519387802085973
0.0003038190069745353
0.00037296101231461124
0.0008131806244993566
0.0010386388951782594
0.0006829871544326774
0.00046718828317792615
0.0006464620796215174
0.0008470350509435762
0.0010115895301352732
0.001169148840669742
0.0012823598890900473
0.0010450594214752246
0.0008101417650726457
0.0010044238759260142
0.000972263095206986
0.0009029364034461395
0.0010623760065097783
0.0007904535809046569
0.0005661728819643644
0.000769084762295928
0.0007273730841423475
0.0005417559595220134
0.0007965950319665678
0.0010023299923136019
0.0005498436787103205
0.00029604435340881754
0.0005986111112954994
0.0007188528173866949
0.0007789960361251112
0.0006472957605269963
0.00023312914296138006
0.00020072889707036076
0.0002803498723409492
0.00011068436566383077
2.018952841028089e-06
7.379567363669235e-05
0.00017100676973560362
-9.84516792207359e-06
-0.00037495448108575396
-0.00037393409175000145
-2.103152150802318e-05
0.0001667732973868086
4.358305296425689e-05
-0.00019524773980424817
-0.000349954848744376
-0.000272483162903746
-0.00012855539436665425
-0.00014100774117056325
-0.00022586027730054717
-0.00017929790486693635
-0.00016968625589157502
-0.0004157187420847099
-0.0004927170097334389
-0.00031597868668941764
-0.00014365683479269337
-0.00011275369025020942
-0.000313478355967058
-0.0004641684606209847
-0.0005222414413735669
-0.0004552319459610151
-0.000259009593945854
-0.0003584280097825447
-0.0004706529867285654
-0.00030048437426154667
-0.0002843634224464465
-0.0002933144623636641
-9.581630911119619e-05
0.00010014346888901482
0.00017382629532944831
0.00019846128276361394
0.0002221499925777321
0.00014108546398136745
0.00020808956145939035
0.00047153902209375883
0.00045860771984195735
0.0003694016537763808
0.00039549385161125755
0.00035082297020072
0.0004251652880310295
0.0005197789092543616
0.0005337585004477083
0.0005501136976731005
0.0005745660133490309
0.0006695621192654098
0.0006464024836795843
0.0006007276530412979
0.0007780659871985779
0.0009002999834378452
0.0008552100934134803
0.0007840292038298363
0.0007220134168473463
0.000723970498763575
0.000780445702731871
0.0008011916618921593
0.0007398397669509979
0.0006938088014046625
0.0007376075361674982
0.00067606601053111
0.0005240877933746082
0.0005429088288916446
0.000588176612323822
0.000565976457199762
0.0004980356372021908
0.0003216924371242275
0.0002474717745160132
0.00030548167907842736
0.0003457752977482406
0.00033402451805373005
0.000222057642214474
0.00013435878732221253
0.00015049085201764497
0.00015249118516451595
0.00013866646385317765
0.00016008119192820932
0.00018047489541181142
0.00012891971450887577
1.4310813148639912e-05
-5.133888637712742e-05
-8.593544104403057e-05
-0.00010532758251441976
-7.090919005257152e-05
-0.0001201498767135797
-0.00020340212590588824
-0.00020708495381479113
-0.00023247002743820343
-0.0002442118483000008
-0.00024250283202020373
-0.00027436960162243097
-0.0003034933063041348
-0.0003571160799161806
-0.00037063206065299985
-0.00038368746747321553
-0.00042090482082918836
-0.000370923529011428
-0.00036297778287582873
-0.00044804635570366743
-0.00046422198424354866
-0.00042761783469704465
-0.0003929732506736325
-0.0003522234824060288
-0.0003316170889963891
-0.00033448827069333865
-0.0003359161219065347
-0.00028849398960252424
-0.0002655862774176335
-0.00027796066469581553
-0.00019975889994853125
-0.0001456306565826505
-0.0001651517684349523
-0.00014639130269435152
-0.0001296023655544793
-7.974582635449796e-05
8.70915327076672e-06
6.997127545851799e-05
0.00010576081499996887
0.00011635170410567853
0.00016027809891708408
0.0002122216429509087
0.00022640540551201446
0.0002588510066108199
0.000288715436835394
0.0002892987163539306
0.00030025866354005994
0.00032744784506789676
0.0003741538197416374
0.0004319878183772532
0.0004664693856411427
0.00047050032952592526
0.0004502088501877448
0.0004459521245787169
0.00046775136263768114
0.00047337319662826686
0.00047793948038498806
0.0004728936643695464
0.0004564780165985678
0.0004680866186276216
0.00045679548589441516
0.00042568845875947406
0.00042579676056046003
0.00044278882123371396
0.0004724465039445327
0.0004750816328695265
0.00042702181057388143
0.00040823217037388787
0.00043709905053468075
0.0004500881970562582
0.0004250230944504395
0.0003840542470714949
0.0003592582684484505
0.0003244198373049126
0.0002887668208658791
0.0002650747562885791
0.00020669893920738806
0.00015631558292310776
0.00011668100769222797
5.5898252449319356e-05
2.9155408805737456e-05
5.8330379242056204e-06
-5.2482885764638594e-05
-0.00010950344677759606
-0.00014330688413180642
-0.00016324263502225786
-0.00020362149937389358
-0.00022464777673666706
-0.00022379141383224043
-0.0002516348994089316
-0.0002631905122648083
-0.0002631389528042953
-0.00027878190789576283
-0.0002638581017653047
-0.00024013742518252726
-0.00024194594895219707
-0.000247944274072656
-0.00025152064833118564
-0.00026136711102309456
-0.0002824200700779028
-0.0002837054479547996
-0.0002672782894055052
-0.0002636560514255632
-0.0002476863377318271
-0.00022999081836756402
-0.00020986805582739034
-0.00015414074780688807
-0.00011396624862029843
-9.387889926585481e-05
-5.192257858549808e-05
-8.683798294508632e-06
3.107236623526838e-05
7.59498016378531e-05
0.00011266821009050132
0.0001339787688989852
0.0001508653275225195
0.000163023822821329
0.00015383230855534863
0.00014067695697021212
0.0001392040284059727
0.00013183201595345093
0.0001316322929920915
0.00014579191768632145
0.00015001843603082231
0.0001573748890504203
0.00017637949052327716
0.00019075301747998024
0.00021456895426537776
0.0002436471500312035
0.0002475794241238676
0.00023091924383175522
0.00022083711895935255
0.00022967341746584825
0.00024367520501583295
0.0002591523337469695
0.0002733361634912183
0.0002648450927006798
0.00024991051485770047
0.00024169169573628083
0.0002238971874837695
0.0002139289615937371
0.00020782804241092432
0.00018215885432186293
0.00015972764908371253
0.0001473519515400778
0.00013266551035461913
0.00011934140769279023
0.00010910695174626143
9.72584836492378e-05
8.128864249316305e-05
7.032681268540857e-05
4.854780208361911e-05
5.476094304685749e-06
-3.2200276564754005e-05
-6.132963073100706e-05
-7.826774776576123e-05
-8.596036206926964e-05
-0.00011093370411480645
-0.0001496900403708201
-0.00019111961564770852
-0.00022528234251549187
-0.00024669627413005267
-0.0002670096637317735
-0.0002887027046892818
-0.0003062255489939321
-0.0003069213344589594
-0.00029109511200382804
-0.00028418212554063904
-0.00028245699204320853
-0.0002650768337263906
-0.0002448701756854103
-0.00023377707015777006
-0.0002293239077112992
-0.0002303805630550076
-0.0002314713755477767
-0.00023026508663380433
-0.00022832530463943933
-0.00022895909498507275
-0.0002270428716663286
-0.00021758104131031032
-0.0002090837313430733
-0.00020098965149801978
-0.00018974492033721978
-0.00018227036404174963
-0.00018472882017989386
-0.0001937017034274347
-0.0001946120099767431
-0.00018056193668809366
-0.00016291499503086047
-0.00014755240134877405
-0.00012915479136520452
-0.00011297362213421085
-0.00010498699554091623
-0.00010361719842698317
-0.0001029974820109075
-8.747599484875203e-05
-5.9516517091133554e-05
-3.696308037607764e-05
-1.625468791243227e-05
1.0519546693993491e-05
3.5602310272812585e-05
5.3520544277192485e-05
7.71091959610661e-05
0.00011531166470943296
0.00015566606132342878
0.00018375484251187453
0.0002016638887447119
0.00022442021391704494
0.0002562413305475001
0.0002890214834119526
0.0003137655711992068
0.0003221035154418974
0.00031475931432857517
0.0003026941376408378
0.00029399834841946105
0.00028802721290299113
0.00027835061265449215
0.0002584679429869147
0.00023109290901624947
0.00019826691858169771
0.00016113378496950182
0.0001285722725050062
0.00010318502761481317
8.096754290417409e-05
5.547370743538069e-05
2.648303925491899e-05
1.5096609285419358e-06
-1.8108733044464183e-05
-3.245044690866299e-05
-4.5464263373289395e-05
-6.2595226333148e-05
-8.040632162041562e-05
-9.598183771206717e-05
-0.00011079521029800453
-0.00012559639035644756
-0.00013852268943269515
-0.00015170824744801362
-0.00016832375800635092
-0.00018325167880709004
-0.00019451924177936748
-0.00020406455918984932
-0.00021204701717666025
-0.00022010347567485495
-0.00022399453844604213
-0.0002222675595907038
-0.00022455308530070224
-0.00023036083756300155
-0.00023099415011617488
-0.0002293356092723454
-0.0002304577537024699
-0.00022819747579300173
-0.00022370180517309454
-0.00023230448406804042
-0.00025234682829533767
-0.00026617340874129133
-0.0002643931095939882
-0.00025010932354524164
-0.00023758999515056096
-0.00023004764721868169
-0.00021805356748530732
-0.00020189648551661502
-0.00018545166439092186
-0.00017025982565304517
-0.0001543506171706225
-0.0001317698162011474
-0.00010575848785552265
-8.326916373616738e-05
-5.98944865439579e-05
-3.181126425158095e-05
-7.399565718122046e-07
2.8408749098370566e-05
5.195547776307129e-05
7.540936208533327e-05
9.84076835237775e-05
0.00011517900987750511
0.00013115921510749946
0.00015060191315957973
0.00016745583899702634
0.00017773939668496312
0.00018325955392625533
0.0001889844983634546
0.00019844502078453653
0.00020836577796053162
0.00021160197286344061
0.00020684629394504946
0.00019874161878288943
0.00018946680342298104
0.00018137644518652533
0.00017777350173299922
0.00017928227881954724
0.0001848561874990636
0.00019041779762262503
0.00019085824659519266
0.0001804023330662243
0.00015497948000887192
0.00012382333224296451
9.987722596057258e-05
8.272034204652135e-05
7.095989411676526e-05
6.722792301723079e-05
6.381682987944723e-05
5.093497463157286e-05
3.5259086714998594e-05
2.85434337721739e-05
2.6308643323263865e-05
2.002182389327598e-05
8.802731686884212e-06
-4.1608325278580384e-06
-1.4430916613591405e-05
-2.0855506312415655e-05
-2.4243330032654995e-05
-3.0422360888550747e-05
-4.490054935498773e-05
-6.608251136104263e-05
-8.884274219248793e-05
-0.00010607974037122719
-0.00011497404284215319
-0.00012182757636942458
-0.00013339776405207085
-0.0001513376708371982
-0.00017298149006172726
-0.000191914585669731
-0.00020796095486671256
-0.00022429549323986313
-0.00023915264059778607
-0.00025024935028488164
-0.00025921020296873314
-0.0002697902249905723
-0.0002808336905570887
-0.0002868584432392232
-0.00028436882603889106
-0.00027760864944800453
-0.0002713052454163078
-0.00026206837780270374
-0.0002456948053177674
-0.00022264210963840353
-0.0001992670336105529
-0.00018489294632885938
-0.00017745623873492995
-0.00016522994966375174
-0.0001472655297860375
-0.0001277083893677801
-0.00010573057700212295
-8.2646290445052e-05
-5.60920916535218e-05
-2.088191394705021e-05
1.0921428919961203e-05
2.5035822360525305e-05
2.707964550640408e-05
2.5825742432096244e-05
2.6324678124654507e-05
3.3319373588486804e-05
4.4545585812751716e-05
5.0927814957659755e-05
5.150455647539878e-05
5.1646391492315684e-05
5.215461333755127e-05
5.8646517714865926e-05
7.62974341154886e-05
0.00010118416858821839
0.00012477068913974382
0.00014174702782972042
0.0001618928563342143
0.00019714046561789415
0.0002446364946363862
0.0002939105990996179
0.0003328271944020406
0.00035591852869104774
0.00037101179005926777
0.0003874250615854939
0.00040227180592344885
0.00040088043474559916
0.00037653002676787636
0.0003385717274530776
0.00029829124594195745
0.00026075347598818194
0.00022083240730145872
0.0001701085573826372
0.00010750064185209629
4.1029674243892e-05
-1.0550146853018504e-05
-3.1311491172702403e-05
-2.2688838548075338e-05
1.6220059225331964e-07
1.715783100641585e-05
1.9634296476136483e-05
1.1823526276420013e-05
-9.842985526566877e-06
-5.282096599058808e-05
-0.0001068787973779083
-0.00015472915268875987
-0.00019588536472023185
-0.00023197978581229777
-0.0002482045193896928
-0.00023932399511645457
-0.0002222295540109408
-0.00021211053382178414
-0.00021872368715285918
-0.0002447467636353162
-0.000276205167864485
-0.00029504740455533736
-0.00029323889875132626
-0.0002822276117269007
-0.000280028129022059
-0.0002755879867803953
-0.00024887769443062704
-0.0002164272903421771
-0.00020506138967097545
-0.0002119147720313388
-0.00019796076941305734
-0.00011777360349589494
-9.89003849330939e-07
6.422978781441568e-05
6.598649393276993e-05
6.955517010328243e-05
0.00011001766205292648
0.00017144381767725988
0.00019757101014941165
0.00013664695535847216
1.4701120001681921e-05
-0.00012515533596486457
-0.0002822943702866844
-0.00040972315899331615
-0.0004180906834278974
-0.0003172415964186019
-0.00024218748783620241
-0.0002905017470068974
-0.000399087653315711
-0.0004760072043378722
-0.0005226489840371188
-0.0005255183482354574
-0.00046769115871672564
-0.00042749373160055583
-0.00040757033686240315
-0.00031316414514341215
-0.000189680315550879
-9.877395348029499e-05
7.511058509839183e-05
0.0004025083097355876
0.0007937612346899039
0.0011523006639724404
0.0013868549584205947
0.0014286885654207577
0.00133387120827983
0.0012043548544263137
0.0011193715489936935
0.001105810889035266
0.0010405628888687489
0.0008378393605953924
0.000561152155770433
0.00022333120268835908
-0.00012106720399724557
-0.0003167020477045708
-0.00039001152972192204
-0.0005282395787995679
-0.0007702400527132379
-0.001009346729555251
-0.0011465721494710855
-0.0010711439826693835
-0.0007747250213861055
-0.0004343823434507271
-0.0002168485235324075
-0.00019260845226448135
-0.00031543886924439806
-0.0004038745787366115
-0.00035002222269227176
-0.00018619033747259753
6.842267997703085e-05
0.00039908831290181207
0.0007439638803366928
0.0010151837369713397
0.001101594870721849
0.0008985775105367898
0.0005167364132712597
0.00033000036465165327
0.0004923523007318027
0.0006953952680812081
0.0007471211811930313
0.0007926623527572307
0.0007806638524759785
0.0005603071179875283
0.00029362353036532004
0.0001607129193058925
8.610507943105692e-05
-8.482510892834496e-05
-0.0004067121785372511
-0.0007579422593910419
-0.0009322312924237892
-0.0009180743005913405
-0.0008595754372942459
-0.0007645922660231032
-0.0005968034645221348
-0.00038285650439079513
-0.00017032008244551982
-6.578508754342251e-05
-1.8781532603028384e-05
0.00016055314343274012
0.00041481469862703264
0.0005512912199401894
0.0005662089184583096
0.0005536337171270455
0.0005397838537355042
0.0005094828693745061
0.0004044061024034759
0.00019000673588392877
-7.775881561388577e-05
-0.0004005711655425514
-0.0007829126009431507
-0.0011349114131125467
-0.0014317426532705483
-0.0016657041223725642
-0.0017658251396238454
-0.0017675317039068433
-0.001789238285513316
-0.0018203109513138028
-0.0017605674873513515
-0.0016604915159232276
-0.001592155443299977
-0.0013831318046889094
-0.000951885153847383
-0.0005431453590827897
-0.0002347238544967037
8.640971620500961e-05
0.000269027098136072
0.00027984212591490826
0.0004786215365598601
0.0009254885620484475
0.0012416499760850076
0.001319196288006844
0.0013294931913723398
0.0012704178513893842
0.0011080705125957626
0.0008817722560626213
0.0006367704195255527
0.0004978288109266431
0.00048296155852264893
0.00047382140139158997
0.00048378971472721495
0.0006471623084203179
0.0009662983685230798
0.0011460471634412088
0.000911324172679401
0.0004899334469791469
0.0002744903147987955
0.00020165361547412315
0.00012809902969368393
0.00023659478646544303
0.0006225807030589232
0.0011000257695711476
0.0013683612821223869
0.0012442802482704478
0.0008808606566295638
0.0005890120605191067
0.0005787716995924362
0.0009263039096520323
0.0014765197711558685
0.0018799258611518837
0.0019685863159145892
0.0018533206223222683
0.0016539069050394253
0.0014681580303170935
0.0013488764993415366
0.0011848912413111056
0.0008560762132987891
0.0003190025973465422
-0.0003283424647406476
-0.0007637909325184887
-0.0007804664771428428
-0.0005665440016771735
-0.0005562350691514975
-0.0009944462533829353
-0.0016053260575000382
-0.001942937976973253
-0.001991802096707536
-0.00204726376026882
-0.002158160960081095
-0.0021416086600714777
-0.0018333183235928895
-0.0013075197019141401
-0.0009491551846357322
-0.0008097241269585853
-0.0005917553214710972
-0.0002809370153621735
0.00014278073183151418
0.0007550278596273695
0.0011802436119241176
0.0010309962879639003
0.0005615881284253137
0.00017078701790068486
-0.00011744303528194367
-0.00028811789744180783
-0.0003515677170418235
-0.0005507002212844053
-0.0010318723592109586
-0.0017645222106355387
-0.0025967731476835613
-0.0031591427731462135
-0.0031298846624364923
-0.0026692165287436603
-0.0023025284712462255
-0.0023348723778173356
-0.0025480871146808374
-0.0025455666305176125
-0.002321445883093124
-0.0021580014072486464
-0.002077753504601411
-0.0018479407630722943
-0.0013370541632413912
-0.0007349337520580477
-0.00030476075773817516
-1.2974981382065746e-05
0.0002160797515156473
