0.0
0.0
0.0
0.0
0.0
0.0
0.0
0.0
0.0
0.0
0.0
0.0
0.0
0.0
0.0
0.0
0.0
0.0
0.0
0.0
0.0
0.0
0.0
0.0
0.0
0.0
0.0
0.0
0.0
0.0
0.0
0.0
0.0
0.0
0.0
0.0
0.0
0.0
0.0
0.0
0.0
0.0
0.0
0.0
0.0
0.0
0.0
0.0
0.0
0.0
0.0
0.0
0.0
0.0
0.0
0.0
0.0
0.0
0.0
0.0
0.0
0.0
0.0
0.0
0.0
0.0
0.0
0.0
0.0
0.0
0.0
0.0
0.0
0.0
0.0
0.0
0.0
0.0
0.0
0.0
0.0
0.0
0.0
0.0
0.0
0.0
0.0
0.0
0.0
0.0
0.0
0.0
0.0
0.0
0.0
0.0
0.0
0.0
0.0
0.0
0.0
0.0
0.0
0.0
0.0
0.0
0.0
0.0
0.0
0.0
0.0
0.0
0.0
0.0
0.0
0.0
0.0
0.0
0.0
0.0
0.0
0.0
0.0
0.0
0.0
0.0
0.0
0.0
0.0
0.0
0.0
0.0
0.0
0.0
0.0
0.0
0.0
0.0
0.0
0.0
0.0
0.0
0.0
0.0
0.0
0.0
0.0
0.0
0.0
0.0
0.0
0.0
0.0
0.0
0.0
0.0
0.0
0.0
0.0
0.0
0.0
0.0
0.0
0.0
0.0
0.0
0.0
0.0
0.0
0.0
0.0
-6.879440409434069e-05
-8.157935645772979e-05
-7.2971363894380005e-06
1.816701877316708e-06
-6.043343682411506e-06
-5.960554153800217e-06
-6.705561030003593e-06
-5.343018561791807e-05
-0.0004926740661557148
-0.0006583689723632729
-0.00029206997162039075
0.00012895497009448567
-0.0005522677922876357
-0.0007424034799156652
0.0003304891740226127
0.00015998126801594127
0.0007114595563612964
0.0005508511964902015
-0.0010169123826406518
0.0005363834482968622
0.002850818468506317
0.0037034307324844066
0.00260259585080476
-0.003475115834666087
-0.007446278984872353
-0.0014841587160870006
-0.00168785393417293
-0.0036476357011577367
0.002660940855055622
0.0017697501220473601
-0.0007615129227901913
-0.0013002447560315805
-0.01027795850356096
-0.014043492027024589
-0.009614172622137044
0.0008122949970798161
0.016013538240510827
0.01817284608376629
0.022493270029694444
0.014633788121810865
-0.013287021471506368
-0.025020297912450883
-0.020771033072797884
-0.010110475287511519
-0.0019184266472220407
-0.0014295267769875476
0.003517423641661764
-0.000878954452248875
-0.023254569662773946
-0.030545082143573165
-0.017801645156416135
0.0049073465896803045
0.01844993983060269
0.019616265229674974
0.022946071596802675
0.006618389368365979
-0.012381799037865848
-0.010736742774552617
-0.011439936768972737
-0.012333617121049675
-0.010599682448819508
-0.002108461908527627
0.01593574095047097
0.0009935429209092864
-0.026548876126954966
-0.03877398930613923
-0.008970246520472652
0.061590972762210844
0.07667617683740512
0.00145355926533473
-0.03338523887665266
0.02545064184026287
0.018486792011908587
-0.028242980591089983
-0.01775826859621464
-0.021127694378155776
-0.04481840779391359
-0.04721044524661042
-0.014772804059378752
0.01726690543339439
0.005754903747693232
-0.021354001785938354
-0.023395037395206056
0.012186265586020623
-0.008660430900289132
-0.08908729165001932
-0.07173583823287524
0.029527119439664934
0.06776299237179574
0.03612758078768166
-0.037197060111157046
-0.11352494381029438
-0.0773026317918164
0.0036331496037984856
-0.05080590521720568
-0.15260165174610824
-0.09518521887682513
0.034889186349828794
0.05462746167023974
0.1502249341001458
0.5830196451455857
0.762728607069523
0.08418938869970638
-0.5470774125055535
-0.44257406522153736
-0.07516321492698892
0.3971900405249172
0.5915919700942294
0.1451929878816422
-0.14769151367547767
0.04637433455499973
0.04587716928652591
-0.08068072203138932
0.011084814351445427
-0.07128130644569203
-0.3038366823531543
-0.1475458040811624
0.2991623424806352
0.6000620760271146
0.5227016464823947
0.1080254606390515
0.01787420390428318
0.4904409712798802
0.6915300147125562
0.1575176487669352
-0.517353012693403
-0.7941361002683294
-0.9882319786783562
-0.9218093128403173
0.2805459905665911
1.4885064856252175
0.9914841693881242
0.17450045502614042
0.43890543057333553
0.8592797489442232
0.7174880650042039
-0.06689213506405567
-0.710460950734018
-0.35496209191135897
-0.01751797915141795
-0.17044133320901844
-0.23687596540037625
-0.08990610350177142
0.5528846122585491
1.2246579753142328
1.312803946375508
0.6570961954497201
-1.0920550479366549
-2.727687680222972
-1.9900347611723976
0.043707195462205695
0.2086536287070429
-0.8220575965305122
-0.7235344095774701
0.023285541967515297
1.1905808777921651
2.4143983032775123
1.6484449462406243
-0.5923692054181677
-2.554727637398087
-2.9564045148126503
-1.177093152193975
1.3147466669454309
2.5243785661853977
1.5007957236100997
0.08432525329204288
0.12576896526776515
1.1575368006967848
1.9956339914412458
1.3576742265276303
-0.40709729372892145
-1.554027641132925
-1.305731525717793
-0.4190427060350368
0.6181883179243393
1.6262534235828472
1.3859118412206692
0.5480223273826219
0.9022570143857607
0.5837735498011956
-0.6294517482057458
0.32554691047718265
1.7249945537411122
0.30980814987649996
-2.0901289724452266
-2.3270330340817873
-1.4122576499778874
-1.0569761939884894
-0.11782202051501489
0.881640089456881
1.1027130113046795
1.423953655612602
0.5274828512250536
-1.4729120650349405
-1.6466519836353881
-1.0167998349596505
-1.2128694833986327
-0.5854520757006798
0.05066357430542312
-1.416073350419056
-2.0138509804406253
0.6100816367243366
1.6360921048887553
-0.43713305411790315
-0.885632446634426
0.4658548468786704
0.3183539273614362
-1.7759396867139075
-3.677261257476011
-2.2093572114289626
2.078844757680965
3.6844703814473054
1.538597749798293
-0.22291432393744015
-0.5458418814013493
-0.5918883635120915
0.0062761961956335766
0.7080603321341766
0.4213995278859109
-0.07482462635956844
-0.1726811807173924
0.031737379704506796
0.12008621636868974
0.20319073923786524
0.4893648643936563
0.38121708892181494
1.2493447778000553
1.8378791709552753
-1.1069650863192786
-3.100784696407063
-1.0792927623538648
0.1424597133096187
-0.38865227920584455
0.29981998784674035
1.5074116433129978
0.9079705445000845
-0.6191350180918704
-0.8479634610882065
-0.08853793358092257
0.667718859071566
1.0689676911138488
-0.11651252162057613
-1.8756626981141848
-2.1651506350366323
-1.747441958221323
-0.6230466251573201
0.8089420747569447
0.7376051919699032
0.20809632945723489
0.9227708449909755
1.2816397939816038
-0.4088778862108504
-2.2686953916589867
-1.9322629084993261
-0.3274145437379534
1.2660201308062506
2.241284215862942
0.5521831226835439
-1.8347979629298254
-1.1409817652496863
0.8902487539359103
1.8153765092036926
1.6267154304702387
-0.12249803359464967
-1.7504706995000052
-0.5768687167135603
0.22473590762236495
-1.5476579348870907
-1.771791918556547
0.3710235963785524
1.6354350795049792
1.2111703423213613
0.03547864944778456
-0.9342360669893275
-0.7464317655370964
0.9038534170750367
1.6482133524711662
-0.13593090487711845
-0.8100184548783677
0.7490771708614395
0.6412013793432938
-1.1149132449370667
-1.5360851965276092
-0.826366721691105
0.32934028639431734
1.94331480721632
2.5404880568703936
1.3759932256698542
-0.5127762182202401
-1.0852312645896247
0.22774448154033083
1.0569641207258673
0.07201352873674183
-0.9884275268670304
-0.3031107135362889
0.2246919077917831
-1.6943840480867212
-2.162302313553845
0.8943510835788688
2.428014194577082
1.353744405905902
0.1231337491640726
-1.0310757566646584
-0.7670975194229739
0.3536282117799615
-0.050604770174692115
-0.7653736763294786
-0.6571490008762855
0.012237324916956727
1.3285932127635522
0.8607380613504707
-1.8261957475870874
-1.9341344546589039
0.9428583497007094
2.495306792351889
2.1326879945756496
1.3028231749972448
0.6327020625959483
0.3684090224517107
-0.4773619959285782
-1.3064456391428623
-0.6648201638496207
0.40990602399068843
1.6484213210558678
1.6132543138645161
-1.4691861002160769
-3.3052815983884507
-1.40812783495017
0.6052539226528142
1.9236439004739543
2.743593256882179
1.2930201128467484
-1.2557849625040414
-2.131587918357294
-0.38809072306077486
1.2718396713742466
-0.08428683331562903
-1.7187248413026635
-0.7440412087685058
0.32573786071606814
-0.06771326646897846
-0.43933612780366194
-0.6574660139178112
-0.45893253026055636
0.5193643913152022
0.8768750011410755
0.2558178867281828
0.16626941527899652
0.660828194155823
-0.5463575766080675
-1.8327211985471397
-0.1454429356718609
0.656817565846127
-0.9967345744867796
-1.2482929909752005
-0.694662851195235
-0.22152973267965526
1.357686547438937
2.3956755529485108
1.9930528438028123
1.1074944545412888
0.47378381868479913
-0.5288460651759512
-2.5016874294261617
-2.6650906342764027
-0.2465973317032229
1.6783393378592093
1.8523258988932416
0.6133778301900108
-0.9628701853600212
-0.9647027778289835
0.17507698468714128
0.7460639031237587
0.7689369569445991
0.3999056932014169
0.037900817118317276
-0.2737109165710305
-1.1207094570493743
-1.146850593956143
0.2645891490485291
1.1845550618944183
0.46288708385811084
-0.9816436353967308
-1.1450069740800615
0.13859827073178177
0.31941202015679426
-0.4602905204497758
-0.15591560747867672
0.1841215686785605
0.05000834523556302
0.19528512404015314
0.06065924282077456
-0.30406745070140356
-0.5195477872188463
-0.5709781614839167
-0.312798614790867
-0.15637952628396345
-0.1698632359631569
0.286030095346583
0.5600105425733676
-0.0811942015826368
-0.41677181910824923
0.07777650704835515
0.5773373536949288
0.5640696880771372
-0.2248869297182719
-0.6075593491243366
-0.08809432729769728
-0.21468273357573253
-0.5560779706740387
-0.3807807229042399
-0.17491961158148095
0.2345325573187661
-0.06707450662445469
-0.8347486006429051
-0.4179519648196772
0.32758029393202026
0.7101259792102677
0.8003413697693967
0.2765890530209335
0.07352451570518531
0.30336283035854905
-0.4066570520154222
-1.5625351833946204
-0.9886171610928324
0.8609076731761427
1.1721381710194554
-0.15630054811235938
-0.5640669514936015
-0.23766432521972614
-1.0083549885732703
-0.7817492655131126
1.2434057045386295
1.632662862915272
0.2341953832257785
-0.7115379355405985
-0.5596780571740226
0.4613844969053825
0.7287283811246086
0.13732117372757557
0.43991054546785746
0.6356833794815373
0.2286895571602316
0.013757007009845274
-0.7637626882123312
-0.6343648946971361
0.7599015168074481
0.8574387442698759
0.22051499329241914
0.057482491765905086
-0.004815332151535845
-0.2680712917206647
-0.8466776450156941
-0.43489975136695014
1.0164977552535077
1.1791518189341947
0.28427644671685626
-0.5633316846674309
-1.6191202429656972
-0.9478514312315476
1.3687861182189582
1.6004023215367984
-0.030701823237965054
-0.40828659267392425
0.17147818719932922
0.02754184573498758
-0.1761463657976438
0.2848109439174741
0.39432992058561106
-0.13586708499967481
-0.03805405530874362
0.16208164183911455
-0.4534185877941754
-0.44790550698268744
0.06650210381422034
0.04190243726013099
0.3612402581130785
0.5509557204715905
-0.36520003776564225
-1.0810442317761906
-1.0078005887269592
-0.38413945885819994
0.7568841391875375
1.1663253062080123
0.39011106112343086
-0.10805007007108935
0.31886817764871933
0.38721151565064016
-0.4925285564344355
-0.809915946959992
0.3734704518831004
1.1973636698643673
-0.04149285473797992
-1.4081327358956022
-0.799797483356075
0.5496168820061765
0.42305295991402125
-0.1782491253362014
0.5955928165215751
0.8384442396510714
0.04189230228896379
-0.3181289289046497
-1.0086640024814448
-1.5872059262127207
-0.46400742742976187
1.1263384949498885
1.0292826838287916
-0.05414512601588095
-0.7054950026884005
-0.7314523391362306
-0.18592491156705993
0.34192443290298746
0.5905204398376196
0.4043988920870276
-0.21084058446794182
-0.3436320710593408
-0.17942689179321386
-0.2933536801403381
0.15900312837097008
0.7894074759926015
0.3404111223357195
-0.7736863437467861
-1.0427301243212534
0.2512471902289105
1.0265463607603893
0.44890046422469243
0.27630756370795545
0.06621573042952311
-0.5309999903561335
-0.2539689532781076
0.22860501232696329
-0.34999958189644675
-0.8830549511135678
-0.25577020441924747
0.5206203408200993
0.553830607246992
0.2990866431863125
0.11561987086446163
-0.26999897602223577
-0.44282117850218594
-0.40007552512035066
-0.2951830715239173
0.6477689476015528
1.2219350783215088
0.5096121730418236
-0.2958008751996582
-1.0388850710414927
-1.2849949513384868
-0.3076435885890451
0.7374267149949596
0.9599699428856883
0.6570151215418574
-0.07298553243063105
-0.6128996738662988
-0.3221417117159565
-0.030044479498663165
-0.21110649243728824
0.2966674272698968
0.8818838278975939
-0.27997448033945876
-1.4200578017443353
-0.5635538567257667
0.39950699489656816
0.06112090697631778
0.04082586247226222
0.6525231306217467
0.3424018251740033
-0.16040136603209348
-0.022378738373224096
0.2950958428252712
0.8402637135634973
0.7881867013892874
-0.25790505102386563
-1.0184936661357975
-0.6849154651965861
0.21645181806021574
0.5153409276581304
-0.031097626346242635
-0.4635812571365055
-0.48084372997811886
-0.25311980502297315
0.30018879087960737
0.5957720852665003
0.26533697829819386
-0.12906847958295664
-0.2740213790153512
0.0614285396966492
0.3949520188993838
-0.27765486952967317
-0.7773682811303315
0.07001406665329832
0.9234197880443717
0.29784267923603813
-0.9486317681902443
-0.6685879775075834
0.3514257201206747
0.24812277238167083
0.16781747844448514
0.32695514396606273
-0.6769900988808035
-1.2312579126746088
0.30850828411556597
1.474071952929239
0.2065718914183572
-1.074754006705494
-0.27721759522299727
0.7025371007660896
0.22057100937192858
-1.1432406633643193
-1.5081095425292605
0.22117955404304868
1.4150371893626705
0.2906809361938444
-0.9615152954914609
-0.5632982705863858
0.804945292610549
1.2304642834435402
0.3646422346008329
-0.4899177063175784
-0.8046725655942545
-0.24608368816475285
0.550744390383983
0.2886983282784502
-0.37600258889323684
-0.32877629513850165
0.24807203320579552
0.23671311856255856
-0.4022301610922335
-0.1587551194050763
0.4879145826310953
0.28790770207012
0.2834797517863314
0.3988380364595311
-0.30840130212427996
-0.33922657895670516
0.6808928681212232
0.6104441094762387
-0.6688773842868987
-0.9129643410155073
0.05823072041977273
0.43373641955524544
0.27735996968536736
0.35178770742704124
0.0673522638600485
-0.3914712278014507
-0.003031157049381311
0.6896999872923728
0.5497684912098095
-0.042943916688836736
-0.3469832817465541
-0.17901705125902123
0.09967061150082046
-0.20816941326095736
-0.4302438473068534
0.05596579675848361
0.32605621968030035
0.20248617209243994
-0.017409076625730074
-0.19758352608303215
0.18760175788751945
0.6783511425906994
0.45819836160190025
-0.06971928337755451
-0.24551760308685744
-0.11421397455408278
-0.029437143186181514
-0.21729480202227153
-0.404967470323841
-0.09990179264240773
0.264325343630586
0.07396937876529003
-0.2922542200283981
-0.27616933656925
0.22154276269313805
0.6401231028897164
0.3464648231821022
-0.17142702168847068
-0.13354496057103926
0.0712023447496325
-0.1510450502641949
-0.37049501896938225
-0.2675589947582863
-0.20131083344667117
-0.24593599085182347
-0.01622895880708708
0.3615838730557197
0.31770493570439273
0.12160792790818614
0.0632615550559768
-0.2381846282388872
-0.2617710547801704
0.5091301602437943
0.678646487220124
-0.3078194088795375
-0.9703745500754992
-0.6716102111091691
0.017751235714344546
0.3649354807926648
0.26102815254523687
0.06880255732049968
-0.01614532572934055
0.1745352240235874
0.17686912678356193
-0.12455747062057998
0.08609978741136676
0.5066702099596386
0.2288255208296182
-0.48040257098235306
-0.777225475688089
-0.33391788135091527
0.28696574590551516
0.17210301531824906
-0.362693141974215
-0.3909891906456997
-0.2208162801310693
-0.020614903315902877
0.40394514714417495
0.3978559746209326
0.044789114371792844
0.02157575398721777
0.004585963102605541
-0.11057256710192963
0.0484808662580896
0.04203831094747964
-0.2728522433642666
-0.37007341444405584
-0.22678486717507532
-0.04935292847544642
0.06166229107140675
0.1883467636952648
0.2705800724296512
0.1720581502388006
0.10754449247964526
0.036353355123696106
-0.17987923277235415
-0.21076373573296592
0.11850203882611626
0.2706614146991536
-0.17545067479057025
-0.6257369865327546
-0.2748247491798315
0.3697495619416027
0.27574949579328845
-0.08315247166758125
-0.06570881718885616
-0.021199167460091872
0.12839383324990625
0.30037327284212306
0.13244981121830593
-0.038035053674126774
0.05714138623044336
0.19075213277598796
0.021342933465653427
-0.33713580313736646
-0.3055989647397462
0.0842163113103215
0.07989751866299877
-0.2934192466522072
-0.3044151737607951
-0.045569432045501235
0.245613710484885
0.5581855849661791
0.4198238853833084
-0.008479997021467248
-0.10235092182937558
-0.033609816802481166
-0.004387665336629432
0.10422455170670786
0.010314722535959595
-0.2404595316928481
-0.20322744045029437
-0.03864204890853662
0.012907243651684303
0.04054138876603934
0.22820129935564104
0.3925069689188365
0.13035741493933042
-0.16298214762426166
-0.1197494563470834
0.05610448496279258
0.13521728903242825
-0.17548585186583343
-0.43506133773371336
-0.11019935065646508
0.23113155438516036
0.17396174461753
0.034978404686587444
-0.011554091977914113
-0.0734649349347816
-0.07043926230912716
0.14704303819174458
0.31498376875312206
0.30942042556815086
0.2580821646037105
-0.14312058405231787
-0.6082141256994337
-0.35109297740361256
0.22484761969201672
0.257735547809388
-0.12196812108166695
-0.3240872241382402
-0.23843924504008035
-0.016480802202550535
0.10432958855496251
0.0524715747124261
0.17875673459208605
0.4420704756788867
0.37411719280432676
-0.0826199654623006
-0.4672844393068408
-0.31625106176431017
0.06639844912722134
0.04358345491708362
-0.1061049945909447
0.007671826914542067
0.005709836649067234
-0.07145917832666827
0.055837816978529096
0.04427446572344388
-0.01793596094357513
0.16939193202322902
0.1318895759629381
-0.2128579744074134
-0.2738067715291178
-0.03323363152453098
-0.013130038779031891
-0.20136027802975193
-0.08495893989087917
0.17770523177402867
0.18752710178653942
0.03139470240182177
-0.15727132722547366
-0.0857164473053322
0.1893958916008149
0.0690674387023876
-0.2321111339543502
-0.026700770271739394
0.334687236610846
0.19646703648280217
-0.2541718346545123
-0.44971575601956515
-0.15504339969989706
0.22657318380131153
0.2608486893163579
0.024433995723593283
-0.18349046310221856
-0.09914395654503805
0.08210228739413031
0.04010506300949648
-0.010502339924057427
0.12854783678237472
0.2034227574436695
-0.013381076232218217
-0.26487212126136067
-0.20769134853303178
0.004220908924323558
0.044548037001122615
0.029408584825995593
0.14896834943773368
0.21010096122084454
0.1063818185957292
-0.05045029083834284
-0.14328335413956828
-0.07060382831568565
0.0962750467891751
0.11220043634138308
-0.056009772434985214
-0.1686146032247674
-0.11924329660913932
-0.04410335532462911
-0.019141937870438885
0.07287691724075088
0.2241126371594239
0.24813945222951722
0.07395747911583192
-0.1252040387291956
-0.13990074779065378
-0.030826589208996866
0.05835875780427864
0.061200187744097995
-0.043610589990446286
-0.1124517761014337
-0.03266038298024932
0.09680469481135175
0.06219097594292916
-0.14231589306836062
-0.08939714621295988
0.22935699823387115
0.24460259338255028
-0.002231221884929774
-0.12153380969726107
-0.12458406654259335
-0.07728284403486836
0.0018154708088165502
0.02679770863364069
0.018427307898667773
0.05465461211270651
0.02531080146786632
-0.15579864349172837
-0.20048915426281555
0.0933882705558455
0.2897264226379374
0.12580439218177789
0.010406547707791564
0.04427390413675583
-0.008044116453432837
-0.09804030534392726
-0.151578045091661
-0.16642145022271138
-0.040688139206748755
0.1465904734179658
0.0828898070926753
-0.14737072012199087
-0.12962762504092107
0.07669213040047122
0.1247307179373243
0.07698848517465573
0.13199338091904655
0.15521759398370966
-0.0018297414607352236
-0.20826077150241537
-0.25522947449313915
-0.12409140188829845
0.026989980735622046
0.10651293362406253
0.05977015073681438
-0.06639612026011181
-0.06339592059378699
0.043380532128096956
0.08590215138066847
0.05278059240088584
0.007673222592497076
0.041419371735690255
0.09155847748405002
-0.007283805514405141
-0.14487276520658254
-0.16236241358471787
-0.08687767551548536
0.01901599306935073
0.03924765668858157
-0.003261506106932488
0.02875340618036725
0.07401656992495968
0.012810793467360054
-0.047706683944720094
0.038576752682551535
0.12542476820410287
0.07568531617916081
-0.005026727208470215
-0.056176172401879276
-0.09647625998685473
-0.11988947126354879
-0.11669975222749164
-0.06239123375487235
0.03354637153879721
0.07361321340573856
0.053316321211332035
0.09189760057275245
0.09437139236195699
-0.022448787038264195
-0.04453053130531047
0.054842655919044664
0.0937774374614614
0.04376347447903877
-0.053731002920938145
-0.16134506436847107
-0.17210715690444825
-0.04147192252228056
0.050934537666330396
0.03579952762494072
0.08637382764859362
0.1319158888312925
0.01729754218098903
-0.05737808197969549
0.010109966647182892
0.05945283915523255
0.07244492067224612
0.043837317188076375
-0.07141788292827156
-0.1296321402940824
-0.05360273994946997
0.005886060261972019
-0.027044159417898984
-0.04219870937440351
0.032622974035758465
0.09499684376464378
0.06964399908961641
0.021920957676608097
0.006275437726941779
0.0232758862238912
0.03811480018426467
0.0062655112521919215
-0.04122415070651524
-0.06133066057713658
-0.042699056694739015
-0.003947650872051064
-0.04478444812305969
-0.11141782182034353
-0.03537481717308992
0.0954887448011637
0.11718764599882908
0.04765070184995416
-0.006663415190298047
0.030884487596248004
0.07377780836543509
-0.013712164286764882
-0.118664385665152
-0.05733793289733216
0.07642233778139802
0.04405848424222829
-0.11524480983375576
-0.13246696241963765
-0.007957869877292321
0.07932075684771955
0.08002770094882526
0.025984782980780434
0.013139982589039697
0.04818572151436067
0.0280312602730326
-0.039971640913381734
-0.06130376647614629
-0.005436466071875208
0.03610131030702585
-0.015703064623354385
-0.08798496676643744
-0.07560509026494064
-0.0016276824052639388
0.056721055608902934
0.05170651289940211
-0.018076910522252236
-0.026550795756904923
0.07203614607646161
0.09373909028255237
-0.011733219573784478
-0.06328279228463508
-0.012524433917574147
0.010600753690829138
-0.024638014091090343
-0.04398892672792399
-0.03711189281685763
-0.012933687553314331
0.020887751193417216
0.004535914308041553
-0.029121509800995204
0.018326601956464565
0.08597880568963948
0.07062025134490241
0.0010324599313597353
-0.03921932116073155
-0.02026186698519879
0.00953185224286916
-0.003032793480750707
-0.049557707364367626
-0.04801067807070951
0.02601511482866168
0.044466437962583004
-0.02963754130105389
-0.04599067968158318
0.033153657480181606
0.07808160821022467
0.043617369297931655
-0.008707589796870266
-0.0225776963493209
0.0036690138274476855
0.004997050784073602
-0.019389939663685497
-0.025324664703443925
-0.024071656315944837
-0.008192076484435266
0.0049366594500432365
-0.01147860775873706
-0.008105576666904124
0.031047846896979127
0.04793718252239973
0.022114170471649913
-0.008290832761149138
-0.014482502176461116
0.015047761785981602
0.045448906347185646
-0.0003691291537587585
-0.07144552668333976
-0.042651348929731984
0.015035881075862095
-0.0022109803442183946
-0.018241259713480534
0.004292921577829614
0.0161401350196709
0.009498332447472172
-0.0005584051147303002
0.0015913114669788854
0.018867390460365247
0.03576784667449418
0.0187470921670861
-0.028364893709232626
-0.04495925091762433
-0.022524823275074813
0.003047296904863942
0.0061065855605646705
-0.009159826875519557
-0.008329996727259353
0.005877684873902198
0.01496066994470219
0.008326950774075508
-0.004612153613390425
0.011393579955284804
0.02860931024509704
0.0027010631638051934
-0.030892099072413214
-0.027984620494922313
0.0003359959770180519
0.007264338760840786
-0.008299308833958635
-0.006051987944062732
-0.00337284511998465
-0.00792825675232678
0.003188589326900741
0.015049945566695028
0.01811144218126309
0.017048646479343982
0.013096809180974566
-0.0011820870054481559
-0.015166133984500995
-0.005845149381400473
0.004450512787102498
0.006156766665824121
0.0016391620590359224
-0.021157361844884273
-0.025656130985359585
0.001552114716472073
0.016623278685601484
0.013151734037743378
0.01027219083209668
0.009134740991083202
0.00347895657608978
-0.006023867668667363
-0.003924625692311218
0.010766289137396074
0.013505492856973536
-0.002586443027860666
-0.017239273628998894
-0.01675776559696834
-0.00857584296377105
0.0031352599940471858
0.014672637716858547
0.00848477409812384
-0.0009969503209454073
0.002242822599240307
-0.0005789466668749948
-0.00136452214593453
0.007377996778136003
0.003267483228868719
-0.004932316373003459
-0.002455552631305903
-0.008822813061808366
-0.016760943861851868
-0.0014205079839755027
0.01388887343962744
0.004414624327462133
-0.005985546206175257
-0.0013870291749195074
-0.0010914926622601815
-0.003895670276852505
0.004385917064937185
0.00944755184323627
0.005475275562610525
-0.0008843903480120659
-0.011053959237196423
-0.013412555501136434
-0.003162951333358256
0.0035117103007668987
-0.000886045735176941
-0.0059703299853035765
-0.005203696881242611
-0.004490889245986419
-0.0024452503385094656
0.0031893534531409907
0.005202840124740753
0.0042636318369196555
-2.226891207848976e-06
-0.00603029194505276
-0.005191565979578598
-0.002194378223126618
0.0009919693778036275
0.003583031303412726
-0.0014066504573180226
-0.005123009737983061
-0.002228214081463776
-0.0011287492904342583
-0.0018768461746818538
0.0035362893222615818
0.008475574788009494
-0.0006765658036050927
-0.005475547700825392
0.0018458786953153682
0.00014611124469767443
-0.002720535113807935
0.0016343184391907541
0.0014445117352078311
-0.0010716004543280064
-0.002516028280727658
-0.004235425491783429
0.0010170463009230735
0.011533460886936459
0.01038609754473327
-0.0010771291911396892
-0.001748685922114791
0.004721854227169957
0.002473024417620567
-0.0006791031072743976
0.0023608579875402935
0.003766953388596914
0.0022595792122760134
-2.6163129277389195e-05
-0.0022114563005105163
0.0010954598270080528
0.006234235335281321
0.004594068810275152
-0.00014039457268088737
-0.0013872696540627406
0.0005506670533811306
0.002657722113095418
0.002964229131065886
0.003394130878303224
0.004199445563913893
0.0020261109779899627
-0.0024107238948205684
-0.003320811154720287
0.001047017156901359
0.0035772616806646652
0.0013383057470716577
-0.0015067984877496481
-0.003044553438987173
-0.0012800977049916146
0.0013813022063661334
6.823146677195809e-05
-0.0006758538494941943
0.0013591963235307335
0.0002729742743341878
-0.003811590299808725
-0.003912316611838933
-0.0003238464763357131
0.0003089641013897682
-0.0012652389563077553
-0.002643728981231758
-0.0033871772675437856
-0.0006649217754328158
0.0008075606889132326
-0.002185943559487327
-0.001666902388357496
0.0016736034478830744
-0.0005503109591573404
-0.005844535677055835
-0.00564233225296194
-0.0015284507217520065
-0.0007104299167120898
-0.0017757410082113647
-0.0014953960027942416
-0.0006769171207467607
-4.4488685437135515e-05
-0.001808620333424201
-0.0034109897195663307
-0.0004619290467716419
0.0018176484668132068
-8.544347614329942e-05
-0.0020850989682881065
-0.0013586092067760904
0.0002776084352706029
-0.0002993562759866222
-0.0012746587833533133
-0.00025500527016091706
0.000744533281048061
-0.0004002194831964033
-0.0028903719531024217
-0.0026678811158582505
0.00037246585938098715
0.0013631173586800827
0.00016757591831014114
-0.0009182166016995091
-0.0009563290193354695
0.0010669373409239822
0.002766750965113935
0.0013870769679789792
0.00010931840969410217
0.0012726940074573112
0.001585273584056822
0.0004907419178488207
0.0009135630634433765
0.0018701726327677755
0.001673482625510747
0.0016340985080743001
0.0019273562050784458
0.002000138074238043
0.0023267009233190142
0.0020730798994375204
0.0007565034046734439
2.698419460345062e-05
0.0002690943452353957
0.0005968196573400077
0.0008190939924762612
0.0011016885716116907
0.002129613948875096
0.0032072964112700667
0.0020798210839341295
-1.8942751792341145e-05
-0.00020213355259866665
0.0006380430166062984
0.0005570486894922715
0.0002836215910690075
0.00086335806766984
0.0003595339702172958
-0.0012895379626315026
-0.0006792948125796897
0.001496640101003842
0.0020849507452777184
0.0009131777210186001
-0.0005672171699991607
-0.0007949370413963576
0.00027604155823030864
0.0005675793983426058
-0.0006784564805835409
-0.0011129304095767222
-3.477897275138732e-05
0.0001761592932367096
-0.0004976997196539223
-0.0006357117685351927
-0.0006920341332291866
-0.0008794310526841539
-0.00094749869053756
-0.0012096491278815596
-0.001760142559908505
-0.002237209335663624
-0.0025052378959859777
-0.0025854020016242985
-0.00183345279069753
-0.0008201160347190293
-0.0011540255392324464
-0.0022500385405420523
-0.0025669927134122665
-0.0017338162669818164
-0.0006880048109959335
-0.0007057656247569958
-0.001397561850035321
-0.0013270840461188467
-0.00047286951891572625
-0.0002553224445451252
-0.0008073641071199072
-0.0008785770988851685
-0.00045043380547264266
0.0001438465729741139
0.0009491419336759869
0.0008573648407812998
-0.0006610792157178769
-0.0015201476514192002
-0.0006342386697780235
8.310743433993621e-05
0.00021477096128251494
0.0008806537266812424
0.0014489779340639214
0.001168401321556406
0.0008010707573754775
0.0009734244108916433
0.0008349713164542156
5.617618365186261e-05
-0.0002978066602365966
-3.69275192174303e-05
0.0004334718528587597
0.0008540120006822706
0.0007772404357463928
0.0005717786030108997
0.0007812872948995317
0.0008893796110487581
0.000681258637706985
0.000696508083577609
0.0009343620962466515
0.001004163083897478
0.0007534543925332224
0.0007429162747509117
0.0015718062382736916
0.002163182763985983
0.0015836267029642088
0.001011326468040686
0.0011618048768662417
0.0011796181360960315
0.0005894830113584103
-0.00010021565092672817
-3.5383628571809995e-05
0.0008831753811398262
0.0015982934104988404
0.001218770435019582
0.0001615019204622859
-0.00038542999866110397
-0.0001732455021780854
3.0211421073412723e-05
0.0002840410230585495
0.0008606227816612142
0.0009147769048261662
0.00011055984134811236
-0.0005634444241523684
-0.0005531561835372782
-0.0005325373295861826
-0.000767487402268039
-0.0006401985590021335
-7.060892140120165e-06
0.0006709932288106414
0.0007300035715221741
-0.0002490496316824454
-0.0015699709712126593
-0.0019027505800781343
-0.001054556293371857
-0.0004204531977605895
-0.0010047560351372333
-0.001607943876614012
-0.0011400912062804786
-0.0008321268693757087
-0.001192899725047629
-0.0012827757142297755
-0.0012865683975009671
-0.00146186536996645
-0.0013038373983765789
-0.001064328826745197
-0.001224252882102518
-0.0012554364214983687
-0.0009616401930179377
-0.0009412848694562376
-0.001015867682997093
-0.000931417649560411
-0.0008151874978943258
-0.00042610621690073423
-0.00018444144885688615
-0.0004067463806249616
-0.0002401103572389103
0.0002237938587419516
-4.836051233675278e-05
-0.0005477048176991788
-8.990324115046647e-05
0.0007057324420294137
0.00045222836683502573
-0.0006584423973404726
-0.0010043846549139387
0.00014447811396253295
0.0014529689019429637
0.0017264328041883973
0.0012634784046965108
0.0006471909515564861
0.00011735746207324534
-0.00019884338143108787
-3.7736320931832344e-05
0.000549575831760199
0.0010137209081239103
0.0010610928086592173
0.0006933912430875425
0.00033037286676154817
0.000656905443673193
0.0011127200773653196
0.0009465249016628551
0.0008452107161793862
0.0012588450117877248
0.0016689856165845768
0.0016536280093560533
0.0014190745453320703
0.0013830701952517745
0.0015207872383311404
0.0015187653657164762
0.0012224813919137008
0.0009227855945319191
0.0009980062098418861
0.0011329049360069999
0.0005817362536559532
-0.0003302792325604849
-0.000368341800938244
0.0002918283691804389
0.0006447013347425975
0.0008284022488848674
0.0008664796501641698
0.00022434047063919337
-0.0006801065724599637
-0.0008620674989259745
-0.0003673712953389885
-5.813870861980704e-05
-7.825842657700234e-05
-0.00014582548315673557
-0.0003256098855496242
-0.0005228209998140729
-0.0006600336754081721
-0.0009212563740391005
-0.0010404159336386111
-0.0007774334722098807
-0.0005401291301004143
-0.0003411777958431867
-0.00021783223338396043
-0.000710347641734904
-0.0013158261347921136
-0.0011911880510110143
-0.0007179824084440258
-0.0006258184065499137
-0.0007642795320878205
-0.0006250806763738851
-0.0005724778895775048
-0.0009979793952617057
-0.0014057075136243494
-0.0013358858231366586
-0.0009623617985861979
-0.0008022533632614699
-0.0009256574498870927
-0.0009650909261232775
-0.0007294683471248909
-0.00027924089978655477
-0.00013304883481705032
-0.0005679098970658172
-0.0010119866966678123
-0.0009187173947886196
-0.00040043934691526544
-0.00013778584160440473
-0.00022662154759926258
-9.50188835330476e-05
-8.763904587421982e-05
-0.0005590572116405046
-0.0005364154109745835
0.00039466778765135605
0.0010332381030329707
0.0006407634826710255
8.546336776291043e-05
4.159688602732928e-05
8.295524585494318e-05
0.00015691333578776896
0.0005058338403784541
0.0007703523345030366
0.0007082334918421572
0.00046456114907791326
0.0002010792203727325
0.00015254227640090117
0.00033921936730148955
0.0005132185286298905
0.0008174650392907029
0.0012623695492496984
0.001212350234313128
0.000663572216436057
0.00046614072225832615
0.0007913657934119961
0.0009055235544317046
0.0007886084722372504
0.0010112134995969367
0.0011083325403134807
0.0005666677754367323
2.6653333962599942e-05
9.106550175133794e-05
0.0005023806204412006
0.0007835424780354694
0.0008690106945027378
0.001042387442474518
0.0013327286527382923
0.0012578639306748325
0.0006755204468415037
0.00016570307890080484
0.00037357237739224416
0.0010241545804151927
0.0010138039497875877
0.0002739041794588568
-0.0001874785267746374
-0.00013629227454630462
-9.318512286549639e-05
-0.0002966638966556672
-0.00040731536308415313
-0.0002213233980449536
-0.00011761475909387222
-6.519191426969037e-05
0.00021016610071886415
0.00029134961382139366
-0.0001701470734834041
-0.0008545978196532328
-0.0011869267959579806
-0.000833738601276824
-0.00029992853675914026
-0.0003014285246519437
-0.0007266511001019688
-0.0011662351896278293
-0.001388197113680273
-0.001306768212549801
-0.0009935431348607243
-0.0005483192922019528
-0.0003972141351841254
-0.0007991104128818
-0.0010745312760472175
-0.000990459499997516
-0.001084497550651573
-0.00105115962331358
-0.0006168270260190269
-0.0004883033492238016
-0.0008597103744958264
-0.000914920323441299
-0.0002385290066225219
0.0004138106876724109
0.00042944543492636324
0.00020421740546133554
0.00015538336230428926
0.00010434828754111308
-0.00019118464366522925
-0.00041502280103067335
-0.00015085216559508358
0.00023501295998058823
9.710963791792438e-05
-0.00021248439217388428
6.716938623141985e-05
0.0005981271489075477
0.0005593994974270365
-5.833445449406451e-05
-0.00046775430671263697
-0.00015122726498726724
0.0004243405706074719
0.0007014041190214601
0.0006453156368860218
0.0004675779778084304
0.0003952204440934115
0.0002259627321665417
1.2879738479319724e-06
0.00027536692659923124
0.0006267768249743877
0.00037269159848381944
-8.511640688061079e-05
-0.0002991344375214703
-0.00020049829163290534
0.00011289529542222543
0.00041357808961527695
0.0006212478221046652
0.0005761500804464835
0.0003115262053161144
0.00021064128233781593
0.0003392720849389643
0.0004707657288058297
0.0003231504059973663
-5.3832959443565255e-05
-0.00010768856922145978
0.00014116932104699163
0.0002803377667796259
0.0005480799821794061
0.0009266182405869531
0.0007387481338977241
8.323325160148947e-05
-0.00013113837589502847
0.00014883525419453082
0.00017296387672546387
-4.789907751309155e-05
-9.185079602505976e-05
-0.00013853777231321186
-0.0002836373319367721
-0.0002516895989109248
-3.499753909934865e-05
2.8527485799742644e-05
-0.00033255470637928155
-0.000842073014204275
-0.0008549955014401933
-0.00034170588320468764
-5.8297482574331747e-05
-0.0002962004585235563
-0.0005284109579514031
-0.00047789036107680644
-0.000416838377573157
-0.0006194785924487181
-0.0008495768704474772
-0.0007215814054900439
-0.0004553766596537012
-0.0002957079689242942
-0.00022573517524297694
-0.000246293115282366
-0.0001250758514802254
0.00014654063947957207
0.0002115414017036521
2.769460672293598e-05
-0.00012261830304664432
-0.00012802041778858927
-3.515312323209272e-05
9.942076686310082e-05
2.2828085391151526e-05
-0.0003127916450069528
-0.0004250763031091779
-0.00011477895747714342
0.00012302993051198537
-1.7386410989883496e-05
-0.00023097212657943126
-0.0002520757653033524
-0.00023574531398731866
-0.0002661412918281785
-0.00019298855113016955
-6.300098479057256e-05
6.724748036407218e-05
0.00015123586866897703
0.00012870515992234426
0.00018462408058708387
0.0002940198083580584
0.00023958835217500682
0.0002544402551041859
0.0005136393255006997
0.0007204723497983424
0.0008205261969336494
0.0009136944899146423
0.0009566096299309551
0.0008910294409254266
0.0006081398055833775
0.0002396686635213189
5.162369532797433e-05
-6.105762492842693e-06
-0.00010716300751421469
-0.0001644692682490921
-4.673590944555197e-05
7.646730436376757e-05
0.00011208380226106966
0.00029617118748305785
0.0005516492079361987
0.0006131809523026372
0.0006888073702194025
0.0009050433386351045
0.0009580761375738837
0.0007135115833501859
0.0004508844038582315
0.0003342360056852009
0.00026913336087915074
0.0002454371256872421
0.00014514182074383195
-5.749103270508713e-05
-0.00010776577564120763
5.4660649093696105e-05
0.0003371008586889137
0.0006688697209183418
0.0009109923732448996
0.0008630836184690942
0.0003927264548136619
-0.0003748448235030982
-0.00123160146836982
-0.0019561956968588427
-0.00212503229715985
-0.0016030372358365155
-0.0009839322781929642
-0.0010075304233969546
-0.0016362294853296978
-0.0020357937367354306
-0.001663530416518111
-0.000889363746831837
-0.0003847917785848565
-0.00022805198986524137
0.0001012595658105974
0.0007413727408243759
0.0010871297824121171
0.0008813482670121798
0.0006011264247593134
0.00040152791998531454
-7.657370062636782e-05
-0.0009119766910372432
-0.0015692126954568236
-0.0015700929192558062
-0.0010650127033548836
-0.00040682494738850843
0.0001993521887482248
0.0007768885718569853
0.0013057880845680513
0.0015597724005133012
0.0016854258411596946
0.0017785383287373781
0.0012874750871701027
7.226706889662277e-05
-0.00093136927052253
-0.0007357654740868129
0.00031563431255757403
0.0008801550847392903
0.00039020872307760914
-0.00022948168717804794
0.00015022891945206047
0.0010251100674869389
0.001175825713573225
0.0007334288448830658
0.00046670754213043865
0.0006352064571069848
0.0010236720142227495
0.0012657934252515391
0.001063741609844337
-2.639087892341782e-05
-0.0017159989091905317
-0.002708083870424756
-0.002635628753612346
-0.0020012712886839567
-0.0006890612615701005
0.001427460445958175
0.00368665408454485
0.004844178870727662
0.003961839626996511
0.0016773510705597417
-0.0003085102119559594
-0.0012086837183634099
-0.002234467512253706
-0.005428497918730266
-0.009818335735997254
-0.011214574369817772
-0.008905929365476602
-0.006889836786475733
-0.006357182328341683
-0.004466329352500877
-0.0013205630879880546
-0.0007740839858730378
-0.0036913575134275775
-0.0061645174974028355
-0.004192909142439791
0.002299342386680881
0.008395326753242682
0.008226769196725738
0.002205519655465532
-0.0029909269962961303
-0.003613151994733055
-0.0028627660999631203
-0.003709251010484853
-0.003382223365722855
0.0017698937814119714
0.008219353150090127
0.007497516724339858
-0.0010663058314789864
-0.006842100235744573
-0.0014244583514545252
0.011771636412843319
0.022706337846813477
0.02289874508806866
0.012771144950105508
0.0028303645282783466
0.0010791375345810695
0.004929402771308322
0.008238648146812147
0.00809500495779606
0.007438772563765263
0.01212825477368928
0.020468361772040096
0.024410722761713716
0.02433166319614224
