0.0
0.0
0.0
0.0
0.0
0.0
0.0
0.0
0.0
0.0
0.0
0.0
0.0
0.0
0.0
0.0
0.0
0.0
0.0
0.0
0.0
0.0
0.0
0.0
0.0
0.0
0.0
0.0
0.0
0.0
0.0
0.0
0.0
0.0
0.0
0.0
0.0
0.0
0.0
0.0
0.0
0.0
0.0
0.0
0.0
0.0
0.0
0.0
0.0
0.0
0.0
0.0
0.0
0.0
0.0
0.0
0.0
0.0
0.0
0.0
0.0
0.0
0.0
0.0
0.0
0.0
0.0
0.0
0.0
0.0
0.0
0.0
0.0
0.0
0.0
0.0
0.0
0.0
0.0
0.0
0.0
0.0
0.0
0.0
0.0
0.0
0.0
0.0
0.0
0.0
0.0
0.0
0.0
0.0
0.0
0.0
0.0
0.0
0.0
0.0
0.0
0.0
0.0
0.0
0.0
0.0
0.0
0.0
0.0
0.0
0.0
0.0
0.0
0.0
0.0
0.0
0.0
0.0
0.0
0.0
0.0
0.0
0.0
0.0
0.0
0.0
0.0
0.0
0.0
0.0
0.0
0.0
0.0
0.0
0.0
0.0
0.0
0.0
0.0
0.0
0.0
0.0
0.0
0.0
0.0
0.0
0.0
0.0
0.0
0.0
0.0
0.0
0.0
0.0
0.0
0.0
0.0
0.0
0.0
0.0
0.0
0.0
0.0
0.0
0.0
0.0
0.0
0.0
0.0
0.0
0.0
0.0
0.0
0.0
0.0
0.0
0.0
0.0
0.0
0.0
0.0
0.0
0.0
0.0
0.0
0.0
0.0
0.0
0.0
0.0
0.0
0.0
0.0
0.0
0.0
0.0
0.0
0.0
0.0
0.0
0.0
0.0
0.0
0.0
0.0
0.0
0.0
0.0
0.0
0.0
0.0
0.0
0.0
0.0
0.0
0.0
0.0
0.0
0.0
0.0
0.0
0.0
0.0
0.0
0.0
0.0
0.0
0.0
0.0
0.0
0.0
0.0
0.0
0.0
0.0
0.0
0.0
0.0
0.0
0.0
0.0
0.0
0.0
0.0
0.0
0.0
0.0
0.0
0.0
0.0
0.0
0.0
0.0
0.0
0.0
0.0
0.0
0.0
0.0
0.0
0.0
0.0
0.0
1.513075736841946e-06
3.7916318279560903e-06
2.851438146216911e-06
-4.529155407862211e-06
-1.903790569223892e-06
2.412737477895006e-05
-0.00015874045662645623
-0.0009399668393511848
-0.0017581644980656777
-0.0005556091897446146
0.002120202924291233
0.0018739961892818204
-0.0020829109102661557
-0.007194482011348781
-0.011959433687341682
-0.014205376656764595
-0.00994795040758347
0.0005587403667741735
0.008419926837449783
0.00820291660267553
0.0024851069441034976
-0.0031380726380027825
-0.0012315543363860101
0.00548536126076823
0.004671415984980515
-0.0031824827336880287
-0.004803871659580985
0.003165001647953522
0.012884894015226267
0.016984401793530182
0.014778222790414729
0.013387635530355288
0.017683144253609524
0.02172454411850216
0.018614313293730807
0.012209292861065316
0.005423677038138819
-0.0014877802952786563
-0.009063304581645122
-0.014100036915483932
-0.014559301838259394
-0.023182363495773916
-0.030575271109526785
-0.016725022148764725
0.008097356327423727
0.019550336199537038
0.009239360555486893
0.007366259827021652
0.015113725261981886
-0.005118739736662513
-0.03996944533188799
-0.04177268110567939
0.000995687431409432
0.0395017886893866
0.047421421274878535
0.04139069422572279
0.03356334103735263
0.042615165809501275
0.05633016201267698
0.06249879655581986
0.06537111156312571
-0.0020339500653967133
-0.13113108247309882
-0.14947889264492425
-0.04309702949757871
0.02935572989687075
0.041919495538422794
0.026524549291076036
-0.008019704612074538
-0.01375890329081574
0.00010487358531175827
0.010272441866792385
0.01568581276473374
-0.05751765228371157
-0.16946602454750356
-0.16209297790193197
-0.05037031063272942
0.04991296243925354
0.09165454753808612
0.07942322578448802
0.06858863480954422
0.08289105479475757
0.04985234302784157
-0.03355452169128306
-0.04376896226444694
0.017692088851916664
-0.029367955369912855
-0.13579884027777353
-0.07286412250669722
0.053862178691890014
0.055748167168114496
0.0274544560662831
0.053027738614510614
0.03870279278327003
-0.03991566256489343
-0.05546599195031375
0.04833916945273945
0.11005156373989318
-0.007890875531554972
-0.11731454404736417
-0.0805416322339563
-0.03440267757365888
-0.03039283978955352
-0.012919495504584117
0.03517224113441545
0.06277729430300606
0.015480914817469124
-0.005973240729323384
0.059329577777361316
0.04532388769148688
-0.06313053916156053
-0.0793478727810516
0.005470192686942656
0.058850152155214344
0.0023702508281303824
-0.055204509059415346
-0.007704070744146891
-0.018904574021885955
-0.11029825605869926
-0.08589780813198662
-0.01279822263814921
-0.03998108945678767
-0.06881391384004741
-0.028081492008270592
-0.0058948096676688395
-0.01157744612906717
0.007651350697972845
0.022996937402589974
-0.013274475454994597
-0.04776011173341689
-0.06096413301852055
-0.0965906684421255
-0.062304856171291716
0.01957503743017418
-0.05967464666380574
-0.17518545629242185
-0.04440100554284172
0.14274898821845064
0.11925525928054262
0.03312387602661449
0.01424216687988073
0.014571638495191672
0.05303967421619406
0.12418030485971418
0.08716252511829788
-0.028567548825264986
-0.035467608059944485
-0.03683412834540449
-0.06522380946466763
0.03509538732748277
0.08043579307002341
-0.06753363530801296
-0.1531574128024159
-0.036701410930911484
0.09342698379385149
0.12363019325136725
0.09460772596352728
0.03002388342936324
-0.0653334334694852
-0.1597324351452404
-0.1018457188212914
0.12563809558524297
0.23283950593740357
0.01939492128083159
-0.21671219611393847
-0.08376884151989052
0.1372469055081037
0.06725038919314444
-0.08036348374413037
-0.13419443882899562
-0.10085166898641683
0.0668877981013479
0.16918685925441765
0.13329855710693303
0.1862858593009955
0.15543827369517824
-0.039200714581227765
-0.012001463847019332
0.05970603146420918
-0.10639703046401752
-0.12905199581261978
0.06598843443357569
0.06980955930400183
-0.11392952843644898
-0.10177245301822127
0.1201321301774853
0.18915781129383233
0.07967796173643298
0.07937007967085685
0.13989014894981414
0.03994272635200671
-0.06644873700211512
0.11853460324103848
0.45022947916691936
0.4341098169836431
0.01991610293088373
-0.1798354907235942
0.09428480924010109
0.2765460815537946
0.08249043139823564
-0.10197194654573372
-0.1161608464921294
-0.13353571702386915
-0.11608683083943805
0.012195880803144155
0.1255212979270033
0.14427856922003268
0.014446061549810972
-0.3091278166497871
-0.5487882343316101
-0.3867284944560306
-0.10209009032493807
-0.0021942664764911524
0.05524411885386025
0.04180118857815303
-0.035970192976937446
0.10676385939904855
0.268204853614176
0.046464447232012734
-0.2920768431483907
-0.43967238802140085
-0.47689778488798273
-0.33490929424445953
0.038528887699244396
0.40895341733928003
0.41789063909818064
0.04015126549355936
-0.16553498435485245
-0.010358515122235958
0.030637643945936936
-0.11709969030881145
-0.14858428515543842
-0.026631413494262998
0.14036449205126525
0.20577430358420976
0.20112400757440319
0.3147683901316765
0.47393898499123055
0.4853874382694685
0.18873256846991784
-0.19108445849703895
-0.13193594401819803
0.09795037181450376
-0.09946871114869682
-0.3686370532469675
-0.17740884575552562
0.08687050258384081
-0.01703487159301766
-0.13073441810610162
0.005205772359755685
0.04300564211754608
-0.17626235813683283
-0.5516462706073484
-0.8373792708715699
-0.47613217698314214
0.24734200650876306
0.2664447406940756
-0.17862695232655582
-0.031050435207586286
0.5134658043742192
0.5944393918743092
0.1958604503034618
-0.12935113745717286
-0.18746636873515335
-0.11498573067773907
-0.016682859501981367
-0.01896397147728383
-0.08969485345566626
-0.03614874300055409
0.06853625610956941
0.039862348796985705
0.0061357261652968485
0.23507219873154922
0.4831726038303073
0.29671762749477815
-0.07772778732161864
-0.11596804646361145
0.09379049141694377
0.1816546388683689
0.2959609272843576
0.5437220489183151
0.5492006382253172
0.10394105025777736
-0.47079903593084155
-0.4862386181170372
0.1524474529333839
0.4775522695282932
-0.20688529989147036
-0.9610870599153293
-0.6604339238145286
-0.08803849593090227
0.0265990562453266
0.3538469314751186
0.567164756520478
-0.13379404611176704
-0.9915069253253783
-0.9394701415945458
-0.11307204570533098
0.43238255906399
0.08760477649233557
-0.3520119261171625
0.08514722737613908
0.653638914190674
0.2663495592267602
-0.0962400359971898
0.32701913754745426
0.47688392916124567
0.061035643733393895
-0.3219628856987321
-0.4109643917798728
-0.13918141737993991
0.3491401425982279
0.6515061786665596
0.4264149556045878
-0.1413596362997612
-0.4162790245261458
-0.0225790296621178
0.22681536983069842
-0.12281193576790286
-0.08289905768115127
0.26080521668466966
0.06492859674653602
0.020838061934401676
0.6887065730770198
0.8051779211295881
0.10145471852405144
-0.20712889970068882
-0.251866495643749
-0.33794065047754374
-0.06370992586760856
0.15728795992579403
0.014186585405174092
0.12536358218151514
0.41856620735411026
0.12339226608496713
-0.41096352829967603
-0.3759688393249373
-0.0917870378252455
-0.08345608144101446
-0.3545297039749216
-0.677278037256032
-0.3910331169444943
0.25135370924890404
0.358401101463243
0.38195937837148364
0.36005875075017485
-0.35147708324024646
-1.0032873489737528
-0.7792922334387058
0.05072293239396443
0.5544866308908425
0.17155111911090934
-0.3046861976391931
-0.3448298626086666
-0.12115523618691086
0.27655488183845006
0.33954666730605615
-0.10511433131794495
-0.3338586834428951
0.30337355422314394
1.0549716105222404
0.6573218092720822
-0.35805488390899437
-0.9605374562755334
-1.305584089191197
-1.2423230976637685
-0.27903018717083883
0.6397394016732326
0.5722927784976236
0.2701906559250962
0.47279534086800523
0.7733667589965111
0.3228785496380127
-0.8560768988292103
-1.7246583070726234
-1.2678859790232577
0.03689099716352355
0.521832988602649
0.5243681715544996
0.7009603947072017
0.3404135047953638
-0.030407112408140292
0.17792059710350844
0.3085997386001096
-0.20780746189743024
-0.4883406634475095
0.570407619892521
1.5843051103906374
0.6048494064290908
-1.4268569466525116
-1.6409302006781075
0.3492831573158338
1.7264288963871193
1.1757424118981321
-0.18927433233800023
-1.1448066533845709
-1.117362893512417
-0.3847215097842798
0.5108514076347942
0.9375053661989428
0.5290871633863425
0.19520289250397932
0.8427746090631485
1.4433125976252297
0.7604393890821407
-0.49002450477235265
-1.035585845563007
-0.5095820949603533
0.7457484972262539
1.617693084958285
1.0336049256849136
-0.4748842439231266
-1.3109139420592235
-0.5378576168459557
0.9819767769673698
0.9286036118198371
-0.6613070860063176
-0.9096536718912064
0.028425465807189416
-0.3931389162894196
-1.5213280789922703
-1.1560749321393442
0.06749148848470833
0.24071311584262797
-0.344424857854256
-0.4621977706531981
0.03690540951030229
0.5487325609004124
0.30202085587834276
-0.21841713954817785
0.3217559832726665
1.1264875142899438
0.8611016968801478
0.16415697861450157
-0.6965826188837191
-1.540740874180057
-1.533256269725447
-0.8247926665636806
0.22564982401815487
1.0010140749923633
0.7603854012894289
-0.10172719188992041
-0.6114594331555933
-0.214363610145344
0.3331547996231891
0.13715149562554982
-0.1952798230609626
-0.11713623568461463
-0.11651969833989684
-0.09514506677558726
0.31384902037643986
0.23037528135395563
-0.20880581895690908
0.43657628081667105
0.9898156378791532
-0.033429786441607
-0.8325855432692595
-0.41435722072396025
-0.25877288805805876
-0.3925191207961511
0.22712796201151766
0.6782042663005831
0.097394802466444
-0.4000688875763454
-0.46583172630889663
-0.5170432221784466
-0.0377730770108401
0.5052508714352593
0.20162977908104576
-0.4300331650018747
-0.6872030330523607
-0.5083705870687144
-0.41099360038005717
-0.4729984624994117
-0.21383834937198554
0.1810701468304016
0.5836553529110431
0.6946663564747917
-0.19562590307931452
-1.3506845099229805
-1.6396910587725781
-1.1964077998052387
-0.24874886243610142
0.9600782558034051
1.391662561800614
0.5853662572990492
-0.31458188348331234
-0.07870215671519884
1.069363548412817
1.7542573313198795
1.34825526812769
0.7938515190702422
0.6767329451831947
0.4344188922957076
0.04238557292281402
-0.16973607521443662
-0.2725631803775548
0.17620467847626348
0.9576953363059874
0.41372426149035935
-1.0697824026330534
-1.0083799360106924
0.3481170006796496
0.8924797215906959
0.37929194071938055
-0.24797319430906262
-0.36723847047100583
-0.32458249052623495
-0.5168219691070183
-0.5160326636587234
-0.43481158933936087
-0.7192303847642182
-0.6760227646999807
0.23308212422682076
1.1400800141108032
1.2716687258548025
0.6839695154772483
-0.210218059242511
-0.7305668185073938
-0.7225469280523737
-0.5944405855092489
-0.26242573444533135
0.12385788747959935
-0.13771328115641543
-0.6563877048493335
-0.4527912797349002
0.29172769503473966
1.0309039938236892
1.3944136645401903
0.9594998169875549
0.23436311858672898
0.1314585929641601
0.4682569372604375
0.3622862261999913
-0.3165838931530659
-0.6874689624172285
-0.23789549918545141
0.4762856958552654
0.874977751841326
0.7284625278407972
0.1655747205071331
-0.33919617996351553
-0.9769625907103585
-1.6138290677837888
-0.9470926445787665
0.6062369734708852
0.5083430545376416
-0.8688253663261066
-0.8810518650023009
-0.12187180167349425
-0.09715665143477117
-0.2438450190075919
-0.21431125204585097
-0.3478096801817171
-0.38700978535049335
0.06206762537256902
0.46490697202024306
0.46859897609739126
0.30547160131839257
-0.12875965149508878
-0.4942909384687628
-0.6069172680615107
-0.8411836734238185
-0.7311171302816575
-0.06338744850548
0.4983474836901089
0.45843743622962296
-0.10956917523504707
-0.5971895638400126
-0.9067725945421048
-0.883094148806764
0.2811041219776921
1.5597267764620422
1.2355737465500571
0.14438932344980493
-0.31836433603116726
-0.2264769710074847
-0.19325216538375756
-0.12006766236388469
0.4812526533036523
0.7872650500861796
0.06909689440141167
-0.6413676234282367
-0.678667188356739
-0.40156962209475866
-0.17264032697927476
-0.3837189568867959
-0.589066288116232
-0.20639727739053546
0.2488986123966591
0.37639751272743743
0.060754440601710605
-0.42514819565246
-0.20379295426338587
0.5436680071621398
0.7794577773887273
0.3458348457027776
-0.2084041144194202
-0.46426222643026677
-0.3440742848728899
0.06543322189823741
0.13743292181579633
-0.22919726887059924
0.3117285687307527
1.2479529748612135
0.6889337118780026
-0.5681427213112096
-0.9320461534686048
-0.4969648022253955
0.30108987732297593
0.721160637981258
0.1386160299976137
-0.5312896110045491
-0.4834870548602531
0.034787344954667794
0.688423118323168
1.2370181291331503
1.2006567260313517
0.10517219081572939
-0.8554291578078975
-0.14385096791880458
1.0065634088546371
0.8025040661520023
0.19051288227384605
0.5334633793571931
0.871296857266808
0.29739909727367453
-0.5336025518165457
-1.2555250846843005
-1.128238891268268
0.13876603337390142
0.4888508762201458
-0.3145899271472855
-0.35683060647537784
0.22340542370279354
0.3212063933886403
-0.11473749231324867
-0.24252292493968675
-0.08749010164340831
-0.41818632717810006
-0.5627724106443176
-0.10494658671085784
0.1425508589167938
0.3517166164208882
0.8605687162138163
0.8781344668983923
0.17822005187898496
-0.3393686456250518
0.17461915165476066
0.7773101026753839
-0.4158369648861319
-1.7002806789325071
0.09450966671137861
2.681324282223566
1.8207970053030806
-1.025979838988179
-2.104136033846477
-1.416184953546857
-0.3846381549349081
0.8560195312718869
1.6336327494728113
0.6912327006278141
-1.0682971767289158
-1.5038331602539292
-0.4197424342991127
0.5791942839853015
0.1436044075452862
-0.9799369562127443
-0.6590503966841925
0.97244153211604
1.511058755351135
0.5953029450098922
-0.369656957448962
-0.6423344944917474
-0.011343974396868468
0.6491834058254546
0.3134762949854706
-0.516622818225446
-0.791715683721779
-0.21678634906939376
0.4361241161832143
0.2552251948959024
-0.3954342018351592
-0.5336335445354715
-0.11587332802355357
-0.03631446372653786
-0.4963322428830983
-0.4149628747925746
0.36979393587872134
0.6219387612593676
0.10167713450857103
-0.4061597692058226
-0.6942577145833577
-0.8596524266250017
-0.6124747638463756
-0.07381440830019559
0.08949754464274064
0.03405387424493172
0.2226504396812196
0.3568361080955923
0.1804984466081025
-0.01683539892953624
-0.07259574702367914
-0.18946576052556113
-0.3134078779407322
-0.2589802595267675
-0.14673908946085115
0.02297203995259725
0.2553903579114033
0.21101871799827482
0.0804163517886723
0.2528445598402176
0.19930798939822145
-0.19613636802217815
-0.17659259789586204
0.2617477659319029
0.45795469702234276
0.05910632427393324
-0.5912967100531202
-0.7843748415607334
-0.44320272917350434
-0.036486995939879883
0.10207762591977362
0.0526429931404112
0.08750751054273695
0.10455769010815641
0.11010244222466743
0.35001685569105895
0.564147361587768
0.5408971138048375
0.4257809709924494
0.2645796910991363
-0.005257388020946528
-0.3112232136764043
-0.18010805627407792
0.2180661045175438
0.2500933936092572
0.20630478498090418
0.1909331560292468
-0.07054191582361202
-0.22658704806875163
0.0007414624246838485
0.3584874757993962
0.347597127150206
-0.15866439323181408
-0.5057231692097686
-0.30080197408269416
-0.06685960088688496
-0.10881375989631935
0.039411303112983964
0.5393207544262395
0.7227663246564603
0.37247889514570093
0.128414675382581
0.06815599962040812
0.028835573984471008
0.22864939004105891
0.28780301311305334
-0.07104159497412653
-0.29602061027249416
-0.22122229925849468
-0.11220795266632534
-0.08209296282266425
-0.11407063196024937
0.08545491645479526
0.3172778674367913
0.1491385090960537
-0.07644664965785396
-0.16624894325344733
-0.16656003036010944
0.04899534950905234
0.3105919810643674
0.2860484633762044
-0.11269646559994548
-0.3807343270845699
-0.12002196371654328
0.13250878186829382
0.00454126835469316
0.08662509011324558
0.5842398852931376
0.6004636165451404
-0.11655817369083286
-0.5917832156116168
-0.41894494736440197
-0.1258438687891988
-0.030352699562876315
-0.0907152681295949
-0.20045729965675116
-0.17137425324797578
-0.09576942240219678
-0.11503233524027467
0.02123579432216814
0.2242845597116758
0.24030052561906975
0.25749948298978137
0.15690699583482803
-0.13237549860312797
-0.020117420038379026
0.37983552062246595
0.1734553012767956
-0.5954941810738136
-0.9202735983948176
-0.42773307819089823
0.13334267106789624
0.15225913096276822
-0.10538409378068855
-0.26406081295873346
-0.32682679213648297
-0.21058946270153517
0.10243483782683874
0.2893042621644043
0.3022375484927546
0.2559772002158399
0.0032314680714827966
-0.3514211551934361
-0.41659314109466283
-0.15285784523844093
0.14882252035145432
0.1923802396244282
0.005745894118318361
-0.035548304333292674
0.02908801719533646
-0.09543898143931796
-0.1664792202191006
0.020029639709502847
0.02327408164908493
-0.2965664875007578
-0.34208680659048446
-0.01989415519341483
0.06813620927650309
-0.20532986101851483
-0.2526249708993306
0.09897029640519715
0.24125957755906213
0.16290060176139434
0.2783474068285422
0.3707298633055912
0.21115520883159197
-0.03312693139507317
-0.14922319577169915
-0.048580675135294696
0.22594251401610865
0.3515767218723418
0.09106514469392522
-0.2879310665896098
-0.4928832338466134
-0.3342428620087072
0.19533435644927805
0.509853028112854
0.21992475291976163
-0.12262005983652516
-0.14142740743551946
-0.05810825156777438
0.033788565447262976
0.06534646167486514
0.04461307133071414
0.03700695493691589
0.09658428565648793
0.22807290877832975
0.12060318963253615
-0.038110740654326306
0.18765308499526978
0.38840321791183036
0.2923043766623597
0.2722706112611727
0.252402298232079
-0.16153595516756092
-0.635484669480198
-0.5068868382348953
0.000619922697386068
0.06981157764910541
-0.242496758856469
-0.16717458876185876
0.13877711407939994
0.023107827418858935
-0.15620241096602425
0.14929588328008023
0.4957669821831303
0.36889561686783395
0.07746412114305978
-0.0874005573222433
-0.2668886596341183
-0.27296650031851083
0.07100466667614604
0.25598533665217527
0.09342146859670411
0.026488515987864565
0.061676625009903334
-0.13291695168462742
-0.42943019786433706
-0.3657012155063529
-0.010764012115462561
0.18611794891581576
0.12429096353614405
-0.1255617704572888
-0.4044002458586115
-0.4184363882987436
-0.1303554864665858
0.11770300782241554
0.1333620970030796
0.05630881621312536
0.001487096343837592
0.03444565514496176
0.13923399882969445
0.1444451225191003
0.1458721664754642
0.34063433027599227
0.3270198937769018
-0.07752925582604484
-0.39961091007206395
-0.47228317543828235
-0.31624871714107844
0.0057457298547813
0.13831646423758784
-0.06476511052922018
-0.25201051709927547
-0.12571030794356855
0.07057807704648095
0.07007307682504844
0.06864443014950794
0.167532822006416
0.06269892725822827
-0.18508365239635055
-0.1398331961174444
0.11893020379662007
0.22796666948886696
0.08556723471381626
-0.1056972162671357
-0.02239080853256559
0.21521340254818874
0.2680014996439791
0.19242862196035965
0.09850435612968127
-0.0689048479379046
-0.25628454943072665
-0.297286179397688
-0.15348226213940266
0.006877078698485579
0.06202909317215089
0.008186599289738864
-0.11650397890611802
-0.15027751532363298
-0.027862523848014527
0.09057697666092956
0.1666309304443077
0.1904701176284822
0.10178994363269318
0.053122470293528026
0.10501303596899704
0.1352463988559961
0.1487931506062146
0.10813782640355649
-0.06251734517249424
-0.19554708087384892
-0.13340789094158986
-0.008220728256948596
0.0023356893883839875
-0.0876475904454528
-0.16176762271137765
-0.10270214343131424
0.1088880275741788
0.24467414810584706
0.0836119431346067
-0.14935416388991546
-0.13678722842240873
-0.05610648055253987
-0.10592268643350632
-0.06812879125824903
0.09579869664241412
0.08990200143261666
-0.010381343937178617
0.071542720995828
0.18935558646003153
0.1637044338477342
0.07876681460753697
0.04018513178084638
0.021271721036357074
-0.07960286096461754
-0.21511796252163543
-0.21302942050464613
-0.04525820222207201
0.04275998690034001
-0.1002428164063929
-0.1804924291963362
-0.0031213720502222234
0.1343321205961302
0.07571345705341062
-0.04682928183505103
-0.11495256689064465
-0.015776834000267158
0.14128558322803314
0.16800249599214756
0.0756093089738406
0.011832620740488917
0.08852918668924165
0.11831878385857623
-0.05429832833068063
-0.2557140302243594
-0.27660528813861424
-0.048983327768998976
0.17700965399823032
0.129387103510857
-0.017389535092848844
-0.07032335823731017
-0.02220845813953912
0.12269299683125641
0.14954627901235248
-0.04728551232628672
-0.19968233454571316
-0.2054125268694487
-0.16539401971203457
-0.04165979205165153
0.15558673222924088
0.2062161695317365
0.047199825507844455
-0.04040654653575768
0.04384468404428347
0.13447106177228327
0.20457610814426652
0.1663177163134324
-0.10613721666671662
-0.314694359389151
-0.1584120365895565
0.06744621222691413
0.05862096458066119
-0.0003342913943898415
-0.013524910958540968
-0.10127679718188606
-0.11264217942891994
0.03566584818539378
0.1189073033830051
0.09089390264855364
0.042851274685759305
-0.015041155272114562
0.00048534578808989644
0.11377465698562242
0.1051223191402664
-0.08437954270074031
-0.17004653995436955
-0.04628988164340025
0.03533163044416519
-0.00920907037070697
-0.006041728554924758
-0.02491407645568522
-0.10051172627919779
0.0111485834862289
0.20882826491865833
0.20918266864540516
0.044137089755916924
-0.10930944217426478
-0.1129318206293544
-0.06305599632449678
-0.13864116698957762
-0.18324632937965352
-0.035942101863142104
0.09713479762996063
0.06388363466322537
0.011089144863077766
0.028727496011546724
0.07678073741256645
0.13366600947072702
0.10447419027411863
-0.005769590886061805
-0.06557633759248242
-0.07332804498122315
-0.09054906203239951
-0.13633994212708048
-0.10177005358830765
0.03612875656735932
0.06637708723162783
0.014279624958649265
0.02612108255840127
-0.0032139401788854834
-0.0342568967510072
0.05374249614469597
0.1167964419703678
0.07788551252264703
-0.0040939553156644215
-0.06250290940135754
-0.020642074827492345
0.01563630797358985
-0.04180460751256252
-0.0822514629053475
-0.07410223720533947
-0.03758647317133806
0.01477103169754989
0.053870007701192046
0.12674728990919773
0.1483775089629587
0.004418521932019119
-0.08626196638634152
0.03214028433831433
0.15160733152435538
0.09255766322506968
-0.12297303185197633
-0.2600957517921804
-0.12423313237867341
0.039301744229059736
0.03651324784350543
0.057630169987477574
0.1470164127007966
0.1398343791594836
0.006991780373285341
-0.07091208497040007
0.0172449561656336
0.10844725377657008
0.06259269385326176
-0.07737746083017716
-0.16824803333939753
-0.12494694692323592
-0.026618452573158646
0.034165631518257265
0.01965465722436739
-0.016690274156623754
0.015429809202838941
0.09867355292584769
0.12306750824033116
0.020707254426128998
-0.07696141953156262
-0.0263731990669268
0.06564081157416513
0.0582063497294595
-0.022728567459034944
-0.08447591580048783
-0.08676980927760965
-0.060292538491753665
-0.05215134942311493
-0.05476037418774233
0.03221118548621781
0.13674576163198598
0.044097207099517484
-0.08561564889239352
0.0008158151470702411
0.11853814253499796
0.03291786623822616
-0.10255585244870939
-0.07416470602838691
-0.0016175514737847558
-0.024532732361319413
-0.05771137630832399
-0.07426321518757285
-0.06606717820415112
0.051403986006140504
0.14994392151151018
0.08346709745928892
0.013483358256351712
0.029923295579790624
-0.006429394930135918
-0.0801263146209007
-0.0338897707324138
0.040607321387705814
-0.03535864999115795
-0.11865071241209281
-0.073869122930605
-0.018414488328823565
-0.0033230388559353837
0.03193602859911298
0.07644843749443042
0.052966064981203216
-0.013325720919578156
-0.004339355101639747
0.07629523540356455
0.09077120694658199
-0.013943963264581092
-0.09635397437386953
-0.044448887148595684
0.04543344457962063
0.04848003054551962
-0.02362734397553771
-0.0649261496552821
-0.0312459661466242
0.015960729597238918
0.034053151619633196
0.04754536767524636
0.08304523433595529
0.07074204262662986
-0.037661655925035495
-0.09533331524068593
-0.014765918977137384
0.0493462946993094
0.0004354046606995298
-0.0391989629566987
0.001981584583859681
0.013396588262775193
-0.02505744034143209
-0.0021650242404615246
0.06127421679871942
0.07524588898622145
0.06260508657144
0.0513250500923943
0.013207161492465492
-0.03890295142378025
-0.0656379322559804
-0.047819076307358155
-0.005827589476963669
0.012737649446718244
0.0026002624731534967
-0.02842959712709981
-0.05342979531094601
-0.015352182866285641
0.03111460958940753
0.024799594036719223
0.038159950529754724
0.06111671183084318
0.007518519118170913
-0.05813989455425036
-0.02506463503551793
0.038685742486791
0.000583465338938022
-0.06335892673970067
-0.02418229333936768
0.02762724116413899
0.006568513267981376
-0.011663563820283659
-0.012447560294014691
-0.01618179761580523
0.009808619841052678
0.01869798438359788
-0.012707740560938903
-0.0008407356063518634
0.03132718235658353
-0.024636144434793304
-0.10192077851198085
-0.06023344974762359
0.020163861512513936
0.017888454289378897
-0.004840638238801581
0.003438937681105835
0.01225953456618895
0.01575909841713744
0.006990788153484757
-0.00970123506596234
0.018139928559839064
0.05569484588446712
0.01642323033313425
-0.03582639199435075
-0.03105967752627919
-0.029157717762936904
-0.047184992393126714
-0.023550556011501855
0.028651991600219195
0.0302399997609572
-0.002146916840493202
-0.003784654739412829
-0.00013360941993751578
-0.009277983374639824
0.006549236998541884
0.02328985836131987
0.025596226180752597
0.036143424963007494
-0.00016129282559087648
-0.05430074484137325
-0.018415675206773133
0.03886335954175463
0.01590583314010094
-0.017062247542142972
0.019969086437558944
0.054129344653034935
0.01185776095557141
-0.025142831488976673
-0.0005180442306095155
0.013577287136810983
0.010452096156165498
0.011076561020205274
-0.013810038095096934
-0.016397536499852854
0.008913598474050877
-0.005835092123878113
-0.03145901866437269
-0.013711999359888248
0.026577794248540138
0.03514685623934264
0.021758320657141686
0.020928406928152184
0.004580859271955265
-0.009601543472414556
0.006572365954529469
0.008265451610226838
-0.0038751844053636023
0.003547498392347146
0.010006883891968459
-0.00617513204165815
-0.026613022821647663
-0.028503455805574698
-0.011249741862198553
0.009408849414280527
0.02221363028268247
0.011765238999026028
-0.014498009462765943
-0.01282159046112509
0.0025560666232065017
-0.011834422169314454
-0.02728901478745248
-0.003486226454488154
0.022881389463217293
0.007215132047225319
-0.02115739639526589
-0.025660291090824846
-0.005650221167304547
0.01456244310649668
0.008474448997442822
-0.006224612617077546
0.0025526492159897514
0.01754365168336738
-0.0034336292000900328
-0.034132985727596175
-0.018995649695738345
0.00542369454727267
-0.00763872925368494
-0.018192823754420707
-0.006047664018636172
-0.00030003597183195897
-0.005760102068270449
-0.013522967267533154
-0.008633964409408302
0.007444025120745951
0.009793060218190989
0.007360554387403205
0.011721889764452181
0.010270115770480936
-0.00335766197410652
-0.018726525170455317
-0.010245760529971932
0.01292373599574754
0.017097853966130862
-0.0007118582608974935
-0.010120384853332227
0.006552235623175144
0.010657166462126659
-0.009731646160103384
-0.00678269947465058
0.01826944798213954
0.01992691146335256
0.0014690278306937331
-0.009276386103105102
-0.006545511698125661
0.0054394734905703155
0.009015331700509572
-0.0030943363217393683
-0.005737650680202152
0.014941147587159415
0.02476292009485243
0.0031402434261164356
-0.005994153163441074
0.01284370225944686
0.016747435617382248
0.002846561204094897
0.0014584926441660972
0.007617995528197687
0.0065255565224805094
0.002536621950647587
-0.005818486787653902
-0.012050198222948137
-0.0013551569959646714
0.006824158229061622
-0.001904161293550064
-0.0028363093150479786
0.008616729993978382
0.0046836329663001485
-0.011283941775042066
-0.008467871014283552
0.007998183029580764
0.008595543353560364
-0.0008602365751903691
0.0011072424540789429
0.0006481086549461217
-0.009225547853083724
-0.010344985104114196
-0.005246145624464459
0.0005625653220885199
0.008182978400023102
0.0025601991362193327
-0.014337111034569174
-0.011557985599803077
0.00448263748048168
-0.0016587547186397943
-0.012174254291661081
-0.0022063004861676582
0.000563677135053447
-0.011584357605349272
-0.012470004509179868
-0.004930635284785144
-0.002223749983649508
-0.0008499924814276854
-0.0025494471167511463
-0.006180641048129068
-0.002821365681508019
0.004176354383396233
0.0028544155123923173
-0.004312801400215157
-0.002367242722660795
0.00045981754094460774
-0.007261427004183683
-0.007545335260483109
0.001407153093027503
0.0011950208750616715
-0.004556255073077477
-0.004261271708107397
-0.0030038797692595095
-0.005468739872341907
-0.0021106121220750775
0.004614487838745984
0.0038498580870134917
0.0025148702363145866
0.001953523445091222
-0.003518700839573162
-0.0032361560129170993
0.005833306340565821
0.009521909681021443
0.0039323521511744845
0.0018521741741502487
0.005412818199773866
0.00109121779347584
-0.0022492261643805534
0.006329772663235398
0.010294743528115054
0.006814293298764659
0.004731078829993149
0.00027420932183869776
-0.0018913193906703674
0.004681753348419555
0.007401172864453276
0.0007419012382241885
0.00025488077621455685
0.004812631868035547
1.621052705890678e-05
-0.002470557497568383
0.005723126916118607
0.008697889471473898
0.004141485722386271
0.0015591860573400645
0.0013520509471553108
0.0030583404829337938
0.004805077908044868
0.003857623451825486
0.0027631850192064685
0.0023569940909771293
0.000995210209283732
-0.002415121211904054
-0.003115127144328248
0.0030489146869359853
0.005335457045385753
-0.0008867851549359689
-0.004155264130295186
-0.0018739731005688205
-0.0011332282347401928
-0.0029528881208034066
-0.001745384259644244
0.0012032425517456908
-0.0005764986642878172
-0.004279169175113822
-0.006475603107069385
-0.00594629367587456
-0.0012127695612189084
0.0008647504789341434
-0.0023506001853007587
-0.004392452680014888
-0.0036380214085822747
-0.0034766658403509623
-0.005468722783835563
-0.004492472046778989
-0.0004936639668394833
-0.0018810872180761494
-0.006234716475729479
-0.007201304922222669
-0.006227692643634186
-0.00383696842369814
-0.002095257169626673
-0.003776617988902548
-0.004858269061812473
-0.003063398460464542
-0.0026226671296426174
-0.004168439828647537
-0.002207444767843005
0.0017624256564852075
0.0006568224156202722
-0.002504232276454333
-0.002427097492384965
-0.0006152401761577115
0.0013866242589334876
0.0013919840327857394
0.00032561816106730013
0.0012840876843834153
0.0016738569109161093
0.000772432245245603
0.0007351408586769539
0.002564105051672038
0.005113384229815568
0.003623575039372834
-0.00015815857431416018
-0.00024120191684898147
0.0018030886997831548
0.002298109936190044
0.0016959238258486807
0.002485646334331627
0.0035127738740532797
0.0020600979626285857
0.0003199164966299133
0.0001989895898908813
0.001976258978424968
0.004356851601936102
0.0037100095117847923
0.002120688186510663
0.003046320180693408
0.004113828688791875
0.0037613078985959504
0.0035905521660351126
0.004586596229004726
0.004841066218926826
0.002654028651799069
0.0005649390960042024
0.0010973369799184298
0.0033618569127224643
0.005179853601384499
0.004707605498242823
0.002981664565932111
0.0028294296475843118
0.003178036539543382
0.0021157835683299144
0.0009968260185814258
0.0003678516439029265
-0.0007896247548266481
-0.002571699700224956
-0.0031213391812400172
-0.0014580161881830966
0.00011226786259846529
-0.00039366275468656517
-0.0029306796622716436
-0.004782641983345352
-0.004231716217665436
-0.00441579050273181
-0.005745446182884943
-0.00580012097730535
-0.00483805039721161
-0.003639583406937706
-0.002802554408901522
-0.0014872780267568813
0.000921584018551255
0.0014633174913239468
-0.0016545687641276127
-0.005564211348335583
-0.0059757176254084015
-0.002764716513097472
0.0006438036003049536
0.0028427210160036805
0.003968553825224981
0.00465961581577532
0.004971361767589732
0.0033916017345125673
0.0007326656121326769
-0.0018242689037207243
-0.005486192254583607
-0.009898174617331477
-0.012614176683844625
-0.011403943679350414
-0.006644269280159263
-0.002186837708286511
-0.0012529199530791745
-0.003142757538580435
-0.005472900401149939
-0.007566403991326995
-0.008930969797646088
-0.007707876930902122
-0.0042813949790989885
-0.00039077601772788547
0.005179281848656283
0.0123275145969465
0.016466679214674516
0.014892685886413981
0.009510225002525756
0.0042221847218159095
0.0027840912711873085
0.005499365306966306
0.008835127975304648
0.009626980037964528
0.008501952903814053
0.007794642498142393
0.007094472172644555
0.004521145915271494
-0.00012401086554331457
-0.005127968563101273
-0.008514877859157718
-0.011016906552388777
-0.013930436445986806
-0.014446083245350365
-0.009492252972757992
-0.0024622978989215023
0.0009729495655431562
0.0005862660118227699
-0.0013420350714852271
-0.0027199554544246204
-9.487026509713664e-05
0.005631917949537035
0.009492412898360413
0.01189090899581322
0.01560180444840296
0.018253364504411985
0.01677815543251199
0.012450824855326762
0.008337287336497268
0.006069329584883238
0.004735037471710313
0.0018322570573085306
-0.0025197108322952064
-0.004018920978543161
-0.0010139160944822871
0.0008175026152136804
-0.0035038979098204284
-0.010175880781729736
-0.012276519122551895
-0.009320650786705341
-0.006353127834779815
-0.006356131598189533
-0.007475007064559171
-0.0071115661850442964
-0.007042601936765273
-0.010269742519588305
-0.013307700717298742
-0.011642498250103116
-0.008377385222288009
-0.007066968440206921
-0.005374065342533794
-0.00048106673749407974
0.007155840592632548
0.014681635279937216
0.01832608480347186
0.01611843190501419
0.010157883775040937
0.0037809541035756958
-0.0021927849804629046
-0.0064592604228581535
-0.006836998324072513
-0.005813014917213995
-0.006504933042232519
-0.005585933293096287
-0.0007084705666032268
0.0035850167249048006
0.0038773191593761886
0.0008354189178628712
-0.0037751622483593017
-0.0060174131831986066
-0.002968970087879512
0.00230953729968314
0.003210987073779577
-0.003149178781307032
-0.012032465725434585
-0.017345716581101053
-0.017793685153229433
-0.013248350158227739
-0.004198138896965948
0.004161683126586828
0.006116763424532054
0.0020909262680704668
-0.0010707264113314372
0.002150635085191298
0.007278194995196704
0.0069618104174005175
0.0021029432533235786
-0.0004709022125002105
0.005394714095868792
0.017074202669343574
0.0224761111153104
0.01651711926508596
0.008280859636702609
0.006927365521884439
0.011656684237166861
0.015484357170671299
0.013385708446539385
0.006680089475504931
0.0011222221173563577
0.002109541302748786
0.009874868180983697
0.01805305283275734
0.017264458240543543
0.0042445739689795925
-0.011378867948739817
-0.018474419276653675
-0.019013649233874403
-0.020345170808283533
-0.020885746910900744
-0.015264621561939725
-0.0074087582147464096
-0.0039845176915116265
-0.0021827415718752127
0.001426597106697589
0.0028153616887243824
-0.001259067365277254
-0.008525865213751987
-0.013222957430191062
-0.009816154000115993
0.0007827116248255333
0.011153153517415268
0.015503699609681044
0.014782598926212366
0.012876280132532683
0.010913390102033568
0.007242006621921639
0.0007280919047940773
-0.008043555096690986
-0.016786636091352437
-0.021031062330666296
-0.016238949893468538
-0.0026819127705839728
0.010000351957908589
0.009076334384415895
-0.003995202274569187
-0.014298900841446895
-0.014156844094709322
-0.00902607207856624
-0.004943206742963378
-0.0014034957969850303
0.002467229042467466
0.004879608411563431
0.007339662237590352
0.012320525106097591
0.017099997932085685
0.016676447594945017
0.009952121058190674
0.0029190312289399506
0.0017181242803703672
0.0039515242207090046
0.0038218463442805228
0.00041712003920117425
-0.002225773721462105
-0.0009145659096593282
0.002494286861018665
0.0050992620063539055
0.005934860077987922
0.0029853528314866423
-0.004549523222408074
-0.012017291048131117
-0.01344484981268674
-0.00867057997580077
-0.0044563534365392255
-0.006261598951510633
-0.01089887627843631
-0.012061270939032942
-0.011186462862560465
