0.0
0.0
0.0
0.0
0.0
0.0
0.0
0.0
0.0
0.0
0.0
0.0
0.0
0.0
0.0
0.0
0.0
0.0
0.0
0.0
0.0
0.0
0.0
0.0
0.0
0.0
0.0
0.0
0.0
0.0
0.0
0.0
0.0
0.0
0.0
0.0
0.0
0.0
0.0
0.0
0.0
0.0
0.0
0.0
0.0
0.0
0.0
0.0
0.0
0.0
0.0
0.0
0.0
0.0
0.0
0.0
0.0
0.0
0.0
0.0
0.0
0.0
0.0
0.0
0.0
0.0
0.0
0.0
0.0
0.0
0.0
0.0
0.0
0.0
0.0
0.0
0.0
0.0
0.0
0.0
0.0
0.0
0.0
0.0
0.0
0.0
0.0
0.0
0.0
0.0
0.0
0.0
0.0
0.0
0.0
0.0
0.0
0.0
0.0
0.0
0.0
0.0
0.0
0.0
0.0
0.0
0.0
0.0
0.0
0.0
0.0
0.0
0.0
0.0
0.0
0.0
0.0
0.0
0.0
0.0
0.0
0.0
0.0
0.0
0.0
0.0
0.0
0.0
0.0
0.0
0.0
0.0
0.0
0.0
0.0
0.0
0.0
0.0
0.0
0.0
0.0
0.0
-2.8931857167972494e-07
-1.4359474793959064e-06
-2.652033142116715e-06
-4.854869747903857e-06
-2.020864632811613e-05
-5.14306303626266e-05
-5.996252024954837e-05
-1.8228963407874713e-05
1.4297389500530948e-05
9.251379187471051e-06
1.7609587634393246e-06
-1.5809870140866725e-06
-4.706022452627614e-06
-6.870755719600563e-06
-9.72667960673009e-06
-3.844279924928212e-06
2.8062605027810235e-05
7.310531173890154e-05
6.548682077124721e-05
8.143013959187562e-06
-2.890849583600111e-05
-5.5341845244605947e-05
-8.039465446551526e-05
-9.094478912275704e-05
-0.00015326481276391632
-0.00024177225478925072
-0.00024289457380463275
-0.00020157661366993913
-0.00021162939197868444
-0.00027162632875902203
-0.00035197213703015186
-0.0004143569716444229
-0.00037969925354491244
-0.00028717865980420874
-0.00033289026429461757
-0.00038992740055547733
-0.00018128047198299473
-2.6062656906632757e-05
-0.00026568022189755726
-0.0005420100873228689
-0.0004958202410387305
-0.00025981576936311146
-0.00010873604507095196
-0.00018226059439067498
-0.0004450166734503898
-0.0006293888924799371
-0.0006503961933025474
-0.0008938819893094333
-0.0013585788013363099
-0.0013688045046610347
-0.0007877227910846375
-0.00034308323750549324
-0.0006176659134288203
-0.0011996419508616852
-0.0025177652713077375
-0.006077847793466652
-0.01028317140403231
-0.00793202089812036
0.00017498680431632605
0.003265757763394364
0.001548110420409169
-0.00014865029840424184
-0.0019249331737756234
-0.002879633489294186
-0.002911368064407938
-0.002867098906211786
-0.0035375594184336384
-0.004950599130255432
-0.0041212327453071665
0.0028672139202519722
0.010921963665443355
0.004334414040990546
-0.012993183217611271
-0.0231243464209546
-0.028858249493854297
-0.04089439104674014
-0.0467913505547839
-0.03338068571938455
-0.017992861544422072
-0.01480313061204392
-0.0293320853137077
-0.048561231819715396
-0.04975985941735497
-0.049435780720886544
-0.05748822726614275
-0.05460565642445732
-0.047856399364725404
-0.04749369192912544
-0.04353919701410113
-0.03650593381472701
-0.041777066457489485
-0.061958722769387485
-0.07449988048860436
-0.0752052101869407
-0.06708607743640226
-0.0649671265803194
-0.08062203903569645
-0.07285720636577385
-0.05316006102069383
-0.057335283823266185
-0.05599748472853876
-0.05504508797928628
-0.06669273134715042
-0.061201201042418434
-0.0343624153054338
-0.029341561248057663
-0.09327570435217476
-0.16133714868611887
-0.13903374635828253
-0.07425655194909521
-0.04966465678247672
-0.0521511536869374
-0.039458216613489465
-0.03774724438173835
-0.05625591591133301
-0.06402652628649103
-0.0660116962538182
-0.07160069459808202
-0.08561397995180098
-0.12451537291374333
-0.13741358167459006
-0.06392973028792717
-0.007787968125227398
-0.05458243478301396
-0.15519996851780613
-0.25535494282839893
-0.2883456731543844
-0.27028777332712495
-0.24902051153900723
-0.18290289892945008
-0.06620115077208387
-0.0008608495381493354
-0.005074388672329693
0.09475773695492024
0.24221575698304967
0.20026085574420996
0.05936271835764046
0.11734346406514691
0.3706255837280045
0.4965899031999467
0.4451325574066979
0.43656738797047884
0.4385440216363463
0.3228617397890704
0.12988868584171262
0.0106391920843352
-0.020820638119428633
-0.0011604313141004533
0.12187528894273944
0.1903746702134838
0.12198294812508585
-0.05475128876522993
-0.20020018510312318
-0.17403332976281152
-0.1675262231741438
-0.19009499650910341
-0.21452775498862453
-0.286513992126984
-0.2804373130550829
-0.24384990616342841
-0.25868521617827933
-0.3599782547580036
-0.5217043388650048
-0.5232364381418645
-0.3442681112533812
-0.2777050455612709
-0.3934436853273297
-0.44457271590113
-0.31386738819806986
-0.07855179511541349
0.09411546426943462
0.07869856760476625
-0.09287250647438776
-0.30744856025593575
-0.3768274293159876
-0.14874064980335652
0.3256569961807698
0.7112899132798449
0.6938481634781947
0.477603533190033
0.32652066158152326
0.24399386424672445
0.2909070593436345
0.31250113995439655
0.17427289211125035
-0.043971220856899
-0.22700570040309642
-0.23439896606326727
-0.19460632714466836
-0.21175537383541637
-0.2003004202174278
-0.18246825581252313
-0.24843810996157947
-0.3094388644094748
-0.2031037920130157
-0.11796785263492529
-0.21961043555893775
-0.24687121756375685
-0.13602063198666942
-0.08599713896551395
-0.06606570791536417
-0.027795417232744903
0.015785357597342477
0.042743720071384994
0.06648015975723488
0.23655266357083443
0.546629669711161
0.7230013855431461
0.6039311151489367
0.36644046933627206
0.20394503057998123
0.033746860984701005
-0.2063764690990938
-0.29375393660724813
-0.19591877618762046
-0.07241227958186897
0.0033606488339037533
-0.07220350542873734
-0.2104881269396811
-0.255543990932706
-0.18810639595934714
-0.0953478667694577
-0.060317893736048685
-0.07047035162471948
-0.1376592999000313
-0.1650711075042367
-0.05248963910207523
0.10211458338834781
0.15202664145712771
0.03533661282635735
-0.12588802761553883
-0.14498274316286497
0.017548715463245223
0.15234081676012584
0.0318129947553684
-0.16686983370406328
-0.1768591379894762
-0.045529102340412735
0.06955172670501343
0.09473045394336882
-0.029461341618303733
-0.22560797185894696
-0.1647265430024988
0.11550685409972312
0.35090881821472664
0.4679839472890746
0.4160451612986868
0.38268828437633773
0.4596226165464901
0.5032278945483751
0.5274821516773643
0.4572082964270829
0.24740373239651395
0.19848771351987599
0.5346402434754923
0.8153624800177014
0.5510762544780886
0.05350696856862702
-0.1841668799245797
-0.11140890612958947
0.18534359826568303
0.47802049769957006
0.43250906366583675
0.1887203809555875
0.13797877704723865
0.2780478271595824
0.3943426384422376
0.4148728554213273
0.3779795726949168
0.28735279440945005
0.20588222358319758
0.20107797254823898
0.2400774827875932
0.3389585636474765
0.5039633726313899
0.5782053902834197
0.49869556972528695
0.3922391247611696
0.26131853919573145
0.17042740199723613
0.28315835372144177
0.4375771619304028
0.43165617416902435
0.35982256045063193
0.4016783428703849
0.39762372937910456
0.25540499338046957
0.17847631918753545
0.22795060089125577
0.366702296899876
0.545675826467294
0.5866868119886987
0.41255275055577423
0.19328415093341078
0.01769032485324078
-0.07928564994544023
-0.021900524933044244
0.0427477541402129
0.025353094808687103
-0.010375254398907909
0.0072172301121144035
0.10651779014341377
0.0901195067053974
-0.08635111725587045
-0.19618697899301255
-0.21162978936014848
-0.1771945515016511
-0.08818557634389869
-0.0509025265009013
-0.059206517159283524
-0.014097049019855097
-0.001629512274619259
-0.036227100917830934
-0.0027007123996865196
0.005604584557235137
-0.06407855917547804
-0.05734757367532196
0.032818190759610504
0.12624073620883589
0.16557731255179214
0.07493791515788183
-0.10642010378665563
-0.24716412043558825
-0.356087086728236
-0.4613962524487882
-0.5276461290355252
-0.4868717325150442
-0.35779111567874705
-0.3377234388505705
-0.41854591067599284
-0.521284485894306
-0.5865195394740056
-0.4957142426079574
-0.3147230532283909
-0.31218325465600133
-0.5636452279097179
-0.752303486723243
-0.679288432533461
-0.6211124251661033
-0.6803291719937571
-0.7021539557356783
-0.6954874418345436
-0.677240523607888
-0.6411009697509966
-0.5539526623674361
-0.5026623891867874
-0.458887013131845
-0.3051842055287494
-0.1527400510137491
-0.15522371116790487
-0.16045289162924037
0.029754882231163966
0.21960708743493532
0.16191353790891558
-0.05785188854359622
-0.1745203304344331
-0.2104752973232779
-0.3164500804551694
-0.3316854568681094
-0.20005374649095484
-0.13675401494915915
-0.17098298982123328
-0.14129310471958287
-0.11607385429402953
-0.2081061563650201
-0.35271690638727676
-0.472111219121047
-0.5198344934028784
-0.5751174821101114
-0.6671352384275882
-0.6487405661762404
-0.5027781513534193
-0.3985006555523441
-0.42593445548182857
-0.455056205813587
-0.3801750648972072
-0.2906448237039411
-0.27669793006759164
-0.3045228480317884
-0.3212425845797332
-0.3976744356577348
-0.5731258029228498
-0.6574359254401274
-0.5065386915459917
-0.3435682256292181
-0.3332431022117574
-0.26702781210019183
-0.11253607776340978
-0.046556858904331186
-0.036570601179316396
-0.08969557801293229
-0.2363576833100945
-0.3330289625242964
-0.3779884576160887
-0.4645523146722904
-0.4840247683167676
-0.3736341334447421
-0.2790439492678422
-0.2830379707344225
-0.2893570894581988
-0.30245755536670277
-0.38712837983771325
-0.46808801259673544
-0.43871336112865483
-0.25892478004491165
-0.12339578472253224
-0.23355316382038233
-0.4348989523426977
-0.4776828811540693
-0.31926633815484384
-0.09269451669723201
-0.030599871029553898
-0.15072893260645537
-0.22202365011550626
-0.16735260634108215
-0.07214023357637912
-0.0002496087764635087
0.022691483931913177
0.010798304662856298
0.00644199140987694
0.028511373666821313
0.009367168129457487
-0.0718215477514473
-0.08617390158860772
-0.0040912157315517155
-0.021291103266186984
-0.16770748170464916
-0.14276117684974302
0.12547577710460056
0.32446399152273026
0.25350524747482006
0.06592100391754002
-0.07258891467402594
-0.16073413875416276
-0.13262532297864682
-0.044635021897699356
-0.02810219822574343
-0.056831765375869446
-0.06870951689646673
-0.1082638604455735
-0.17299469085170843
-0.14554237750225701
-0.003827452330983439
0.09499075871719649
0.04732396429454471
-0.041255419991323095
-0.05629840089113327
-0.056017244319583
-0.0805914252101719
-0.08307203417616227
-0.07708010405750701
-0.07135259221974669
-0.033421307801900564
-0.06100588250849561
-0.13156531182318226
-0.05812357726599436
0.05387828151365803
-0.015137679451973638
-0.1375335106045739
-0.09885666991536954
0.023024656455554116
0.030895392637031047
-0.1027923346523949
-0.19688117352368292
-0.18079288115120584
-0.12264834098824903
-0.07114363125825911
-0.06640879437902175
-0.040720295376395654
-0.012033238339329844
-0.06483078508157007
-0.13354824308659935
-0.13267888324612825
-0.06924301613222678
-0.006441562526466574
-0.02722810553445092
-0.0791094116506668
-0.07855506041300532
-0.11053794399590172
-0.1975509178056582
-0.2061854388137898
-0.15514221674678677
-0.16315971873395224
-0.19714915174724476
-0.22642677313224366
-0.25661100773386686
-0.23383284288840353
-0.19075855109178022
-0.17274181820219403
-0.17307692811067643
-0.21232182435523056
-0.2515498447994768
-0.2517249449664429
-0.1969536571445003
-0.10565609202167209
-0.15773792732292616
-0.3708184842535176
-0.45007721287556884
-0.32228633578792815
-0.1922641050419006
-0.17988858293048404
-0.226644125468061
-0.1926287595054377
-0.1283786987833539
-0.14532703312872683
-0.18449681735761592
-0.20325340452249435
-0.2344017265813159
-0.22249239714698538
-0.11497210236768396
-0.05702528189700204
-0.0843879962480249
-0.10176808095668602
-0.1358502899749412
-0.19452886170176945
-0.24476087821007958
-0.262931558412053
-0.17322246646286493
-0.03653950943628831
-0.05144675513848824
-0.17536048144241395
-0.21210671762908223
-0.15493270811753776
-0.10686940286633159
-0.08973681873165933
-0.1133031607867018
-0.19011629440262268
-0.24274263329862272
-0.22057616048449624
-0.14985160211755089
-0.03990800771024677
0.057398091964362
0.05105453572676983
-0.015621099253880832
-0.08292493689827263
-0.11453779569204121
-0.07478716375100855
-0.039196682545155265
-0.00398006990086459
0.02976326250030325
-0.012589303808179084
-0.03248042927522676
0.04374163927593442
0.0849676422598244
0.02084074238755361
-0.0241267346247546
0.014168575982095543
0.062485687568268417
0.03541850348857512
-0.029994015756368914
-0.0013210600554244697
0.04986183243283268
-0.013640488376236139
-0.04388615391352796
0.05547560473154882
0.12631264256193342
0.09025887135053431
0.053437858006965246
0.035993467088739614
-0.027486089561033076
-0.09138063967033547
-0.12705091683139608
-0.1278618504789547
-0.09020648826576393
-0.07267319101295229
-0.1100201764646187
-0.15159831297990278
-0.10396889201367378
-0.017159293805793265
-0.021393654921827574
-0.11339994250029264
-0.18073357778608498
-0.12097376277860952
-0.017111904959760445
0.021326458574745782
0.0138671036796443
-0.008260206374370381
0.008707870904407888
0.039074852173275026
-0.020876669402940824
-0.09415195020646235
-0.043390134384589815
0.028089939536064527
-0.03927404108934314
-0.13453187267561584
-0.1136290998964108
-0.054230745355636656
-0.03774328891854362
-0.04513769759933705
-0.041554379859337666
-0.024761752912292656
-0.040337142888907246
-0.07061643574756522
-0.061423807254558246
-0.06344842937125705
-0.07737675784068843
-0.012328100435238869
0.017941467064714625
-0.04347681778268172
-0.04002439119448427
0.010209148609265799
-0.01652233083633906
-0.049215213432034936
-0.03385999507740422
-0.012752828646778755
-0.005020665500881284
-0.04259340794333234
-0.09282188599773532
-0.10894903224268379
-0.09474036907592144
-0.08749599791224187
-0.1198148919421624
-0.12541905131954645
-0.07490110469722273
-0.01311482714762244
-0.013705021605319678
-0.07971971784048479
-0.16162081995484248
-0.18778402742825237
-0.14368262033012402
-0.07691070820818582
-0.020158619817455193
0.012979726640705071
0.01130908849267264
-0.002943818635460052
-0.036607072018486474
-0.08533848772159151
-0.07746886469035758
-0.04950193933629639
-0.06382503238167958
-0.07489193448909243
-0.06965259920338367
-0.07930469347111295
-0.07998795353653458
-0.03825498336298345
0.02305043484107441
0.030970833421915322
0.006768754263273431
-0.01575917285294543
-0.07040789541072928
-0.0797354087567295
-0.03067345740166141
-0.032228175229901374
-0.047048302933276644
-0.01418176227969847
-0.0001806555848406927
-0.035563317840694726
-0.07720898137188854
-0.11803321167347156
-0.10592454354308795
-0.043686858132668815
-0.04629205281359082
-0.12743670672874757
-0.16581448001306873
-0.11971457797096469
-0.08368611829985012
-0.08457932002003166
-0.09999542135022013
-0.12529700723657208
-0.11734768829849895
-0.11649672314426572
-0.15549166004378534
-0.1448376724717026
-0.07376331404439285
-0.0164840871097976
-0.0030145595713948585
-0.026034415872848573
-0.024866576423756847
0.010045429934369543
-0.001492686832667523
-0.08002091483892015
-0.11632644196921728
-0.06152535271972005
-0.026420812273044648
-0.06446460234665184
-0.09219172771271728
-0.052418103624374886
-0.0019042996821415602
-0.009145465939373034
-0.02583358870646414
0.02683052407807007
0.09000818522333845
0.08122184607162031
0.004317536674232901
-0.06210518825585227
-0.02213311383881647
0.06725947109687433
0.06973315790828716
0.018687393460449696
0.02837172877797139
0.05277957279100373
0.025312890632131303
-0.0034707681682348158
-0.008588776978109712
-0.004490383804312933
-0.01247550497786944
-0.06031821767358499
-0.1204232882681229
-0.1434769148381091
-0.09428912859871875
-0.03566939786601957
-0.04621273719215076
-0.0759924385982279
-0.08940569786594271
-0.10691523864756552
-0.1390783256010366
-0.17016400969031306
-0.16504807049021739
-0.10834286420470957
-0.04684742898867743
-0.04598608213874225
-0.08256138144998636
-0.06738389674034881
-0.014308371059225555
-0.024888870722456765
-0.09244295279990844
-0.12708198149863248
-0.09584588237051501
-0.06810206644797566
-0.09136646375010149
-0.11836015589074153
-0.12722839660289084
-0.12069785896341867
-0.06396399391326849
0.030072479172721774
0.07358773624993217
0.03360925066523247
-0.013001579716463825
-0.025806487821451826
-0.03831928281263677
-0.015137489490140911
0.05019943689849479
0.06512704843644909
0.005849151166389253
-0.04556124108216854
-0.023419839863512246
0.024920516784836956
0.036760655054587345
0.02552457188489401
0.002128454323260194
-0.03467396332480347
-0.06450441807873934
-0.0766613014152689
-0.0676702787507842
-0.059588726224545606
-0.0936784935165621
-0.1356176326161344
-0.14945188459342512
-0.14933573066337721
-0.11264990799549293
-0.03345591624389216
0.013671018956020565
-0.003699438790757188
-0.032261435452433505
-0.06706342805449221
-0.09943245895213144
-0.08895165084704275
-0.06670029316113707
-0.06156389585129874
-0.07408531765709041
-0.10513248513745477
-0.12686943711805956
-0.10038897340432043
-0.006745929078674754
0.07570661583224643
0.040085863337615935
-0.07689159147170882
-0.15029650051988935
-0.11346316658633487
0.017186731541871707
0.13315076986100088
0.11119826409989673
0.009615523033486001
-0.030316909864520417
0.0003003307926029736
0.031854392588357996
0.03893202902980053
0.024652327541076345
-0.02763424983429459
-0.06321516702348799
-0.04514758603923757
-0.03621978755533921
-0.033347650338570206
-0.0032162705110665097
0.035393070581232824
0.044714606934901244
0.028518069212083136
0.012699174569637272
0.004095669651256612
0.023819422184028494
0.05748825575899254
0.060287423767550384
0.034986118536250145
0.030560596153031937
0.05729643056840005
0.07952381942705666
0.07274044622863926
0.04495896795733755
0.037304291169260685
0.055091679711511535
0.05623836676854521
0.013203274765280182
-0.03245583308165019
-0.014648059540738844
0.027710849883645576
0.025290338518256565
0.014443668233086985
0.027175342428480975
0.04326232165972698
0.05596564051007839
0.04174133820126873
0.013871953087471755
0.017520319823080263
0.06259709336508734
0.1193237041197938
0.12700100686269905
0.07884034269129268
0.03731548815002276
0.04585161430874431
0.08561793429968152
0.10827575698179899
0.05856764306025628
-0.04088846239607365
-0.0940639995069452
-0.07939824920533992
-0.03354065875229843
0.01358825926632578
0.05335487411521767
0.08112162664500869
0.05967717488180978
-0.003935870100653697
-0.020072758807811415
0.03437894326794523
0.0832439231211594
0.0909541747040279
0.05992138102835308
0.023223912267177963
0.001569734725787781
-0.018998840432637096
-0.007792821930899317
0.0019981226715446586
-0.01862950970667282
-0.009412722419394033
0.03420671619280147
0.059433259365657895
0.03643265620739341
-0.003309107417120424
0.002928534282221736
0.06560276084853137
0.10190854105508589
0.05082355666813564
-0.03459409704214619
-0.0641423249752618
-0.04004867018574026
-0.017060580387661273
0.012879550153891698
0.05150658315495342
0.07322402711542704
0.06983899588580716
0.057695676270294094
0.044277544169241664
0.01509076504043411
0.006645215223259456
0.04399591730371911
0.0896095224227854
0.0895240688085559
0.018326538323942543
-0.0661799251899114
-0.10013395243389064
-0.04614526385246161
0.06514242826032167
0.12453101781777573
0.11202783323096298
0.07951421417746385
0.045260382820623384
0.009221203061083174
0.0036804247131038293
0.06194061365433372
0.13757011130411737
0.14993282424779383
0.08359455722103445
-0.001767479536599614
-0.0579197379750366
-0.059608269055474276
0.0025804912318517156
0.06965337194570793
0.08152619712458702
0.05923997628846971
0.04058320189419878
0.018122912218846595
-0.004699181905093539
-0.0052555978794406304
-0.013080455749484847
-0.03747775086197237
-0.029696535221148745
0.0031675809199350627
0.014057592972207702
-0.011357290798668372
-0.03109881917733802
-0.00010722653247181875
0.05132879307736284
0.06024209156431014
0.022572998776798272
-0.020063921960884717
-0.05194399462255905
-0.0808491109706941
-0.10237360792119181
-0.08148230598856622
-0.015101867253524562
0.0313239886096147
0.012930714727230582
-0.043526098395001454
-0.08176970299648803
-0.06541479345555494
-0.014504674299896754
0.02814239363538845
0.03916190543256447
0.005947110487055715
-0.05492371213654309
-0.1055812319296843
-0.1187731562142287
-0.09000126362035762
-0.02967137429179321
0.021418813224999698
0.02382164209784637
0.0028031209176958972
-0.025884298557650277
-0.07169746813242905
-0.08318830126607818
-0.0407430335409216
-0.012525803072053063
-0.02296178437716734
-0.056532013821496224
-0.09708733874760775
-0.11475903698874938
-0.087689425222465
-0.032946397469882774
-0.004562877434602772
0.008355171888606518
0.03731631841646207
0.03747689447448234
-0.002866703407756012
-0.026742163547894167
-0.01867853658759651
-0.00017545777494552175
0.02477633614741422
0.03152601492214248
0.0008255491145953363
-0.04406755146366632
-0.0711607154320915
-0.05645629990145331
-0.03455010166246102
-0.028123737011393868
0.020325762594051774
0.07660642400330367
0.04392142679984055
-0.04276122369938899
-0.07812678082469025
-0.020996677615151497
0.05851722250013718
0.07379599410948906
0.026911149040611815
-0.024729186691817815
-0.0375070183767751
-0.01691963115810456
0.02095205286881585
0.04943608236763259
0.06627791533778818
0.08236396773681544
0.05477002607585174
-0.021504043100025176
-0.0953524592382789
-0.10776373103323067
-0.06445822567034735
-0.03442884512032703
-0.029503307052586088
-0.02105340806480469
-0.01153073728475874
-0.007163294153049522
0.008289224018379775
0.020133976871861636
0.015120135347738914
0.006925132172364292
0.006568858388508275
0.015691624156426137
0.003836788535756924
-0.024504968868818238
-0.026437281535235224
-0.01837983410648569
-0.0165602256602989
0.0003490365486706323
0.006533590655517206
-0.02121929306969938
-0.05145850652501476
-0.056790346546166715
-0.04821127935250905
-0.047739214080052036
-0.04253150875888559
-0.01940272601710469
-0.008015058366467397
-0.022307998005927948
-0.043317456586085934
-0.05329327406625414
-0.02632312690780788
0.026545256820763277
0.051751040996930606
0.033815294381612834
0.004857135000310929
-0.001707060067311671
0.01943997660495057
0.036876035060198264
0.03622538318755588
0.032845878996535315
0.02354688967751059
-0.0002053274800675545
-0.0317005139866998
-0.05035222533592491
-0.03973133688831098
-0.014459109081488621
-0.004704909992636167
-0.0018062700246692538
0.012303713745715804
0.018958216260432516
0.010722839347599968
0.006960696428574599
0.008519876368916773
0.002848731941746913
0.005219482605016323
0.021602961664783822
0.028188534926999933
0.017687013084534183
0.011678600337390632
0.01957912405210645
0.018412839309725402
0.009427877527464332
0.01526186095677428
0.017783969918714948
-0.007360616993792674
-0.02774707245275675
-0.015079197790187472
0.0015850257301707308
0.0002735527733765813
-0.008371076139470275
-0.00490429317624621
0.013200328182051387
0.02373476584662604
0.013283168535189266
-0.0027670730806283682
0.0011339013905691609
0.020361755086348726
0.021247462184743018
0.0002760214798261174
0.001397448272684314
0.02442610144581052
0.029550918143276348
0.023194354756643464
0.018873063397870447
0.017180915726416713
0.016655763699875547
0.0067844636706376115
-0.010197598731377537
-0.022087835374504785
-0.023304617817527608
-0.026313808538449845
-0.03926900598081194
-0.03130573927889356
-0.0002913780065777112
0.0037074622106739474
-0.014786768522795625
-0.013929121206233323
0.0007588190519746477
0.002358521381440922
-0.010194650035790483
-0.01301957083490482
-0.001117099238155532
0.003293161654625332
-0.007301482485372161
-0.012793855695798008
-0.013483011299121236
-0.017994244990015937
-0.013174504424639077
-0.010629963134504986
-0.015170666735032114
-0.014587644770460635
-0.011333709780849013
-0.0037116473391472
-0.00033126012515682354
-0.00750297302088335
-0.011447190561304032
-0.015573210828996343
-0.02699584190912703
-0.032136633912698984
-0.027590814164772572
-0.017576452156056507
-0.0033532539926570196
0.0034796790489108366
-0.0008576151426827931
-0.005636282914096532
0.00045267509210377853
0.01203787274096866
0.016997632716275746
0.015079839529603635
0.006977949481253636
-0.004106571924708849
-0.017678800024962357
-0.02665711438163137
-0.020086327642984177
-0.001989363297660556
0.012264649043124664
0.0087323116922175
-0.002380050584629583
-0.0004701781661293177
0.006217314564436871
0.0141689068820594
0.034359303911630903
0.0360625522631755
0.007849595052681792
-0.015780432618662115
-0.020982556973144738
-0.012073902164034714
0.0013083305385412484
0.013172231748361456
0.019342143211581092
0.015154690554699644
0.007914352783198051
0.007378975369759661
0.015111913097295853
0.02178368766312579
0.021074679709574624
0.016075947688333574
0.009107006386919057
0.0011679900407332707
-0.008739014499347404
-0.015093874401163087
-0.009376757970767974
0.001271922971810576
0.006510861636629802
0.0064099923344702785
0.009270429122051855
0.01878300207526507
0.019635787033831148
0.00795062898487984
0.0005041163396830094
0.0025361306289166485
0.007228564168227393
0.0069465772818946584
0.0013741896615316392
-0.007219195737847606
-0.019204842899195065
-0.02157396680558347
-0.011548094126477945
-0.0019981300908135905
0.011638327456745916
0.02354797545693788
0.015434451963688737
-0.0009742042795131565
-0.005271839278675467
-0.00024613958581628506
0.0010948766762895164
0.002427970689998462
0.007252657343061377
-0.0044149986247512514
-0.03007545833721927
-0.037255028030639535
-0.018151033384452057
0.0034368984209561405
0.011348901016008784
0.012055768847730129
0.009066027933700923
-0.0009400710910535872
-0.009007116839980258
-0.008246813703310346
-0.0028998812825656224
0.0020455732094790853
0.001133969586431671
-0.007130269135936141
-0.015071036660524858
-0.013797251586064095
-0.006982765488419903
-0.0013844065738936918
0.00578003335865759
0.013111645646606891
0.015557761789160797
0.011589890494438865
0.003938944233233583
-0.0010048820350143988
-0.0057765903307348205
-0.005416050374303753
0.002801216034571448
0.0039076631927604435
-0.0014377626172785598
-0.002097864107673024
-0.00041132806021245235
-0.0029649099094342934
-0.0018851518037948716
0.011045133096987752
0.02240107850295217
0.01956421668643349
0.010718116581308959
0.005264381570878523
0.0039834270796877385
0.003885141785523378
0.0016688105303075786
0.0015108632608024824
0.007397633322987916
0.010704303161197404
0.0033862132086176274
-0.006087725693900822
-0.004164883124197358
0.007916230387960828
0.01610999730028351
0.017684859960545033
0.015340568235919899
0.00838596340947285
0.003787955439757021
0.0005764286710544856
-0.0026737438662743146
-0.00017813416010507854
0.006039430915763817
0.00785570996323821
0.002206270278531226
-0.002865141773839586
-0.00014722892565835987
0.007244502977771442
0.009806763782642409
0.00881879444861544
0.008719865490078952
0.0059627180296275
0.0011893255889722527
-0.0056545838134960105
-0.01024049588692199
-0.00764453812168852
-0.005810067831404754
-0.004854327237194789
-0.00023804799994900716
0.00038603690035604507
-0.0050171136985339895
-0.008346702485344724
-0.004436434875480353
0.0010689816446791086
0.0020345150242196824
0.003581570248986715
0.003227750897267918
-0.0029931423668382146
-0.0085432424894725
-0.009187331229298566
-0.004142333743970651
0.0017688363556748435
0.002116813432363195
-0.0023102598770034805
-0.00504079929325959
-0.0033943392811936024
-0.0031361754703796954
-0.0046193374896294475
-0.0007388598623356193
0.0047325157158142755
0.0035974058538276047
-0.00039345808667578267
-0.003444274592387764
-0.0072585301453855205
-0.006561498639488159
-0.0010896984433106994
-1.822475399975462e-05
-0.0008174752349647675
0.002370826173579594
0.0038093556058492652
1.4197918032656248e-05
-0.002012718552086859
0.000998098445215765
0.004582735151375527
0.005754741132019305
0.0029227808562774455
-0.0009296790105924676
-0.0008462073449174705
-7.372763243496688e-05
-0.0021269773566661133
-0.0038937266469217034
0.00018285176645500394
0.005191156180775053
0.003475681429175225
0.0015109064211034913
0.0017974997479851763
0.0007456727370859596
-5.1971282024401765e-05
0.0021581036678469012
0.006118936846175542
0.006487954901122859
0.005193927608574351
0.0045089795715449734
0.0011168199879257328
-0.0014712728836494425
0.0006305384569723571
0.004815684413320531
0.006658808421602554
0.004619615769040208
0.0021908608206870905
0.0004396450688126444
-0.00022683466525054568
0.0010458345620810872
0.0015061227332101655
0.0023247772714910255
0.0035299376027925853
0.00100391728829692
-0.003947306936753383
-0.005123051847014498
-0.0023560940167845538
-0.0005922131452785458
-0.0002262960459502624
0.000806319456862621
0.001558939029211829
-0.00010172028198369315
-0.0019249935233242924
-0.0020023580877981074
-0.0015536013270373947
-0.000761159463840275
0.0003307966533161879
-8.531794935839848e-05
-0.0025938426698351455
-0.004234825261252483
-0.0033889188235304278
-0.0032600892815317973
-0.004544821259750889
-0.003985209041621793
-0.003035291779833793
-0.003193947898850018
-0.003204014410486725
-0.0030077095995063733
-0.0026404817100645884
-0.0022969522052105253
-0.0019006271070955724
-0.001381354518013283
1.935017575518811e-05
0.0007553614191711398
-0.0006287134154396581
-0.0012742700600465488
-0.0015214167440462192
-0.002563922261779314
-0.0023140861334761268
-7.423704208660989e-05
0.001847338997233761
0.000330050868752304
-0.001950469986851031
-0.0016994860357054129
-0.0008629313716440572
-0.0006457026404412285
-0.000689821419637517
0.000638507510657962
0.002184228396302196
0.0011240707852549132
-0.0010420760151432125
-0.0013881537748318383
0.0017044043398201072
0.004572019400410403
0.003682483162877819
0.0034440697403266694
0.005179560177651152
0.0049398706135504455
0.0031826240784178683
0.002705765442826135
0.003919391843312616
0.0050792088089152395
0.00478574339961286
0.0036968596889303397
0.0029840095737505975
0.00284172646733937
0.003034277625076361
0.0030166227893535756
0.0028073164088300113
0.0031762847173106754
0.003380079014688872
0.0026919429439876182
0.002273542677457292
0.002930382576758568
0.0032771747077974824
0.0025469629777069955
0.00202478425982763
0.0019768468570760195
0.002365078785097359
0.0025022109315599238
0.001365867032430565
0.0001877340182209215
-9.896245792503756e-05
8.59019528050114e-05
0.00013317060026900876
0.0003878896055712014
0.0010286233663585847
0.0004328247461793302
-0.0010331092107115887
-0.0015008732943504396
-0.001138335949399619
-0.0009184803499634146
-0.0013806461746944123
-0.0016434140851213223
-0.0013195688213328983
-0.0017896609991271183
-0.0023512961975480097
-0.0024219928895727505
-0.0022067389477313476
-0.0014053830432129955
-0.0018556863047499384
-0.002651535240015536
-0.0019678968376513014
-0.0020953498331355343
-0.0033245749523911775
-0.0034835848647458093
-0.002788234551142274
-0.002690694198036694
-0.0032447260756945334
-0.0035066355344996465
-0.003261800023861195
-0.0030607456953616534
-0.003118293329555518
-0.0032620031622465264
-0.002973048422120145
-0.002575949074844883
-0.002445018184053526
-0.002173207067251081
-0.0019997870078108564
-0.002017204079378354
-0.001810636940470615
-0.0016100099739062626
-0.0014619253230665722
-0.0011468487202454345
-0.0011230249924042252
-0.0010254841749451772
-0.0006508553873701111
-0.0006908370519141167
-0.0009839518210197204
-0.0007341784186680384
3.4508976382239886e-05
0.0006336131568282301
0.0012230784447250789
0.0014157434403196795
0.0008870068487751535
0.0007757931403151359
0.0012529021200236557
0.0015454800278484997
0.001603439151416317
0.0017289963882744167
0.0018615897123762629
0.0016353529815704229
0.0016145704644036083
0.0021976092591383463
0.0024448842582254168
0.002375033469980029
0.002110460586107304
0.0016276593082919877
0.0018818566683491663
0.002481634904134936
0.0021770569843745525
0.0017707260945645734
0.002105157410036043
0.0021539436901434486
0.0017790952594551235
0.0018037730907390123
0.002071849511666402
0.001956493393800805
0.0016663900460303365
0.0014007030377536046
0.001024481568222523
0.0009480702042115925
0.0009267700095406579
0.0006810759933144595
0.0006072292460372134
0.0005083227978743596
0.00010355283915110028
-0.0003086947658034182
-0.00044983872026935505
-0.00019402505327376416
-0.0002100967784437454
-0.0008861082986870947
-0.0013598477461924112
-0.001383581390228353
-0.0013678973755004453
-0.001383403072218691
-0.0012612228051491264
-0.0012994969395127712
-0.0015976677655435635
-0.001887575542994193
-0.0022360776256676236
-0.0023438052226382932
-0.002122407651896645
-0.0022795906360066984
-0.002694753265169877
-0.0026730194751246853
-0.002459741953512327
-0.0026261702101697043
-0.002962671340595462
-0.0028634579516161975
-0.0026011887039527753
-0.0024828839997746285
-0.0024350564915920463
-0.0025628065095428185
-0.0025306021333264777
-0.00213560955462579
-0.0017926524002157423
-0.001749089895117166
-0.0016265255466770456
-0.0013549897782369725
-0.0014140395759449148
-0.0014437388272097091
-0.001103546594489239
-0.0009508367328800134
-0.0010449530547704368
-0.0010834227273025712
-0.0009671206129899714
-0.0005855172494408595
-0.00014309265253134717
3.780096458062673e-05
0.00010634718351845384
0.00033597406082601334
0.0005109930004207501
0.0004540569827047157
0.0005180228639467192
0.0007806386247803191
0.0010393253223092182
0.001187709210167436
0.0012357976556335493
0.0013726112534634002
0.0015195179300602772
0.001594355645933096
0.0017865001951990812
0.0020150130980514077
0.0019995921722165875
0.0018088654806008584
0.0016294717109788125
0.0016068228794299314
0.001779100237975302
0.0019607006628975256
0.0019157002421007982
0.0017154702691799543
0.001672539627092809
0.0017600568184693716
0.0018276878357346435
0.0018888579800287481
0.0018839378278464162
0.0017394367674423222
0.0015745880020988329
0.0013998604817266568
0.001182230118503829
0.0010319853614251734
0.0009790279561882106
0.0008652228851055671
0.0006487756339816802
0.00047623662742915415
0.0002978045489344025
6.459379043866385e-05
-6.700666921249978e-05
-0.00011414797598278744
-0.00026860488989379714
-0.00046325190446176067
-0.0006325545764936041
-0.0007517942509704373
-0.0006946805397864114
-0.0006163054250781691
-0.0007461657505888923
-0.000976499351093587
-0.001161148007605669
-0.0012779041259690233
-0.0013432039783479073
-0.0013840608463724826
-0.0014301075945491648
-0.0014942448242443573
-0.001546090317312268
-0.0016583678818192374
-0.0017791046488529166
-0.001760035963872861
-0.0016718197898163184
-0.0015997512038155122
-0.0015474324089756527
-0.0015316052361897387
-0.0015270534687554418
-0.0015827416639863324
-0.0016876125897161034
-0.0017041893218689797
-0.0016106601534463998
-0.0014901916342683669
-0.0014007337904804408
-0.001266955387083354
-0.001080047999962334
-0.0009190330037778975
-0.0008022248038681921
-0.0008083494465807672
-0.0009103759660229185
-0.0009070815426048162
-0.0007564151156531992
-0.0005309762587710444
-0.00028667686262936527
-6.765278655377633e-05
8.236720430148227e-05
0.00017972897008164775
0.000310709618453508
0.0004182388491875428
0.0004836119227707607
0.000608775140928836
0.000767956243641553
0.0008901716256084424
0.0009703581259779136
0.001005261379429085
0.0010337201102191772
0.0011160737863498496
0.0012373093196736185
0.001340241799752404
0.0014248873392592807
0.001481213754039362
0.001491938183334035
0.0015108191920707992
0.0015440797743737163
0.0015602227318950994
0.0015603048059487051
0.0015574197970226044
0.0015465345678758325
0.0015457373433517842
0.0015753231350422372
0.0015882665007884173
0.0015547144615387293
0.001464107324408157
0.0013026901967109173
0.0011396311447626755
0.001024505872073036
0.0009189540332131172
0.0008154291260943222
0.0007372736141857586
0.0006750696423470844
0.000559664500763038
0.0003790049478298356
0.00019980594045553585
3.886257854566672e-05
-8.12765699126953e-05
-0.00018653444048506192
-0.00034539589213108257
-0.0005156150134712369
-0.0006308787902685185
-0.000671473225350147
-0.0006900263120439357
-0.0007501393559453232
-0.0008512531038597442
-0.000997470018072456
-0.0011549659526344832
-0.0012662054180677693
-0.0013335392304984525
-0.0014015534183844155
-0.001507183582614524
-0.0016211780654674472
-0.0017011359744458152
-0.0017205963377694112
-0.001657130091074095
-0.0015552327564378739
-0.0014821117210664075
-0.0014792154226293968
-0.0015327373318386208
-0.0015819936300208671
-0.0016198225463628442
-0.0016531070852979864
-0.0016468546017625286
-0.0015763779916010072
-0.0014551914921330082
-0.0013203160317703188
-0.0012261447039872923
-0.0011961444177321443
-0.0011689197700009235
-0.0010913782146069525
-0.000974371330925569
-0.0008450690767656044
-0.0007227466360376246
-0.0005945158379699044
-0.00045655571831212715
-0.00034141671972955025
-0.00026750151925267445
-0.0002061215645528781
-0.00012189483366759762
1.0637901356485977e-05
0.00019378711858237033
0.000358035603631749
0.00046497044556183264
0.0005657016177495076
0.0006833168751282616
0.0007928637358929129
0.0008796732544781809
0.0009527574914079484
0.001030924527119776
0.0010974945546100518
0.0011346080882786592
0.001158467752465573
0.0011722729670537479
0.0011841897982286978
0.0012133832082821918
0.0012625994598786726
0.001333517452334963
0.0014024441906023309
0.0014445970542262929
0.0014702491039301682
0.00147593655934888
0.001443784875821376
0.001378111179187333
0.0012905022148821121
0.0011646900564584747
0.0010299668198120158
0.000974451870835419
0.0010005477511525575
0.001041830791144987
0.0010466054371640345
0.0009579029533986147
0.0007757243587767876
0.0005786332020394744
0.00044244420435523446
0.00039142112085472296
0.0003848153289052991
0.00037965569585123385
0.00036805798788993465
0.00033494325946940634
0.00025383110380042815
0.00010971827089392224
-7.165259290616767e-05
-0.0002198565268854137
-0.00029533056593940917
-0.00033591588799571586
-0.0003696633387480713
-0.000375368517311791
-0.00036475325809593996
-0.00039182030481352677
-0.0004979028373686519
-0.0006674720133613303
-0.000822407199211469
-0.0009242486805270567
-0.0010103584697160372
-0.0010969498458529422
-0.0011461232957035007
-0.0011454046223763608
-0.001149382399639983
-0.0011904849506186423
-0.001217861704721678
-0.0011861072922671606
-0.0011310429081610352
-0.0010901427176895676
-0.0010420995370726885
-0.0010014678956798686
-0.0010329778099919266
-0.0011121976318110903
-0.001142142095142902
-0.0010862545952790824
-0.0009733086804603361
-0.000852052942652591
-0.0007625875785097024
-0.0007014426428009023
-0.0006598765252588473
-0.0006374850506313115
-0.0005918054959539402
-0.0005192475896531818
-0.00047147262913722627
-0.0004167895608014409
-0.0003004682495868621
-0.0001657071564245318
-6.195319781052459e-05
2.0389926509924883e-05
8.083432626067442e-05
9.493411210787815e-05
0.00010838441312455816
0.0001957744105714776
0.0003388147006840035
0.00048649551648922854
0.000614742819277348
0.0007041464012158394
0.0007543088659206122
0.00079424625709831
0.0008466402922047611
0.000902072430456724
0.0009598014057242121
0.0010070537630718893
0.001014502986359566
0.001011991064632814
0.0010396816208783908
0.0010862303404261882
0.0011184039483244303
0.0011241733699492227
0.0011348076567549805
0.0011677922201907606
0.0011808674512782623
0.0011427590280428856
0.0010903060257707136
0.0010445255712680803
0.0009546716226890786
0.0008003758480745267
0.0006382164549106529
0.0005226677686170278
0.0004730493495008688
0.0004651334735245565
0.0004459449439665293
0.0003829463834599873
0.0002823566420196853
0.00017640389390759286
7.801970636171375e-05
-2.126214026679331e-05
-9.149349523192211e-05
-7.963923717803658e-05
-2.699318292500834e-05
-3.61846352256564e-05
-0.00013599837137338066
-0.0002855118402679309
-0.0004251558266141195
-0.0005133631388555533
-0.000530814466681177
-0.0004828987725633425
-0.00042408873245652787
-0.0004150282218711096
-0.00047634699616377316
-0.0005743865622968613
-0.0006533978337347539
-0.000709380532278126
-0.0007479377953624425
-0.0007429450734619004
-0.0007019378819245789
-0.0006681240987243229
-0.0006575097521031232
-0.0006497118686862371
-0.0006329044428650257
-0.0006219295024754622
-0.0006285084534807903
-0.0006407003664204826
-0.000609199696646177
-0.0005199486272701866
-0.00044584374587403156
-0.0004236480825268993
-0.0004111341418753863
-0.0003904939477962294
-0.00040226682707805554
-0.00044017045712168136
-0.00043370999724210644
-0.0003674814006577645
-0.00025861886737464515
-0.00011965034946612765
1.1265771918441127e-06
7.0941906645557e-05
0.00010811543932693099
0.00014048131818573744
0.0001772581197710322
0.00021317699636771577
0.00026442435470472753
0.000362715467055676
0.0004742780477510214
0.0005093708837335967
0.00045391217137446085
0.0003812058964597276
0.0003351660400953414
0.00030214804901105457
0.0002788991122793766
0.0002681688670988258
0.00024552014767078624
0.00020655279833700334
0.00017625392826489677
0.0001567087914659972
0.0001325105132824256
0.00011466207766744555
0.0001239819644013271
0.00016003865285651694
0.0002042900531937873
0.00023602168907892459
0.0002613753617982032
0.00032444126306096794
