0.0
0.0
0.0
0.0
0.0
0.0
0.0
0.0
0.0
0.0
0.0
0.0
0.0
0.0
0.0
0.0
0.0
0.0
0.0
0.0
0.0
0.0
0.0
0.0
0.0
0.0
0.0
0.0
0.0
0.0
0.0
0.0
0.0
0.0
0.0
0.0
0.0
0.0
0.0
0.0
0.0
0.0
0.0
0.0
0.0
0.0
0.0
0.0
0.0
0.0
0.0
0.0
0.0
0.0
0.0
0.0
0.0
0.0
0.0
0.0
0.0
0.0
0.0
0.0
0.0
0.0
0.0
0.0
0.0
0.0
0.0
0.0
0.0
0.0
0.0
0.0
0.0
0.0
0.0
0.0
0.0
0.0
0.0
0.0
0.0
0.0
0.0
0.0
0.0
0.0
0.0
0.0
0.0
0.0
0.0
0.0
0.0
0.0
0.0
0.0
0.0
0.0
0.0
0.0
0.0
0.0
0.0
0.0
0.0
0.0
0.0
0.0
0.0
0.0
0.0
0.0
0.0
0.0
0.0
0.0
0.0
0.0
0.0
0.0
0.0
0.0
0.0
0.0
0.0
0.0
0.0
0.0
0.0
0.0
0.0
0.0
0.0
0.0
0.0
-1.214490082378008e-06
-5.142099028499965e-07
-2.65505367337256e-06
-7.183503547083869e-05
-0.00017056648769783977
-9.018869404908968e-05
7.22906465639783e-05
-7.636221696456776e-05
-0.0015104329333943524
-0.003748176023498673
-0.003930312294792865
-0.002199290257690504
-0.002226122271037166
-0.004215571680816624
-0.0048749589168679405
-0.00434327414823624
-0.004240756151403306
-0.0028578780497533806
-0.0006203743591269259
-0.00046954081243902725
-0.001820092793355347
-0.0022836943129825446
-0.001173688865047695
0.00017409572278398835
0.0007409717208853138
0.0024163576994403867
0.0025106743742868112
0.0020490164870344417
0.0031677012245617015
0.0035670100414210487
0.0036494514479489173
0.0026130097950575588
0.0013351213069447115
0.0009001863284253594
0.0006433056377650163
0.0009412013961228523
0.00074371472286415
-0.0005038580201918431
-0.0020782152975183177
-0.002794409775854792
-0.0038014076596715974
-0.005726520217779307
-0.007274251265678817
-0.008171363840178589
-0.009470537712337657
-0.010414030743313098
-0.010001807725059276
-0.00891670068374508
-0.007688944203467252
-0.006207662000861401
-0.004131200042946158
-0.000817698951920788
0.004117939669198301
0.015725015215189826
0.04150745092497195
0.07276778573782686
0.08555975235314468
0.08053821486299137
0.08382317233160777
0.11306774445871955
0.13696544510946318
0.1058624133965504
0.06339999758356038
0.05343999719672965
0.0455077161671299
0.044376833505335306
0.07441787994198563
0.09437957562166709
0.06605456454036908
0.03791969821271341
0.04489258533474728
0.031653352177269535
-0.020738133024767014
-0.017580181283561824
0.032540160056473186
0.019153605259228528
-0.015884539954732574
-0.018114936615595337
-0.03556605715150029
-0.044845897032162706
0.001115919289951984
0.03747257472098108
-0.0011663442242930793
-0.03802292210249822
-0.015815900772178728
-0.007352191524157156
-0.0397030231874708
-0.07816246169168628
-0.08814441226454262
-0.0634470212439586
0.002956822020958051
0.04299531509229316
-0.0007200705169467723
-0.05958559956439732
-0.06484715406664168
-0.05443963352011141
-0.04626595777411963
-0.030599258691953724
-0.04301846366978868
-0.07416172026863643
-0.06450115545032256
-0.032067691768656384
-0.03290954420413878
-0.006483576682222839
0.06273767222268266
0.09162603364266796
0.07952809188035133
0.06509648210776914
0.04959789693857658
0.04448762200477936
0.0887124429546473
0.13856686254954922
0.15287866458187205
0.14821462030412824
0.11608403952563515
0.08433245364733531
0.10867146222033254
0.1568651084329284
0.15461030529322772
0.13768563021495664
0.14184964942556602
0.13711051970142743
0.09981272022438137
0.029906382233541307
0.009598811229330532
0.06959174875077462
0.14819855575479776
0.21068950717353313
0.20183726904219443
0.147614008371892
0.15906246387672238
0.18004637683756403
0.1351852041222145
0.12473031296228351
0.1485305860594666
0.15260773209004197
0.14686800837692318
0.09991672394861774
0.06353287270442454
0.06123306491729033
0.06709569113997446
0.12143564214314889
0.15313900538376135
0.08597416436962871
0.01668444035597408
0.024430791794611592
0.06888384404326743
0.08284590303129799
0.05020398751833088
0.0355780603871053
0.04667710507805704
0.016761579879671237
-0.02472052442495964
-0.025577309010020297
0.0020056517928314253
0.028691320159652745
0.025916130755374283
-0.011992330898895513
-0.07932953580238246
-0.10727782933561388
-0.046110514631499885
0.0015647709572926118
0.00825728460243274
0.030044047142555496
0.047628613965971595
0.027099549917610648
-0.025548158066271504
-0.037284305851733195
-0.014684542285770494
-0.02033444003546728
-0.028631626559238597
-0.022587686216326678
-0.027039876719297046
-0.04294560983699582
-0.058643011592602094
-0.07862566629951667
-0.08221679061246105
-0.0643507169505607
-0.06165384598939797
-0.0675320322274468
-0.05708401640885252
-0.051493070986947734
-0.07580168576313293
-0.10409427168130157
-0.1007279722734476
-0.0659229355867624
-0.03565489355203039
-0.02389618592127515
-0.01921818829673275
-0.03814863379368071
-0.06694455308075081
-0.0703876022589281
-0.03943147583495379
0.007501697947269755
0.017328669540611668
-0.01200165532383198
-0.037513381768257706
-0.05458589671193544
-0.0721158317987588
-0.10043754535296723
-0.1073198943430901
-0.08286851411010682
-0.10052935120966858
-0.13058080329074742
-0.103290727133892
-0.06484804171584412
-0.05763893137052111
-0.0516864933648707
-0.027365262069147137
0.012355619748968734
0.032359500326945005
-0.0033826785559623943
-0.041205997098946796
-0.042375199068745366
-0.03826939090025313
-0.032411762990217495
-0.023198905222320113
-0.021642200427952077
-0.018381467970119865
-0.01170207263078737
-0.014424732820785508
-0.01865750725264893
-0.016927339033335
-0.03199983457014137
-0.04647776511151627
-0.03719618429025883
-0.02432786175550879
-0.031993828376629306
-0.050149044100129256
-0.03783371993256016
0.008219432928156894
0.03767668110124488
0.03559713436714843
0.029399718780056646
0.013082365282026222
0.0024433386808210846
0.020372921642060383
0.041908167299953114
0.051269209259544674
0.044509103535793675
0.02434106778580288
0.007372084206691799
0.007641423930136174
0.005425805035453191
-0.0013587492059838556
0.004125287189435204
0.015278956944346507
0.026197708999353562
0.01092679135712167
-0.023300591921167645
-0.024720663580247545
0.016855002980044134
0.0584723550485412
0.06273623903113897
0.029391251189467175
-0.00195814440856117
0.0018263788207020229
0.018775238809557542
0.00015919928133461438
-0.04219162489518265
-0.036093340566853774
0.001686823719227445
0.01899769064795657
0.01209950765423113
-0.017837210682800083
-0.0377195344121576
-0.022772505351981522
2.3079948455501848e-05
0.008745419507697881
0.0041196356130122425
-0.010495690342060889
-0.026851452785009156
-0.03955041824333988
-0.038540508389933906
-0.030118747821624665
-0.01885956609094345
0.0011094547902576722
0.010670088669497245
0.0068342810255332745
-0.0020256020112116016
-0.001855182291470778
0.006632239459145341
-0.0039057672419086694
-0.008849720148097276
0.00861549096616768
0.010909719502444895
-0.00598944207656096
-0.02331502360810194
-0.02390641278861987
-0.016890333269481302
-0.02454720566655119
-0.03401935045187901
-0.03541164193484602
-0.028012848135524206
-0.0096547876394368
0.015028119869402336
0.02954995558206838
0.03792112403795752
0.040587182349412686
0.03700926222876845
0.03467684576156253
0.014972182386572231
-0.001143682950008741
0.0035989347619486715
-0.005020629337607086
-0.012321705262511673
0.0061551220584247345
0.01086791827683095
0.005823520112711117
0.013958345980413542
0.011097557628714116
0.01223951919274551
0.023717062194433976
0.015956403552446992
-0.002397660106804457
-0.017648165418167515
-0.022394845934076386
-0.014573730761653476
-0.012181495407971376
-0.009666768754676511
0.002088329828396756
0.005517317883723571
0.0005947539274632499
-0.007686192083530316
-0.020947090865948374
-0.01853393172699868
-0.006766362529970692
0.002414383869613274
0.01323486979675723
0.019335865024069837
0.025850597470308337
0.02341474541222287
0.011189782664663861
0.005423648957417545
-0.007560803626486362
-0.005278284188268263
0.026158559944474608
0.033964352670788164
0.012526820536112255
0.001440029271787384
-0.002944448056285689
-0.017639802883605418
-0.026428060474510122
-0.019859473881138946
-0.01023619803139811
-0.018000254055949686
-0.039124618465678815
-0.03790802865650704
-0.022144261004663136
-0.018511486681280963
-0.018308953860049656
-0.01849710769342242
-0.014195609651802771
0.009840715316725753
0.02867081526067517
0.0178936168272619
0.002611015035579301
-0.004324464809458542
-0.017316397318804827
-0.03400917179153257
-0.030301762192866507
-0.00247594666133535
0.009885775634557148
-0.009623814346257366
-0.033005374025632785
-0.049399155312908456
-0.05878872278709298
-0.056278970782065244
-0.05523178097026513
-0.051943678560861406
-0.03737793192271096
-0.02984161878692858
-0.039581721954355734
-0.04243908077932311
-0.02728284351667025
-0.013120765348193
-0.0008510984060238056
-0.005423451771299115
-0.02307190301759099
-0.014188099837844526
0.003297331043344001
0.0020737566945805324
-0.009546664888195604
-0.019274702213778694
-0.008993263722307295
0.0034750386932918442
0.0008650788053147677
0.00790320036489156
0.026676928317026484
0.025056099662308238
0.0009571591726122816
-0.007914378374640284
0.00018420707906227938
0.0025683133510082464
0.0024141346050757804
0.006041941861166918
0.006138331545507694
0.0005545534106520633
0.0027628141218048984
0.014679590921435632
0.012690050503988484
-0.004058048603531466
-0.005045904336153056
0.009385975554624915
0.014660166474249304
0.00528083889823793
0.010410966515056413
0.03643400260448847
0.049258005737234246
0.04415315131212464
0.041487831384297395
0.0416998565808124
0.03986685541656566
0.04362524702396069
0.04246998543938032
0.018682338767785356
0.0013142349705375202
0.015312950407423533
0.018728244346708982
0.00047012133456226835
-0.004237671237819102
0.0011927390492893152
-0.00023112527388714253
-0.009023111645170095
-0.030921130896465265
-0.04451854398880311
-0.020893658893084078
-0.005183839545842542
-0.01323059793313498
-0.013977613126412783
-0.012515636238292507
-0.005692799640327698
0.008438689021919802
0.017436814699037975
0.013001165041745776
0.005577089681705883
0.019951717454362243
0.04452105426726619
0.04320528568513697
0.02612043940858278
0.020412275019184294
0.015615524212871433
0.01414999456914021
0.015325635444254799
0.0010408116776835575
-0.0047745032393858135
0.013985607800547225
0.03249709709806346
0.02590228928681064
-0.0001999428836011232
-0.007065104379850453
0.01890910014862237
0.04502381484734366
0.048416271538317734
0.03908304904432324
0.03294473319094307
0.03979609702041351
0.04054156254061007
0.01570778560259975
-0.01219145220525123
-0.014834752684150231
0.006043755445918961
0.01660795142862945
0.005535826368657403
-0.0009044066708298905
-0.00025593079589639287
-0.006732259679649159
-0.0038126138796024463
0.01704787728279013
0.023823828464518044
0.011935525234846823
0.013460584618444923
0.018717195097535427
0.007189455889886414
-0.009295966233878352
-0.020775582964702204
-0.013360881572993203
-0.0039055055754647658
-0.021101673679062165
-0.0330420861107217
-0.027337632484675405
-0.039583246422301474
-0.05539770500377672
-0.050372238953226574
-0.048209101001707694
-0.04962452479437437
-0.03866323261120252
-0.02756177613650218
-0.030945600961771864
-0.04077957062538741
-0.040048963684290666
-0.03692917513724317
-0.03767580220614982
-0.03387801009635226
-0.027453723061119248
-0.02076424073573621
-0.013095346561184946
-0.014772635132509983
-0.029765453586152506
-0.037354533164234816
-0.029353600808136076
-0.020086364632275564
-0.02093461474473242
-0.02172453654061742
-0.01551173508454162
-0.013057550498020433
-0.00703440558650653
0.0029451658466984614
-0.0032938212319337332
-0.014787912467892305
-0.011628229139346337
-0.003801635441388668
-0.011395415157274283
-0.02106015170996513
-0.007412110039546205
0.008641485459043538
0.01239207036431715
0.006691246199417665
-0.004172099977806245
0.004426466909176573
0.02687440923964256
0.029433794052184513
0.01746149226373589
0.015258151737576291
0.019353110680057087
0.01778475733788057
0.013849928668502976
0.021456831818770852
0.032373866320730325
0.029123329650330865
0.0278966713450756
0.028662126892692645
0.022910163210070462
0.024219310591296707
0.02374766647869548
0.02033456159578045
0.024146277753014575
0.027511058892931945
0.025270921032628086
0.020597434089480796
0.01800659807997838
0.022112366729399868
0.027945975856652334
0.029154417566085115
0.03099224433358445
0.0256279776181691
0.008562424807354682
0.007674321212733739
0.022949035541506235
0.025537044896480194
0.022494415088619605
0.024285880494493706
0.022781835678379925
0.02098844898300715
0.02514593754903884
0.025442492180652847
0.014179691662915146
0.0097777073054876
0.01890662184153567
0.020653238383640988
0.011882692390361807
0.005765150334789566
0.009126921523345193
0.008247232362492469
0.001461073608528177
0.008342208256840268
0.014670297695092448
0.01246904152424831
0.005304014621784159
-0.004303080825764205
-0.0019953717751094286
-0.0033988431652919207
-0.009609708075538728
-0.0032549743700466187
0.003468865238833747
0.006856383125323105
0.0074498607627822
0.00348590985609801
0.007478973328243573
0.012493525430902905
0.003847032025277007
-0.00955098689588812
-0.011193119146082243
-0.003431483644196311
0.00226367127662482
-0.0006010084694481903
-0.015449998454348822
-0.025903943492928964
-0.021142340011242794
-0.009277112220638553
0.0023343828403947944
0.001167392630197856
-0.0034365528148918956
0.0007781561601725427
-0.0018921157253601445
-0.00978629591618938
-0.008334833538247117
-0.0045531167217530005
-0.007814371727132317
-0.005484926515560264
0.003032164852705122
-0.000684163042136144
-0.006872809765078477
0.001234939106135207
0.008115800929580013
0.006335284067544478
0.007978422054917812
0.014426623350781655
0.021105464424581895
0.02155690880858432
0.018128063530530546
0.01436850492866858
0.01427975210841685
0.020044924027944985
0.016183452479619515
0.007542553151215384
0.011955910111330988
0.021484148271453337
0.026236510073572236
0.024100579486204615
0.017163216813495162
0.01642847075174132
0.020177445231925138
0.02093591373247049
0.02314531183840623
0.02780509446733826
0.030073362090011626
0.02804684124807142
0.019058488193143937
0.011466452916615192
0.017307276801099555
0.02038106596893132
0.015259400008626363
0.019434956566673444
0.027207697077753425
0.026326820237298657
0.019229050264477292
0.009622821729948284
0.0028317755341777397
0.0028566695253648315
0.0038544521494376692
0.00504886617952762
0.004849132865392634
-0.0011145558390181526
-0.006661005292733342
-0.012003433732989845
-0.018377196173655852
-0.01956555390567176
-0.013112152261917549
-0.007719943901477025
-0.013093207162530538
-0.01696991594601141
-0.015852221932406377
-0.023665157120971753
-0.031863101086637355
-0.029001070626376274
-0.026636662187937487
-0.03281973195370522
-0.034380885732332125
-0.029734491049176883
-0.02674887199457978
-0.02417614678848213
-0.02783567423964396
-0.03061957448074274
-0.02508335083116536
-0.024285274466941845
-0.028858532862855814
-0.029349111556207837
-0.029004914285822584
-0.030722258087258782
-0.031019114873274817
-0.033978844684849054
-0.03968224150207301
-0.03906826346820533
-0.027476197163732258
-0.01864661422399642
-0.026596773764778512
-0.029467107441364118
-0.013555797689800243
-0.0029202145627332293
-0.010026057739596335
-0.01877847986508779
-0.017547163129318144
-0.014791194224989852
-0.015037028505211788
-0.01417625093157208
-0.013057244150545927
-0.015024707855007162
-0.014160170057468313
-0.007591363454445738
-0.00717512341982058
-0.010858631723882895
-0.005778054668194959
0.004283964374391868
0.008813933068435415
0.0023169786245080515
-0.01112601309819018
-0.015629381095940163
-0.006364080210985695
0.001471912665616909
-0.0015029073167918416
-0.007160551121187959
-0.006817353619078599
0.0002577689487823801
0.00789457252537574
0.009804575701848393
0.008011184695350929
0.00586927651461225
0.008725890477120008
0.016739845734748432
0.017667927060810027
0.011215273616734866
0.006376702889480027
0.002216646094078864
-0.0017442872833066585
-0.0016101435807299395
0.002144231082175823
0.00597275606051978
0.010266828089777573
0.014405371743165292
0.010645853781160468
0.0023210021713085697
0.003848437678571341
0.014412385599636148
0.02275333956648663
0.019206483565594734
0.0056995725963457
-0.005231087016717304
-0.006199332151712952
0.0006487669315906548
0.006981419530510484
0.007017020327907038
0.00411272123430328
0.00507444408660318
0.004601105066832993
0.002522309750399939
0.007106448163049528
0.013991883494866329
0.014124844088132514
0.006409795859192238
-0.0002674986258548427
-0.0027563205024246245
-0.00813395477989652
-0.012249182627356631
-0.00792892265659705
-0.0034796212097787417
-0.004319305945570927
-0.006052523432683449
-0.00598775626184804
-0.0057399085911918135
-0.004227067920004454
-0.000858269286426643
-0.0003891077293761324
-0.001858224974437395
-0.003675846330485066
-0.004861758951213381
-0.002145747310824239
-0.002978782454397359
-0.012487378988484753
-0.017001519851450386
-0.011295615633806561
-0.0052164969421911785
-0.002515327788111853
-0.00403843314895357
-0.007124917271498841
-0.008515238339198991
-0.01123621086385893
-0.01248200092268805
-0.008712544742807068
-0.004708205641615253
-0.004260754735881667
-0.0074328535477710235
-0.010927322954639003
-0.009918306073895596
-0.007096429093566273
-0.007272770153811759
-0.0070172727681686
-0.0048899733254052485
-0.0014488342255965015
0.0014181120804893747
0.0015504526506394034
0.002180201971888754
0.0014663881856658825
-0.0010882764067362207
-0.00010979337410939044
0.004122192430948901
0.004289816910265328
-0.0006891340105544897
-0.0033997312018789125
-0.0023117950481924736
-0.0012964078738456398
-0.00011440174929586427
0.002531771893187312
0.004501473964486501
0.007968035715798086
0.009282336283133734
0.003552900598525744
0.00239135223931812
0.008435729488067615
0.012194315474258052
0.010572917250330934
0.007651657869845093
0.00807503071935707
0.00751178843325641
0.007145752105632484
0.012119076624618716
0.015501042510989554
0.013516124801579613
0.010146181069536464
0.005738237313466502
0.004557420518269339
0.008065989639069317
0.00943714290202623
0.009158668956314585
0.008841560320661279
0.007853712224848125
0.006427933081730353
0.002224323324384001
1.6996927032892722e-05
0.003638638674839052
0.005487341217735412
0.0038798471301217693
0.0035783556592456633
0.004853430549761207
0.006003459887809621
0.0063848315690342924
0.005441674062647063
0.003679459978131316
0.002661474998330929
0.001534887041391935
-0.000956858981812745
-0.003506460350843266
-0.004820890119081459
-0.004730869352950109
-0.005000531517172872
-0.006633727823966259
-0.00570578415627225
-0.0029196197552642934
-0.0023785100005592557
-0.0034940460498268018
-0.006902056232785156
-0.010701722746116497
-0.008985252232414562
-0.0037236804838065925
-0.0006560075203211544
-0.0007744968465116908
-0.0030968187023546444
-0.004997778773924557
-0.00704018448364924
-0.00818984423722169
-0.005075012187157914
-0.0029263091755194616
-0.001885214947165532
-9.915398813419701e-06
-0.00296560748476701
-0.005937901825160673
-0.0031237517359378394
-0.0006702669420915349
-0.0008160835220794154
-0.0008761027693628011
-0.0008276241558586507
-0.0007906568314605128
-0.001708114496101597
-0.0036752567070364316
-0.002066308082882168
0.0030573674145537243
0.005220264065500048
0.004840504827666439
0.005297979549275731
0.005234878374116449
0.005157487899700835
0.006328896036858913
0.006876474304958666
0.00610705423652114
0.006258803232126064
0.008005163973162751
0.008869589216435613
0.00689305115264471
0.0035454908633734596
0.0024761433674740916
0.0038550933359785566
0.005997872374495255
0.007626642861873333
0.007716143321108454
0.00716629497386991
0.005903922048873809
0.005304913822919945
0.0055590385528188225
0.005679387901775449
0.008037412303843139
0.009385530962191578
0.007156018827742205
0.004992915232881128
0.004173701770050233
0.00348786230742833
0.002263287976173776
0.00207378653289834
0.003657384370508669
0.004870755121893835
0.0038189694807684938
0.0018762569031631525
-0.0001216265786528361
-0.0015955965205468113
-0.0005525497979527949
0.0007836644168636538
0.000375799552982604
-0.00017248986196766706
-0.00044819514704188705
-0.0016935863323259254
-0.004183700407075673
-0.0040608093719371584
-0.0012001762761281209
-0.0012002299942186568
-0.0014093655535906626
0.00032640714620972295
-0.0011347399929544646
-0.003745763234350881
-0.0038512503869337043
-0.0029364386148135794
-0.0021781991021663817
-0.0019341237355444277
-0.0018101400378567809
-0.0022487018406630956
-0.0037040881183906644
-0.005113840413034596
-0.005281393278257264
-0.0033995604670452786
-0.0008825987567157432
-0.0003260092407079939
-0.0016803050381094399
-0.00275895800077622
-0.0015929227265651527
6.578395560599719e-06
8.282548032784705e-06
-0.0004446304253991783
5.8180173693520696e-05
0.0011651971416878106
0.0008699547398801217
0.0006165788032407837
0.0015204558922938104
0.0011600082109653916
0.00015735830507690825
0.000571791323499304
0.001875818052148299
0.003505153116172235
0.004243948364788524
0.00303660098710815
0.0022462984139531637
0.00226515266882458
0.0022062850975573746
0.003576753051788688
0.005073013143698353
0.005019600429890234
0.004192480733690941
0.003892838982083062
0.003504666190158378
0.002686588040907126
0.0041992217645305625
0.006163926808845853
0.005843778803507287
0.005125187495394285
0.004657512474951139
0.003672195261525299
0.0025917089316867615
0.0029044065020814263
0.0039551409168563
0.004152423577590709
0.003799430605947683
0.002645461792682799
0.0013695616828223814
0.0012467459592047437
0.0020410683556715
0.0026125848852285942
0.002340302947957135
0.0023399283419516
0.0021385440534866895
0.0013670072462934203
0.0009990650715303831
0.0009187904109134141
0.0011335692212142625
0.0007379951029822851
-0.0002833418599908496
-0.0005114226351683348
-0.0004121568972413628
-0.0001863125145980206
-0.00027772880283636687
-0.00184088059479123
-0.002727338504188128
-0.001757437360415457
-0.0010551424936851848
-0.001306927174545669
-0.0016338291038534456
-0.001762691762692777
-0.0022763491432421256
-0.0028112088902601104
-0.0033158077053142393
-0.002877929964551721
-0.0013196501030835125
-0.0016812410851782067
-0.002806219167814699
-0.0024588353860964945
-0.002440186340177536
-0.0028982154136727644
-0.002569286436218052
-0.0016908403473340845
-0.0014054765855103428
-0.001786111642661975
-0.002127674969732449
-0.002409050824916257
-0.0023659346406024635
-0.002156632342794838
-0.0018475446826690892
-0.0010412142787484433
-0.0005018578834589021
-0.0010661539673464285
-0.0012849054062649995
-0.0008019559058901602
-0.00036238973204192997
0.0004972210998908437
0.0007708614113189924
0.0007504401122857238
0.0010432746858929198
0.0013080483545664242
0.0015718443251528213
0.001169546149987195
0.0013776099938957011
0.0020676822362563256
0.001758568301395744
0.0017166628459807018
0.0018759264926066757
0.0019308308614738622
0.0023180685151376872
0.002227316137188452
0.0017790496773929924
0.0020475001260722918
0.0028887289109213823
0.0029288199168630282
0.0023717584356104477
0.0023342445100016014
0.0025684989433701305
0.0025298547687723203
0.0024557220527438393
0.0024518052086953974
0.0025533830202768494
0.0027188461323387494
0.0024366683234239212
0.0020700487760873724
0.0018119085603526416
0.0015142627987843162
0.0015146538613347155
0.0015197163845379923
0.0011873794633945683
0.0008010473078063875
0.00056239737429179
0.0003379089321032247
1.0034552077832012e-05
-0.0003434500416314128
-0.00023429825635691006
0.00017396803256801272
-0.00014806949901249996
-0.0007537253260477278
-0.0009979759747324245
-0.001121306677892689
-0.001171472865368907
-0.0012325901998966368
-0.001163025918461961
-0.0013174618247127831
-0.0015681568610141589
-0.001809672318391087
-0.0022092690011943795
-0.0021482429731271998
-0.0022386340269138862
-0.002540169788214387
-0.0023804327844491554
-0.002327113093090435
-0.0025510737200089987
-0.0027084978559361924
-0.0027393529194419865
-0.00261046174284862
-0.00254306889699066
-0.002545865064199125
-0.0023658044950232975
-0.002165894870137391
-0.001961045752557999
-0.0019292715008884399
-0.0021009684405475836
-0.001759867621274965
-0.0013540589428320039
-0.0012901898082844979
-0.0010952750542740637
-0.0009776548405047718
-0.0006854569442464545
-0.00047634280118459283
-0.0005935303526295638
-0.000621420953036933
-0.00048179827448383586
4.5162539612138754e-06
0.00014510563587040966
-9.17172538054183e-05
0.00016368085407669774
0.0005170727820640195
0.0006091233089751254
0.000618402714844355
0.0007310605766333787
0.0012171312692372345
0.001564826422962671
0.001431632724398513
0.0014056205657131656
0.0016541517084008982
0.001882687568940714
0.0019650389841866333
0.001934300860677579
0.0020471482929370326
0.0021977398728472448
0.002153222046168734
0.0020082822148487158
0.0019605485724672566
0.002126049313831958
0.0020682233144147066
0.001823364348248845
0.0017903513071639257
0.0017687087287975721
0.001657741990006309
0.001541429169723669
0.0014461914422276645
0.0014283987805052663
0.001423062243356501
0.0013072851235482992
0.0011540917103509286
0.0010619660258686936
0.0010349563830571334
0.0009474814074471241
0.0007155344381786415
0.0006056245058058136
0.0005589416566837902
0.0003317693494221518
0.00010533592516937173
-0.00010038130189075179
-0.00023327569680660741
-0.0003812410135604181
-0.0006806132768628678
-0.0009056600962840171
-0.0010512033308651774
-0.0011061761766810506
-0.001243595767948822
-0.00151496854994006
-0.0015641758220632028
-0.0015211002501481071
-0.0016281884885491359
-0.001765421252564499
-0.001818043967753976
-0.0017861712514592807
-0.0018550383486400951
-0.002035762027158839
-0.002087195886212673
-0.0020620606175115984
-0.0020232045471597956
-0.0019915269276233713
-0.0020810606940325897
-0.0021031526795418044
-0.0020247203285017113
-0.0020469008663773144
-0.002041605079498858
-0.0019505136798475418
-0.001820674020318722
-0.0017347595838105665
-0.0016964426158957088
-0.0015880927865634944
-0.0014874139512855253
-0.0013472795297138668
-0.0011727698222732768
-0.0010556558704427105
-0.0008743863305812711
-0.0006617791252516463
-0.000506273701746877
-0.00035095534244062275
-0.00019229531469654244
-2.295473953562873e-06
0.00019530836961781476
0.00035165867989085566
0.0005136131950506935
0.0006790274811113683
0.0008067497789588877
0.0009064583393052607
0.0010099187145184698
0.0011385776940264838
0.001251901659402944
0.0013445919697727515
0.0014642432590982
0.0015733017058110295
0.0016744814667800617
0.0017550264843583805
0.0017836449140954305
0.0018372527937359213
0.0019311385441764428
0.0019791448884683895
0.0019689078976513593
0.0019675704943092815
0.00197125154002697
0.0019249506511407576
0.0018481663558034076
0.001782737627668147
0.0017089743493150249
0.0016329052219758668
0.00156455534117821
0.0014422496580975216
0.0013065972094944138
0.0012127226075392147
0.0010738302305654977
0.0009142316526338713
0.0007873219839605659
0.0006463778441298441
0.0004752234309855632
0.0002939743551943849
0.00014010483398695155
-1.6475815677916487e-05
-0.00017158095525531846
-0.00030516295471631435
-0.000461811125469729
-0.0006010556353117761
-0.0007145267996137362
-0.0008511207803977183
-0.0009882961964488414
-0.001115263591544172
-0.0012193780528259863
-0.0013093834106278162
-0.0014174507490532704
-0.0015127348242166883
-0.0015901628159480392
-0.0016608157495480345
-0.001726273561048201
-0.0017931930528197583
-0.0018342482467713535
-0.0018489599177054776
-0.0018608125315815586
-0.0018636320931615213
-0.0018556196611999296
-0.0018220935562362553
-0.0017714886724674796
-0.0017201986512709962
-0.0016442612253719656
-0.0015553132001170492
-0.0014749927253457974
-0.0013934278682280479
-0.0013004977815619604
-0.001200616757417344
-0.001101656709712003
-0.0009995304070759576
-0.0008947765553085204
-0.0007833398371686224
-0.0006481593925450501
-0.0005040478428497587
-0.0003766534298132546
-0.0002538867702713112
-0.00011522333467913955
2.165347455345055e-05
0.00014526411810082712
0.000268856967650109
0.0003909537215258212
0.0005146986513237364
0.0006351348338618872
0.0007410884984934823
0.000848341525568671
0.0009698452339812105
0.0010917826344245608
0.0011969188606670283
0.0012909361784237182
0.0013790404269040202
0.0014540792356861547
0.0015258838316681254
0.0015965595463791273
0.0016496704556854802
0.001680059473914061
0.0016950265975540183
0.0017072306032003676
0.0017140607670637219
0.0017050403847613722
0.0016834588937070913
0.0016505441582232289
0.0016105772997258825
0.001570471750888569
0.0015240358969301569
0.001469584425943592
0.001415204384630236
0.0013639982360184387
0.0013024140877623907
0.0012172753940278146
0.001121700613171642
0.001026144779731194
0.0009268298290582267
0.0008183721819204141
0.0007000204605366784
0.0005843556284829686
0.00047031625795381713
0.0003467869305153193
0.00021576157335119093
7.649243063317807e-05
-6.297552398642745e-05
-0.00019129956587782748
-0.00030999539806362425
-0.0004159807644092599
-0.000509776497263538
-0.0006057581352266941
-0.0007159531651540455
-0.0008295487960706371
-0.0009306752391164434
-0.0010215448394563199
-0.0011053926749388548
-0.0011815154646981697
-0.0012498440903721418
-0.0013063030505466424
-0.0013553573339624646
-0.0013998884487748855
-0.0014281239160564483
-0.001436171285386908
-0.0014316642655267785
-0.0014254977768513538
-0.001422697793634189
-0.0014131518077412978
-0.0013940655964029627
-0.0013713759782143593
-0.001340229571114097
-0.0012935942351511194
-0.0012267882903341464
-0.0011406027905644328
-0.0010481223606627573
-0.0009625574020023186
-0.0008780115730910937
-0.0007807310053670003
-0.0006708404430097626
-0.0005515043804014512
-0.00042432548347810415
-0.0002967714498261693
-0.00017227588283541225
-5.1861540829300246e-05
6.17207239186013e-05
0.00017110430245278322
0.00028392182228363557
0.00040498864683651
0.000526972545293739
0.0006395256443080913
0.0007385972894931321
0.0008254638866287092
0.0009111540632774645
0.0010092501308990758
0.0011175507889322482
0.0012147556248834242
0.0012877057513681265
0.0013473637240927635
0.0014017983244325228
0.0014458637688726979
0.0014803931478280497
0.0015095697592843534
0.0015330214059007504
0.00155133315542542
0.00155917356250253
0.0015458609824412486
0.0015185477059626263
0.001492956960637273
0.0014662738141018622
0.001428045294346758
0.0013786211087396165
0.0013228958171384003
0.0012604080691855334
0.0011888502918763941
0.001105470609143636
0.0010068064026280427
0.0009007287388105864
0.0008028473534832539
0.0007127641604378241
0.0006192583669377042
0.0005151475343357957
0.00040198946715242444
0.000295741628149231
0.00020482690228454365
0.00011667670502137682
1.747593339636891e-05
-8.850739394486723e-05
-0.00018925587280293473
-0.0002865143468541099
-0.00038138259369184947
-0.0004729999510308661
-0.0005641879268086191
-0.0006429551449510428
-0.0007029624451598347
-0.0007613493295881261
-0.0008296431276883498
-0.0009030058612448666
-0.000969105888178773
-0.0010201786050430405
-0.0010587163636487306
-0.001086703507527968
-0.0011084610549674703
-0.0011269916296469526
-0.0011378986052704603
-0.0011401045449931637
-0.00113852041578319
-0.0011362620789662175
-0.0011283357710803515
-0.0011112850859640573
-0.0010884157627693524
-0.0010627321471387966
-0.001033236381552635
-0.0009889555736752377
-0.0009188303565763866
-0.0008350476944740027
-0.0007600805427699005
-0.0006954873687163071
-0.0006279507993866191
-0.0005504773959477344
-0.0004668292051492291
-0.00038514369245554197
-0.0003120805246893553
-0.00024212840685094425
-0.00016120219672662503
-6.925432812545724e-05
2.3827289811955044e-05
0.00010980590273664979
0.00019028709949364618
0.00027430576292120974
0.0003588145685741992
0.0004404875526743128
0.0005240346717297926
0.0006083714295063006
0.0006890941201166873
0.0007627522416617614
0.000825541981279221
0.0008811934432927811
0.0009400235112130572
0.001003518089051144
0.0010616878328421927
0.0011045983779825062
0.0011341734938219179
0.0011605387631962746
0.0011915516313727597
0.0012260996652774525
0.0012513068773345932
0.0012582177478801832
0.0012515159146972961
0.001237694965858266
0.0012195256473922376
0.0011952457379808977
0.0011610813519170918
0.001121527319294685
0.001079515721427803
0.0010291028818523351
0.0009654871814438007
0.0008860569274406506
0.0007987367515842951
0.0007188042547516029
0.0006463865181186528
0.0005688146614431666
0.0004817654640331215
0.00039256924859764524
0.00030512442867530027
0.0002179514187875048
0.000128061698720915
3.162694599354571e-05
-6.825029262583102e-05
-0.00016407757979599368
-0.0002560926406016972
-0.0003519883158931655
-0.00045115739454543727
-0.0005428718597780791
-0.0006226194103351632
-0.0006911921862359083
-0.0007535741709964825
-0.0008197391583729201
-0.0008840501792909583
-0.0009350491946777626
-0.0009799544514461557
-0.0010293835794576722
-0.0010792668785638976
-0.0011142572564528438
-0.0011289674014299024
-0.0011322430422318682
-0.001129519183451634
-0.0011253244809730546
-0.0011199392674372886
-0.001103286700876715
-0.0010715783534513443
-0.0010306829602757582
-0.0009840689802443718
-0.0009301845813151162
-0.0008674191590216372
-0.0007993111454547956
-0.0007307012978699717
-0.0006612777677542667
-0.0005848002271522446
-0.0004969003149716591
-0.0004057309827276514
-0.00032180191994975557
-0.00024794009886015025
-0.00017902176287192578
-0.0001010812630136504
-8.223577792377271e-06
8.577139883684051e-05
0.0001697138618853621
0.00024847606831445324
0.0003308974451741885
0.0004183457690151115
0.0004982728343725956
0.0005648027985862236
0.0006277508674056634
0.0006892986576272247
0.0007497299586428061
0.0008092906148888559
0.0008594873914410371
0.0008985961980749736
0.0009334570607764024
0.0009687142565124821
0.0009994880916708105
0.0010156024340680413
0.0010187751139360435
0.001021293435758467
0.0010248828794141283
0.0010177346221772897
0.0009955565271575293
0.0009660230061053907
0.0009343985531974294
0.0009012371243974762
0.0008632864957433868
0.000813852956737455
0.0007532868972296194
0.0006886843278043261
0.0006280811723149608
0.0005720305051023409
0.0005131233072604108
0.0004500794428857951
0.0003869915774578569
0.0003246204635748053
0.00025562056635187823
0.00017620323126854538
9.595099290874676e-05
2.1633493663103503e-05
-4.628074196922474e-05
-0.00010676334759704362
-0.0001675727051109477
-0.00023879793429296
-0.00031128748109356374
-0.00036911460183834454
-0.00041506059032238264
-0.00046141763311065997
-0.0005101100381653096
-0.0005547854375013396
-0.0005951041379868094
-0.000636008668754087
-0.0006738042068418046
-0.0007031235469549912
-0.000725302936505737
-0.0007402839748564854
-0.0007528185707914572
-0.0007719508246342089
-0.0007948004471376965
-0.0008110780291440792
-0.0008137843521835125
-0.0008023307388719524
-0.0007868112715720974
-0.0007718358341283101
-0.0007446449347777977
-0.000702363705508586
-0.0006602661007466422
-0.0006266444348920335
-0.0005968176226149864
-0.0005632251586322807
-0.000519280266820121
-0.0004621789773684041
-0.00040154508344658846
-0.0003514695221216615
-0.00030781661928738383
-0.0002570283414139748
-0.00019890150236620492
-0.0001385592926484483
-7.462346145231769e-05
-6.2189992294783396e-06
6.228816855261801e-05
0.00012238634262985105
0.00017208122026952114
0.00022024160645080836
0.0002763273741944934
0.0003442042969788349
0.0004159779591811126
0.00047857857015734176
0.0005263177827725359
0.0005651449162126795
0.0006079689543439467
0.0006567068019497206
0.0007015238225454804
0.0007417798021506737
0.0007833382526776667
0.0008213648756893765
0.0008499719559116115
0.0008693486156608085
0.0008788429053251182
0.0008805486427248781
0.0008827655753497134
0.0008882356609529859
0.0008873901831534886
0.0008728286413932773
0.0008499676704953069
0.0008276325602199599
0.0008037525559467829
0.0007705125207392203
0.0007303418468431596
0.0006912928424043122
0.0006522877072803483
0.0006056413588658451
0.0005498401801388464
0.0004905518811328081
0.0004303943358571277
0.0003688219007025903
0.0003104630080360778
0.00025539415774715956
0.00019422284688312043
0.0001234844847403764
5.0311456559366065e-05
-1.927379404217738e-05
-8.702409709484678e-05
-0.00015002044101000543
-0.00020138468577092345
-0.0002452470101449683
-0.00029029353006850196
-0.0003414033725236975
-0.0004048310230766248
-0.0004754415225330722
-0.0005329601073378582
-0.0005727173678045061
-0.0006058750089397297
-0.0006382964651408827
-0.0006713621746063179
-0.0007026613382059726
-0.0007275878716890826
-0.000744776111581106
-0.0007556402519722171
-0.0007616741843990774
-0.0007643725111727892
-0.0007675292635410131
-0.0007710719698056017
-0.0007667482511249542
-0.0007504522568620893
-0.0007258280862028345
-0.0006913254212792051
-0.0006494063889447875
-0.0006137471399861245
-0.0005857901218797533
-0.0005488875773571378
-0.0004973368079413136
-0.00044460983982727483
-0.00039769069695129097
-0.0003515507557821482
-0.0002992141446014689
-0.0002352014037114051
-0.00016495390390022294
-0.00010311430063193698
-5.46153825063203e-05
-1.0809210135523017e-05
3.892531051590078e-05
9.808005983323389e-05
0.00015705034377563
0.00020883889483632
0.0002593261237612873
0.0003117651164914119
0.00036042123965258715
0.00040120955113447007
0.0004422064906533545
0.0004895947591715598
0.0005338591815908984
0.0005681133222217179
0.0005976317592990129
0.0006246046874124975
0.0006493191718473217
0.0006761339283729804
0.0007046304892936254
0.0007268989212213142
0.0007366755285953866
0.0007372303741190999
0.0007334773449124411
0.000725905954287106
0.0007157034820502281
0.0007045867556579483
0.0006928194946407148
0.0006814643623499333
0.0006652416716294982
0.0006359483645497971
0.0005972986145174877
0.0005570242972614608
0.0005191429390051776
0.0004853933138270055
0.0004490527100234946
0.00040282899134408683
0.0003507447841140042
0.0003000645533440246
0.0002517031412266389
0.00020473215381577688
0.00015953692497155803
0.00011189232489697126
5.4856666624594614e-05
-6.562115773393469e-06
-6.291149460322086e-05
-0.00011727842975338273
-0.00017257670330129518
-0.00022316470622147
-0.0002670882756519653
-0.00031087085941122235
-0.0003568357375485554
-0.00040068720196757986
-0.0004428947666264255
-0.00048504905458647524
-0.0005259414338585889
-0.000562250637084146
-0.000588431018644227
-0.0006044005248999895
-0.0006190950209025209
-0.0006396424418613216
-0.0006631407412391303
-0.0006825996214216148
-0.0006930581857188535
-0.0006903740070850509
-0.0006773749759823106
-0.0006630363345616773
-0.0006460572108302967
-0.0006232205443242332
-0.0005999617023716726
-0.0005720716147882332
-0.0005296124083687847
-0.0004791850168110312
-0.000435618387441494
-0.0003977816895847862
-0.00035538163429178765
-0.0003070758599280353
-0.00025357130045084423
-0.0001903817818736931
-0.00012020427968707655
-5.395528160575645e-05
6.2858712199229425e-06
6.376437627805965e-05
0.0001199264737424923
0.00017763997819234594
0.0002368231818381026
0.00029399796127771525
0.00034983208218198285
0.00040607198194973857
0.00046014566671836565
0.0005100877431692571
0.0005537305361656002
0.0005933718582097839
0.0006341177853894126
0.0006742433591810237
0.0007071045246329273
0.0007288599708453449
0.0007460677426728589
0.0007634611471530714
0.0007773956186021584
0.0007924160417881712
0.0008125655504102685
0.0008253267172508935
0.0008207503674882981
0.0008059815508563941
0.0007876510633923102
0.000764653498001877
0.0007364315854107346
0.0007071018192612525
0.0006790007330290949
0.0006482336117519812
0.0006130183129704207
0.0005729342421693787
0.0005252442659355181
0.00047123229196539194
0.0004142683970867451
0.0003551374360833822
0.0002959211869270941
0.00024013403389217666
0.0001870424876397453
0.00012858562731675945
5.963231625913067e-05
-1.06131325560665e-05
-7.119252441108398e-05
-0.00012130897722231145
-0.0001670632680238208
-0.00021315128837631452
-0.00025969649914222616
-0.0003096192983050231
-0.0003612873254080339
-0.00040026366242024115
-0.0004221785612230508
-0.0004401291101556109
-0.00046411165896653814
-0.0004925576178492527
-0.0005202189224819168
-0.0005453700813787913
-0.0005620095403716004
-0.0005661189987108844
-0.0005688004137947092
-0.0005772069564713587
-0.000586044924238995
-0.0005894209951074874
-0.0005844545050673616
-0.0005693006806745288
-0.000545740206573698
-0.0005219787523160732
-0.0005006817493994287
-0.0004739374838838638
-0.0004395301630923597
-0.00040152259061701994
-0.0003622653127349862
-0.00032253887907342514
-0.000280891517790269
-0.0002389613678050394
-0.00020098501640617965
-0.00016599850573083906
-0.0001332825253153297
-0.00010737431484285507
-8.630299392220241e-05
-5.935915739858595e-05
-2.2382861504363528e-05
1.916813672175314e-05
5.9289553624357256e-05
0.00010031589967035592
0.0001430019023056495
0.0001780742243212288
0.00020575888217105501
0.00023701715496213306
0.0002687904457333343
0.0002932132103993405
0.00031328672103199986
0.00032782159119465617
0.0003326240643091864
0.00032955657155315956
0.000320833529048396
0.00031005883561488484
0.000302718769894404
0.00030451894637403506
0.0003203448478761858
0.0003520443759169626
0.000396051395073714
0.00044749950008411146
0.0005031885563038407
0.0005577168762589953
0.0005992107825865287
0.0006151937382088142
0.0006047174794466282
0.0005750407168759726
0.0005312813044684902
0.00048076147697746833
0.00042832798643719966
0.0003684242518632918
0.00029554523556317756
0.00021920174449990563
0.00016012845089469598
0.00013142218670719757
0.00013306310508125421
0.00015879497938991435
0.00019815224951551808
0.00023688062180725705
0.000264105223624141
0.00027040700384169396
0.0002458202756485864
0.0001960749638748878
0.00012736387098414274
2.674920966520055e-05
-0.00011274529184197386
