0.0
0.0
0.0
0.0
0.0
0.0
0.0
0.0
0.0
0.0
0.0
0.0
0.0
0.0
0.0
0.0
0.0
0.0
0.0
0.0
0.0
0.0
0.0
0.0
0.0
0.0
0.0
0.0
0.0
0.0
0.0
0.0
0.0
0.0
0.0
0.0
0.0
0.0
0.0
0.0
0.0
0.0
0.0
0.0
0.0
0.0
0.0
0.0
0.0
0.0
0.0
0.0
0.0
0.0
0.0
0.0
0.0
0.0
0.0
0.0
0.0
0.0
0.0
0.0
0.0
0.0
0.0
0.0
0.0
0.0
0.0
0.0
0.0
0.0
0.0
0.0
0.0
0.0
0.0
0.0
0.0
0.0
0.0
0.0
0.0
0.0
0.0
0.0
0.0
0.0
0.0
0.0
0.0
0.0
0.0
0.0
0.0
0.0
0.0
0.0
0.0
0.0
0.0
0.0
0.0
0.0
0.0
0.0
0.0
0.0
0.0
0.0
0.0
0.0
0.0
0.0
0.0
0.0
0.0
0.0
0.0
0.0
0.0
0.0
0.0
0.0
0.0
0.0
0.0
0.0
0.0
0.0
0.0
0.0
0.0
0.0
0.0
0.0
0.0
0.0
0.0
0.0
0.0
0.0
0.0
0.0
0.0
0.0
0.0
0.0
0.0
0.0
0.0
0.0
0.0
0.0
0.0
0.0
0.0
0.0
0.0
0.0
0.0
0.0
0.0
0.0
0.0
0.0
0.0
0.0
0.0
0.0
0.0
0.0
0.0
0.0
0.0
0.0
0.0
0.0
0.0
0.0
0.0
0.0
0.0
0.0
0.0
0.0
0.0
0.0
0.0
0.0
0.0
0.0
0.0
0.0
0.0
0.0
0.0
0.0
0.0
0.0
0.0
0.0
0.0
0.0
0.0
0.0
0.0
0.0
0.0
0.0
0.0
0.0
0.0
0.0
0.0
0.0
0.0
0.0
0.0
0.0
0.0
0.0
0.0
0.0
0.0
0.0
0.0
0.0
0.0
0.0
0.0
0.0
0.0
0.0
0.0
0.0
0.0
0.0
0.0
0.0
0.0
0.0
0.0
0.0
0.0
0.0
0.0
0.0
0.0
0.0
0.0
0.0
0.0
0.0
0.0
0.0
0.0
0.0
0.0
0.0
0.0
0.0
0.0
0.0
0.0
0.0
0.0
0.0
0.0
0.0
0.0
0.0
0.0
0.0
0.0
0.0
0.0
0.0
0.0
0.0
0.0
0.0
0.0
0.0
0.0
0.0
0.0
0.0
0.0
0.0
0.0
0.0
0.0
0.0
0.0
0.0
0.0
0.0
0.0
0.0
0.0
0.0
0.0
0.0
0.0
0.0
0.0
0.0
0.0
0.0
0.0
0.0
-6.250124259190297e-07
-9.94548828464091e-07
-6.7967638103983e-07
-5.186864311224159e-07
-4.1004669052193223e-07
-3.4535785265919466e-07
-2.899944908334842e-07
-2.8816111637641073e-07
-1.4532293666418152e-06
-5.787089652866545e-06
-1.1493763134561736e-05
-1.568774672683199e-05
-2.0755118227151458e-05
-2.8564601651806785e-05
-4.7406239287110335e-05
-6.304172269356452e-05
-6.276868539873505e-05
-7.103089601429313e-05
-6.918888221901415e-05
-3.786097842703095e-05
-4.934818320612622e-05
-6.833700697686258e-05
-3.587427689084372e-05
4.259683827944105e-05
9.913175038655594e-05
6.313586508538539e-05
3.777023906459956e-05
6.52377964602441e-05
3.0330783570470216e-05
-3.376168124214439e-06
6.531773527473609e-05
-1.9170340788874934e-05
-0.0002920163250936004
-0.000414490003131743
-0.00031742299028560903
-0.00030592857993681305
-0.0005034468969130944
-0.0007036678460618585
-0.0008339592927928279
-0.0008733750924956791
-0.001002068091338163
-0.0010149877286389879
-0.0010323759250167252
-0.0013138063922584072
-0.001500300280141231
-0.0012283578545908107
-0.0008478070218215031
-0.0009935108798980411
-0.0012743145120491693
-0.0012439175071601544
-0.0009503988389207037
-0.0005415771351824896
-1.0425206891571999e-05
0.0005190833159063575
0.00022779270443104978
-0.0006885444885934962
-0.0012798655216875482
-0.0012458610954796789
-0.001090582227597691
-0.0008301066802653948
-0.0004360085489106711
-0.0002993000368684542
-8.988508347814142e-05
0.0008320787419313967
0.0018670132382777563
0.0018687333035602063
0.0013397022236161127
0.0012429505387571227
0.001300817086051832
0.0010272633168153258
0.001226521849188538
0.0020149107883821065
0.002483746892561116
0.0021607873488714686
0.0022163518035629845
0.003787798000446129
0.005192097236184333
0.005056466877419828
0.004139468017934056
0.0036803989076920566
0.0032686765224816923
0.0022707975999157535
0.0022678559641917282
0.00220161709399571
0.0011326171744542653
0.001504514304254626
0.0029958965685657544
0.003941689948677467
0.0038356787390397386
0.0036050589716420025
0.003413423034455366
0.0026156917690054963
0.001963371857887639
0.002606375319719671
0.004023789713729725
0.00425116013224945
0.003459710735377352
0.0028765596794997823
0.003044272044026808
0.0031433340816596645
0.0023788563132208385
0.001006446711059246
-0.001309279634737298
-0.003086871094459419
-0.0029475972473793385
-0.0010897509093858936
0.001428005533072536
0.00196161727475973
0.0005830451265582107
0.0004595629279032829
0.0019926195478051443
0.0020796651641523086
0.0003169952325453846
-0.0022344145373036483
-0.0034244389177662594
-0.00300687767793122
-0.0026205952070726666
-0.0010121062638654154
0.00016470433274806814
-0.0011769574400152163
-0.0018029869645162537
-0.00023067356228993922
0.0003453845075655113
-0.00016758472733183414
-0.00035190352617928583
-0.0020219492230687526
-0.004500043874461749
-0.003921459968109635
-0.00029312978376022696
0.0028607176639500183
0.003240981563606687
0.0010215617906368499
-3.64672536746336e-05
0.001144750043292189
0.00025546617464080375
-0.0023621633103185556
-0.003689083048135771
-0.0051236455411569175
-0.007062833383792954
-0.0083354179264453
-0.008174432426921127
-0.006186042810018833
-0.005742738824795678
-0.006779783525880506
-0.005728149414256035
-0.004796053214135076
-0.004934815559245414
-0.005394262143301923
-0.007089666539737581
-0.007160211401433288
-0.007123452326922202
-0.009868576940290795
-0.010313204725015967
-0.0077342087592797
-0.007009159918791804
-0.007469923848288079
-0.007378772799928113
-0.007227439493173288
-0.006489368126444197
-0.006207705873977323
-0.006043732584884953
-0.004419332349815011
-0.003376515793159975
-0.004362915452133066
-0.004792743625990272
-0.0021418008218661833
0.0007022825376712306
0.0003767968409349545
-0.001365900652239329
-0.0009675149120628628
0.0013453709197162173
0.002481887232005623
0.0019885705379389046
0.001674434935535022
0.002184910294902183
0.0020167278695570013
0.0010076931594769827
0.0014119761048253803
0.0025385359291550127
0.001910679618162003
0.0005957836139432876
0.0006986225333251494
0.0007288313745641299
0.00022386107849701803
0.002359853579638114
0.0060171921203197535
0.007772183260892845
0.008569579904609102
0.009144724725165802
0.010061345335499074
0.012386814366557196
0.014028537938040054
0.013475719809507049
0.013038901148419744
0.014255449968300261
0.01587780703795224
0.017644151644113107
0.019415213210886687
0.01945376086948571
0.018290184642648682
0.018130011765389205
0.017251263938665738
0.01578598751284015
0.016919329153449552
0.017748256408261952
0.01630502431304125
0.015721484021285037
0.016957579557393535
0.01841931189997533
0.019263586862200765
0.01984078639926585
0.019535510391320968
0.01859882135893024
0.019100332068420076
0.021082931447595512
0.022083550843203147
0.02169465232239531
0.021183218536538956
0.020237485104827282
0.019755271663654837
0.02067302103336641
0.02112731272999724
0.02091924985190762
0.02149817933799063
0.022111274124250534
0.022548317793303473
0.02376901134911821
0.023887387086661903
0.02219143549334966
0.02218055882255919
0.023917230262777825
0.025027266130304614
0.025751883917998777
0.025760017871062656
0.02539228606302385
0.026232830975774474
0.026980252080057707
0.02475321620786975
0.019450479926955276
0.013742549940666374
0.011073722323878323
0.012404496984178644
0.013358264598003985
0.011733345684285464
0.009049731073186195
0.004956558593286634
-0.0002593719261104375
-0.00501441358044315
-0.008459165239141336
-0.014074306593576762
-0.022806494029801005
-0.029547949007548088
-0.03173527305822704
-0.031793468451011844
-0.036330296669559226
-0.047756426475792646
-0.061352546151533884
-0.06897715436808514
-0.06862033649864664
-0.059821960430442876
-0.04252679733969223
-0.02697830914761007
-0.019133563911333994
-0.019578786936203876
-0.0234527265333424
-0.025435466124053632
-0.026355322041662053
-0.025901030450592295
-0.02726902693666857
-0.033191093635383306
-0.04024271936547884
-0.04104147491061794
-0.03533614600788874
-0.030689286868501506
-0.03114112437943789
-0.03881337450607684
-0.0458698572515275
-0.04413144035285634
-0.040726850336606654
-0.03871525118021048
-0.035351773837798986
-0.03268011690276531
-0.033043154994372013
-0.03034283746138633
-0.01845522503249367
-0.012140636065284118
-0.017167706107608264
-0.0213168145229746
-0.028311999035866245
-0.03657135022870299
-0.03888120568861514
-0.04160488664329574
-0.04448199338465964
-0.0471358375051586
-0.052824944570771235
-0.05519401656931104
-0.048211115463733634
-0.03775555058638398
-0.035042087715423845
-0.04756585432300242
-0.06641575231879215
-0.06902108107353858
-0.06008142532538988
-0.056186064103604175
-0.0541871450445374
-0.048363361182999026
-0.03338273426161156
-0.01534472013614256
-0.010731765453580877
-0.021848787766212442
-0.035564235645009046
-0.03987408110639832
-0.03314060504897957
-0.02834932991104331
-0.0372434075666142
-0.0462138365369935
-0.04422312043395542
-0.03931471956991379
-0.03743090459423777
-0.03694389754180252
-0.036091487487493294
-0.03820050667328555
-0.04421098830807727
-0.05088906506519375
-0.05036667778636556
-0.03957774152632644
-0.026802629824857666
-0.012218020891200101
0.003269014106908801
0.0013503204838258202
-0.009677023804546133
-0.003500606460402533
-0.0016651432551312967
-0.012363080672529855
-0.009881240500655945
-0.007336825083340942
-0.013887536110390633
-0.01851766518155366
-0.028891063119961827
-0.04052565968996492
-0.040770284778351866
-0.03933517913740656
-0.04226133436378174
-0.04648122325018785
-0.05126235627854456
-0.042464866515288
-0.013337519844247086
0.013165013501395092
0.02011178800338063
0.023687427333437303
0.03257682854222941
0.04411916398674217
0.06964627375347049
0.08735039353749663
0.07577854344467987
0.06925702308969625
0.0812258728148985
0.0908907796319878
0.09499041465731453
0.0892075342808162
0.07326512487821038
0.06182632924243425
0.05865975234164953
0.06269024163553921
0.06545403444109171
0.058278229369373435
0.055382861669411976
0.05844874436858133
0.05879489986237138
0.06220265418776395
0.06801357955524036
0.07708206239811571
0.07827136056820376
0.06291402575066225
0.05265773841155196
0.05173530751550392
0.04708673230226298
0.044593548891514526
0.06275774949985895
0.0874792716369145
0.09351595174505725
0.08942279307317688
0.07982581263029352
0.07647253829146551
0.08135230049355498
0.0780684141799494
0.08733017732234288
0.1084214980291138
0.1051947168767316
0.07740713118259301
0.05191746119669338
0.040137403478588365
0.03632211519128726
0.04415752606025381
0.04665780689359665
0.028622289881208445
0.030732040311518046
0.05983952386473666
0.07209548829820449
0.04649240950751264
0.0044767800109343
-0.01390122768425743
0.0011160758255883035
0.022427834960431103
0.025448778857247306
0.028615360863972376
0.03738962599917332
0.03923035468927471
0.04610335579833846
0.048848504519265486
0.04636613155359211
0.043519780055437135
0.030781116733220218
0.023000972617721098
0.03582074717352938
0.06312830080084152
0.08898979179397552
0.09808429439906244
0.08175238917625148
0.0672158511033934
0.07861680756120515
0.09204729688004094
0.08766761479760725
0.06539117160048384
0.04194970535471457
0.027899542413496545
0.0068406295012981965
-0.010005704799871864
0.004503206246816852
0.017271392565402374
0.0017529028699508143
-0.019257479772977683
-0.03718984512246575
-0.034845224555513796
-0.020132205118636733
-0.02309626864425385
-0.026926860867310252
-0.02038276739978078
-0.00245140529889518
0.008960120971491906
-0.013983933238225402
-0.030765844907926835
-0.018007774744059377
-0.01462423233174611
-0.027480483452897775
-0.029811367107271898
-0.015687274617607404
-0.011764387688637658
-0.02864500770407173
-0.028253927919289757
-0.00316766142378662
0.011139145311537906
0.012936537562220221
0.00551827877518311
-0.017955131983576466
-0.03830018895447525
-0.05084118601204192
-0.07904134091182861
-0.10151786420909734
-0.09190712834981492
-0.07968197886367445
-0.07880303130030616
-0.07434251547042538
-0.06892576368317316
-0.06786496887857975
-0.07005442433984904
-0.0782643498678085
-0.09127955638479514
-0.10881120273726351
-0.11448715292034557
-0.09772452522031379
-0.09053464507271587
-0.10589906338248328
-0.10889024632284595
-0.09080210841576446
-0.08207311095726376
-0.07732176302080156
-0.06168603932209006
-0.05041801942188204
-0.0479252065296082
-0.04816985781258688
-0.04745810293288373
-0.04291998588505735
-0.037074750399811604
-0.03781820238028117
-0.03849453137316317
-0.027820755694461262
-0.017027948042079823
-0.009719102869707869
0.0004588560941292558
0.008757534711788827
0.01522511244701087
0.018151035916767932
0.012211223524276183
0.004388744557169438
0.0032781634666517994
0.013124318808419194
0.02101726642315912
0.014448601067702687
0.00217280711665208
-0.00666140247794267
-0.00016541604389044205
0.02284998119324055
0.03487721638513043
0.0250878066814903
0.022815364756539117
0.031341917054212326
0.03430394642025798
0.033714453269145336
0.021627710091921843
-0.0006206896349659863
-0.014615195797813462
-0.021083551651581517
-0.030348864239873045
-0.037231420039098
-0.03713701204010539
-0.03215261159168205
-0.025535085387913086
-0.01873762326210217
-0.001839234170616985
0.007986619101545302
-0.005737795302755263
-0.016956229793483633
-0.020177968362260126
-0.028998030681805623
-0.03764512864621372
-0.03220317385837391
-0.014187080952538017
-0.0026452816402504084
-0.006331323980541609
-0.016677413993766307
-0.02080272021872811
-0.010263641605505833
-0.004089902581490491
-0.015147116297296214
-0.01696559101314832
-0.010012615439497517
-0.01504956439743114
-0.017979377118431856
-0.0025315569112492613
0.01580237047286552
0.019030730972610845
0.014329265962096197
0.006420282677698708
-0.0034063974605257163
-0.002681209806219211
0.008889599539719224
0.017973064357837326
0.011861918994622512
-0.003323724339622632
-0.008694704904675882
-0.009649602911066254
-0.011208922744969508
-0.0062173168696218655
-0.002763151604486866
-0.004126321007795747
-0.004424879483527611
0.0010832980350479835
0.009766454649193203
0.014388793867022145
0.014716445930229707
0.014900237937025418
0.01732811122027701
0.016847534097718518
0.012168046612718275
0.008234543009311356
0.0035944759010065643
-0.0017240871273392505
-0.0009748208468673278
0.0002630005604832835
-0.0034135517800875374
-0.0021563598033117015
0.002898023227208629
0.0009865932171038857
-0.0056080334700818
-0.005777292696977107
0.000553404374635047
0.004352550188841968
0.0019699437082272195
-0.0013922284629202283
0.001541062780657674
0.008009005144291297
0.01390477632219559
0.018969276085363147
0.021914929539907483
0.022604181681928875
0.01706655207767206
0.006725860498056097
0.00017480009529477193
-0.0015224418979039706
0.0006873973599523617
0.004345213667870552
0.005924670076438197
0.007248162463645894
0.007725083772132651
0.008464033047075556
0.011871419545197055
0.011603889601524172
0.00721148074039616
0.006413048389574943
0.0100950484270657
0.012589552185530784
0.011057997606143663
0.009160545953416534
0.007529305381003122
0.005350684745142446
0.006320413360440097
0.01027873829040438
0.012455954777201792
0.014346871756459281
0.01535813700479759
0.011680808454242885
0.006566316912884976
0.002796658653355638
0.0017524501945019781
0.0005537170599144736
-0.0018901774046133917
-0.0027825064589756276
-0.005510766671210789
-0.008402706514238887
-0.006005254294566389
-0.0011700539063247207
0.001260618052072631
0.0005858521749180871
-0.0022115093384914124
-0.00553728892374312
-0.00816442160150601
-0.010677727076466116
-0.011863223747140694
-0.011267795784597691
-0.010963577211225041
-0.013400542671042523
-0.018190421361466414
-0.018432860535580235
-0.014127322086870174
-0.013016852601351072
-0.013786005370009128
-0.011236157951011483
-0.006806151322754586
-0.0040263267019338906
-0.005966044107125263
-0.0120884825308143
-0.015999017685421116
-0.014964421406901011
-0.011616127814912712
-0.00848159407215296
-0.0068329155378109435
-0.005366403089952416
-0.0021102463912824544
0.0016736427840276606
0.0010725487469814732
-0.0026036106382371603
-0.0020953996063195176
-0.00044707890116476423
-0.0033793267225909096
-0.006909236730121214
-0.007312650375612323
-0.004761257919142164
-0.0008608453704560585
0.0017158133568161771
0.0021663992571978475
0.002815392796287506
0.00680929253857407
0.011382371543516947
0.01045825536905211
0.007955248037462967
0.011478566015158714
0.01633345614364695
0.013918837049907738
0.00711667987989235
0.0068024239577392604
0.012380165784209559
0.01569062061892705
0.016743091650923213
0.015699756933739133
0.013575397547181884
0.013758503496346526
0.015092265236601336
0.015947582201706813
0.01744698992867651
0.01850691141279168
0.016346356084843354
0.012785314564628222
0.011325051130222197
0.012860031207023144
0.014838539452167331
0.017179863329573154
0.02150305057549356
0.0221251374644924
0.017994784935178712
0.015717903600645428
0.015923542689514365
0.016066425328105656
0.014411220545745722
0.010662723480029229
0.007811219782335903
0.006354694572711647
0.006367644583225634
0.006954983275746704
0.005162130989989735
0.004495390870297073
0.006662138172475936
0.007570223527938452
0.006245507517589692
0.005892841271422931
0.0077301786607940895
0.008446979081000007
0.00782337051670514
0.008044139904843588
0.007375854443279163
0.005188344827044568
0.005258609059178103
0.006040378245215868
0.0034815247021412732
0.0014717841633140403
0.0018762730817239528
0.0006275478598764576
-0.0028238041537144358
-0.00646050651191859
-0.008263455972334466
-0.00754038660986295
-0.0058604907108258785
-0.003772696642967316
-0.002761884228482993
-0.004249258678869003
-0.007430498767885969
-0.01057668679979785
-0.01098973764310292
-0.007109399182728346
-0.0025849147649182253
-0.0017695789586140746
-0.0011222095059382291
-0.0004678111647800985
-0.003534697620125765
-0.004828782004868747
-0.001458237901981006
0.0004765536947648328
-0.0015181248382891094
-0.004604480166201444
-0.0067746746380929505
-0.007939880899471919
-0.008606921905711377
-0.009274863966955885
-0.009831872530256304
-0.008086259369780259
-0.0035020000701828646
-0.0009659891676044219
-0.0023679666210801344
-0.002382228995478409
0.0012313610606996465
0.005924156738596174
0.008564837979980994
0.00697813253606929
0.0044116081392561474
0.0040072331363565925
0.00369864213298055
0.0029117557891244193
0.003249709442296075
0.004630137311938511
0.006602375121028658
0.007883803778735696
0.005598322234189143
0.0006313121415674907
-0.0018689986042488282
0.0008889434390469767
0.005802826060462053
0.008761490485436
0.009380131114755922
0.006914239118555158
0.0025741450590908857
0.0016418362896200233
0.005470146129720487
0.00970686806317366
0.011841020096974257
0.012171321545327534
0.011102678664027154
0.010270365063209613
0.009411965862940339
0.009166748527056552
0.010731196767880806
0.010731979512293563
0.007726275721422371
0.0041726676701046754
0.00046317332415004886
-0.0028728294444364598
-0.0020982223165680377
0.0017478707471766527
0.002761031801517395
0.001147471014894235
0.0013844282531884655
0.0033552160640194007
0.004138636944750817
0.004230214304120904
0.005411865370829293
0.006290011627183724
0.005469330230649037
0.003033990910160337
-0.0002100078974727074
-0.0026992590242517394
-0.002739896743467324
-0.0004922781195929394
0.0005069648814669906
-0.0008792050361036119
-0.003073788446369466
-0.0044737952693821754
-0.004760500041620888
-0.0070082690706538735
-0.010378716577315025
-0.010096381266644958
-0.00799595458828655
-0.007152079551502028
-0.005813064612216822
-0.005672890061533433
-0.007061058453999878
-0.0058631702625442424
-0.0028782772165614904
-0.0007822770727355194
-0.00038788295756071994
-0.0013946086886765573
-0.0016626580749108733
-0.0015234178702491013
-0.003088566426811324
-0.00532000452917805
-0.006646481276284053
-0.007772662291932878
-0.009392283200756208
-0.01050813268869976
-0.010317375298209426
-0.00944798733650578
-0.008460254196979931
-0.006832557476591162
-0.004315689449818142
-0.0033860929453574454
-0.004712210218642589
-0.004761272530406452
-0.0029470358908052253
-0.0012277294235014703
-0.00046937132045736675
-0.00028487604331507596
6.097327552522745e-05
-0.00010727490821226412
-0.00045511671534194387
0.00014619143565647376
0.00015509013912792636
-0.00034891702890930607
0.000876907752351267
0.0010483410372949223
-0.0015536564386241787
-0.002999255700104328
-0.00228798329923537
-0.001581684135949837
-0.0011862783878766497
-0.0007008560543506286
-0.0001743018035736884
0.0006960402186609113
0.00228070988041425
0.004601359414487808
0.0061552937672916044
0.0066704170076344015
0.007915329676084994
0.009513301907345059
0.009654918875633741
0.008185625258281433
0.006231679018377255
0.004951404628075879
0.004604019710734112
0.003934873665617843
0.0033041792753145433
0.0030572756525188947
0.001086443150854403
-0.0011791112466656242
0.0002833250417313998
0.0033985841789037864
0.004397115036228955
0.004487963439615888
0.004690714079855538
0.004235568465171867
0.00290891569736789
0.0021312968523840123
0.003822450794869399
0.00586649178141491
0.005908889087876318
0.005319590590251747
0.004451066119768135
0.0035480251041218893
0.003601160343225096
0.0034831562737974294
0.0017312008170454086
-0.0003859833207073978
-0.001070750267501674
-0.0011877309734867616
-0.0023307874639356685
-0.004236649247841352
-0.005072697268777158
-0.004672672651168977
-0.0037265435373857866
-0.0028284713318602606
-0.002664007299221013
-0.0022888296932181283
-0.001356889228071648
-0.0004610953918493631
-0.0001443248985452538
-0.00014760151137129795
0.00022184939152872265
0.00029221963311373725
-0.0004987777721679828
-0.0021873514730067134
-0.00404878912889654
-0.004771026987131816
-0.005252890418658715
-0.006946614249911955
-0.008162703429029253
-0.007230206658660379
-0.005754357598827429
-0.005747506498253282
-0.007146161459622614
-0.00762029387119933
-0.006313617929645911
-0.005001452058366014
-0.0040078822220050055
-0.003440230878904493
-0.0036850618901623686
-0.0041394138606860595
-0.004344026339517687
-0.0032569286752909747
-0.00130019531615656
-0.0013366967192256606
-0.002347709058611672
-0.001692962648818283
-0.0019206214872867216
-0.003649959610977541
-0.003929470656444322
-0.004307261127669006
-0.005686072233959668
-0.005293062863579188
-0.004313119307537011
-0.004860987253309702
-0.005713435273745093
-0.00500545577454245
-0.003174544389058208
-0.0024896458457089217
-0.0015487813791662214
0.001091465995144321
0.0023627849149860094
0.0013768944637128362
0.0007528588530806725
0.0015001409600129399
0.002652098021137427
0.0029102390994819654
0.0023037497125195914
0.001632974146867371
0.0007624746458889546
-0.00016928233417997374
-0.0003195041308100685
0.00022789459847910476
0.00022622974844222464
-0.00014666139146406065
0.0004144807115832208
0.0017290444647848884
0.002409067667688722
0.0020336864146094655
0.0015728221513586992
0.0018092299881380428
0.00279421780057225
0.0035948575843726244
0.0036119979114476917
0.003817041482671934
0.0038423643620104464
0.0029878675120567056
0.0030147611741779706
0.004326723991528542
0.004520687387147122
0.0028704898407630776
0.0020719835673516296
0.0023208348889800765
0.0007315200995696989
-0.001753880127315562
-0.0020361152921366307
-0.0005689108309496611
0.00032732952725281124
-4.505833011162529e-05
-0.0007857047425756266
-0.00047221283026033277
0.00020829861464178066
4.091275103935471e-05
3.2048546909988626e-05
0.0010328072086248895
0.0022609963537574473
0.0023941803986320294
0.0016233740716985196
0.0006167259763371623
-0.0004312948004087513
-0.0005737466275260313
0.00014471103294079707
0.00019470016800414886
-0.0008844359415164898
-0.002370704580621079
-0.0034599273030885423
-0.003619660801156743
-0.003177401057100851
-0.003034977315108206
-0.0027857052708922933
-0.0016221592493737736
-0.0009266983217453098
-0.0014130650905877732
-0.0023653607362841486
-0.003220686905541074
-0.0029860044194015773
-0.0016540209286912625
0.00015705091963692642
0.0012083685177920812
6.710314924793032e-05
-0.0016841715540897879
-0.0020536417489148318
-0.0014645474963614204
-0.000584686963340093
-0.00020912244113163798
-0.0010174627173761693
-0.0021357693133965214
-0.002762609705464715
-0.003171161523442209
-0.0034326249630732292
-0.0029923329344237913
-0.0016166151993850042
-0.00034548132180730305
-0.00025094724305190923
-0.0012591888442803128
-0.0018839168503749218
-0.0010045917451804735
0.00011467348474010152
-0.0001884869522054648
-0.000558432762187221
0.0008533811479743212
0.0018501096933464072
0.0010049121198555373
-0.00014878883508094457
-0.0010457471080904056
-0.001404192246693361
-0.0008686136162862017
-0.00020847580412987628
-3.644806818990217e-05
-0.0003181399237945826
-0.0013458846785998479
-0.002367564510029275
-0.0017554649640088796
-0.0001279385882688171
0.00047784568856047
0.0006939864986901625
0.0017925396238875875
0.0017027337845212666
-0.00014946118090361217
-0.0007953141008887161
0.0006571585409798505
0.0022793232036646136
0.0028868782522435497
0.00287421782536685
0.0024006451980085643
0.001133689652137238
-5.91840208533976e-06
4.786007705160755e-05
0.0008482054826862166
0.0014110566800893828
0.001214049365064191
0.0005676736472020107
-0.00014326988576021898
-0.0005466684369121276
-0.00044376702680992003
1.144361043202239e-05
0.0006010751692585829
0.0010151283942430016
0.0012171927259648151
0.0009468956409561261
0.00036617111192539516
0.00018627968151781042
0.00040583076887216833
0.000884189639881226
0.0014764688666512238
0.0017755710243902458
0.001641427614281772
0.0010160208214256806
0.0003073974580707076
-0.0003950073988809772
-0.0013185115783651035
-0.0011793251690571614
-1.3911066544783797e-05
0.0005017713024746792
2.2960878913545795e-05
-0.0013016159656743542
-0.002342716062270956
-0.0016593868482254071
7.193080491624764e-05
0.0008723399594674548
0.00019546552399783923
-0.000174167742485471
0.00022361178440668094
-6.668388310734444e-05
-0.0007540856203025814
-0.00045382802354889177
0.0007755587501799553
0.0012239445910531136
0.0002534617566810027
-0.000566833511365657
-0.0005150606627378958
-0.0004295973531599291
-0.0007008577803825723
-0.0008722171569165137
-0.0006762055731504484
-0.0004290106958003179
-0.0003813432597097779
-0.00044595879320937437
-0.0008636716569410312
-0.0013110613140097838
-0.0010098148370199268
-0.00040372625533701914
-1.945399285197142e-05
0.0002236964384401805
0.0002799646513493245
0.0002924583921311496
0.00032572255827754943
0.00020269457354420573
0.0002931059092591451
0.0008893768915865917
0.001361050946507023
0.0012891831940812757
0.0006338335141269089
-0.0003611453904343693
-0.0006657037146201977
-0.0004548948553620416
-0.0004574218734822673
-0.00019195727317998084
0.00036811727577047563
0.00040312429377966714
-0.0003922786045121398
-0.0009608474837703234
-0.0004902975548158632
0.00039055745070632164
0.0011097909745741976
0.0010961279651098207
0.00034638677641146806
3.0100801795981036e-05
0.0002785596929242403
0.0005411430932894132
0.0006706062178697796
0.0006666466234280674
0.0006642908302316193
0.0004765064925110452
0.00023441618962390622
0.0003083936116152578
0.00032211906658487433
9.375908651447205e-05
-4.2715427668472976e-05
0.00010564823338976883
0.0002183567981582974
-5.2342795964348685e-06
8.27531540574724e-06
0.00014336044607964147
-0.00016419407976341315
-0.0004621882180173677
-8.641507494703914e-05
0.0008109796527357964
0.0010738755339147242
0.0006632583809945244
0.000587297429155568
0.0007227279998616155
0.0006998328455633205
0.0006451102524407199
0.0007091467712796207
0.0007682324124987448
0.0005345668415622778
0.00010129913827938476
-0.00037177333396650397
-0.0007155634532862796
-0.0005586733576540499
-0.00035018007948909587
-0.00039877900796435106
-0.00020958734189120552
-0.00010607505220925237
-0.0003951125754680792
-0.000568651943863955
-0.00031681118479290045
6.139591241917166e-05
0.00018115566234338165
0.0001599952593492543
1.0548758813797805e-05
-0.00021054215313924519
-0.00014606666959145187
9.860890423914018e-06
4.1359247183002224e-05
-1.0603081120461416e-05
-0.0001183447443980482
-9.542853838509327e-05
1.6172230423019305e-05
-3.0427952711509677e-05
-0.00019091386928714313
-0.0002646528001888137
-0.0003875793482037672
-0.0005106594591893142
-0.0002895656849439601
-0.00011869964776092093
-0.00027625866067634787
-0.0003776766473661756
-0.00043529276876313626
-0.0004647955943592405
-0.00012254058265038565
0.0004637667912254214
0.0007003655692305039
0.0004362450135014582
0.00018263920711475396
0.0003037030856977111
0.00045186416310268333
0.0003909764296437977
0.00027827165761322117
0.0003510954099269958
0.00041116386354411635
4.544281040931646e-07
-0.00038523053283666154
-0.00018878056957442798
0.0001505979007562022
0.00017091868607261684
6.595383274008416e-05
0.0001746318003815013
0.0003793146052821031
0.0003577913681525404
0.00022796125802869744
0.0003073956440849179
0.0005557699176644247
0.000623291977780148
0.0005402335054809145
0.0005442109492643605
0.000558210514701987
0.0005367589680727489
0.0004731003900796937
0.0004954194726690221
0.000520385433613234
0.00030430821008200863
0.00022659847194984013
0.000460344070519935
0.0005216946663705673
0.0001490250612097948
-0.0002475729313763838
-0.00013367449375021616
8.651359801330129e-05
-2.5738912158697306e-05
-3.104805015919455e-05
6.703336285867371e-05
5.817897648108353e-05
-7.466719598104116e-06
-0.00015572010013096413
3.117156326738669e-06
0.00041606914666485027
0.0005813750037538472
0.00045519472464365993
0.00015416686829121404
2.965862191351565e-05
0.00020382576419140355
0.00026997226904417203
0.00012806827733353473
-3.76082641165775e-05
-4.509789767546218e-06
9.66645604076747e-05
-0.00012061181113019632
-0.0002885133507784152
-0.0001455654283735341
-4.441800888884189e-06
3.5055985948351556e-05
-7.686900843139561e-05
-0.00011084771576775944
9.759479453810522e-05
0.0001081989324988081
-0.00010555312693475264
-0.0001320193240724955
3.669808441198235e-05
5.2901555092910745e-05
-7.315264508673443e-05
3.518689558905579e-05
8.739327613267438e-05
-0.00013343079185028917
-0.00021823388649928343
-0.00015253937340126177
-0.0001217338794679064
-0.00021421404540548797
-0.0002837272212722402
-0.00017243874404538793
-0.00015410157950022208
-0.0003821650638806003
-0.0006039823185611625
-0.0004514907325138065
-0.00011484315917339962
-0.00014489639778828697
-0.0003255858576879622
-0.00022040141127551802
-8.808672851932714e-05
-0.00015247262051895194
-0.00019795613862971098
2.904330633815662e-06
0.0002322137717752301
0.0001527530867021602
-5.176543406451294e-06
3.2164084129010554e-05
8.289315077416996e-05
5.719216816943912e-05
4.9529988803107705e-05
5.403396101753136e-05
8.38202541634973e-05
9.826641456489019e-05
0.00013157264635553308
0.00016336097610972688
0.0001568437829752457
0.00019860546270154147
0.0001894956418777055
0.00018628479401621554
0.0002943187395185891
0.0003460349475266945
0.00032577002919287145
0.00030685368639804143
0.00025321163364932787
0.0002460034568238132
0.0003139816403909732
0.00035778783941538197
0.0003237886267660393
0.00029962157510898086
0.00036029368751215655
0.000306277054669584
0.00014497107725573103
0.00016773581065735157
0.0002994788869706197
0.0002698498305636332
0.0001653776026362473
0.00018570886767923055
0.00021893776943494514
0.00010191100611990873
1.2112684745681785e-05
0.0001167449049502308
0.0002028038216625226
0.0001722568690841756
0.00015598957140677927
0.0001603106421853507
0.0001724786249936405
0.0001421721771048812
6.735645581907855e-05
0.00011836322278025562
0.00020454967419649054
9.79748513625426e-05
-0.0001022720755827304
-0.00011133331208551803
1.9962350862295292e-05
-8.674055728440425e-05
-0.0002648802775077295
-0.00019699230705163382
-0.00013712457019204573
-0.0002418740425883565
-0.000359186104803788
-0.0003528661266600581
-0.0003204538532649671
-0.00036884674560098784
-0.0004054113194138479
-0.00041454904489440184
-0.00035979616856033925
-0.00027825052636414684
-0.0003168737562477694
-0.0004057352705894146
-0.0004103041179450713
-0.00037481723886580984
-0.00036218567474831007
-0.00033572809928091214
-0.0002659397619026277
-0.00019369557495267704
-0.00011625495392882387
-1.6559991540909154e-05
-8.513606680778808e-06
-8.143190398048406e-05
-6.24056671451002e-05
-4.711173833759394e-06
-6.380435942742783e-05
-0.0001696843151429469
-0.00022330424219000548
-0.0002122522801315022
-0.00015731555126414321
-6.224688914448916e-05
-2.4582731143883887e-06
-5.506149769799299e-05
-9.517407932123077e-05
-0.00012099733105883168
-0.00019699066626845322
-0.0002109798212461793
-0.00011413565575957265
-1.056834656500154e-05
-3.4525450456345895e-05
-0.00016797425878806293
-0.00018480957148804154
-1.6328388856506396e-05
0.00014631945345167284
0.00012482525907602418
-8.346322781339083e-06
2.0983608562302167e-05
0.00017046904183832222
0.00016514814940112068
2.9243375781459428e-05
1.3203212003329521e-05
0.00012726832012202797
0.00012747552499379325
2.545354918213038e-05
4.425226912990938e-05
0.00012176057482026367
9.515930578128563e-05
4.578170217999546e-05
2.2697706136879566e-05
3.860618131931119e-05
0.00022457895077854172
0.00048335588802119313
0.0005159362196374524
0.0003025939256616722
0.00010568484007068557
0.00010812238591913902
0.0002435158969517496
0.0004018133064052259
0.0005355126809956435
0.0005801749854180465
0.000615677457985207
0.0007261702094521189
0.0007875379286031691
0.0007178488248519783
0.0005631453878011731
0.0003606986418306497
0.0001955151214040536
0.0002563882018278068
0.00048714629175999506
0.0006185741386162422
0.0006007424843005193
0.0004184805006003853
0.00011736473870655041
-8.855402791030846e-05
-0.0001683408150997123
-0.00035110207603598773
-0.0007447802446055754
-0.0010792421690039946
-0.0011825853106647586
-0.0012406549192139397
-0.0013020064395003628
-0.0012694971350472658
-0.0012814359460908546
-0.0014473185577823938
-0.0015728055656485595
-0.001458828512099356
-0.0011346649286778827
-0.0007088381215312606
-0.00030029298632548165
1.146019473985714e-05
0.0003850459194067153
0.0009287900538307144
0.0013579532428138732
0.0015418971390793437
0.0016621364257596604
0.0016406498747903136
0.001371100166112841
0.0010987863668997784
0.0010508397932333714
0.0011059535715562945
0.001042023339925858
0.0007993378294799239
0.0004150812669176475
-1.732334488749596e-05
-0.0003665383693960957
-0.0007150071362849029
-0.001236042108420351
-0.0018140280899480135
-0.002269395619635517
-0.002520266780250819
-0.0024807836371461625
-0.002190611205286178
-0.0018890460171024919
-0.0017352093084448913
-0.001610969575190878
-0.0013643705387504123
-0.0009800062129152788
-0.0005380730068390025
-0.00020692125932358487
-1.008166397316239e-05
0.00026273036184932207
0.0006631789517071737
0.0010347218385785438
0.001323770036544519
0.0015409009685434303
0.0015930340980672782
0.0014138013360107367
0.0011733654253089868
0.0011401408049474474
0.001298016602734232
0.00142547366457135
0.0013868555190779165
0.0011802017270516037
0.0009980852845179902
0.000982338388288897
0.0009086215111274937
0.0005293819721039496
1.3636137524827585e-05
-0.0003550345316092286
-0.0006055690194258062
-0.0008218084268993201
-0.0008959762385539667
-0.0008176335157919428
-0.0006959051382189625
-0.0005212859975917057
-0.00022656376468780068
0.0001568595128440288
0.0004995591556117113
0.0007403750703038795
0.0009010642824445939
0.0009608038505335728
0.0009466913625364626
0.0010094991273312463
0.0012218325953049286
0.0014411712959826266
0.0014585694519694558
0.0012285849539474885
0.0008736790542820455
0.0005359179383502833
0.00030711144300944125
0.00016172373492946265
-9.77271837357362e-05
-0.000563230180437429
-0.000955395126650613
-0.001086228473202109
-0.0011831151978354494
-0.00140609593361736
-0.0016443978879008155
-0.0018184916538366794
-0.0019273113304524114
-0.0019762136724094347
-0.0019045250484975545
-0.0016382442735472986
-0.0013072895643710392
-0.0010258950712510844
-0.0007078316685934696
-0.00030630288783031604
0.00014009240005751438
0.0005469528859312096
0.0007536909135768487
0.0006807738300453944
0.0004694219560526411
0.0003605215314569292
0.00040977577428854666
0.0004039076145595013
0.00020910490280872374
-3.2802617130691576e-05
-0.00020288078719320183
-0.0002559377568958843
-0.00013728937505873767
2.299641798224029e-05
-4.386603359004757e-05
-0.00037462673277446294
-0.0007072620677999442
-0.0008922799267610923
-0.0009419396194826783
-0.0008546503301276139
-0.0007357365297735756
-0.0006996742283827741
-0.0007141165949750381
-0.0007225285897528482
-0.0006833658420230977
-0.0005929555714340032
-0.0005155568717474333
-0.00046435512477247605
-0.0004319782998232623
-0.00037631719647570076
-0.00014061893952073455
0.000273743001204741
0.000590783854379983
0.0006420915183171687
0.0005595838025178617
0.000536919777854924
0.0006011835951315218
0.0006321837854007071
0.0005773077166775134
0.0005057681822668831
0.0004237511868810714
0.0003616856051930618
0.0004544901608358078
0.0006459603514051795
0.0006830526890013692
0.0005388261842181857
0.0004052813894916394
0.0003248921585496752
0.0003217822239406162
0.0004891997095409344
0.0007079186659851638
0.0007966252737463755
0.0008705273322771231
0.0011288542541390571
0.001520669331762506
0.00189517428603439
0.002146616755528638
0.0021980546309558657
0.0020666721236043887
0.0018829567162145528
0.0017796032315285618
0.0017728432965435088
0.001788135392743855
0.0017427322442655697
0.0016001603381756862
0.0013978595375544463
0.0011531840079335794
0.0008377848338545912
0.0005054788920552826
0.00019784887789011006
-0.00013561907263182597
-0.0004376562203486947
-0.0006006890874163837
-0.0006525413511724113
-0.0006591722386474196
-0.0006575732179181083
-0.0007225884024587202
-0.0008889742387568065
-0.0010577157032898698
-0.0011484748858635748
-0.0012030021711199237
-0.001279649989839189
-0.0013628603058501053
-0.0013955907643179999
-0.0013772883847601614
-0.0013421190483100239
-0.0013140675246693483
-0.001351564948517213
-0.0014844544128462796
-0.00162058400681796
-0.0016733388160064032
-0.0016596297479730987
-0.0015680017291228574
-0.001405981732200981
-0.0013195960113512879
-0.0013722117138062382
-0.001407107371228552
-0.001299001169234562
-0.0011331814122323236
-0.0010686504025664537
-0.001181980458888871
-0.0013995743068002298
-0.0015262956298866836
-0.0014864315469875532
-0.001385115887893652
-0.0012740304588425174
-0.0011216048201453908
-0.0009214469415638759
-0.0007063013419617014
-0.0005250399312855434
-0.0004066511944607407
-0.0003576139392875043
-0.0003155049303657487
-0.00017426356137375002
7.317173961078239e-05
0.0003641265572472457
0.0006423378053837747
0.0008570226619399574
0.0010182090892058217
0.0011869140038476029
0.0013491533704945253
0.0014017073145738287
0.0013063596036318069
0.001172797487906912
0.0011002409850782813
0.0010409614598147212
0.0009638313981381247
0.000937191157398301
0.0009426557785455615
0.0008618617880699364
0.0006378591630882096
0.0003539972520726378
0.00017298384430127536
0.00014773631754838942
0.00020104904828384794
0.00027926442438118735
0.0003984277016196685
0.0005470402046525947
0.0006200992143808509
0.0005552327673264076
0.00043428577297856697
0.0003556215684186936
0.00034018999427695793
0.0003837908856019812
0.0004283402421823769
0.0004278709973626092
0.0004427108604301874
0.00044599779308950494
0.0003585465563306308
0.0002909253814346703
0.00041040762280089414
