0.0
0.0
0.0
0.0
0.0
0.0
0.0
0.0
0.0
0.0
0.0
0.0
0.0
0.0
0.0
0.0
0.0
0.0
0.0
0.0
0.0
0.0
0.0
0.0
0.0
0.0
0.0
0.0
0.0
0.0
0.0
0.0
0.0
0.0
0.0
0.0
0.0
0.0
0.0
0.0
0.0
0.0
0.0
0.0
0.0
0.0
0.0
0.0
0.0
0.0
0.0
0.0
0.0
0.0
0.0
0.0
0.0
0.0
0.0
0.0
0.0
0.0
0.0
0.0
0.0
0.0
0.0
0.0
0.0
0.0
0.0
0.0
0.0
0.0
0.0
0.0
0.0
0.0
0.0
0.0
0.0
0.0
0.0
0.0
0.0
0.0
0.0
0.0
0.0
0.0
0.0
0.0
0.0
0.0
0.0
0.0
0.0
0.0
0.0
0.0
0.0
0.0
0.0
0.0
0.0
0.0
0.0
0.0
0.0
0.0
0.0
0.0
0.0
0.0
0.0
0.0
0.0
0.0
0.0
0.0
0.0
0.0
0.0
0.0
0.0
0.0
0.0
0.0
0.0
0.0
0.0
0.0
0.0
0.0
0.0
0.0
0.0
0.0
0.0
0.0
0.0
0.0
0.0
0.0
0.0
0.0
0.0
0.0
0.0
0.0
0.0
0.0
0.0
0.0
0.0
0.0
0.0
0.0
0.0
0.0
0.0
0.0
0.0
0.0
0.0
0.0
0.0
0.0
0.0
0.0
0.0
0.0
0.0
0.0
-8.263330394610624e-07
-3.000799062553046e-06
-6.102458871295542e-06
-9.720299605037853e-06
-1.3249491967221127e-05
-1.341182969443597e-05
-1.1683294700920008e-05
-1.3252498275195203e-05
-2.348573955480103e-05
-3.840805135044426e-05
-4.675063137892828e-05
-2.0022101832785072e-05
9.705852804112893e-06
8.253104830686673e-06
-6.235405053580791e-05
-0.00026369862322155594
-0.0005614250423216269
-0.0008721031964267412
-0.0009376680480340194
-0.0006725608082356338
-7.735886948869216e-05
0.0005843179358053557
0.0007839989271775888
0.0003346936098448697
-0.00025019534700300065
-0.000893229390398897
-0.001406700004547714
-0.0022807898499019458
-0.0032131184210952503
-0.0040093676587504125
-0.004637825903794315
-0.005778650529919396
-0.007089359773618465
-0.006836981611297636
-0.006394497207380768
-0.00763904286341828
-0.008133769684483773
-0.007848964033241772
-0.008431672773824075
-0.008535007940273034
-0.007781596661908575
-0.007233892886770252
-0.006544762557929602
-0.005817691321930152
-0.006493194847279189
-0.008065048791503228
-0.008971684344345048
-0.009123592353378644
-0.008505130446089889
-0.007102815952220359
-0.006265229464413436
-0.00694886348966111
-0.008265059183727396
-0.008756386169850174
-0.008349755481007864
-0.008935688436812321
-0.010197943057105604
-0.009582185823575472
-0.008294950497483222
-0.008512597519020771
-0.0092231063974094
-0.009944444932558942
-0.010425348770485959
-0.010854611054550416
-0.011391291026460245
-0.01308030331313288
-0.014185892267453933
-0.012661276407943655
-0.012117512433137198
-0.013621918894577338
-0.014124751676794738
-0.012627244632401405
-0.010595369232530818
-0.0103756446706115
-0.010888250026514707
-0.010558174287816892
-0.010127117577313922
-0.008821566366983308
-0.008251541503204955
-0.009465756932377696
-0.009033144458297157
-0.007027689134905632
-0.0075517523482752655
-0.010108711595038223
-0.01035161231401505
-0.009821049221954436
-0.012693945383047328
-0.015952983534296417
-0.015943651638671338
-0.015336065310520468
-0.017330379492395343
-0.021558820190058527
-0.024925926870658203
-0.02519050017752531
-0.023587250272692505
-0.02282532601774081
-0.0254806348009731
-0.027910548326594523
-0.02216633244804632
-0.005624578858889906
0.015028128173516767
0.03016902494296583
0.03418989154407343
0.02803865121906421
0.01581331319393707
-0.000779929963142444
-0.006638290736295379
-0.004413020546913081
-0.010706465555329907
-0.005736528092696798
-0.0032927347091685484
-0.02981733322602126
-0.04506321273752079
-0.03134377058856283
-0.009599586330893226
0.0258738808726067
0.051828115181203574
0.03899497312146578
0.026527383082595765
0.03621747050386968
0.052059138045161914
0.06123274554474512
0.04261582624867036
0.017677934499109992
0.01580544377171551
0.0016066659433911193
-0.03251748565206529
-0.04379538576224854
-0.030663327590912576
-0.0079688243271129
0.008438465531468214
-0.014926463394361864
-0.051714860213428984
-0.044156936231343286
-0.005033012971515862
0.024591928657142617
0.029189151116420845
0.020048677226159405
0.015037178863072185
0.00932745925424275
-0.002555504041239092
-0.01442727745674797
-0.027937608489738967
-0.024109569857434468
0.010190146753608968
0.02797236938858734
0.007650406063869264
0.0033228574546935777
0.03538521386758186
0.05956214755960254
0.043832579313531156
-0.006348523567276036
-0.03576722812928444
-0.01971781856186326
0.026619169230361575
0.10686621641666516
0.1630867093667519
0.1546309413263616
0.12960351119575989
0.09721744359018455
0.05403300484827865
0.04300797705800709
0.05713107249329684
0.044625946956187164
0.014663410774601255
-0.015801582073245075
-0.05712336607925473
-0.0908425055605705
-0.09126978744551152
-0.033831572838104985
0.06091636217160592
0.13237045599113192
0.16905755809437695
0.17329136468851525
0.15306410189885608
0.16415671863798528
0.19544792054644353
0.16652642805306855
0.07464554170939816
0.007857099323903763
-0.0006735736323919334
-0.006867903780662163
-0.005363585847223482
0.04722538492354502
0.12441706338689007
0.16311119409014885
0.14642174862361243
0.13012272915067652
0.1481943445584377
0.18128181454415535
0.21697327805670175
0.24130050716442808
0.28512354382469957
0.3933449081495433
0.46899321063293675
0.44593495262686117
0.40932207619939553
0.42846100460324105
0.4956294272970985
0.49152270599034653
0.35745335535131945
0.20613762684546968
0.08763678375744181
0.007739555231669884
0.008375460336725305
0.03883392093677665
0.07466956900100268
0.19486834047596702
0.39495873026592887
0.576180168393781
0.6655116950810307
0.700679706603179
0.757349131053264
0.7795689838752162
0.7097490950668467
0.591209032756464
0.48589613938327797
0.4454843659672024
0.4647545506619018
0.49510218657773414
0.4826761253541581
0.42101088370700296
0.3826299556298828
0.41068394231263017
0.4368711812873932
0.42487177763400535
0.4388668124008365
0.48257540766255586
0.4920544462091194
0.4586583590709388
0.5169450331335046
0.6985295954764388
0.7918649623266267
0.7534424204573172
0.7170835059595926
0.7307562085014591
0.811669890432489
0.9683035279833637
1.1317813547307816
1.305985884475035
1.4929090039785238
1.5975985145510088
1.5466653484555564
1.4071555545613499
1.3969744172978855
1.5123994110965553
1.4755336410106556
1.125824996885822
0.6395577372682892
0.3205012615520239
0.26818510838078424
0.3957600359066379
0.6084955981071984
0.8579685947244149
1.0534317567956826
1.0773499858917164
0.9384935606545902
0.8231217059474808
0.8660860796494174
1.01367093525814
1.0814185981155744
0.9181496231514675
0.6671234328060555
0.5322540463544629
0.5628148886612756
0.637694503822248
0.6741097844575428
0.742348596161087
0.7715788638914762
0.6856655628485623
0.5977670780296497
0.5428503302133861
0.39195818974785
0.16298539184176172
0.007263936973271036
-0.052087258033283755
-0.09228257421130572
-0.11871472312113178
-0.07229021599806854
-0.026918116960578352
0.032503163062029494
0.15279592196814415
0.2232146110428365
0.23099350002393065
0.26694461029385624
0.36227429824644897
0.4558600821336809
0.5030113772338871
0.5421563266245065
0.5652524103104622
0.5119647755804645
0.4127009749777843
0.36545941080889494
0.42695627277644566
0.48485534890492216
0.44411076919611714
0.3561920830527285
0.2635972962099436
0.22705065988708356
0.21145885855473137
0.15667100287674612
0.13740290460776503
0.18957417876963362
0.19433409619492384
0.04536347015381287
-0.19707656809064855
-0.38285001506287986
-0.3758640820837244
-0.24519748857183174
-0.170729634886909
-0.2694581912891995
-0.38617024353614704
-0.34422169660929997
-0.1834285634934732
-0.03844092955166424
-0.014488592815541507
-0.12363647941118791
-0.23117008619327256
-0.24580820776090692
-0.25739889763106205
-0.3669218417325159
-0.4658427141585145
-0.43680554199464555
-0.4170573503323799
-0.5353592701811973
-0.6822548570714106
-0.7694643748447791
-0.7523269207610028
-0.5961501670005286
-0.4065201401933585
-0.33434466412945324
-0.4324336970523833
-0.5709296741727281
-0.5867918783366102
-0.46254973896255036
-0.2603506465509128
-0.07869350121201173
0.00914720425048597
0.05178694732018626
0.09808852325955109
0.0945514132543833
0.08380988671159788
0.15519381117634362
0.21642124514245895
0.16093493405486975
0.03290245721747237
-0.04243023881880738
-0.065855761234434
-0.13252909001045798
-0.14735264225726658
-0.0833408848008181
-0.06553533644837933
-0.09105261017074127
-0.11057476014664096
-0.13168764987834175
-0.1362699406836581
-0.16323686443515376
-0.23627924664611863
-0.2991423166549858
-0.3240863977719839
-0.2824073702082387
-0.22547804863692655
-0.2508835134197724
-0.26801699395545603
-0.20033285631068445
-0.1105244273158259
-0.04357800671195925
-0.025619819465588972
-0.05078278974863699
-0.09500145576483655
-0.21023987968328856
-0.34495018303498665
-0.41240269517066047
-0.44463387957445316
-0.5162133890598353
-0.6174044327276297
-0.6943392673513875
-0.7193266781260654
-0.6651192316490083
-0.6186646978346597
-0.6049695929193112
-0.5492139934588126
-0.5058263792645304
-0.4704423707033326
-0.44586183771700916
-0.49924910196689226
-0.5174207670554413
-0.40207961803369274
-0.24409019883041372
-0.1492104018342068
-0.09335564735026994
0.03601428324221255
0.2075703908680173
0.2613645221971721
0.19846262213564078
0.11647976574145874
0.1131593419044147
0.1496514662305883
0.03598585382329736
-0.16582614876565643
-0.2653531910126648
-0.20950226034879396
-0.08994815166406864
-0.04916052508857027
-0.04608606048724346
0.08034532400143891
0.21977739896840448
0.13407042462487356
-0.03713763571769308
-0.03735393423907771
0.08770600304117505
0.14820822616050283
0.06207534862271395
-0.05472179216146625
-0.08729913063739195
-0.10419851018044074
-0.11587348737927658
-0.04996392020389678
0.01597687965748325
-0.000876779568972478
-0.07241029868194793
-0.15303822015751364
-0.19245430749395542
-0.19836787263508712
-0.23567097616343677
-0.3053395709847084
-0.407404385398465
-0.5043041584647878
-0.5103015929301048
-0.47382655076178953
-0.4507929921093054
-0.4210925797721579
-0.37783013453711495
-0.35696736395149997
-0.3442561200829978
-0.30569074218396325
-0.2635821739025711
-0.2126249311445787
-0.184985809272512
-0.15075381924729817
-0.0440737940360484
0.02584175878969394
-0.0031616426465500623
-0.059649787162826824
-0.10089928101774047
-0.11293445505389754
-0.11420119963538639
-0.1401723878484567
-0.18162568634040593
-0.19035793634106882
-0.16805126118721508
-0.17129424294309328
-0.20704620873522825
-0.19785560132896354
-0.10009980381024786
0.04313095458634541
0.14035944704171788
0.12357186564694636
0.03742725046840516
-0.008917356390490808
-0.00377289668450863
-0.006211060150551342
-0.023820767160608762
-0.040196084746422674
-0.09490393616473887
-0.20583096540027354
-0.28542495347767527
-0.28663753102925577
-0.24137186934971114
-0.1631265278440705
-0.09343230070427264
-0.08253422471759825
-0.10529306708286948
-0.13987750577404828
-0.2051253511453687
-0.28111428881827394
-0.32435166967958606
-0.31205973728987246
-0.2725330374422195
-0.25919006596190136
-0.25517153191768205
-0.26087083097187225
-0.2880056906075859
-0.30508531380701776
-0.29996024614928307
-0.27613835074630855
-0.27011979004032743
-0.30993269493221476
-0.37230871279231653
-0.42434978768483433
-0.4123169362491543
-0.3465166938265378
-0.3199186460673224
-0.32696259832737945
-0.31027758432825486
-0.2765369353896468
-0.2419946108182173
-0.219270462138874
-0.21468530939179872
-0.2117552932212715
-0.20707706606266701
-0.21260808171985748
-0.21245935744901456
-0.19535044068606405
-0.19633383337659818
-0.21937306399017725
-0.24053723927944046
-0.2304609856561833
-0.1760719499973464
-0.16471359679903966
-0.2259114308145318
-0.254468494430074
-0.21212889565954315
-0.18533195787443255
-0.22293019906762931
-0.2606477991849242
-0.24488409422501042
-0.22583573353995845
-0.23788009435708846
-0.23141018783432296
-0.2237810961082968
-0.2460102051768029
-0.24992595193545478
-0.20807659819902236
-0.14288808471116957
-0.08326587389480719
-0.0888944221518936
-0.17186297748951154
-0.23401805950199078
-0.21627446532509556
-0.17525797367073678
-0.16089590536006265
-0.16166443955070334
-0.18063319422177881
-0.22488806987397392
-0.26147555175351705
-0.2534033831511661
-0.215514586122647
-0.18618132284875769
-0.16843803105118077
-0.18136331499438205
-0.20154406641187186
-0.17480042817099367
-0.14904309758426718
-0.15797001058965193
-0.1512949170126124
-0.13505383966312495
-0.131050858062156
-0.12223314870149558
-0.10834873265153784
-0.09566713694223818
-0.08380077655198348
-0.07288577112739784
-0.09185959328014023
-0.12551987971741238
-0.13463123140221603
-0.1264502956993962
-0.10889194380501595
-0.061305278220376305
0.0046212459709575136
0.02833588091360748
-0.012955725138104371
-0.06394647968393022
-0.07897017003424775
-0.04275537666796137
0.016296302097462204
0.0313880830829081
0.01474276750336198
0.015346553231220883
0.04106320282475009
0.07481458198916102
0.09515262650900107
0.11943177305404051
0.13636758993742545
0.1225515543429603
0.11680577892560112
0.12773790611455063
0.11813140103356132
0.08676154041574811
0.06029176395038855
0.0729851113231757
0.1133231320173382
0.15419364393979532
0.18695837471020194
0.20148358715309983
0.18309693848281877
0.14340711407638906
0.110181850232112
0.08743571625556347
0.09799559603066647
0.12398967539026637
0.12095871685285847
0.10407318095741701
0.08295962501114307
0.051444531079863416
0.046729292105972854
0.07033135943480187
0.07652797557033277
0.07239860355544889
0.07152475869872403
0.06530693360674644
0.05032807302624434
0.038506597350608456
0.0411160175903137
0.0345401230316798
-0.0012867861278803116
-0.026050395704194113
-0.00032449596301506765
0.029560040123482307
0.015164098290110208
-0.024590923032181286
-0.04946752424283115
-0.038069675620274745
-0.020201030306441076
-0.014886800250893497
-0.007289700923849683
-0.022406831078653402
-0.05379096539430129
-0.08236555224893256
-0.12365309195422759
-0.1387732712580471
-0.1134426054575234
-0.08902657895515967
-0.07465619166374554
-0.06181064807247127
-0.046194601644637255
-0.039936504169612135
-0.03720473732207043
-0.020571962965072004
-0.020683668183325107
-0.040438762943859625
-0.046696196619131755
-0.0355761733148807
-0.018144193295933437
-0.0040965867045905675
-0.0037790207464566887
-0.01663511754474677
-0.01653055269867781
-0.00011182527433165995
0.015855039887414567
0.016983737707353196
-0.008601184239205036
-0.041972811366207834
-0.05711409460581979
-0.05887852935329644
-0.05563115780750214
-0.04047130375474082
-0.024219164265361425
-0.016261838906460074
-0.002101242097914593
0.026952312018807954
0.053659135212157115
0.0661810043377534
0.06478773771898368
0.051328805179404836
0.04442541566655665
0.04122850930975037
0.03089777212039044
0.02551299953533823
0.023260080365724082
0.012316877930516806
-0.007115379667202077
-0.017628672941463988
-0.010218580920935024
-0.006145828400335364
-0.008785278581464282
-0.009396721417732182
-0.015120512556991558
-0.020789939779793407
-0.02485156353854446
-0.028028442621358556
-0.014161449704234379
0.00894867119241076
0.01130236712801726
-0.006278013999643925
-0.014476251274332108
0.00479495837536144
0.026978429605656162
0.022627904970208855
0.0038623097526881652
0.0003780160689513008
0.02243232988542072
0.03872474608547868
0.029255085391850108
0.01303691774514352
0.002948388710122398
-0.0002607626721257447
-0.0028676757450377304
-0.011224524252720507
-0.015554635705400152
-0.006747793817820205
0.0032362229018500963
0.003333707538116706
0.0003204913526879225
0.0016222022764472458
0.003329381180043913
0.006056736858417732
0.015792156437223436
0.02698677767226931
0.0286510283993956
0.025702257575565605
0.028636563898493006
0.03384525079999942
0.03579123671127309
0.03232392802107864
0.030362140231942218
0.034780306063165796
0.033395299086568804
0.02026882025555746
0.008005290111903311
0.005163114326752545
0.004916995767194905
0.0012760800374723282
-0.0041346282743667025
-0.006215751548139067
-0.0025341202623161345
-0.0004101072917705887
-0.0038992357944802217
-0.0006411489184955898
0.014155062615026288
0.023841652134399132
0.018312906385777688
0.009927066819586867
0.014600295263575864
0.024683715427027932
0.02425855335994438
0.018266985801415093
0.014581460907382686
0.012072579906481256
0.007723879350432896
0.0025873482922104435
0.001919395025178939
0.005377886437683778
0.0075443489526964514
0.004833247818221755
0.0021157881095096617
0.00482901456917669
0.008967371516465697
0.011491851259346044
0.014691716501060666
0.019372019034572665
0.022227824375399087
0.01880512554596098
0.013867096506439391
0.017831776790941844
0.02852712232834244
0.03439072891231809
0.03270978696817537
0.02846445068764005
0.025037310009752532
0.025640444276220687
0.030421628140365017
0.030792196143610482
0.02332118640090509
0.018216369293165762
0.020723250445766752
0.02560248680713216
0.02646126051971591
0.02355822039338688
0.022768422283985863
0.0219560626526862
0.01837076662443592
0.01825306120300338
0.023952379398026316
0.029048526201692244
0.030309445875241925
0.029019685873072153
0.02688990120040499
0.02617838977136977
0.02542897427402215
0.0259310989377432
0.02792010502776238
0.025878676966720363
0.0206195460341863
0.016195474238011664
0.011125246028045564
0.0065859386170309875
0.008242896409347545
0.014068803793076642
0.016277465492774732
0.013222140957361114
0.009681909394831748
0.007542561912227541
0.0060851514004653445
0.006696331860141365
0.007257052549396778
0.006553084540775568
0.007025489743827964
0.00943821371346885
0.01214189727830477
0.010505024283782208
0.006702673210072853
0.006582523560705404
0.009087767322796685
0.010800060921683355
0.011385733559979041
0.012999610573727954
0.013282635615789013
0.008551920943473422
0.0043034311312618555
0.005794534649342773
0.009972001547180212
0.011956020891658332
0.010543755823885583
0.010351977080349212
0.012971768191811842
0.015748061784660476
0.01784027663465341
0.01849522649858762
0.018718491286576735
0.02067799671676157
0.023905601442109167
0.025208497813767515
0.023643382755173446
0.02225725237398249
0.022287589644919992
0.02291875616463817
0.02409430012269095
0.026573359258648264
0.028912776652176148
0.029292583497000414
0.027228445915183707
0.02336369056450316
0.021739959441192704
0.024436842288038673
0.02732835089847366
0.025676093362451174
0.021867275156997882
0.019288312740786247
0.01707486752184269
0.016757370374537586
0.02026172757924533
0.023635914462985973
0.0234050370186501
0.021103645360993264
0.01743703756886495
0.012673500783650902
0.009976725969130908
0.011773457301987018
0.014690487804393554
0.015730398540690797
0.015527304812048314
0.013695114319227786
0.011033982885842628
0.009827168093811754
0.009179422099127936
0.008047440454086861
0.0073602235094999335
0.006475384548842301
0.005796120458244952
0.005510333710935248
0.004596159572259096
0.003687932477589001
0.00359296882705437
0.004071552873321148
0.004819095857830633
0.005445003144823552
0.006309112067094726
0.007029084367219061
0.005294775073991001
0.002793279332099163
0.002993464644507787
0.004991687860620728
0.006506179529753258
0.007182146744692511
0.007502382695736301
0.006940345886695907
0.0055946878792645215
0.005072194402011711
0.005593498308756108
0.0069651519735696625
0.008184963613480815
0.00798156999773215
0.007156880055615296
0.006365283021522727
0.005514573715953022
0.00552058111680906
0.008073607717850189
0.011086568774865458
0.011384730661099284
0.01042089940792064
0.010804712699344238
0.011443927572568416
0.01037422359095411
0.009799353793260787
0.011142676025254724
0.0126161918930936
0.013612629725169302
0.01335970029823925
0.01162594230157227
0.010357953895163058
0.01016944965353473
0.01032654102738279
0.01098837212423037
0.011752267171987348
0.011774521020604998
0.01166906454392779
0.010973653915510511
0.009578994974322946
0.009085100748866457
0.009163447305609801
0.008972298959013471
0.008569046914184381
0.007991697455832364
0.007894027593528226
0.007888762049024117
0.007064948580380833
0.0066920390767789386
0.007239928351179546
0.0077477421190105785
0.007711211061746511
0.006558884075313634
0.004264699755631926
0.0020558897887565314
0.0011112970135943936
0.001419895555995299
0.0023780021279560487
0.0032937283157477384
0.0038800427203535283
0.004615000919439479
0.005011297945588979
0.0038772162664770272
0.002368353597726413
0.0020680733464014003
0.0019122403647779057
0.0008618500268941053
0.00020196298451760256
0.0006397853767054956
0.0016906978053545937
0.002224064809367706
0.0014968450873778594
0.0010450782630726826
0.001929017900311252
0.00287663108972087
0.0021451515907861558
0.0005267031976512916
-0.0001962884649031217
-0.0002545194514069789
0.00017547689319165756
0.0012855186568620938
0.002098552364565906
0.0022541527500962986
0.0023812354075890547
0.0025152763591671946
0.0022368695540624923
0.0019141755297520727
0.0019151872435053537
0.0016753267669112554
0.0014866358081668304
0.0013620127904681672
0.0011328655672188596
0.0016427975845293408
0.0025823090977427085
0.003020345800671256
0.002976381252821692
0.0027154292576333765
0.002283912959633615
0.0019290674271638573
0.0016922106306043647
0.001424381894398771
0.0011867298785939104
0.001082840893629889
0.0016053686618153254
0.0023684396470789733
0.00249872892992906
0.0023926275876001725
0.0022011074541009724
0.0017945623611906572
0.0012300814485817352
0.0007270843836710072
0.0006507666749880371
0.0005784773504276876
0.00027735478302483546
-2.101881609370638e-05
-0.00014564487117643267
0.00011870231915374135
0.00036735925157459215
0.00033813514851816515
0.0003682228027237192
0.00027239996274599566
-0.0002061836331190653
-0.0009033206748193592
-0.001353355480188081
-0.0013319964157661643
-0.0010430946301800445
-0.00038280198188282445
0.0003769289032349028
0.0004137391469634175
-2.3680827085048053e-05
-0.00021346623937236356
-0.0003309984343042571
-0.0006236065616548326
-0.0008188607711721845
-0.0006441569179103174
-0.0003261418201613147
-0.00010812520036957924
-0.00012677408106634498
-0.00028402250208544563
-0.00014803884232941503
0.0001517788307850023
0.00023000073538706494
0.0002712849503141387
0.0003462840257458567
8.077569650417162e-05
-0.00039026414145640765
-0.0006273647561550938
-0.0005129535816304584
-0.00019817151407705775
0.00015008216915313635
0.0003810946345733714
0.00019949358168312945
-9.174002940517876e-05
-0.00020114199064474173
-0.0006764822113160151
-0.0014297067086509246
-0.001918216639553176
-0.0020957747847417424
-0.002140463713018474
-0.0023538123073615787
-0.002620886085497168
-0.002725636270790434
-0.0027614237591391195
-0.00283944355922026
-0.0029947142091795304
-0.0030363531424146602
-0.003019752347571578
-0.0032353830030728615
-0.0035436083409161076
-0.0036568890223068525
-0.003586572539334776
-0.003431594296980437
-0.0033442531040913516
-0.0034072914781427288
-0.0034239221402355257
-0.0033607827100340126
-0.003404847258543669
-0.0036263141184049693
-0.003909219765175872
-0.00400371522371857
-0.0038639497813208437
-0.003544738366233113
-0.003121704502559524
-0.0027423732837239512
-0.002365558554834082
-0.0020257509824165316
-0.0018331523862878684
-0.0016198850479960329
-0.0013094580243550873
-0.001030838588069411
-0.0008061096239948266
-0.0006909258699455948
-0.0006587990265889298
-0.0005994315189216871
-0.00048490159026678633
-0.0003156867773249767
-0.00012047140657865749
0.0001113009159198807
0.0002281164599569328
0.00011126444978994631
4.9654850633005205e-05
0.00019752312898818134
0.00042012147368859505
0.0006632477884803911
0.0008972430971689718
0.001122645577379545
0.0012859329357163432
0.001326987394808869
0.0013343661345635181
0.0014248658186269655
0.0015668903212234405
0.001549234081682352
0.001335268365695275
0.001105900452189157
0.0008857798487463735
0.000663431008310761
0.0005250479029428913
0.00039735856518692325
0.00015615561932886906
-0.00014329898872343788
-0.00042079872012696723
-0.0006956851260167374
-0.0009125442851043066
-0.0009421197874380956
-0.0009014936053070175
-0.000976607456122789
-0.0011019755084686236
-0.0012142724300139708
-0.0013159927906397672
-0.0013940340995299218
-0.0014623975283684857
-0.0015379401579484048
-0.0016430412852222551
-0.0018001051279746855
-0.0019879204118675663
-0.002114288411904834
-0.002175225757322022
-0.0022798764060714834
-0.002460638993853149
-0.002621168636944377
-0.0027131689913794154
-0.0027637749129501713
-0.002763284999938607
-0.0027312611399583717
-0.002665035860147169
-0.002529859828212049
-0.0023685638830694532
-0.002252528428294751
-0.0022088943338318635
-0.0021696067871740487
-0.0020665243523126623
-0.0020088983394907335
-0.0020628798072325817
-0.0021228440534300508
-0.0021335006085418428
-0.0021395761787903816
-0.002138739948215801
-0.002063426875235021
-0.0019640184217350823
-0.0019098250613667248
-0.0018550417112105663
-0.0018030810159284788
-0.0017645282092099651
-0.0016528175962290577
-0.0014947851796894502
-0.0013984943130064306
-0.0013145518975928902
-0.001177790267048006
-0.0010486367648873654
-0.0009453761167641527
-0.0008346180161407537
-0.0007467064214612087
-0.0006710148866330827
-0.0005577476338791522
-0.00043829132617022207
-0.0003307459733942862
-0.00020458173781265782
-8.786051326064013e-05
1.5320724062929794e-05
0.0001328239467986557
0.00024332496807572855
0.00035144751836525747
0.00048212958561290705
0.0006405022602001089
0.0008172453190049201
0.0010030318916260034
0.0011715572342336142
0.0012662286684769547
0.0013053476780813301
0.0013660502943675437
0.0014849669164583037
0.0016495797176653423
0.0017928100336096209
0.0018898131049602787
0.0019724276067975724
0.0020160029542276095
0.001976485047899489
0.0019220209479345095
0.0019472458011404916
0.001998530506789117
0.001993544457317402
0.0019246217878161453
0.0017900268119523555
0.0015955488729507946
0.0014261601164131225
0.001324620124196267
0.001201576988924739
0.0010187568253249878
0.0008369346088111652
0.0006768621786468259
0.0005040247537171318
0.0003346653988316768
0.00018746744399651506
2.8926630622164833e-05
-0.00016653996715906394
-0.0003735325044353852
-0.0005354123948155841
-0.0006484493950824432
-0.0007629133076179565
-0.0009015338311427959
-0.0010182093166349938
-0.001114133403927451
-0.001252099662917461
-0.0014103898882515677
-0.0015466153271965675
-0.0016726473488416118
-0.0018046809063143742
-0.001912301149724607
-0.001950534789989998
-0.0019436908936412477
-0.0019092361807604066
-0.001808200914631419
-0.0016530143280777036
-0.0015144009695742624
-0.0014115164428268768
-0.0013025747215798188
-0.0011743375560589147
-0.0010555513143549046
-0.0009235781811297818
-0.0007236847844072553
-0.0005223398852219328
-0.00039444959512996284
-0.00026052052047887954
-5.9932707886313316e-05
0.00016573720326667555
0.0003846172152053713
0.0005938580924859867
0.0007773121316209722
0.0009210497765793109
0.001051285989040904
0.0012110891458701858
0.001404113459228206
0.0015941535083639374
0.0017592306758528716
0.001897456277183212
0.002020504083946717
0.0021378470389725158
0.002216305864266286
0.0022378457372233887
0.0022579180674990556
0.002296106030779757
0.0022954175081494957
0.00223718355438312
0.0021296539384930576
0.0020071103593941176
0.001955569874626438
0.001973057587106822
0.0019689805773007068
0.001941500293345325
0.0019247428430684385
0.0018894733635583347
0.001820746638172999
0.0017172403683955052
0.001594673081286382
0.0014826485056539521
0.0013715525368169375
0.0012546289192378612
0.0011443490439717729
0.0010436887296998768
0.0009509347807001543
0.0008607425843384956
0.0007696443271378389
0.0006974999139593613
0.0006568370966877912
0.0006057842452714798
0.0005005902106140895
0.0003842383089422422
0.0003271658838288641
0.00032279724124417296
0.0003398081577171065
0.0003651315838753559
0.0003697050848267713
0.0003605386850329982
0.00037857014472609824
0.00040660714565884086
0.00040385661344321074
0.0003688003664145616
0.00031974634633937573
0.00027252428947908844
0.00023780765581841762
0.00019235027304302774
0.00012667037911402623
8.056631437961705e-05
6.176369758314352e-05
6.507632043466983e-05
8.888914558110027e-05
0.00010558409986109017
0.00010371635062365361
9.701848687902534e-05
0.00010200296847481174
0.00011709528056604144
0.00012556608391379442
0.000132539350341938
0.00015305050339713692
0.00018485151762280983
0.00021533370773274126
0.00024385858743266085
0.0002651395264346875
0.00024819958219041957
0.00019585610545727668
0.00017634570337574389
0.0001857353066995891
0.00015110875233365236
0.00011806098842863055
0.00016395940113329353
0.0002460957585345475
0.00030787734691257
0.0003990184028439301
0.0005507116105621163
0.0006978580600980386
0.0007882741506887773
0.0008369202123900497
0.0009031470261832404
0.0010032912279630518
0.0011024368132230267
0.0011995003859784576
0.0013160718154951187
0.0014499612295047562
0.0015996937946568162
0.0017349370721296802
0.0018159652536822544
0.0018846392793398143
0.00198247068453269
0.002089415432643717
0.0021787449106615672
0.002235388773393066
0.0022814295443614155
0.0023611164143794387
0.002460048521473161
0.002528027867265502
0.0025690204875082902
0.0026124699115319255
0.002644492417159562
0.002637136998638703
0.002619498387809044
0.0026187953989401094
0.0025921572522806424
0.0025212542455890765
0.002436766699801332
0.002368649288829553
0.0023192422142585497
0.0022402425904663893
0.0021111378978684267
0.0019628156282856008
0.0018098253284987004
0.0016535783179426734
0.0014986930958933743
0.0013453907802901618
0.001197838731335776
0.0010531927265704875
0.0008786563289071846
0.0006656466616772564
0.00046783227564925933
0.0003245634684523463
0.0001971126886136635
4.007302266439484e-05
-0.00013225051849253625
-0.00027261106182894997
-0.00035770454187376865
-0.00041976009689353777
-0.0004923146080855876
-0.0005764208435697783
-0.000668403732622174
-0.0007816769005632687
-0.000901545967245779
-0.0009732886305362351
-0.0010019530966241547
-0.0010316738046113026
-0.0010618778992818744
-0.0010664910386365154
-0.0010296189892895656
-0.0009597752923182841
-0.0008774229086242929
-0.0007914090836646714
-0.0006986720629208664
-0.0005980236921805941
-0.0004947052013343075
-0.0003989061292311357
-0.0003113996529785379
-0.00022243039045141967
-0.00013197559334490272
-5.499243090019065e-05
5.384232447277291e-06
8.038551128976173e-05
0.00018064281672581703
0.0002682938644538691
0.0003205615027306858
0.00036562538559248737
0.0004364237295654716
0.0005301566928561703
0.0006350380398345676
0.0007419278900852886
0.0008439800153705552
0.0009357729262174175
0.0010001337936986127
0.0010311086305570024
0.001044718741985801
0.0010520319727001341
0.0010563088967868919
0.001060049638617233
0.001062818120575816
0.0010746631627001505
0.0011019649770487587
0.001124979872974533
0.0011259135737076993
0.0011215792183394844
0.0011357596940802016
0.0011526656587690157
0.001134640485139726
0.0010856599240687814
0.0010431044393832637
0.0010207375261213872
0.001019479330013625
0.0010428256109486379
0.0010802698412021232
0.0011071725079441891
0.0011044736366442138
0.001089830362300944
0.0010876106756694088
0.0010792701885711505
0.001053830352471786
0.001030947077785848
0.0010108244408172568
0.0009868596425918516
0.000964622523753352
0.0009400646975283247
0.0009057215612593829
0.0008658400773864427
0.0008268595444695421
0.0007878794525578479
0.0007506348879249815
0.0007224369500267576
0.0007049735838964167
0.0006908905698911885
0.000661329203621509
0.0006042082718515829
0.0005365032293343871
0.00047665116063380533
0.0004127701175511575
0.00032575708928527495
0.00021311434236059406
8.232366431632733e-05
-4.646657869799528e-05
-0.00015322346275062183
-0.00023486077460596196
-0.00029824680720492443
-0.00035781983209156676
-0.00041866036715322395
-0.00047814216515784815
-0.0005433148129507992
-0.0006119797865269712
-0.0006702304323942289
-0.0007163911934212829
-0.0007641236648342149
-0.0008130903622790103
-0.0008529863622286366
-0.0008946257019923035
-0.0009413643675560274
-0.0009688408145386135
-0.0009618591981859171
-0.0009339348960245023
-0.0008959705760743359
-0.0008448821367816767
-0.0007834967671409919
-0.0007111854640352265
-0.0006246177563056501
-0.000531392657900305
-0.00043820535747231097
-0.0003489709499630696
-0.000262023321408999
-0.00016611414592753124
-6.472822746780283e-05
3.429541029327591e-05
0.00013886160821019163
0.0002518011754098861
0.0003695607751886885
0.0004921136023563384
0.0006194919524276331
0.0007490112579887939
0.0008706250601251355
0.000977308149591183
0.0010721512089809928
0.001154389083934313
0.001212711289617846
0.0012393826052376222
0.0012493429245233087
0.0012638643098144577
0.001277955961352517
0.0012763614868343271
0.0012610071109061686
0.0012356831607175942
0.0012099443092619601
0.0011986325548436138
0.001189235291214769
0.0011647342424458064
0.001123380021280357
0.0010620205957349832
0.000983966471561875
0.0008943572398357023
0.0007926326249952783
0.0006755331771813419
0.0005376870417258627
0.00038877306811449546
0.00024604647004407477
0.0001153206628230728
-2.9230984879265576e-06
-0.00010737603025284756
-0.00019072438134995598
-0.00025253348685410465
-0.00030835956146860736
-0.00036700658534065335
-0.0004257995252987613
-0.000480670971546795
-0.000522774284971854
-0.0005549277021176853
-0.0005956767035855185
-0.0006467200127085367
-0.0006891010919657222
-0.0007093440993356598
-0.0007140621197048756
-0.0007230314445128175
-0.0007403656680171531
-0.0007435385522872621
-0.0007145683191243595
-0.0006603324432722936
-0.0005927491036689064
-0.0005173524121074174
-0.00044259728172220555
-0.0003750868625889642
-0.00031470210783909083
-0.00026078050503015903
-0.00021981053067068683
-0.00019192877108107286
-0.0001668436192424332
-0.0001418602826813275
-0.00011772555725476954
-9.412328468301205e-05
-6.92488951277236e-05
-3.774110027630696e-05
3.4949719749977927e-06
5.021044169241671e-05
9.513442391073728e-05
0.00013073482805835948
0.00015590481054442423
0.00017972677621843516
0.00019981622192804578
0.00020733472673296327
0.00020847551157991264
0.00021376755539263739
0.0002193577640737019
0.00021400662531284654
0.00019937460249343315
0.00018759382062665263
0.00018782107658350342
0.00019966795365249969
0.00021600961631083307
0.00023256095438937524
0.0002493086395227164
0.0002695439734839428
0.00029739169207869783
0.0003326507457941585
0.0003676210887459058
0.00039443802039454374
0.00041602356965989804
0.00043225026940295466
0.0004400871037320507
0.00045112775030896823
0.0004794017273669806
0.0005270269650140105
0.0005916105428229371
0.000665911646948897
0.0007354516631689045
0.0007904680822608174
0.0008354961994737534
0.0008817534175033257
0.0009291769820052915
0.0009693851537767875
0.001000061918260998
0.0010229687582307835
0.0010389503234969882
0.0010431754767312796
0.0010282989408234697
0.0010006511243416654
0.0009747911718908233
0.0009590479415434669
0.0009523608015360945
0.0009409130174523963
0.00091135247283903
0.0008643845291679162
0.0008091014029757379
0.0007532032016067417
0.0006945908466110387
0.0006255256348992616
0.0005452484135378905
0.0004547610408628406
0.0003516873748329921
0.0002362110779565846
0.0001156556518065881
4.9329786329987234e-06
-8.896026348753991e-05
-0.0001682017201741484
-0.00023646295672744537
-0.00030019974491073343
-0.000361493963196337
-0.0004216505151643059
-0.0004849426158985815
-0.0005476378352978753
-0.0006045439916929275
-0.0006536601142345416
-0.0006922313100665107
-0.0007236599758657098
-0.000757404152349977
-0.0007954368182701636
-0.0008256341944086676
-0.0008331720192859041
-0.0008139150950464536
-0.0007786387434236517
-0.0007389100354757744
-0.0006978696100608598
-0.000648831783432192
-0.0005837997474577657
-0.0005091258084682671
-0.0004325707653362713
-0.0003495206959480272
-0.00026144516359826516
-0.00018410978040623812
-0.00012255752227970017
-6.597974749898322e-05
-2.252490423527986e-06
7.632253116944311e-05
0.00016689789184694617
0.0002572573207288809
0.00033617132543176597
0.0004036935120083402
0.00046792733643782544
0.0005348382699512085
0.000605631548764331
0.0006736105062262138
0.000729474271487968
0.0007728750585967215
0.0008110807252453613
0.0008469721872340838
0.0008739371257353326
0.0008852355322678331
0.0008839497779543556
0.0008812613975922299
0.0008822753808678517
0.0008770093220872144
0.0008614888709486759
0.0008437010814534675
0.0008217933797354318
0.0007926644429159545
0.0007572704002261987
0.0007172508002813859
0.0006805118393985069
0.0006494138105929046
0.0006148069873218671
0.0005692801460875659
0.0005170726697224408
0.0004727148132941052
0.00044760052078502506
0.0004340639854343621
0.00041977227837049767
0.0004009758672939335
0.0003770879623345715
0.0003488714686616915
0.0003163655897194914
0.0002799138876158487
0.00024395621274499052
0.0002157497947163717
0.0001967579646490111
0.00018208688075433367
0.0001673360629107611
0.00014981809931154095
0.00013170013745902276
0.00011936179625715201
0.00011291668656180317
0.00010907043419014157
0.000110381778981798
0.00012375728840380784
0.0001504034686062304
0.00017842459785256644
0.00019414744975222522
0.0001973722515554536
0.00019853222982342973
0.00020426651289946122
0.00020822215917905718
0.0002007725490003238
0.0001797182213495197
0.00014963274309320122
0.00011862394587794757
8.838016239493805e-05
5.61877074279373e-05
2.7456044607077983e-05
9.16349793506971e-06
-4.4733816719383324e-06
-2.86594128756751e-05
-6.813612350868913e-05
-0.00010915468291225813
-0.00013692454374533055
-0.00014826906942246593
-0.0001484438879197962
-0.00014918290908697164
-0.00016111521678145466
-0.00018070735588617695
-0.00019385387638692987
-0.00019747910993320056
-0.0002016875181485888
-0.00020392500835601947
-0.00019428288337315484
-0.0001767769772025303
-0.00015576580719618927
-0.0001299430774522857
-0.00010357864454801891
-7.7938068073155e-05
-4.6739744227576485e-05
-1.0773964297356344e-05
2.4613633888558813e-05
5.7078526086601065e-05
9.089594453032527e-05
0.00013866918685298836
0.0001933666508554051
0.0002410155843303155
0.00029135198381225814
0.0003533098341372531
0.00041916638931634506
0.00047693450431509103
0.0005235323755208762
0.0005640981827634564
0.000605228207810622
0.000652365490610775
0.0007107357073017439
0.0007742438896515656
0.0008310711258731302
0.0008859518812370173
0.0009418248073957009
0.000983295249941416
0.0010013817063508038
0.001009836419491234
0.00102180200059233
0.0010350467918378216
0.0010413928005729195
0.0010372909595225057
0.0010300923137054627
0.0010256855290902399
0.001020154906476258
0.0010042187653209655
0.0009657504329564655
0.0009042487665543478
0.0008345241745692366
0.0007582604199883453
0.0006614150676599724
0.0005433350927637354
0.00042176869627850793
0.00031245309156323396
0.00020760696918082405
8.87610396540866e-05
-4.2760479028917814e-05
-0.00017198131389166356
-0.0002891895203490643
-0.00038804519748938
-0.000466438508853346
-0.0005268197044048555
-0.0005680529653710325
-0.0005910518023593166
-0.0006068965409171662
-0.0006285943981878131
-0.0006573228528992763
-0.0006837517253609789
-0.0006985752783669343
-0.0006918179411548118
-0.0006607567176718873
-0.0006160697867487583
-0.0005670426917308605
-0.00051211490439645
-0.00044614634378902353
-0.0003704958642415978
-0.0002924851856098574
-0.00021785840760784591
-0.0001443846552407642
-7.795945235409489e-05
-3.1898367753697854e-05
6.482408064821428e-06
6.946737387997244e-05
0.00017332558181287736
0.0003048671035546343
0.0004374175994718758
0.000557458400186518
0.0006706490075280094
0.00078445229586844
0.0009008816049444611
0.0010174043013642816
0.0011369835461350504
0.0012717301517460016
0.0014144443803578825
0.0015348109314676588
0.0016077954820081393
0.001639258270400345
0.0016641413988302282
0.0017098396228123556
0.0017694940339262287
0.001825305445568707
0.0018840931139650781
0.0019622942181941896
0.0020613950162531505
0.0021593020523351723
0.0022222693598908864
0.00223927277919037
0.0022299851547591997
0.0022198253851801663
0.0022069163759169176
0.0021615220092133015
0.002070352072212411
0.0019577676097947954
0.0018457194762769875
0.0017273144708269104
0.001581866040119927
0.0013950218244452048
0.0011801840795272471
0.0009691648384882096
0.0007750089885069342
0.0005906024579866312
0.00042614423725884564
0.0003080565246427044
0.00024352557751904848
0.00021289995590798085
0.0001968072898901139
0.00020956868237414594
0.00029347418215297364
0.00047842849939626846
0.0007313600406352579
0.0009732505783012627
0.0011615903320163113
0.0013168671760738348
0.0014659574888606414
0.0015776436185523282
0.0015880488952113609
0.0014984431092160797
0.0014089773622159055
0.0014058660782058122
0.0014561504284166633
0.0014577548098437597
0.00134340828199867
0.0011306000455122403
0.0009043794748257492
0.0007516517324588192
0.0007035305873311608
