0.0
0.0
0.0
0.0
0.0
0.0
0.0
0.0
0.0
0.0
0.0
0.0
0.0
0.0
0.0
0.0
0.0
0.0
0.0
0.0
0.0
0.0
0.0
0.0
0.0
0.0
0.0
0.0
0.0
0.0
0.0
0.0
0.0
0.0
0.0
0.0
0.0
0.0
0.0
0.0
0.0
0.0
0.0
0.0
0.0
0.0
0.0
0.0
0.0
0.0
0.0
0.0
0.0
0.0
0.0
0.0
0.0
0.0
0.0
0.0
0.0
0.0
0.0
0.0
0.0
0.0
0.0
0.0
0.0
0.0
0.0
0.0
0.0
0.0
0.0
0.0
0.0
0.0
0.0
0.0
0.0
0.0
0.0
0.0
0.0
0.0
0.0
0.0
0.0
0.0
0.0
0.0
0.0
0.0
0.0
0.0
0.0
0.0
0.0
0.0
0.0
0.0
0.0
0.0
0.0
0.0
0.0
0.0
0.0
0.0
0.0
0.0
0.0
0.0
0.0
0.0
0.0
0.0
0.0
0.0
0.0
0.0
0.0
0.0
0.0
0.0
0.0
0.0
0.0
0.0
0.0
0.0
0.0
0.0
0.0
0.0
0.0
0.0
0.0
0.0
0.0
0.0
0.0
0.0
0.0
0.0
0.0
0.0
0.0
0.0
0.0
0.0
0.0
0.0
0.0
0.0
0.0
0.0
0.0
0.0
0.0
0.0
0.0
0.0
0.0
0.0
0.0
0.0
0.0
0.0
0.0
0.0
0.0
0.0
0.0
0.0
0.0
0.0
0.0
0.0
0.0
0.0
0.0
0.0
0.0
0.0
0.0
0.0
0.0
0.0
0.0
0.0
0.0
0.0
0.0
0.0
0.0
0.0
0.0
0.0
0.0
0.0
0.0
0.0
0.0
0.0
0.0
0.0
0.0
0.0
0.0
0.0
0.0
0.0
0.0
0.0
0.0
0.0
0.0
0.0
0.0
0.0
0.0
0.0
0.0
0.0
0.0
0.0
0.0
0.0
0.0
0.0
0.0
0.0
0.0
0.0
0.0
0.0
0.0
0.0
0.0
0.0
0.0
0.0
0.0
0.0
0.0
0.0
0.0
0.0
0.0
0.0
0.0
0.0
0.0
0.0
0.0
0.0
0.0
0.0
0.0
0.0
0.0
0.0
0.0
0.0
0.0
0.0
0.0
0.0
0.0
0.0
0.0
0.0
0.0
0.0
0.0
0.0
0.0
0.0
0.0
0.0
0.0
0.0
-7.6186019690903226e-06
-2.269581089691516e-05
-2.660665742986815e-05
5.593778695216234e-06
1.6309269822089658e-05
2.430060044415651e-06
3.078368564276367e-06
-0.00014474590380490087
-0.0007509850508414011
-0.001609291181059102
-0.001167939600500945
0.0011149090140175981
0.002282861895121196
0.000762229763040001
-0.002571874012340208
-0.008828861433514456
-0.014620642135353702
-0.01063442317334032
-0.000476351801085461
0.004279498521849888
0.00519854456774251
0.003461787441483815
-0.00022793212337049966
0.00020954673339347604
0.003065516890303853
0.00472992223959412
0.0016500310510577348
-0.005701854838228324
-0.0077005003540675
0.0006598636009388975
0.0058595703498317
-0.00016338517298708778
-0.00114055133729073
0.0006168760367004687
-0.007501683332395676
-0.01024810648158873
-0.0003373900974639731
0.003264562199054563
-0.011496290254074953
-0.02766943188833153
-0.019923731937863755
0.005481628364303793
0.024790757528553566
0.03222619622207381
0.024898439645743703
0.0013391086675865857
-0.016593688261733557
-0.02096667774214987
-0.03920206938424266
-0.04676232051894998
-0.0016303265037723314
0.02732673251795638
-0.0009990038183844327
-0.023599408483853387
-0.011767591055217923
0.01849838595026801
0.03699631370565609
0.03339928354290875
0.01839236671623251
-0.0335985787204618
-0.11639517601707314
-0.12694690173051656
-0.04323066217260057
0.014439846856751948
0.01699752051563741
0.018914736356941304
0.014829945600533915
0.00505025504632402
0.017415496334001537
0.035403688501056754
0.015764585588667016
-0.045702432383951205
-0.11770595516988386
-0.12570368356222386
-0.013516035263095067
0.1093925303295126
0.12408775748406296
0.06849886230385144
-0.0015114099365299586
-0.037552383783082954
0.0004850854868755047
0.04153858138704831
0.007739895020359144
-0.051671255564128694
-0.06771822831969013
-0.028114088715632955
0.02401713741183799
0.05009717458160019
0.06565156912181858
0.050391482921245526
0.02241941797343293
0.03474881530425082
0.031149032200295728
-0.031032678668361454
-0.06450720914716342
-0.03994236334244711
-0.034772797163332876
-0.03598065542167487
-0.004291644236450264
0.014417013617343911
0.005904673943855152
0.0297585617242658
0.0869951170186002
0.08535999298768536
-0.008355771050303624
-0.0886530539853097
-0.0970146152926122
-0.06894281988074986
0.01574872698512129
0.1128541023502993
0.13161383519668715
0.1087898858583521
0.08252353601628788
0.03319354163644517
-0.023122685835810026
-0.05786223519947775
-0.044138118835955004
-0.010113886329210854
-0.015219915771136495
0.003724555561988994
0.08061666896548954
0.09542210633400484
-0.0010393250615720294
-0.12280884260067808
-0.17069135914712338
-0.1246422100251818
-0.054374177858070395
-0.0029225732679210195
0.05179541975229086
0.03951705146945793
-0.07992915223246772
-0.08597422257973085
0.07815806579361394
0.14599882599172379
0.022782897248309543
-0.11787078203846203
-0.0990031898794277
0.06185794212805746
0.14545680932025717
0.06701743641890238
-0.003028154934566696
-0.020804588052207536
-0.040007004800000585
-0.03437243105821264
-0.03334559619150501
-0.005679215015200998
0.04243172947434435
-0.013127306055989545
-0.06454309592089932
0.0020461420659455224
0.044095653424027555
0.015411447208956769
-0.00310657445242566
-0.012076541097542456
-0.030910486418967938
-0.050701787885635896
-0.025765795633028554
0.07794915073701364
0.07157153640116926
-0.14780891275752575
-0.27572484268652275
-0.11350974289771439
0.13604079793522583
0.19214218537966105
0.05344407233416159
-0.0888584441471635
-0.17590159041391604
-0.16177664563119623
0.04949433064488647
0.27364254016332956
0.1867802562084569
-0.08531984545130268
-0.12931717633546078
0.07318365372065401
0.23365171805397228
0.20329955029133012
0.038716003340898426
-0.10153211498433835
-0.15662138794113897
-0.10661003753750567
0.08755572365576851
0.20079691101617617
0.07488309115841359
-0.06323804289831293
-0.043357908504110816
0.07235019578517367
0.1261743798940526
0.05211091998882442
-0.05518400045841268
-0.06496469489676401
0.021549408763621863
0.064832224285614
0.06344233576472173
0.09745877564566453
0.1545077121173619
0.16200318167703306
0.08050912457968344
-0.03114429381568872
-0.12019941656480605
-0.17524619410316608
-0.1915255734273398
-0.14836452470312106
-0.04985966597195699
0.059135070367579416
0.08467440116067054
0.017791595650808806
0.03355140849268176
0.15765706875658544
0.27035116099733997
0.2548937530422386
0.02242557057667317
-0.1886411967046937
-0.09449054772870172
0.0756575907192935
0.08661855390252798
0.2155555974051024
0.4913186878781842
0.5190127677156329
0.2827750659986301
0.03239227987326777
-0.09918855101825755
-0.15318908397287873
-0.256059843004557
-0.3572087703931429
-0.2672229447246231
0.04684861218445721
0.251607759104445
0.17848097458366285
0.13253690104743562
0.22260719659932415
0.09786077766158809
-0.3398920136649503
-0.6331890428072677
-0.6279078861289512
-0.532399107599795
-0.32827428985739615
0.002253669301808959
0.25106931194061877
0.24998234855839313
0.247554511390467
0.38378085640816045
0.262763971963606
-0.17276899395396197
-0.468465079329722
-0.4546959596688616
-0.3036371916382189
-0.11662701845263715
0.09358252521383978
0.3292542324873414
0.4309050400350922
0.231080835900305
-0.07334194585792442
-0.15297344480573175
0.055379998409141866
0.17335260516185846
-0.08137069700711094
-0.3911822614978204
-0.3580926487773385
-0.07082238618864649
0.24252176680384815
0.46952090836378996
0.4679450055211516
0.35350482102179803
0.07512007605948033
-0.48163682195942104
-0.8052976993029545
-0.6366451416095301
-0.334901169135969
-0.15725133372773029
0.04174747868636122
0.34441245857367603
0.4241172622000212
0.2040548522902895
0.18444671756796116
0.4660478085427897
0.38503644309967094
-0.07898878372893685
-0.3394739120659903
-0.3864658317266704
-0.2972347917610537
-0.0009489107620329815
0.44560374231079003
0.7938591892343909
0.5928100072456631
0.05232183883025008
-0.2234458804846342
-0.2306874508208783
-0.08829900434850521
-0.06235384588862373
-0.34742411986232336
-0.4368337206550486
-0.07116253396600421
0.2217380291479138
0.020906299475240326
-0.27911840352695827
-0.4048980600206903
-0.44186015061616174
-0.024025427819594748
0.6660921669714147
0.775798316107917
0.13249686334475896
-0.5047031581776171
-0.5389712654955194
-0.4681286111806177
-0.49514497044462713
0.07624660777014937
1.0523606041098394
1.1995722314945703
0.4040454213299836
-0.1379944417099325
-0.3457218623266778
-0.769652283982856
-0.8451645821623388
-0.15067700971508513
0.5847788148463132
0.537944974214886
0.09706789506402781
0.43528779343791174
1.324624259075378
1.2791120169944448
0.22513703948679467
-0.573942924116319
-0.354224371603165
0.5641896867717723
0.89308194125021
0.18481166500194957
-0.4683442040382757
-0.647761159872433
-0.3411455927580425
0.5133400140552544
0.5330624761742447
-0.6089332235216773
-0.8146487617792488
0.03313806886283876
0.04181332074095644
-0.40343543604675436
-0.1367489264430695
0.11250860248110882
-0.28663686466805055
-0.8335883118223426
-0.8576142473137057
-0.09918837726749287
0.9258188191982111
1.4072162227157237
1.027871372430474
0.18371273132610572
-0.7508711587343652
-1.3218628669283923
-0.683363072203621
0.3970362908061508
0.26626637165630024
-0.7081552249000811
-1.0679331310708697
-0.26686079321758854
0.7532435922584675
0.740163546540397
-0.13615250401414344
-0.5376711305719456
0.021124136334940376
0.5335738623771212
0.4895714008891386
-0.019200876451255632
-0.7328481480681526
-0.8899282077246876
-0.5365840182937465
-0.5796749735045121
-1.164870525472902
-0.9519076340705142
0.5622050797797593
1.139187686448948
-0.06220622756922124
-0.7124900965722333
-0.2237568620577587
0.1430277423410114
0.4157835281121027
0.5912517399229055
0.19662813993949618
-0.22652842242373708
-0.05939709597380519
0.4220922606925681
0.9591306799971008
0.9728804214969975
-0.28338442986665463
-1.5415990306513054
-1.0133364605425728
0.17176421028990826
-0.06759709922789871
-0.9990554129450822
-1.1166442677728312
-0.6730035600059683
-0.5308227196256387
-1.1245184628458502
-1.325783818325713
-0.18125349191640747
0.9869850684013504
1.1104318277286993
0.8070824573978109
0.5951918502134292
0.13535052906302877
-0.180330795083555
0.16189156388535886
0.618461806134432
0.9590269504526291
1.027588361008717
0.8813429716495165
0.7817059687761175
0.1701090393479779
-1.0140552520061787
-1.9008357994912946
-1.4466734775556922
0.324082681535653
1.7413632841894584
1.4386101217674392
-0.23443345420117223
-1.4563860304253906
-1.1830470035764358
-0.11307562824354332
1.0350264687791186
1.3329271533629732
0.3889281352981368
-0.21516240474496898
0.042298876405378376
0.20981416278554932
0.3509468236212594
0.3160551472323247
0.11719915353081566
0.39293740410123995
0.6528519896218289
0.443098833979733
0.3785845887003572
0.5863999849617891
0.49566282662722383
0.296599955556501
0.35245497868493825
0.22592906290695972
0.01761342104196362
0.05939610733552846
-0.21122058293214127
-0.7272816469753248
-0.6843486689269732
-0.11731676408896595
0.20010638678082643
-0.07536831353825503
-0.06899037436002041
0.40882830991446634
0.1659404583376678
-0.3614803172015779
-0.07888148091155821
0.2025749165633968
-0.06356893629779758
-0.23923623309743916
-0.19739916245073677
0.09721571309264346
0.5953704324326874
0.3469096914273913
-0.637707855541325
-0.8995810648216289
0.10003419945753073
0.8607269931012222
-0.18454481724928176
-1.539193140819013
-0.8537709991570581
0.704819666398297
0.9831924362181885
0.4507151183740107
-0.10749509603691088
-0.694116065987278
-0.6579562841503391
-0.0813789441296656
0.3534429138889776
0.8284808469510634
0.8940306961210158
-0.11446098131469058
-1.1648416051549866
-1.029056106099885
-0.21054532032404902
0.2762528204028745
0.5494681661373688
0.6871063146590171
-0.10897531216718577
-1.3151618642078233
-1.2573120214731155
-0.3354514922969147
0.2779757614209577
0.7846904899539172
0.90141622752739
0.21135661967333186
-0.3765072366872319
-0.32475529585389096
-0.13887857794436229
-0.32397814204488334
-0.7648974156459841
-0.3692919256882447
0.7641444871726581
1.001794571608955
0.4017566522694074
0.1484458451205455
0.030599236469274347
-0.3380318322273846
-0.2635674158269319
-0.029589540764957
-0.43395165482481973
-0.5716724942449243
0.14828379547211898
0.5623656895733324
0.45371904110764455
0.7791222444862906
1.1002988918908339
0.3522197746362997
-1.0930802748481583
-1.5676837493274298
-0.6502656876557583
0.2379199981680995
0.44615232699606555
0.1529351906098383
-0.13795170670116738
0.354169668022564
0.7934008677108391
-0.24852229761834033
-1.6762678252739358
-1.554607406280479
-0.4356919716425547
-0.008800657583177218
-0.34998712860980874
-0.630990671271366
-0.4719467610926641
0.08681664017209456
0.3721596299443248
0.1519307636130102
0.17118559787836027
0.30933839150557124
0.02852927463889122
-0.08472042558933034
0.24158726336608635
0.39451635011397984
0.14169752350857767
-0.036833308944011225
0.21894670568340888
0.2924878158194828
0.23476462675206897
0.7486918663937471
0.7894089623167103
-0.31400651763799187
-0.8407524000075906
0.14088503450922507
1.1264985109077714
0.8324868042861809
0.0912789290659701
0.30208492565523165
0.767924352856617
0.20657175096129418
-0.12347635635173779
0.5810498738193373
0.4653120005938572
-0.5114516578502284
-0.46275024153389765
0.13658353565236273
0.13107555519559508
-0.15825323048508252
-0.26685841125047993
-0.10328376114291248
0.17017280804202364
0.4059718344767036
0.04392191373005991
-0.7509771762641028
-0.795978307287811
-0.6230882755745073
-0.7712133279386576
-0.1779034878475954
0.7135599736581
0.6213794568098983
-0.14340167566323134
-0.6142697194109605
-0.3354969967839058
0.19418889691225572
0.20944318661525255
-0.02475202800967409
-0.08842914567241768
-0.2015005927636285
0.09163518156618561
1.0320547329493917
1.2181628032906233
0.09757805866282832
-0.5701330371016073
0.2304516475857724
0.9148411162305355
0.22595758243861183
-0.6122908599034862
-0.10772316345410997
0.8139571746663771
0.4315179295173246
-0.19550716880545604
0.3580717555165179
0.529532563247352
-0.5614203439008358
-1.1720965228832265
-0.3974104076121556
0.6609244975041701
1.065374087672482
0.6756887284732774
-0.49614141816800783
-1.4599775960203552
-1.2699085593594768
-0.4645104504743947
0.20447487531472586
-0.04898512795511762
-1.4968999722911671
-2.0524842139403745
0.005979627075409284
2.192342618730339
1.7944010139096804
0.25636087371656757
-0.6116136927177833
-1.0518588694583106
-0.928829271685102
-0.10656144375018538
0.26652754338065765
-0.2870287493221696
-0.5893969897316705
-0.10509808370612606
0.3795017934506262
0.39651416583638116
0.15365987760994673
0.12680158687907386
0.07593320041799365
-0.2915101481264801
-0.02855135102936046
0.5679700044521692
0.23454503808941596
-0.0837479150863504
0.6079943048809656
0.8575731950394992
-0.4719708655273626
-1.5428408068113313
-0.5812011176527444
0.8534434707959203
0.9938289303791003
0.20101264943970804
-0.326294451850737
0.045946616299106034
0.41521355931959236
0.42939356873432355
0.7444522549230014
0.37736069054355525
-1.1369135044126457
-1.6471111344239728
-0.2992459950518295
0.799145849092383
-0.11427225727720852
-1.6263011280550206
-1.1709293112651125
0.397133676820159
0.7800847043906126
0.5234793565097026
0.5653809420706325
0.564137742607886
0.6182313565762251
0.5451821378524218
0.02679037628154572
-0.39635310065661
-0.16940926207690563
0.5289577293195242
0.7335521471104381
-0.019719176680337163
-0.6357301667681595
0.05915181935472181
0.9256388012205892
0.39444312314844987
-0.5330893443534385
-1.2072449245490942
-1.8328747431640007
-1.505050597208921
-0.7696579057588364
-0.6363598499641971
-0.5909298596191712
-0.8599752407050041
-1.0739858682344832
0.22444313255485293
1.9049366016882396
1.5698729438674661
-0.19378317550319094
-0.8422654708445204
-0.18083011101509644
0.14983127459374793
-0.039210693561586026
0.015260946634434204
0.45448582298459717
0.9521300049997534
1.2027527924226937
0.9164911453553674
0.01780057767118652
-0.855429671082972
-0.9980970798296075
-0.5274327438721526
0.025290644744937245
0.35583270186103905
0.5500690501530877
0.5330602552119772
0.12244221384151241
-0.13156183748230707
0.09343696650358777
0.04760549436854743
-0.3251898351447514
0.07215227952496137
0.940091231149795
1.0554433304774757
0.7114155882414965
-0.14808692039531926
-1.225602460436693
-0.16968089350406568
1.7723048864395186
0.8249169231585886
-1.429942622687849
-1.5522869224310214
-0.49069036650086795
-0.09883626672689841
-0.01903414047909728
-0.09896934240530175
-0.4853870276307708
-0.26869598142667317
0.3818793885108849
0.15691035920380808
-0.4029636304720846
-0.18525436607381635
0.49264909237646265
1.2259589143289769
1.593848324354988
1.359619915395409
0.7700747319943843
-0.05311706051412703
-0.4511674663158614
-0.21826993936576047
-0.13609184731587937
-0.22015924814543095
-0.04128350672797222
0.05467721443608914
-0.4298757375264849
-0.7173960005076008
0.2902925581879452
1.3451604351102644
0.40077959572419747
-1.2860662338056832
-1.1525309966907806
-0.12857143420771908
-0.10693905426929144
-0.49271193623127946
-0.3914383857412661
0.16940619702324208
0.6466821452884
0.5765869533869389
0.5569448019357354
0.8878182334623183
0.6252876518320495
-0.2953674747527683
-0.6936308783438021
-0.287201305562387
-0.08596828460194039
-0.47671945701563195
-0.7524159967175235
-0.6432453570838946
-0.3534783401320322
-0.424717374887944
-0.9119792219242311
-0.5394767983335903
0.6181761861181897
0.8466726401630117
0.007450188956669095
-0.5255538800359719
-0.18609241682323158
0.290008574270024
0.25324476434538773
-0.09527507405032769
-0.45297939540114135
-0.713603581558622
-0.586387790065733
0.0911868919551089
0.81580641567631
0.9945330864012644
0.6296732621784064
0.17487708910570224
-0.00476006216014651
-0.1356072508719843
-0.42735648874892496
-0.41306828344675667
0.06109676061793975
0.3097388307848809
0.14347284706206398
-0.024735550481268676
0.004823815346907328
0.2799700959534622
0.4978250326188255
0.43996178447473216
0.4036132615859484
0.4809100767653641
0.48808907932083395
0.27265820672653535
-0.2574934872403844
-0.7150729363343741
-0.663687395734164
-0.3257439741849944
-0.23206796924869316
-0.409185634693317
-0.28421011621224246
0.1354313321115472
0.35770511388879117
0.3558580753795263
0.21848549870320164
0.1519020123253037
0.33927734458758196
0.21989674403022527
-0.29620113964203026
-0.3392987481171516
-0.0248665468878887
-0.0569120807223833
-0.1685536057328581
-0.10820025368385629
-0.10166726619196367
0.05330878800725388
0.46068346453746684
0.624971744555745
0.18879378393439045
-0.3710056012687337
-0.41734546307876785
-0.27593211817491026
-0.2923833397315017
-0.3146371252915263
-0.39537546195245027
-0.40591897532250276
-0.07941857782612562
0.29912423146553785
0.37240967005584386
0.2231143699604529
-0.024998735105796997
-0.048894644424973585
0.2187116971218254
0.27157548893674505
0.17581295364577118
0.1748215284438844
0.10412058979445965
-0.07689096819919847
-0.3957744567075827
-0.7784906322324853
-0.8147120006558117
-0.46184021178953677
-0.02024289871514405
0.42978803960287265
0.5759390620321564
0.3370445384612917
0.06968680340186738
-0.11271239735916201
-0.16004818667848691
-0.10272812061510089
-0.06062872432806438
-0.10188519817021696
-0.2590634251024701
-0.37122897167537
-0.10172428623650805
0.42878358610741146
0.539436593603425
0.31427955201121566
0.4235034058816306
0.6200604596207889
0.36069149314901505
-0.19709320990187926
-0.5995725153008342
-0.5842945177323465
-0.22328746731156707
0.1883702857143181
0.16137180822340313
-0.29868803564850616
-0.3865484128135083
0.03981904829444394
0.43073929766072777
0.5994843000719134
0.5215840637230098
0.2830653531517793
0.09364251501493294
-0.05006669406676233
-0.10232570398245727
0.11796693284963006
0.31629414454542015
0.12021963690974728
-0.2833700917080665
-0.45793889404568
-0.19144189625406727
0.11124116505118102
0.0769575897006778
0.03587672167033022
0.32579726298332395
0.6439838191564459
0.47394296100573813
-0.016843435537487864
-0.2326708396575202
-0.1089839352507368
0.043143302314944766
-0.06272495171405999
-0.4520718050719444
-0.55894148107447
-0.049161152918235314
0.5811361880469136
0.7811837711667576
0.45142369703238594
-0.05041382615409563
-0.23739745813508492
-0.07477361454795059
0.06073485144533984
-0.055400649470622135
-0.2908565251644288
-0.3672575450941838
-0.17316385725313999
-0.08556791272525559
-0.3707351372043206
-0.42110891174317105
0.08452589265148283
0.45387189922510596
0.30980661647767266
0.05259414929339249
-0.03287035124422028
-0.05622431150498743
-0.09201964386675715
-0.12464986265861297
-0.13071705232761904
-0.05820305068332627
0.05609617904632831
0.07490924949958083
-0.0856274121011344
-0.20770039143065028
-0.09326563037882113
0.08511163687592695
0.08744049807870984
-0.2902951119072742
-0.7430111338076627
-0.5254533436034579
0.12385453971323279
0.39492730417939115
0.26639835096907716
0.059218676855697094
-0.04406045202288185
-0.11479699980960202
-0.253301433873148
-0.22658330357333
-0.10095325192165035
-0.051312831463947994
0.1797783937417784
0.46134547674776716
0.2588589004903537
-0.2329703033715841
-0.3749992407147973
-0.1321308020508816
0.13457678705827347
0.13176620551715804
-0.14240856835341195
-0.26949426742555377
-0.09897654177793071
0.032744677251088844
0.046914512738839245
0.0946178919338556
0.09037887209006418
-0.02434431656891729
-0.10709679478417922
-0.051297858379234645
0.14439639639146096
0.2713404608983937
0.12368971229718201
-0.16214567045105593
-0.2587753125815721
0.08051971189587587
0.562008509502306
0.5012803620481997
-0.014160954582332064
-0.24214364741327654
-0.09580953373916025
-0.03593461587592162
-0.1267799128876608
-0.17815239879802616
-0.14918117793314892
0.03461088795294209
0.24373708908638098
0.20536769229595508
0.09891147889601247
0.11630028951847252
0.10582314774598557
0.028782849792215744
-0.0927721418668476
-0.12808223006451652
0.06439203808823081
0.1627167870454387
0.07701896097007961
0.07433030646222685
0.04099749860766431
0.007640049402396644
0.10077080435886114
0.04289681789589839
-0.12565112212300497
-0.12403177888242138
-0.0032286314825599144
0.08072010494054817
-0.006781107342064278
-0.10942212477746559
0.0479659053982154
0.17865145028694365
0.011202703472705014
-0.13254668932400435
0.0046675554004858375
0.2123724830096492
0.16921631881474233
-0.10535711768312114
-0.32128336152188935
-0.2720245623809543
0.0350132046996727
0.3374613323496732
0.3038766099922556
0.05262310905366226
-0.09275325198097734
-0.18343796051371675
-0.2544781086972427
-0.1552376643114409
0.041099648604401656
0.039516193626656815
-0.1183089680713052
-0.06802404003289463
0.006112523392226809
-0.15793501896784015
-0.1390532483054158
0.1524461609166718
0.28141054532535026
0.22066199089728003
0.07980228394063742
-0.14823968247650057
-0.24117784870490575
-0.13460257686738025
-0.04154004986366556
-0.003218947233011089
0.06544317012804969
0.13688039610648828
0.03885734453792453
-0.21556041895477518
-0.30362440916123834
-0.10375740879413628
0.11037319404044915
0.17374493713371497
0.16653854410987465
0.04116103739510581
-0.15837800048782968
-0.2058002721822139
-0.11537904403245602
0.0032819255612442704
0.11974576799010385
0.12718335687441085
0.03630623208139488
0.007548630760195623
-0.0581281725955812
-0.1834552353239943
-0.06130432511747255
0.22932993759144013
0.2981270159550749
0.056705488002333826
-0.253150187786818
-0.30412838243187906
-0.10574689261378398
0.03931430645752588
0.06496495514516357
0.041237569799456954
-0.00954750163841825
0.04721786408277495
0.09482253453882254
-0.033136163341989475
-0.035336714034918996
0.08666245590717479
0.017823350530738736
-0.04383710846364687
0.06319085966819295
0.055171154160443485
-0.1164795601941784
-0.14489740914193852
0.03727994784942689
0.20473564188590854
0.1784774961267676
-0.02839349391029677
-0.14659542041138088
-0.04365506074955054
0.04611005302315185
0.0138798093664511
-0.026471088877251265
-0.07702175359412283
-0.14394047303072252
-0.0980404450768879
0.028041194813441698
0.06936752293724674
0.05964791161119069
0.1077964715800094
0.18043563165075666
0.09520726548548783
-0.14792055444626398
-0.150460462886584
0.09756031716045896
0.1422943354968752
-0.01672676355766072
-0.1453055673290156
-0.1954929082881741
-0.09622924287174837
0.1021798447109895
0.15986323952390868
0.05233938388852474
-0.03074513313244955
-0.015369380792175515
0.050421355528768884
0.0649180068578647
0.012616690878422735
0.011813921581393829
0.04175264273319346
0.006803502293735937
-0.06726381613199535
-0.1289687704955853
-0.08313327629580969
0.06361570687021896
0.09684994365377428
0.002900759047639572
-0.006196077664965639
0.13395990551068504
0.2820908384325515
0.2318180450316755
-0.03389487257143763
-0.27442650111982736
-0.26710225110546015
-0.0756516241706984
0.04690525814030114
0.012739996637815406
-0.05334332223366272
-0.038732130364566256
0.027031547637185887
0.04814616002352046
0.06278641267397532
0.16658155386394194
0.23853391799416815
0.13789507761031305
-0.03170336203726715
-0.18068888935554941
-0.23245169109152902
-0.08474024177117724
0.06834379988078393
0.04957344057098054
-0.003508592862617151
-0.022071162205156224
-0.007131560214635064
0.0929627997377277
0.11199084191683384
-0.02813350975010924
-0.09166088942881778
-0.06558701126058485
-0.03227470626388868
0.03527640483469854
0.029903401118176992
-0.05030898599378506
-0.07185041495321458
-0.052098421079686916
-0.0504086033074337
-0.03234420177882652
0.03398209502339023
0.10663932849852666
0.06819351267073578
-0.07163011269443752
-0.09071540526788474
0.03957297016234774
0.1298651433549509
0.11555908932842997
-0.02300364114520131
-0.24337596859837984
-0.32236850857738225
-0.16836163399180737
0.030287975372530182
0.11352893697675834
0.09314590407584356
0.04760969460290891
0.028419619927302964
-0.0105467918839586
-0.0649671967670182
0.0011527857403051882
0.12393103618548132
0.06584761765574025
-0.10172395843821266
-0.15332737845972833
-0.12652417559361717
-0.06983340657484274
0.07755416328413922
0.20246757877174287
0.12625352977986612
-0.05187129500439054
-0.07339394664053511
0.03872957369127879
0.041473164619588075
-0.10303582060960922
-0.1646201833575515
-0.05358906100989681
0.049795977969745116
0.04885817131022294
0.007666594217584142
0.031654899461471604
0.05314943682965241
-0.01219635674584739
0.029957901403920958
0.15991824221292456
0.1553901389973174
0.05647292240505114
-0.06963037323049767
-0.1728999058863336
-0.10540365295716575
0.09036451292499295
0.2060040861853466
0.13960404153394462
-0.04490355268584292
-0.1703442096020446
-0.15478293559629272
-0.043546907038368186
0.10841283663984233
0.1876302212750013
0.13292258206543184
0.029929683002491384
-0.0440460477516294
-0.05650571951156563
-0.01454509489766081
0.023269972473773073
0.03369825335794274
0.01701819785513727
-0.0231764296063697
-0.026505365460231356
0.02744287240348254
0.07103832212000075
0.07922284419190997
0.047199367875839934
-0.009301566925123692
-0.0008300640877395696
0.07183690421424789
0.05488999898251107
-0.1387667798227406
-0.3025259676503837
-0.18221798284620327
0.0668937220376192
0.14265431017509245
0.07034098359531808
0.015913142721854585
0.03976829213950137
0.08371475011465747
-0.003347881725037499
-0.13677399640619417
-0.037282930059240535
0.1555424227456137
0.10197587501701998
-0.09279831305436254
-0.1734367054868048
-0.13351760938190954
-0.04987957114709836
0.050336677329480516
0.1412236872672328
0.10100775220966535
-0.08874712747432188
-0.19122270700860128
-0.11880062639113648
0.010116874068359158
0.10747445113987165
0.05582819789606849
-0.08076398829318358
-0.05160379171008922
0.08420042058203944
0.05204723690712679
-0.1314456447070278
-0.16829888562693412
0.023436511458805195
0.12948117361659087
0.027475047319288314
-0.00026435128375968477
0.09459643706006168
0.053284438206275535
-0.07499928405203242
-0.07004038668229678
-0.011134179277271453
0.008543248977069418
0.008837565715574015
-0.054082691954063976
-0.13266371695712853
-0.13386437648551566
-0.04799055410063364
0.11008249375094997
0.22610799107972235
0.15841799572919069
-0.024947959917397986
-0.10137337521628403
-0.005349473364794859
0.07409836309189541
0.015928340392089006
-0.052911813074769026
-0.013323736753382609
0.04644114596887851
0.03046627204028571
0.021120289496691497
0.02839796407344464
-0.0224052982734627
-0.028858608579208068
0.025471737846480845
0.011043702993639761
-0.015323671161956895
0.014649257332650545
0.0256254954764471
-0.008986756951063189
-0.040764031087731675
-0.022650088449908155
0.0462964502026446
0.10462527558845731
0.08840648866544763
-0.009692416485186569
-0.1112596374047878
-0.08093993699057937
0.06274209604572953
0.11723230985101288
0.06513543172012937
0.06173113213221064
0.077171659929818
-0.01298458763372889
-0.16391497827264978
-0.16058834010216486
0.03127645213365833
0.11068066204824559
-0.011324150259305178
-0.09252890946173731
-0.06564970540516067
-0.013334034533797433
0.03709783575442124
0.054014839563050455
0.06075194363727693
0.062325149943864656
-0.025273345704146424
-0.10406421569118937
-0.027987509455385775
0.05777378244875521
0.011361370025184283
-0.06032149113516729
-0.03383319104059876
0.05002889378084743
0.059954440234127465
0.0056211338791951095
-0.0190200812598179
-0.06426498965693643
-0.12177520023901142
-0.07757087321556749
0.022075750785244166
0.07322832983981885
0.051343386518855796
-0.021735925628454136
-0.08168250190174257
-0.07379585063629647
-0.011336678666386851
0.04831567155203836
0.07696963339729843
0.05210517915822231
-0.03016664789899113
-0.07417079538172679
-0.027997697340304176
0.023823214436574057
0.051875984456006254
0.06325914896072332
0.019692918834116575
-0.020551695365550356
-0.020946837329331183
-0.05604553533165673
-0.08873288695446142
-0.03240471713533496
0.03414747722063837
0.03132609176587954
0.02236517478655223
0.02504473840583719
0.003343030133515526
-0.020234252927885638
-0.01733529401102213
0.008396814682042168
0.02831635129791003
0.02273243670940624
0.013679828763909201
0.04617343333802683
0.06890541652088211
-0.01197240970000526
-0.09152388937676392
-0.02764684105571985
0.0961881117975774
0.11738427663407336
0.013211176282639797
-0.08477783051805461
-0.08404994531573245
-0.04405481756765952
-0.023943156516400336
0.00974788314303815
0.08268992143735943
0.10638578932902612
0.0017282878770406792
-0.09825618029554081
-0.06488078279033521
0.01163699601503432
0.05395940365243436
0.06270694965207714
0.032564251493608476
-0.0009094179681651788
-0.01514533567613702
-0.009629594268040604
0.006292489196886767
-0.000589750704346651
-0.008793544366186764
0.011505075827017156
0.01775365238149224
-0.0032572185489012358
-0.02094691632583322
-0.042389910167608416
-0.04747979794694937
-0.021856364369091434
0.00011384558116868065
0.029953208542359402
0.052630332028849314
0.012138454620434017
-0.05258414639771817
-0.06535557927623376
-0.03291969023121649
0.011137272455939724
0.04765014900373613
0.04884215046674731
0.037043664089123365
0.029854211653284266
-0.030880646636327717
-0.09753186754980817
-0.04827732763995412
0.04308920882089753
0.05729807425678252
0.01774302903163944
-0.038804643026803615
-0.07081834067807329
-0.05086763331401412
-0.021163899886097223
0.0020092967521427945
0.03946263030661557
0.06732009725276766
0.025503061224048367
-0.050108998361767604
-0.05254197288470727
-0.0033516491202128635
0.019487186225064897
0.01937943158422483
0.01672151085813305
0.023849474282745448
0.028563173495543787
0.00026831752676565287
-0.03140508775121059
-0.027261282343793748
-0.010476602731823543
0.005995154441396048
0.03277107587601249
0.03475055416229873
0.0008614811103689113
-0.020654229500269367
-0.03154497350778437
-0.04181184580770887
-0.01504644881515954
0.03529266700044857
0.05412446198231435
0.02649148434622471
-0.021965842249154738
-0.04446544335702471
-0.018205674773782692
0.02249771176902855
0.04501026192539843
0.04439041993907243
0.030091998449468953
0.017853431537577628
-0.00531084805225638
-0.045934289698872706
-0.046456291610873786
0.008215680452007892
0.03774868264937012
0.022919420803344286
0.002745518503821866
-0.01879367449758327
-0.030133015385471182
-0.016037268368197945
0.00042169611817834574
0.0055259139921910476
0.021439891090763195
0.02603157715153385
0.0010172512654445822
-0.010822224752097286
-0.01388796565883788
-0.02046515758400343
-0.0026148383274511924
0.021429538938733287
0.024792918324550543
0.01844860763754282
0.006818506620485823
-0.005757166673492212
-0.015450360577855536
-0.025845977090616274
-0.02265362172423699
0.010316445482341674
0.0464162342345436
0.02025350906985359
-0.04186146794739594
-0.052132233495412156
-0.031763611057660866
-0.015756721272444544
0.00949213716937497
0.022163995746096694
0.012433793896423741
0.0036582870410632145
-0.007379351062847336
-0.023807954353258692
-0.013913750276329554
0.017861526981844286
0.03183877902152209
0.02496843395490407
0.00364996141811249
-0.020313395237041426
-0.022105767669333184
-0.007194046149328987
-0.0029305515939724055
-0.011622734349268426
-0.008393119000640187
0.010498099064520698
0.014977324948700193
-0.012145679866849668
-0.03622191625652425
-0.022156504893187264
0.007336414984982516
0.01535515029382924
0.0002457512750888266
-0.016611145666770775
-0.011061628859744899
0.012593148519308966
0.0019474665733333772
-0.030798452707556625
-0.010012206583330099
0.03960774276440296
0.05323729802241293
0.029871654010697916
-0.0013407394703585727
-0.0025663366877296135
0.01946059615029124
0.015202173409425349
-0.008327916060836243
-0.001644419747062738
0.026276178302169002
0.02356271240384395
-0.013641532944463911
-0.03559783853210246
-0.01596191493305954
0.01706790530695018
0.03131149725893204
0.015926363361566918
-0.01264144637553084
-0.016672721092236647
-0.0004799008495748901
-0.0020429774893668904
-0.019760126043430165
-0.017188184013702534
0.018047348374026516
0.039967604465064595
0.006926827595035138
-0.03763302451957436
-0.03716530127947807
-0.007836922776634708
0.002739931166138562
-0.020668217936075133
-0.0321061852715188
0.0029386159979304517
0.03939562090253925
0.02537445314452579
-0.0166979386402785
-0.015259275565180678
0.02125671254857806
0.024424818574604722
-0.0012531760584933238
-0.019649982838979584
-0.010889519164019874
0.020725872505099302
0.029409244072878864
0.002178442432691616
-0.008254008194461896
0.019230342252251287
0.03559669021830634
0.007245312508048665
-0.03653098733057515
-0.045594524919417616
-0.016414213176253252
0.004350068921070929
-0.0035435936308763297
-0.011280131656707763
-0.0035152182258182587
0.003627764689340809
-0.0021313373783331526
-0.023810560865603833
-0.03469250618412175
-0.003892500921610976
0.03035525048045208
0.026823479828450653
0.00673249420849448
0.00431991906982688
0.025557351225727033
0.039576209325447635
0.01958545316151788
-0.016954553007287994
-0.024263956934807422
0.0027458888410199526
0.007250435720143906
-0.021930811697101857
-0.026603090189424184
0.006663527124600996
0.02689477622601496
0.008532875030763673
-0.01848115475542705
-0.022177396692417244
-0.011656877390447145
-0.012064351640760241
-0.025425130049834262
-0.03113546035299227
-0.007923789986145294
0.02103431185734945
0.015648695066850415
-0.0075304670921579045
-0.011997685581552113
-0.0012193762897289365
0.0005227299827448332
-0.012878839287283608
-0.02557815932988102
-0.020468619812674185
0.0021173372849095365
0.018756765828064702
0.007890131204540969
-0.005431996047149942
0.012237917240542604
0.029864340000415112
0.017461849940774828
-0.000987597421861514
-0.007766469188708758
-0.0005801877505243651
0.018293287413535215
0.027085906349811707
0.01554389823729225
0.013211810056110275
0.03014596547026275
0.025008975148369944
-0.005368678549557395
-0.019987462088282653
-0.011236668014078468
0.0041604538768033
0.008527164690759755
-0.001349552774508564
-0.0022751339874108167
0.018273735756423642
0.032818597531760786
0.016421294906293724
-0.008838567186974658
-0.010931950874988099
0.0009685570512334442
0.0007078455332647455
-0.004080731544493863
0.006353876673363528
0.025142166242596634
0.03235214525719432
0.021970265860905506
0.003943034351558976
-0.012423230934178181
-0.016039735652293677
-0.008097796635329777
-0.008838968034476022
-0.01546618270000175
-0.01069034688956882
0.000746904593910829
0.004915123742126909
-0.0030467962411947955
-0.014577951418429056
-0.015120004257309791
-0.0024321798120001312
0.004538587025003997
-0.00812061305367133
-0.016787173616514217
-0.00525575411502071
-0.0009647269108923843
-0.010257893385030093
-0.006489797495219188
0.009838489152450206
0.018041557015189322
0.006618722052986994
-0.02176634040092172
-0.04636561214178802
-0.0457183442149201
-0.02488337612301755
-0.012503188719679299
-0.014206283603599245
-0.007332069017035575
0.00841391063345019
0.013629613469451372
0.0047008614982379186
-0.007477563883680613
-0.013881973112369102
-0.013058790654665088
-0.009601538597249779
-0.007927300646013566
-0.004215780842998382
0.010703134268763615
0.02499922031159731
0.01662318517413097
-0.0015710327389171991
-0.010468841465622278
-0.01674732058656135
-0.02316575737990656
-0.02369984699532693
-0.01961213427073082
-0.014095034914365753
-0.003970961802743176
0.0036157720530077967
-0.004016911195900092
-0.013774222664773834
-0.014027592292384355
-0.012698968474267804
