0.0
0.0
0.0
0.0
0.0
0.0
0.0
0.0
0.0
0.0
0.0
0.0
0.0
0.0
0.0
0.0
0.0
0.0
0.0
0.0
0.0
0.0
0.0
0.0
0.0
0.0
0.0
0.0
0.0
0.0
0.0
0.0
0.0
0.0
0.0
0.0
0.0
0.0
0.0
0.0
0.0
0.0
0.0
0.0
0.0
0.0
0.0
0.0
0.0
0.0
0.0
0.0
0.0
0.0
0.0
0.0
0.0
0.0
0.0
0.0
0.0
0.0
0.0
0.0
0.0
0.0
0.0
0.0
0.0
0.0
0.0
0.0
0.0
0.0
0.0
0.0
0.0
0.0
0.0
0.0
0.0
0.0
0.0
0.0
0.0
0.0
0.0
0.0
0.0
0.0
0.0
0.0
0.0
0.0
0.0
0.0
0.0
0.0
0.0
0.0
0.0
0.0
0.0
0.0
0.0
0.0
0.0
0.0
0.0
0.0
0.0
0.0
0.0
0.0
0.0
0.0
0.0
0.0
0.0
0.0
0.0
0.0
0.0
0.0
0.0
0.0
0.0
0.0
0.0
0.0
0.0
0.0
0.0
0.0
0.0
0.0
0.0
0.0
0.0
0.0
0.0
0.0
0.0
0.0
0.0
0.0
0.0
0.0
0.0
0.0
0.0
0.0
0.0
3.275095795910787e-07
7.501401999420157e-07
1.0003171862000083e-06
1.2393063977237051e-06
1.3882031778291482e-06
1.8564560363604925e-06
-3.9120780200078196e-07
-5.907849519796274e-06
-4.266545923293642e-06
4.583128906078575e-06
9.725539761321496e-06
1.2080919288205944e-05
1.6784388289654116e-05
2.4242582540279543e-05
3.3306071612626334e-05
3.2786813290124293e-05
1.65827166374847e-05
2.092280661667653e-05
6.099822315415082e-05
9.046965015350683e-05
0.00011448678879981125
0.0001386292565058832
0.00017055097475730615
0.0002500370684821146
0.00028643912918303405
0.00025943151421302363
0.00031650507529846995
0.0003346745670469396
0.00024260667231572
0.0003642932858263803
0.0005614335593034009
0.0005049690246094739
0.0004769916976445287
0.0007225295180848516
0.0008642019608165416
0.0009210322876709619
0.0011478718817230955
0.0012954934272722768
0.0012308276853310533
0.001086805239799033
0.0010097857788984004
0.001040194448597664
0.0010087985827955804
0.0011076286039848047
0.0012384917404490178
0.001274480730278795
0.00133113870604765
0.001357577407983344
0.0017499370678115457
0.002157677794801736
0.0019616977895182395
0.0018554594301507146
0.0020878748916662213
0.0024645666113617066
0.0029665490869236295
0.0032313864799840756
0.003659978048498608
0.004778250802806661
0.00618270039157952
0.006992058676714496
0.0075494846122087355
0.008187795331148998
0.008904010818023599
0.009428241245162249
0.009918959553715393
0.010722172598702414
0.011851259564801037
0.0135569334412775
0.015693184778038965
0.0171237143355931
0.01827475250520679
0.02016995596718813
0.022285526531333796
0.024184231417951858
0.026197533147159394
0.029236496282802834
0.034426381529558604
0.040938280613224444
0.04870518850387196
0.06288887123240472
0.0804685423290842
0.08705095746370879
0.08592980390181067
0.0917338940054786
0.10145576180179272
0.10965809528526015
0.11330125596230899
0.11081911665585312
0.10197468674140524
0.0783683487487789
0.04415111001919845
0.018078541863522788
0.006875741193346337
-0.026337228380473025
-0.10632215955527959
-0.1719467410435545
-0.19381146576633632
-0.227968014051614
-0.278100885331644
-0.32404842592847927
-0.35241245165923146
-0.34428553570739245
-0.3152604817283925
-0.25652152517383525
-0.15941441547605126
-0.0835778081270722
-0.09523871907589197
-0.1418817979861062
-0.12696238830634904
-0.08130251715187149
-0.08861276735119306
-0.12699906975008765
-0.11847898940356696
-0.1103169294305643
-0.1448991011406074
-0.13169409330450124
-0.05955921895406341
0.004875995018632186
0.029242034427278366
0.014453656231423242
-0.01925733584409247
-0.016505063194191746
0.05397619761874871
0.1133174236880447
0.09960523544905989
0.08947209519592243
0.13046560556047093
0.13285728853801113
0.09976868079935025
0.10009652480972527
0.10109963436181921
0.0809951983983391
0.07486061669264549
0.09505694943052977
0.08780538552054128
0.03701405066341899
0.012362954836584028
0.013116804119792958
0.0006996008564638829
-0.024964538017521614
-0.043347865009985685
-0.026268949349767465
-0.01737185856542588
-0.026635555268122557
-0.012432830777358647
0.018876341206809394
0.06102353475333191
0.08082729867997974
0.052043973949316306
0.04214989052777203
0.07268027506354431
0.06176143687174917
0.045359647999515744
0.07985087331624295
0.0655192590677542
0.03514821961981594
0.10552885974532891
0.17534768575213733
0.1709964724203955
0.1522571832411007
0.11959807422256065
0.12289231692168218
0.15152088145087186
0.08564171437802934
0.022927743787652916
0.065304829908247
0.07414851941652081
0.019204772382507826
-0.019168445806475497
-0.03838383884510619
-0.02029627302328511
0.055524749125416266
0.12011888921308289
0.11187243728520242
0.10624315588789429
0.10324376882296116
0.019657916178713212
-0.023749868511192807
0.035569773883194836
0.05476986742925116
0.011761287605426368
-0.013814748645255743
-0.015230037151927745
-0.028665809298927244
-0.054960650120254126
-0.06132782008246075
-0.053738260818982794
-0.04770733366435961
-0.03109152301564535
-0.010510914768728776
0.021885372665319685
0.04770692993951355
0.052254958129623025
0.06530579655002314
0.07646308922767969
0.10193784246675403
0.1602023974169968
0.2017187266947885
0.18581115194204176
0.12269042113438146
0.07855701081768111
0.11075852268167574
0.1462187859946023
0.09904788726111559
0.008066491996575277
-0.038086541717180476
-0.0007972089364741955
0.028352181196557046
-0.028588755499866527
-0.062179037722689026
-0.015558063817697547
0.005709298332394316
-0.03681672953163198
-0.060350582403091685
-0.0368940252474044
-0.03704905000252416
-0.04217742765366722
-0.022178443271408135
-0.02252000499177432
-0.023864608823851025
-0.02519809468358241
-0.04910732140911493
-0.04763086487184212
-0.03297408207770444
-0.045912214585014675
-0.040615538099718934
0.00946565716085153
0.0279962297085454
-0.0025387412277809653
-0.011341087560388052
-0.007668822013193361
0.01246779387403485
0.06925727970262403
0.07805541451394465
0.02525499192059257
-0.0061747130222454625
0.002104627992131404
0.00012607345101698953
-0.029829726210230546
-0.04915278216806337
-0.05623985251398052
-0.029165429835708738
0.012296240176839711
0.01565242162885575
0.02951408710136986
0.049214820872332074
0.03466602363081944
0.01858130636412476
0.05579744577489881
0.11131071671295123
0.10199759173473591
0.08663193325034554
0.06916309884547164
-0.002553258039491237
-0.03802890051235368
-0.040263394512578154
-0.0690161384857379
-0.0872971899313159
-0.09841848278008784
-0.1251335171542944
-0.1446685949505504
-0.14553238750334718
-0.1357255817978016
-0.12360602114956565
-0.11073127697279112
-0.10151833260097581
-0.10305375882322482
-0.08328460270412044
-0.05143965278599223
-0.07383717046877507
-0.07613424863205398
0.0034186154658005304
0.0633598822437938
0.06304860181239583
0.036890087170001994
0.03245729411931925
0.054114401627309044
0.04915205130782199
0.021417517976626218
0.040628362643398176
0.08710795172890011
0.07757355441641159
0.07409985290770123
0.07604623023510834
0.017538077721604556
1.7977117434362423e-05
0.028689325042534304
-0.013099185943568726
-0.06197580694485739
-0.022091646751858738
0.0245601301629651
0.052869450936546304
0.09082164548783989
0.0820569319159649
0.050519498790386495
0.04918542338097759
0.0604934749841337
0.06831104119219071
0.03221072057064183
-0.052750987042738735
-0.08393287746533405
-0.047166736504398295
-0.0216480635530239
0.0007854787740834443
0.02466153686600494
0.027959144474077983
0.037060889862375816
0.043295816588375044
0.02195422396748768
-0.01674915111810228
-0.03853370180209313
-0.04240894480887304
-0.07268848762182917
-0.10343180354854334
-0.07227367464456277
-0.030362842018903886
-0.05485432941094709
-0.09330124313694835
-0.08626595236998803
-0.07368268269190321
-0.10902467912076401
-0.1349096673910505
-0.0917645014596825
-0.052288293809657035
-0.05898368945153307
-0.09112748232860368
-0.125650703392509
-0.1317739424552492
-0.11217298597751926
-0.06688490498973707
-0.04020638164624423
-0.052981008788149285
-0.050066371418764744
-0.052386508180491384
-0.05887918044544811
-0.02969649209160505
-0.01612150363802009
-0.02497254153351859
-0.001587383852325191
0.02118947329272053
-0.01702652478534967
-0.08597071840853528
-0.09926679573403706
-0.020498503027936633
0.08198269035570573
0.05737183617353922
-0.03742941240432024
-0.03366207667140627
-0.024881709193284796
-0.0634857959142653
-0.03262093947538475
0.05233966315263456
0.04568966026112564
-0.06021150524818049
-0.10175895275675648
-0.03139313476165598
0.03695902378214326
0.05321019155807175
0.03629611054781282
-0.01116007097170737
-0.028145120003626338
0.0058324826453753035
0.035032771225961816
0.0469328124921199
0.025450810789193406
-0.024962350006125116
-0.03817084884677025
-0.03223258504431765
-0.05981379284548482
-0.05724604231844458
-0.04225661447798559
-0.09050435106702728
-0.13508878335526722
-0.09636628671722546
-0.03418788870695568
-0.040328321892464714
-0.05822867016878806
-0.021786302800581657
0.012757808890708974
0.022929463141727037
0.03423876686732069
0.02849493317779019
0.05114743250424243
0.09853189334198102
0.08325028905570822
0.07016392587416091
0.09169055799555288
0.06997737777670374
0.0362264125826791
0.03896851594115282
0.042542739467699195
0.047693886155839214
0.04915778603190248
0.004916451515506409
-0.02623214121772884
0.013214529089081837
0.0435130241565942
0.020918203044273276
-0.00023637088629863438
-0.024591325478819717
-0.05499454610553442
-0.05951732518113752
-0.043747475067042275
-0.022977785173229518
-0.02022976696654685
-0.02897506424554802
-0.016550112276141584
-0.0017525418083877873
-0.010794362847864707
-0.024142599708335998
-0.03917575436657254
-0.06122323189273452
-0.07269246008954763
-0.06840862047614371
-0.06776811012257762
-0.08525108537458893
-0.09144839288190876
-0.06721401107507932
-0.04876892217977466
-0.04294523140811035
-0.02749498959841883
-0.032337919603357114
-0.0460264934273451
-0.02598340448115734
-0.0051808122561929765
-0.007539712482886462
-0.013990132310756498
0.011291259638925914
0.04743480142191038
0.04911626352503785
0.040029923851561615
0.030380699419460734
0.03280127396310819
0.04787444305096411
0.03222393642916687
0.011562603184870424
0.0197994140416421
0.014610259633072893
-0.011317203741500774
-0.020889886992846003
-0.009758788708703897
0.0026175209155951834
0.005538685669741623
0.0009025945030996531
0.0012583916480518264
0.018132470456788962
0.030902885941079747
0.029363194527131663
0.021848253429685997
0.027061770072152908
0.051287292906145754
0.04563763094052109
0.018260906790003948
0.027252341519772457
0.04533520576659534
0.049777246140857115
0.05620411340968311
0.050596153925195196
0.03932704673384831
0.036742235589260167
0.029324100623804
0.0009666858692716477
-0.02697356240940014
-0.027924454117806537
-0.017308904290186843
-0.002024304066978823
0.009197992824813681
0.00034495476092224776
0.0030059203525742103
0.029488612187165756
0.04366361404045864
0.04593824961098727
0.05342730546397026
0.048244927628019546
0.02007973069897067
-0.006870515849074569
-0.009804609800048847
0.007484739030376118
0.018787438545205804
0.005110350907490836
-0.015277928787586355
-0.012892935682683005
0.004996257414434646
0.009395607546212803
0.009289515183164957
0.015111908586807145
0.013941273025146982
0.005013442871108463
-0.003018141143663747
-0.005722786560658566
-0.010285580471502256
-0.024522114687033383
-0.03874344065326566
-0.02460000380915989
8.875372355786985e-05
-0.0027935182424131725
-0.017662234390697258
-0.019989974365126777
-0.008476669158331916
0.005809546971363241
0.014773990410941261
0.0058794832311670885
-0.012150161514546712
-0.018950874587441907
-0.011628879429887516
-0.006666989420357323
-0.033435585681886704
-0.055746747758900414
-0.03930273336541685
-0.017906812777641862
-0.011469727045282395
-0.00794687926662932
0.00015558888273686208
0.00031508934834217553
-0.007071920527894718
0.0031258624214309983
0.019246355359029233
0.010858251923978324
-0.002871819079677372
-0.013680873229145041
-0.03216718821455149
-0.0356851357564638
-0.01883873888815796
0.006170027872394641
0.025446410422857925
0.020810880619105333
0.007961952683488423
0.0015733752865261365
0.0073593318729762444
0.018215747696454763
0.00785481662738763
-0.011346636270350877
-0.021330091916877073
-0.014041957145403416
0.014101576981871944
0.03220473515362147
0.027298038947432143
0.020824700672664623
0.02842201786728559
0.03457748541546959
0.023399328210160695
0.015039541897710283
0.017256390884108564
0.013499897254988341
-0.007529877388311156
-0.02897541897638593
-0.022208055529245242
-0.0018939148970219387
0.0011993446637148188
-0.0019205867756679324
-0.0027336053032092984
-0.007352094951945228
-0.0067134584788973274
0.0017473064471153477
0.00961497598668831
0.011604103075078255
0.011144905872732732
0.011076188825078527
0.0009886750543776535
-0.012401112129498007
-0.0040640976084173885
0.01180507547673954
0.007538898864388949
-0.009649174688119565
-0.017369921719553216
-0.011426978036665543
0.0019143752184439646
0.016044456287055052
0.01647131537595593
-0.0009274712825267816
-0.015577396717751506
-0.018380522178987155
-0.02702676316791449
-0.03186512028987555
-0.018877327049890685
-0.012052158662656928
-0.0241657159589753
-0.031588615697695555
-0.01627007891141008
0.009432709437929468
0.024881053874747806
0.02070241474008342
0.012474065475420381
0.017750706313089646
0.019915328284685098
0.0049706147126446516
-0.00833819929745053
-0.004693438952167528
0.001677649993433972
-0.0063360523561698376
-0.01769663696881739
-0.01917329876454485
-0.00988109976485643
0.004450356906706358
0.0010191499961583173
-0.019158078482732266
-0.025105566671029568
-0.014142245054817705
-0.008475295901963276
-0.015276551124681636
-0.017187816051031334
-0.010693336077310628
-0.008223126887612736
-0.007780736037777665
-0.009263869939134554
-0.007291342995876101
0.0074027646574842615
0.02020568173725916
0.014047159095507874
-0.0013382975055075332
-0.0017980064713490498
0.007523531119927789
0.007048526003598348
0.002844304875175377
-0.004364606712911747
-0.016751007169608274
-0.016467893758011477
-0.009910900174325398
-0.01761323008719943
-0.015980139894512094
0.0020944236628881747
0.003849822455244737
-0.008496395403809672
-0.005458241900544241
0.013215640107299916
0.025699666302016467
0.023500342288819684
0.007610454755589907
-0.007890353114837233
-0.00536867316037436
0.0047815433278267224
-0.0005857398278145788
-0.0065107353999213574
0.004260162817108694
0.007903844821642731
-0.0009086544802363068
-0.005353694493127537
-0.0018591224351580022
0.005507438308797135
0.005568233150044653
-0.004275313893299421
-0.011020354473972939
-0.006754391967499956
0.0024114157637574064
-0.0006350525464225438
-0.0074037321438505865
0.0013481609485675576
0.010296329780525118
0.010668343990650895
0.012244194347799596
0.014421858443470974
0.013017858643925028
0.01108988569907796
0.013217117407903252
0.008915117295242383
-0.00246068050412419
0.0009335027043804046
0.008949632156593215
0.0006830300134574937
-0.009247723515965025
-0.011088661567928598
-0.010729328287479233
-0.006591964927150094
0.00019896950093536932
-0.0011098628521561218
-0.005593167260121284
0.001354505042140966
0.002672430893656713
-0.006323031118167952
-0.0005745326685587887
0.010290002538770743
0.007654598982538258
0.0005750933191539441
-0.0016484634747153724
-0.0028739777074798054
-0.004000466478459273
0.0010942877522556608
0.004897696222079811
0.003499495846634846
0.004456022867305465
0.0030124498666957303
-0.0019381086385853747
-0.004198179535960363
-0.005637804686162333
-0.005477495967902845
-0.003113655570037772
-0.0031849999966078253
-0.007154702755575948
-0.008813654193920707
-0.0005195106494829821
0.004679545638632864
2.7577487565143475e-05
-0.0006470499035870737
0.000658388180466055
0.0021717268314025333
0.005940286989055951
0.005153370049024916
0.00026274567480486275
-0.004189577670560771
-0.0029446997119308787
-0.0014560468528283044
-0.0039093484125558705
0.00022240953350928776
0.00543010793069142
0.0011584471946868285
-0.007168040660348833
-0.009123807508084501
-0.003414650694990092
0.00020604294023231426
0.0008234351236733572
0.0008640583808369556
-0.0028913097559076857
-0.0039061820035178885
-0.00294491206043397
-0.005804147279297884
-0.002557100049530248
0.005845049093435868
0.005073133952521356
-0.0024556971672289704
-0.004090871836848289
-0.0001981733651126835
0.0011161479995044912
0.0016607117978017396
0.00423272679584286
0.003953381065703915
0.0006269523053251776
-0.0028115350389290154
-0.003698795783636796
-0.001967697316233587
-0.0008860660570025695
-0.0027414723761233512
-0.005944701108919784
-0.005131038824271878
-0.0015125945819836526
-0.0008585998581512406
-1.2292030515347266e-06
0.0030681367103900254
0.0022193690159919123
-0.0018270449843343182
-0.0018992150363268887
0.0017797670568947294
0.004105614720705539
0.004680136475279768
0.003111070632158204
0.0004313268846740154
0.00030780553747468463
0.003137260566986809
0.004083335415236309
0.0035205413230145932
0.0045450919601126545
0.0024124719959428787
-0.0024999138666733887
-0.004298396667573499
-0.002348503880599647
0.00035530921250592393
0.002108498170816451
0.001994642368550393
-0.0010889755084393198
-0.003016501479663962
-0.000926625880911486
-0.0013590903806432334
-0.001787056849551389
0.002664680930460876
0.003916332372139725
-0.00015430486087043426
-0.0017426053300308739
0.0007170497651325089
0.002102522658680849
0.002437265582603644
0.0025428891554262634
-0.00014367567414883082
-0.00231270052197285
-0.001736176979236722
-0.0019880129458500354
-0.0005902384372047056
0.001639849532485937
0.00016449862481487522
-0.0023650047648789223
-0.0026435403204263185
-0.0012932151582701044
-0.00020343328612601428
0.0009630866848535021
0.0012495373696465946
-0.0007356846193321411
-0.0022442971142735114
-0.002454664878953754
-0.0006259763574514429
0.003051540142132099
0.002613485160309436
-0.0003047731036325364
-0.0015033544924318767
-0.0026383109635694764
-0.0026589513476637135
-0.0008616272692638412
4.7270554007491676e-05
-8.036141309691027e-06
0.00022150108440103584
-0.001058109709923773
-0.0033270468901371746
-0.002056278484284257
0.0012767748207272744
0.0021438936235980022
0.002323080921258052
0.002209231197501478
0.0002856378349445077
-0.0002851246075034667
0.0012901320823276588
0.0012810610247591299
0.0007061501800084982
0.0013338358058422642
0.000622438693929118
-0.0009410946344921206
-0.0003970455876777688
0.0006593003448918648
-5.035691342345816e-05
-0.0004045958254488701
-0.0008674478326101786
-0.0032097579415704012
-0.003580907789078512
-0.0016446196178953247
-0.0012079276554834743
-0.0008245860372505027
0.00025594573696305324
-0.0005188146984056395
-0.002252367037244544
-0.002004431043798394
-0.0007515396711223384
-5.624277694570532e-05
0.0008033142258541452
0.0007920989077945391
8.116056505712448e-05
0.0006322348663173196
0.0013905167784930596
0.0016158144368079274
0.0019364326985206349
0.0016683381535837231
0.0007623526156844861
0.0003443131790969358
0.0003110335687124757
0.0001931261573057649
0.000945926687058136
0.0018999958409946726
0.0016148171894397282
0.0010029203900017555
0.0006991870005333878
0.00046892288545195783
0.0009102880026346699
0.0017870214300158755
0.0017891719304610537
0.0009775941779362545
0.0004654183463712992
0.0003021751474222625
0.000493665866336208
0.0010850799663356086
0.0009222258617373675
9.140607151067624e-05
-0.0003741389688037897
-0.0006542775484646129
-0.0008951241473961349
-0.0005991687328148874
0.00017141946641311234
0.0004609752818659202
0.00014573175560806575
-0.00037338494566763723
-0.0008806609931092817
-0.00045386474670593954
0.0006800496379354178
0.0011030838046244664
0.0009087656423209915
0.0008587609026188488
0.0007636405081668461
0.0003562157096662646
0.00022558216751241125
0.0004462632231456422
0.0006268526191154191
0.0007333501606203601
0.0001898500677171559
-0.000570419196219553
-0.00037211472111055977
0.0002680132039623942
0.00044759740603577254
0.000284839626398361
0.00023209652933351037
4.980361486572513e-05
-0.0002110404804413116
0.0002145394463403353
0.0006985294055741899
0.0007549960862463867
0.0006294521954448339
0.0001850928538615414
-3.273837868108228e-05
0.00023711795615816725
0.0006543514756116702
0.0011541930455218456
0.001432787170342602
0.0013506784283629717
0.0010808220019952615
0.0008293582842311193
0.0008850012304623662
0.0012062081664532163
0.001349662826713652
0.0011826113708911766
0.0009439656412682859
0.0007958982848442344
0.0008337010360089907
0.0009757376049171546
0.0011553853582263035
0.0012865233532104185
0.00121088761027087
0.0009283089639246134
0.0005622398271241103
0.000282559929680356
0.0001373012822266132
-7.383122687989389e-05
-0.000301129548506293
-0.0003063691498246825
-0.00027718693659127184
-0.0001833545352144243
0.00015989070832387765
0.0001787193326715406
-0.00017124521060014124
-0.00022718187429563902
0.00013285082547289466
0.000578988039212354
0.0005201179213527959
-1.4346325139363825e-06
-0.00013896479609450794
9.413914790632582e-05
0.00010154018148388413
-0.00016353500191788336
-0.0005492927524451823
-0.0008098341163964485
-0.0008840240696245223
-0.000893533535884388
-0.0007533146670046699
-0.0006382915255561004
-0.0006898376641207777
-0.0006736627497428197
-0.0005108579260839129
-0.00016610485951345385
0.0001151287022718391
5.639936841464863e-05
7.745167905477415e-05
0.0003125784277606838
0.0004378928978579459
0.0004641468286811959
0.0005057018247333374
0.0006849323009470061
0.0007290863375500373
0.0003930811058105783
0.0001801744510311121
0.00019691221614879986
3.8289114242874416e-05
-0.000230510992790798
-0.00041261637448054123
-0.000566051882303523
-0.0007389002299397546
-0.0009555352349999264
-0.001237607642130227
-0.0014123871891501218
-0.0012607137242626057
-0.0008238622136495299
-0.0005982924186183884
-0.0007796880223536661
-0.0009347782696365116
-0.0008733191040714738
-0.0007685543721669902
-0.0009086215346139223
-0.0012357422411808322
-0.001562778857788734
-0.001833697653213043
-0.0017414605183286806
-0.001351600003882105
-0.00113231740282094
-0.0010919957130756334
-0.0009689944520684116
-0.0008201611923154903
-0.0007475537323618985
-0.0005862445066222012
-0.000321251588408233
-9.48749924939295e-05
-3.189704294564038e-06
-1.9046001456918526e-06
9.335974027806416e-05
0.0002770720719592506
0.00037982573069207643
0.00027753714239692185
0.00017992154450983966
0.00026238749823674813
0.00014297855856747172
-0.0002829818018894101
-0.00045171085067260725
-9.416397281092151e-05
0.0003056866195989913
0.00035435637269362515
0.00027770656395473964
0.00022213351429449247
1.3579504451065802e-05
-0.00022894946613112544
-0.00017790994886173289
1.1094476888853505e-06
-3.769770553050385e-05
-5.3086228688018e-05
0.0002726729423526777
0.0007336622281496299
0.0009675279233567525
0.0008778138967914456
0.0007329421993878378
0.0008217152107107388
0.0010239049059465783
0.0010967079689113157
0.0009891854903319268
0.0007447862057328286
0.0005838189830254388
0.0005436910801176525
0.00045347540213092774
0.00040339240094302713
0.00047810179454197197
0.0005314137570411884
0.0004602998045687938
0.0005207223264996032
0.0008201593496826293
0.000872125043501879
0.0005676088879808622
0.0003710448449909253
0.0004156680539739335
0.000539529547340774
0.0005330578549985572
0.0003710000977064199
0.00021254912677249544
0.0001634161109309113
0.00024241861351419279
0.0002875523359623713
0.00030965728541217894
0.00037837790640064014
0.00046012295890206396
0.0005710526326596642
0.0005854209140841502
0.00046848368598750146
0.000427616582836985
0.0005753226674443421
0.0007504412708957921
0.0006364147988574397
0.0001831615705861947
-0.00015918105265153606
-0.00014919819953183728
-6.84942380643046e-05
-1.8430473848625134e-05
5.4953074580419044e-05
1.0810622434616501e-05
-0.00013742316208684055
-0.00017050080588021125
-0.00012091007390631921
-0.0001925412392744032
-0.0003769478982704368
-0.0005194376855642641
-0.0005100548551824564
-0.0003845087095286775
-0.00030624384007262734
-0.0003871015861898773
-0.0005512653990208573
-0.0006759622849337273
-0.0007031051687045451
-0.0005967384558519262
-0.0004803035141706344
-0.00047653232984708833
-0.0005582642426280395
-0.000653930976867927
-0.0006525477008123966
-0.0005087808620614934
-0.00038530869887318665
-0.0004980431798510138
-0.0006978094199439289
-0.0006393277851252073
-0.0003991706987392286
-0.0003228462589404745
-0.0004311766578993935
-0.0005034671995735824
-0.0004072482880211881
-0.00019516027269233434
-7.785031174265268e-06
4.479908473868198e-05
-2.640336687185696e-05
-6.534059000015562e-05
-3.6478761985034917e-06
6.992812697778679e-05
2.9024028341837868e-05
-2.0873114008819253e-05
8.99688288010937e-05
0.00019291428218060262
0.0001434545545869821
3.4395461180148925e-05
-1.9716122029887886e-05
8.448913369429969e-05
0.0003146367542066106
0.00043140292126097533
0.00035157272252312973
0.00025034662424743443
0.00019960678691048386
0.00016625932093081148
0.000204905765480684
0.0002692285710368077
0.00021797335591380388
0.00014274110191358263
0.0001800839637831776
0.00023541249766319793
0.00021286995709171274
0.00016578946713788798
0.00013406596338135093
8.823613867307593e-05
4.641291546127792e-05
5.908315417409534e-05
0.0001097779166870664
9.717694904592927e-05
-2.3658795683181072e-05
-0.00011157444989106799
-7.819018161228219e-05
-1.1302317476446715e-05
5.1749374357391605e-05
7.341144675171477e-05
-1.003028251458731e-05
-6.522659811316266e-05
4.158869233093228e-05
0.0001461393948329788
3.1693293656647484e-05
-0.00014571637585081867
-0.00013707750659701964
-2.0598566656090725e-05
3.832974590805976e-05
-6.678823662260396e-05
-0.0002517824414334235
-0.0003108457556265813
-0.00023501498380259676
-0.0001637916883932135
-0.00019635322238962478
-0.0002548009750552547
-0.0002184095973491035
-9.611679362127942e-05
-4.7790489940925695e-05
-0.0001254995950830496
-0.00013540907510245894
-1.5040227218394883e-05
9.641804479431387e-05
9.64171935368683e-05
-1.0832769940238583e-05
-9.948557991701873e-05
-6.453766562791911e-05
6.628741250334568e-06
2.8660514734965927e-05
5.28131115051248e-05
7.153178748595869e-05
1.3364982284512013e-05
-5.772296862262084e-05
-7.034759543429356e-05
-0.00010344381365919458
-0.000139880258847123
-9.392330849190222e-05
-4.7144757110331034e-05
-6.257359123462201e-05
-8.258135433483516e-05
-0.00010049877667172896
-0.00013348364007367171
-0.00014930055791723956
-0.00016728674403538267
-0.0001887815700349455
-0.00015482166405438386
-0.00014857562825157787
-0.00024434635888491294
-0.0003549184668043285
-0.00043108096158894787
-0.00041658091180037386
-0.0002882005285584393
-0.0002073766521388932
-0.00025940147762415456
-0.0002899786291377858
-0.00019589903739153627
-0.00010728083572779867
-0.00010394886061812943
-0.0001300689692959752
-0.00014718942534190622
-0.00013308336436811824
-0.00010221418847571169
-6.167238358301415e-05
-1.8950686183960597e-05
4.90809789155532e-05
0.00014557175455784567
0.00019349417002643477
0.00015272109423647125
6.12198330645902e-05
1.93148231965876e-05
2.8215217319221734e-05
2.2639319159356883e-05
7.5231380333972e-06
-7.967217312385064e-06
-9.18297397097174e-07
4.838726380298247e-05
7.528619880935159e-05
4.4187111069139755e-05
3.2838580723415136e-05
5.9786268849966e-05
7.005595677760391e-05
8.441578779964918e-05
0.00014239666215087177
0.00020665920040130104
0.00023936846171240648
0.00025693161033669797
0.00023952634493318452
0.0001751142263698691
0.00011593366049191901
6.036869590534518e-05
9.620714130481102e-07
-1.1433113830331351e-05
-8.815263956730249e-06
-5.1005405255713336e-05
-7.85104297105458e-05
-8.073940832499975e-05
-0.00010501912377973624
-7.738327546725559e-05
2.294212081565778e-06
3.1298888330629784e-05
1.855411513920727e-05
-2.5369843138708902e-05
-9.462499135145673e-05
-0.00010821670693676933
-5.6614555635721194e-05
-1.4163215785473316e-05
-1.61710856938348e-06
1.9154377595345738e-05
6.118702673473396e-05
0.0001126128908378755
0.00015648843808531955
0.00016366807541235716
0.0001132967340600908
5.462694149783949e-05
4.873733969082322e-05
6.306621977102887e-05
7.715746576547551e-05
0.00013330764686724644
0.00023599782385456893
0.0003174078459963526
0.000325217544613984
0.00029820415618063255
0.0002979636422545167
0.0003035887967385578
0.00027344001714856383
0.00023750693072005792
0.00023949669685159215
0.00027895007270854055
0.0003045450014543378
0.0002946735544961162
0.00027548223507823164
0.00023793075834633041
0.00016979351832176423
8.954780265661445e-05
4.536924575162995e-05
5.253225697427134e-05
5.767930513171196e-05
4.8489718677917344e-05
4.02324774108059e-05
6.515666243885116e-06
-3.6143627531821404e-05
-5.0792543781815005e-05
-7.332045154806508e-05
-0.00011637904580761366
-0.00015775801542982276
-0.000198415220860439
-0.0002348981818785958
-0.0002703946859371755
-0.00031111797891638125
-0.000343796743823016
-0.00035180848952684647
-0.0003189408599756645
-0.0002384374482004802
-0.0001718305467449216
-0.00018972953698077888
-0.0002453855688819155
-0.00025477453412160993
-0.00021736935447509278
-0.00016375950271668653
-0.00013547721562754734
-0.00016499005033940455
-0.0001885896573171096
-0.0001471619379455115
-0.00010934783793454939
-0.0001306281679536096
-0.00015418160417086983
-0.00013808429817971168
-8.469673537459985e-05
-3.0405391789361432e-05
-3.774070205859094e-05
-6.574511173353519e-05
-3.9378512745876365e-05
9.981599279653762e-06
3.4660882534282325e-05
3.141657563719788e-05
6.207702498802647e-06
-2.4513208698796967e-05
-4.546963840040858e-05
-4.1836253929390255e-05
-3.132835748294593e-07
4.8441698441821454e-05
6.568244630862271e-05
7.368462123257909e-05
9.453199248315699e-05
0.00010173590484491509
9.368344295562941e-05
8.477797596299252e-05
6.553839065427046e-05
5.214745271296251e-05
6.043038010432477e-05
6.784578441458502e-05
5.491336947238626e-05
2.231153080434191e-05
-1.8746595076085965e-07
1.3986396756061302e-05
3.770799993772844e-05
3.562375669469842e-05
2.2588424620197393e-05
2.4291935886164087e-05
3.3018527059599376e-05
4.822758826780413e-05
5.9912767121013866e-05
2.908295740115797e-05
-1.7667037440625987e-05
-3.186281132915298e-05
-3.139247918541907e-05
-3.5059674277526396e-05
-4.262873878748539e-05
-5.472920182984368e-05
-6.905989827451669e-05
-5.866680597538787e-05
2.5211740562546173e-06
7.284140938579159e-05
0.00010525418442967235
0.00010807258707666882
0.00011238095093699356
0.00012530237098762188
0.00012814677696876915
0.00012489340019951572
0.00012746042799799593
0.0001392447591078484
0.00016708915033510993
0.0002070177146908837
0.0002444688194867948
0.0002566881095838456
0.00023865953120047904
0.0002119193440928484
0.00018828212510374262
0.00017584563790777477
0.0001789818775027152
0.0001824324956650529
0.0001879934474773851
0.00020006392968958457
0.00017835004539470026
0.00011935967106524404
8.021969103612125e-05
5.6292624419105976e-05
1.0318391734298664e-05
-3.1516161574877204e-05
-4.5155806169202457e-05
-5.275939286518017e-05
-6.923320390705375e-05
-8.480640471728523e-05
-9.12629034723806e-05
-9.822847026141528e-05
-0.0001211300865772499
-0.000162245035565794
-0.00020861058133970632
-0.0002499593224210701
-0.00028053680545590994
-0.0003008148613705544
-0.000325368325056663
-0.00033322861051107917
-0.0002873797201752567
-0.00022291814332034795
-0.00019296592356436945
-0.00018655354402749894
-0.00018626094529261287
-0.00019945376926850373
-0.0002036893893029005
-0.000173324487260188
-0.0001281522117297408
-8.849022373649904e-05
-5.045474275339192e-05
-2.4491868935911326e-05
-1.8604582286116605e-05
-1.3607852936521825e-05
-5.014335153513605e-07
1.0523212423724855e-05
2.091756788439882e-05
4.708551599490864e-05
8.039248496147419e-05
0.00010625904132533308
0.00013384228224654383
0.00015281728638973972
0.00014405587519309673
0.00012532608990580439
0.00012403436428408784
0.0001380541340987784
0.0001495763449841185
0.00015551299793417752
0.00017425649831638844
0.00019827733229513437
0.00020284840179113342
0.00020766003822843962
0.0002223991445063831
0.00022112296127771897
0.00021107515114208707
0.00021890236937940736
0.00023924961494944748
0.00025112133077771054
0.0002576634290516124
0.00026866725437185463
0.00027131599458811385
0.0002597311061816364
0.0002416214556174457
0.00022026620999193773
0.0002043077319007114
0.00019754562208676332
0.000186449475395457
0.00015034954988221608
9.769042471601596e-05
6.998710508139285e-05
6.836979786128482e-05
4.781270134016935e-05
-2.3553872482383566e-06
-4.324881991169708e-05
-5.8573020572963685e-05
-7.04765775987561e-05
-8.55660498329992e-05
-0.00011134603631821284
-0.0001483348822932026
-0.00015943592713298189
-0.00013843027106701789
-0.00011661225385572808
-9.676385662327979e-05
-6.873769942710055e-05
-5.1321989551821444e-05
-5.13397676343693e-05
-4.548924233698012e-05
-3.53253593832021e-05
-3.2398365072433015e-05
-2.8503011216811176e-05
-1.2438713084569566e-05
2.013738300036594e-05
5.532882043238837e-05
6.428495508972895e-05
3.240677199585558e-05
-6.186372588929621e-06
-1.5617428106158958e-05
-1.4643812326799399e-05
-2.7299575787982866e-05
-5.530061593978843e-05
-8.141387425514683e-05
-9.01247868241241e-05
-9.881543626216442e-05
-0.00011500860393571201
-0.00012710997756604635
-0.00013315122306640316
-0.00013081824949911765
-0.00013158311274623103
-0.0001487419013390177
-0.00017393682684324271
-0.0001982145414949321
-0.00021535401395350964
-0.00022765050705750536
-0.0002409256561624918
-0.00024871071734867663
-0.00024771884757070206
-0.00023923457366350662
-0.000224272971107529
-0.00020498063122535232
-0.00018917427856400174
-0.00019256537587287632
-0.00020671240500727938
-0.00019865949206428728
-0.0001653133087922557
-0.00012918626951000835
-9.148840976024768e-05
-5.599286844502706e-05
-4.390437732136709e-05
-4.516415642852068e-05
-4.264111982956505e-05
-3.6176092837134255e-05
-6.8768059772358436e-06
4.278934130328702e-05
6.498476798100923e-05
5.665627912604106e-05
8.16054518294143e-05
0.00014778248992722065
0.00019289073849365165
0.00019950302745780116
0.00020993829051821296
0.0002507460383024551
0.00029036920947514937
0.0003029713774134133
0.00030640391832854717
0.000315325697201367
0.00033911169449969756
0.0003650769353365464
0.0003550913036823973
0.0003144000245686133
0.00028896912838185607
0.00029546393809804655
0.0003103258688686669
0.00031117803000160657
0.0002950277250536613
0.00026153210319069327
0.00021661916428301165
0.00016731812219580912
0.00011326259544516594
7.628578155701739e-05
6.954877526210803e-05
7.91586066021787e-05
9.93928650107743e-05
0.00011192435994592229
9.806326682866497e-05
7.422069079122829e-05
5.950245851755101e-05
5.039781005416387e-05
4.104349078908511e-05
3.145597996694369e-05
1.6159485915820482e-05
-9.705978337755287e-06
-4.055403498020833e-05
-7.133535239756971e-05
-0.00010446126759033276
-0.0001285425195635964
-0.0001382557313289016
-0.0001645968971391514
-0.00022389209040330513
-0.0002847228311680158
-0.00031119198171754634
-0.000303964388688286
-0.00029885957560890197
-0.00032054423556074346
-0.0003385260933735445
-0.000312015884714428
-0.0002718636007336582
-0.00027174315280926396
-0.0003011937787862416
-0.00032278394973203227
-0.00031393186225864224
-0.00028003571198445494
-0.00025201007008154635
-0.00022979108697565657
-0.00019185273435968572
-0.00014600505919194258
-0.00010952295101771105
-8.669988751904153e-05
-7.314558127778321e-05
-6.130057809541458e-05
-5.0830013986021874e-05
-4.912529952172484e-05
-5.7330424886712214e-05
-5.642118183761592e-05
-3.216162343126531e-05
1.147941612076404e-06
2.6004572439265613e-05
2.903090628600661e-05
1.401518302120555e-05
3.883507617046431e-06
2.3931191221479056e-06
4.531566651494314e-07
-9.642126075973414e-06
-2.2386007697311286e-05
-1.9142083441040018e-05
-1.0959453722679536e-05
-1.9429533414777426e-05
-3.037486453286235e-05
-2.886720217503329e-05
-2.5504300254135037e-05
-2.408313222007527e-05
-1.9452326848775136e-05
-1.7808187987860202e-05
-2.1474047241321594e-05
-1.352954697042553e-05
1.016964255374307e-05
2.7202947574132293e-05
3.702212517520135e-05
6.300209218332859e-05
9.846840383026214e-05
0.00011073130721833581
9.056238156546627e-05
6.111164080955217e-05
4.9927978769528376e-05
7.207802299098966e-05
0.00010846537903194003
0.00012027103663796343
0.00011665847415515682
0.000129072840144621
0.0001462675633430428
0.00014613883148516542
0.0001344428182522174
0.00012497464486276182
0.00011921140504519928
0.0001174373907377583
0.00012599541547844402
0.00014928543477615096
0.00018634771505490275
0.00021891437277363706
0.00021940896060933292
0.00019448940112847598
0.00017241039439579744
0.00016383432299822156
0.0001700286312244674
0.00018044009241861982
0.0001795642561435701
0.00016944082632905895
0.00016426133033942364
0.00016743443291798095
0.00015231059843324383
0.00010377268710961906
4.769694959182926e-05
6.554596538251768e-06
-1.5370007266652365e-05
-2.614869685765125e-05
-4.418089475881812e-05
-7.653730841593587e-05
-0.0001137076417569468
-0.00014189577869647705
-0.00016339176542146957
-0.00019243842211369316
-0.00022635545855542296
-0.0002512807008642627
-0.0002690643931197376
-0.00029512223671785705
-0.00032486889943028445
-0.00033405191611856873
-0.0003141492426973572
-0.00028596602947208424
-0.0002821990528935992
-0.0003063306511595156
-0.00032329202680445295
-0.0003089913774017167
-0.0002831196867631565
-0.00027198797721508507
-0.0002725623117378624
-0.00026609102055563514
-0.00024206505422409965
-0.00021511013835744512
-0.00020135209561619372
-0.00018743952705164985
-0.0001587439510042906
-0.00013185477691538385
-0.00012472828772118358
-0.0001194565688807603
-9.392791242548995e-05
-5.693010548367467e-05
-1.8424068550871538e-05
2.2116408653925887e-05
5.424580195180043e-05
8.028288918752098e-05
0.00011274775596624083
0.00013599477403891566
0.00013467772014725702
0.00012326193913914058
0.00013087148350210837
0.00017945211592543928
0.00025362422561654447
0.0003042546146559768
0.0003066776033333854
0.0002815393577573873
0.0002601137975539701
0.0002596807198723153
0.00026597440506992914
0.000248759524410608
0.00021327943543964886
0.00019102138484436245
0.00018051782512573637
0.00016099074960433912
0.0001380693523267188
0.0001228892207062821
0.00010831476589051959
8.431444959774673e-05
4.71007694899838e-05
7.626178496632792e-06
-1.194966634226179e-05
-1.4623883603970776e-05
-2.1569369471544606e-05
-3.1092759933514966e-05
-3.017594475468606e-05
-2.0339399617464346e-05
-1.1791386346199786e-05
-1.461205298686346e-05
-2.771076175548103e-05
-3.736763493257442e-05
-3.3258742190316406e-05
-1.2951431188258542e-05
1.3725354703189841e-05
2.7205299333706233e-05
2.0748970464847943e-05
7.003327177200617e-06
3.280127411416497e-06
1.0728152876755991e-05
1.1031927586156092e-05
-6.473098112615771e-06
-3.3185735069857354e-05
-5.788857235190495e-05
-7.828392193260671e-05
-9.327510042994327e-05
-9.357762438748803e-05
-7.340395170993559e-05
-4.913923763551533e-05
-4.6445532900595627e-05
-6.513000529743927e-05
-8.111979796824826e-05
-7.044165728565178e-05
-3.7033745018571774e-05
-1.4279724134552448e-05
-1.669233200264516e-05
-1.67248615748535e-05
1.2443646985382987e-05
5.1105959009451366e-05
6.710300322813853e-05
5.960180181670983e-05
4.319763547334442e-05
3.282039276187647e-05
3.2305648723261094e-05
2.9736163321994337e-05
1.5429539887667732e-05
-8.040079475364176e-06
-3.657174150880778e-05
-6.664613949531132e-05
-8.580919377978209e-05
-9.409803914812305e-05
-0.00011389425903391948
-0.0001480650508605077
-0.00017647611122556924
-0.0001938515342173953
-0.00020350696975411926
-0.00019898961435141095
-0.00018443281500046973
-0.00018106634256219486
-0.000195438765504763
-0.0002122486985627324
-0.0002151233795390569
-0.00019668451425944354
-0.00016587545580545168
-0.00014081262975625662
-0.00012825674845027716
-0.00011819750787167552
-0.0001012654438058759
-8.017484341819264e-05
-5.204402040422022e-05
-1.3564275025968453e-05
2.2708739938618457e-05
5.024773906671433e-05
7.401444527245812e-05
9.651327870029008e-05
0.00011732049219774886
0.00013892488374596317
0.00016067669784685762
0.0001710050500607331
0.00017613364330768151
0.0001979667313257302
0.00022679089556838398
0.00023518514167040388
0.00022026284093585707
0.0002022176991150225
0.00019896203625074956
0.0002135458528422541
0.00023122741794842633
0.00022586855904200878
0.00018810285234728257
0.00013848133239960215
0.00010045879721663776
7.243600833584103e-05
4.370670960203358e-05
1.2074158861766835e-05
-2.369591056098653e-05
-5.194214558507905e-05
-6.049752246210143e-05
-6.076110500878253e-05
-6.042238512243528e-05
-5.833513075706238e-05
-6.341250210467499e-05
-8.09258545324292e-05
-9.710703807616843e-05
-9.453616718894626e-05
-7.77884641360432e-05
-6.233426463300221e-05
-5.0169051115652815e-05
-2.5364620145954388e-05
2.162108300870635e-05
6.937219936313302e-05
9.968288083632292e-05
0.00012320522264436622
0.0001455237239642961
0.00015474385860679782
0.00014739366438163378
0.00013331559480620674
0.00011175325056974505
7.082527598632978e-05
8.331518355906288e-06
-6.0222287988008604e-05
-0.00011844466870578601
-0.00017209359078265788
-0.00024126024785777768
-0.0003237412390878094
-0.0003813145337745894
-0.0003886331312955525
-0.0003608251014723911
-0.00030570430155043275
-0.00021457269881779728
-0.00010442334495674374
-1.8233859881313316e-06
8.093476583621344e-05
0.00014077768687643306
0.00019937453014136442
0.0002909319541156147
0.0004219255913018766
0.000577456953859481
0.0007497507724873702
0.0009044619152785259
0.0009727477686232115
0.0009277236889119472
0.0008130899655096807
0.000683714579770829
0.0005666744348533552
0.00046587014194939875
0.00037708386177793814
0.00033300351623518113
0.0003586467691030651
0.0003529748076259866
0.00019493319368896325
-8.466741653243622e-05
-0.0004072488631684429
-0.0007459028155261912
-0.0010211479042391304
-0.001109162437543741
-0.0009892269863072609
-0.0007805261818485485
-0.000626641276087226
-0.0005566808512195861
-0.0004984832233163726
-0.0004209755819220891
-0.0003963232992904144
-0.0004773949726065323
-0.0005783952934503734
-0.000611638402328081
-0.0006189329105983492
-0.0006013621849841827
-0.00043710620343891804
-0.0001389067808084029
4.896260506219099e-05
-5.2107182404800595e-05
