0.0
0.0
0.0
0.0
0.0
0.0
0.0
0.0
0.0
0.0
0.0
0.0
0.0
0.0
0.0
0.0
0.0
0.0
0.0
0.0
0.0
0.0
0.0
0.0
0.0
0.0
0.0
0.0
0.0
0.0
0.0
0.0
0.0
0.0
0.0
0.0
0.0
0.0
0.0
0.0
0.0
0.0
0.0
0.0
0.0
0.0
0.0
0.0
0.0
0.0
0.0
0.0
0.0
0.0
0.0
0.0
0.0
0.0
0.0
0.0
0.0
0.0
0.0
0.0
0.0
0.0
0.0
0.0
0.0
0.0
0.0
0.0
0.0
0.0
0.0
0.0
0.0
0.0
0.0
0.0
0.0
0.0
0.0
0.0
0.0
0.0
0.0
0.0
0.0
0.0
0.0
0.0
0.0
0.0
0.0
0.0
0.0
0.0
0.0
0.0
0.0
0.0
0.0
0.0
0.0
0.0
0.0
0.0
0.0
0.0
0.0
0.0
0.0
0.0
0.0
0.0
0.0
0.0
0.0
0.0
0.0
0.0
0.0
0.0
0.0
0.0
0.0
0.0
0.0
0.0
0.0
0.0
0.0
0.0
0.0
0.0
0.0
0.0
0.0
0.0
0.0
0.0
0.0
0.0
0.0
0.0
0.0
0.0
0.0
0.0
0.0
0.0
0.0
0.0
0.0
0.0
0.0
0.0
0.0
0.0
0.0
0.0
0.0
0.0
0.0
0.0
0.0
0.0
0.0
0.0
0.0
0.0
0.0
0.0
0.0
0.0
0.0
0.0
0.0
0.0
0.0
0.0
0.0
0.0
0.0
0.0
0.0
0.0
0.0
0.0
0.0
0.0
0.0
0.0
0.0
0.0
0.0
0.0
0.0
0.0
0.0
0.0
0.0
0.0
0.0
0.0
0.0
0.0
0.0
0.0
0.0
0.0
0.0
0.0
0.0
0.0
0.0
0.0
0.0
0.0
0.0
0.0
0.0
0.0
0.0
0.0
0.0
0.0
0.0
0.0
0.0
0.0
0.0
0.0
0.0
0.0
0.0
0.0
0.0
0.0
0.0
0.0
0.0
0.0
0.0
0.0
0.0
0.0
0.0
0.0
0.0
0.0
0.0
0.0
0.0
-2.3418591277289363e-06
-3.5500929170901465e-06
3.074629992714728e-06
-2.754122873989886e-06
2.450731322713856e-05
-7.242916336505474e-05
-0.0005610829915579974
-0.00042701746293226763
0.0006115758711147726
0.0007598948533984992
6.661972543835897e-05
-0.0001735308314446373
-0.00010668995070357893
-5.652838613517055e-05
-0.00019408175738626446
-0.0012334388611158968
-0.0019920202778826806
-0.0015537453211428652
-0.002857137941061178
-0.004500547558593226
-0.0020251149513210182
0.0017933400470767158
0.003260812288844068
0.0025546024028927365
0.0002960082066479318
-0.00014996747034110372
0.0029186917417471313
0.0024429530799920367
-0.0012577943877611188
-0.0009493665625135654
-0.0018117298039475294
-0.004238826732892084
-0.001797643582116208
0.001356203078082211
0.001254213984832114
0.0024150727603742387
0.004347529003207206
0.0005550697429438384
-0.0015476285172020335
0.002273375201860498
0.0021091888808870704
-0.002918602743129898
-0.007598234465476398
-0.004913383029655964
0.0009077634685312344
-0.0032783224179594615
-0.007762528609157726
-0.0014686231340896652
0.0029715453559523153
0.0007158182184899015
0.004879478114540618
0.012446473853120966
0.007404603214034869
-0.0014111915011340564
-0.002343900426095371
-0.000978570557909401
-0.002389235923867008
-0.011512491653510403
-0.01625645518348011
-0.00949039905484682
0.005247211246321716
0.013068226696227377
0.004020559367319699
0.011600724973902117
0.01461339847667549
-0.008197911000827273
-0.012058522611148701
-0.0028350577540400233
-0.001780641221134866
-0.005382420635778434
-0.021675454650274477
-0.022249694365722668
0.011876896719068851
0.010556914702708257
-0.01603813702177101
-0.0030802420106970513
0.0037166256359498634
-0.0008403539684781226
0.0027516212472232966
-0.00903906843132677
-0.005692511723088
0.006319402593087824
-0.014069266993967822
-0.02174716621140941
0.011182589135456528
0.011995310900513555
-0.015397367277778858
0.023076173849035837
0.06191482767124645
-0.00947381472305505
-0.08974751649046629
-0.05148282861564578
0.044244794858323236
0.06441265400028469
0.003950270209796047
-0.024010999490138782
0.022823801717254233
0.05552342813397669
0.04188032853900345
0.01244206593818175
-0.06253949327114637
-0.12087752498992145
-0.08242459720098143
0.016198732533489593
0.09597397932547448
0.062231722738804576
-0.013593912169216842
-0.0003555319528088883
0.03491569767067602
0.010569175073824415
-0.05699300427605965
-0.07923245864455064
-0.027255514036035558
-0.007028199780206343
-0.011667146098237616
0.029725351528935413
0.05425830590064953
0.011015964884421872
-0.024945837470022707
-0.013262487867175925
-0.0328576658493093
-0.06495706975583956
-0.0024232740379410006
0.07446044039618765
0.04457778042731192
-0.03621985833747033
-0.051082205011685505
-0.004710482764568827
-0.004771750535461736
-0.04715244745009563
-0.05409478258449002
-0.025397944557880858
0.006065447661124684
0.06769872080729472
0.10858303168729444
0.028461450676015396
-0.059151067744899935
-0.09196387296126356
-0.10745529969126129
-0.03468002362920952
0.1017406271586246
0.12163389349557095
-0.033286545819414357
-0.10017935191341613
0.03973891040529763
0.12112845075836551
0.020618470248006032
-0.07531449622669947
-0.05427837916449697
-0.01901953344336657
0.0039636844532278115
0.03445764270033695
0.029586264097741496
-0.019037041733328167
-0.07289445084727934
-0.026987941548937522
0.10653479422260627
0.14033896100495816
-0.011503515300987519
-0.15396535323805566
-0.08741345217716728
0.005658765259515225
-0.01731049989931943
0.0002548363972707801
0.05688514828331187
0.07405225372368784
0.06384607389476142
0.02471248450063812
0.01346330725615729
0.024785452633164284
-0.031140507469935762
-0.07798114114431179
-0.06523663066674563
-0.09256154367408176
-0.058445653630536804
0.053100547984935215
0.09815968940183795
0.14994997293067078
0.08372577076825938
-0.12009524187072777
-0.11102005014785998
0.0016359850597118808
0.012246148459059414
0.03594606102408314
0.007067725631767344
-0.022473311325688264
0.08407694859724421
0.0890156211684124
0.010818516886490603
0.06533927908901549
0.08295671155181904
0.0381400795281838
2.8944269197445083e-05
-0.0936555198827404
-0.025248041207143718
0.18403388048971223
0.1434913875888549
-0.044081569240621954
-0.08263297123767484
-0.015305672382083857
0.06512642306090867
0.046247723670121005
-0.062122363729518376
-0.04945870611257913
0.008641421714023406
0.009735572495174594
0.06808362958790079
0.08211379072133412
-0.008041743709269966
-0.03560138743373739
0.005696778927217011
0.014484225225004116
0.009911106514181783
-0.03265572874002276
-0.0356633967122873
0.051320262137738965
0.07023028740346801
0.12168006193738118
0.2241304897769142
0.18506266609882616
-0.01938888277138645
-0.1858156462527778
-0.09785096607881894
0.05682431408977301
0.04239449775511195
-0.05992739504814365
-0.11178301421812675
-0.07985221304306697
0.012183108752773952
0.004241126834103187
-0.06683818686406143
-0.11699099563426753
-0.39864634200019106
-0.5386433388225311
-0.19578484693112533
0.05572518029763357
0.093703207578414
0.1917491183586897
0.2063544281951576
0.12455524506240649
0.02007466161984635
-0.12142828848309102
-0.105190506811358
0.011909771294026233
0.14945950924721074
0.2626908508838141
0.13178981825340622
0.04510237974066918
0.11600671428017532
0.1367928946721196
0.28939714486949464
0.3807879527151249
0.061812290402060044
-0.2817797748345041
-0.25619499840161825
0.02207857687566056
0.3349754588563862
0.47489043214465226
0.322876820682401
-0.007996497250525758
-0.3238556718798291
-0.4649992740132074
-0.3731067742162213
-0.2006717824779858
-0.018462100803277537
0.07529232855658538
-0.12290384452051795
-0.32478828016191014
-0.11597477087459653
0.3359069854320707
0.3102769482494746
-0.36281045622095853
-0.6569428192475634
-0.34384706420472727
-0.28919340729075677
-0.290095494256705
0.10991287692795537
0.26838447847310826
0.12025844119177176
0.1763171839187157
0.010385216790486373
-0.31671377580163107
-0.09905498842709826
0.42170710975321546
0.38948187185816024
-0.1941007146976017
-0.0006391301513629377
0.6457745336639622
0.4980079751975343
0.5428356725643511
0.6885746069860597
-0.1735468291320793
-0.8281712527579659
-0.36899199193959387
0.13898442888086854
0.10775359581413352
0.10767015464221547
0.13532399801333322
-0.3476549636943839
-0.49072663173453396
0.4571028359033797
0.7850097667669829
-0.05996036989995446
-0.34104594640358954
-0.351262606250184
-0.6704225264587856
-0.2545602350363955
0.2480452077057621
-0.08450271358654221
-0.26725969190676613
0.029776206076558107
0.3303848306352203
0.5346654615188126
0.31650566768349686
-0.309332694411093
-0.8258619646849362
-0.704759572673294
-0.1500681943448437
-0.1616144202708666
-0.18617791153440033
0.5573121091775958
1.115934934797128
0.94064922250189
0.3747032557082152
-0.13079067237009068
-0.4476074700379859
-0.5061795557308276
-0.318011347444288
-0.17284939413288983
0.16378783460889673
0.6822907037273724
0.7367603802260922
0.15747112009493602
-0.19669327944407344
0.126573583092925
0.17183983119045532
-0.4201354849947006
-0.621740993895635
0.03390977488805985
0.12279253685114155
-0.4353401563536071
0.29827270662215055
1.040198990414139
-0.12020176571335395
-1.0103254891394993
-0.3214698799963524
0.24848356133282298
0.23903834966672532
0.06482790807346667
-0.2236370317130456
-0.1775843049469633
-0.010335895028630582
0.1500272893028986
0.2794473605306802
-0.36204075836678357
-1.0716804423800372
-0.400100633674631
0.6762480690505004
0.5885158447425802
-0.171367120161558
-0.3946200222612517
-0.05974722923765357
-0.23687616661614788
-0.2107054051270011
0.518026718666151
0.1494192023089029
-0.42522490679002745
0.42719700879457223
1.032762335152269
0.5406707354954452
-0.00949753647270779
-0.4579181754783764
-0.6168938965867627
-0.3353974898910561
-0.295576771101
0.08809145084787792
0.8991094814120317
0.7716567526497377
0.044982406215708814
-0.32333456285365714
-0.4222842244278311
-0.9074636560866183
-1.2348188961085684
-0.4636297829824832
0.02735477975472833
0.04591861605931413
0.8740035680451396
1.506319125117816
1.0213751877427677
0.23509268702101704
-0.252687787180197
-0.34990236938483177
-0.405244005296647
-0.9062316714595391
-0.8646667702496644
0.2601628081432139
0.8486080099407709
0.30786006670591
-0.020430073171834096
0.13961142142032312
-0.2606054534893214
-0.7028418833318597
-0.18295521497572279
0.23722754222146314
-0.43559508692783633
-0.9623640494333661
-0.07546540830100656
0.9096328643903586
0.4443920621735417
-0.2031711780222066
0.30547889291026936
0.6500581045103956
-0.3220978844832353
-0.6920972090335175
0.7309000969220044
0.775014712657107
-1.3342789246938467
-1.6136391285488334
0.1860481405809039
0.972508472421143
0.6280189128448402
0.2554040740813065
0.04027090268683231
0.39842957033398524
1.0483260819896867
0.6975039115990942
-0.7328749370656397
-1.6976051200218893
-1.46587815054856
-0.30948229919165693
1.127953606344984
1.2070489865674114
-0.021899440926881432
-0.4568700941309799
-0.41477063682435555
-0.7657406887126439
0.1764056210574521
1.7558827842158675
0.9653334721047431
-1.1266060743929294
-1.205076093076303
0.3802078498920504
0.7991288786235965
-0.21545794798989634
-0.3926143305397158
0.1716874273139169
0.18589572532545076
0.7593381307835403
1.4570574854040894
0.3134137005070369
-1.3239726485801073
-1.690925565794505
-0.7906529701721559
1.262801111491363
2.140438176735871
0.3619349370484972
-1.3303785083082937
-1.2976159184095677
-0.41806613617825905
0.3739064217323427
0.30443180621776045
-0.4958527038180599
-0.7313330604099064
-0.22503071829130888
-0.02722556060272807
0.2462440556088939
0.6337870707044931
0.28588080673759536
-0.29570959784231965
-0.645919700837233
-0.5078546112874404
0.32478878397735683
0.7686692850965823
0.26948455918298975
-0.0296427733806677
0.20635486326486852
0.29432081644790664
0.31342634666178004
0.11721252396539411
-0.6523482038902264
-1.0280766647584496
-0.522932211528981
-0.17143512959590002
-0.125251518128089
0.24762604206666528
0.6081728236540278
0.33543479525844655
-0.49307585008899635
-1.1541430989929506
-0.4996626272066029
1.1055872116085448
1.553571204135403
0.37526616491903264
-0.884939294037212
-0.8841787268194392
0.4678839860804713
1.5863844773963667
0.7227311080224275
-1.1680630061791115
-1.5695158211757287
-0.40486556175234445
0.3672784086267482
-0.07839043209675078
-0.7203108002341386
-0.3817178748289304
0.13530230190761117
-0.36206576052712247
-0.6451838239366445
0.26496688331651996
0.9019449968759039
0.5217406152807895
0.21400794889893504
0.04627932522490963
-0.21039632361570815
0.4939334608180579
1.2403904522269373
0.5845698768111695
-0.05481649335461741
0.13634487909138465
0.35918523214276843
0.3205714116439114
-0.10746366957162967
-0.5726019287574275
-0.4662770954851013
-0.2650397929058924
-0.1363284408222183
0.3152908938659681
0.5247964867561021
0.15015580149859684
-0.5189850296801916
-0.7976669505743683
-0.33482939247702703
0.04876450828930745
0.3321415839118417
0.34039636892835795
-0.3390232574237335
-0.4148380840581952
0.24739688637178378
0.5186448702829106
0.3834780523129717
0.36314239513490976
0.8546429290660649
1.091731391569308
0.01673760038250749
-1.2603603100445762
-1.018587433432569
-0.05413050550515483
0.08317429613106227
0.3453758607349351
1.0059299692322734
0.7071845105287946
0.36815059846400255
0.4706634816133233
-0.2571704533684116
-1.1564586064407476
-0.8494513399868704
0.04561223596309261
-0.07019990992308883
-0.9180162592215825
-0.3746617720298411
1.1205440422372006
0.7197467273069746
-0.9448989790678399
-0.7269500240168554
0.7704675289762571
0.19335457736373735
-1.6016666513047055
-1.0382087959964064
0.6525724605327616
0.7766586869953811
0.2680064870297676
0.047480988976400906
-0.2048863895175067
-0.13458656292988813
0.31440581424604974
0.421878185659357
0.04845921724545944
-0.1466960266855598
0.08341391230262832
-0.07852217767329066
-0.6652423171395403
-0.5861188616150212
-0.12650657214228794
-0.06522506676024442
0.006057920804343309
0.07389485463331535
0.06852254436404515
0.6507926703262928
1.2334158871023588
0.5936020592205122
-0.7477179936065014
-1.208069552138258
-0.514837473925442
0.16967688807656384
0.1467441775091528
0.023628960440222446
0.4015802746181243
0.40806417304025305
-0.4460999668965358
-0.9752270478022839
-0.6920340955593529
0.05365886138173592
1.000247869375478
1.1126382618190318
-0.01446486521723131
-0.9955619780079075
-0.9375287117155728
-0.24375388229497397
0.4318336409629415
0.4123427521962607
-0.2272256482109487
-0.4388611802334511
0.24432529867846986
0.7729712876230677
0.462463305198654
0.0636805265356106
-0.05223780778601786
-0.117255395598198
-0.2318161525341774
-0.39392836995988334
-0.5335316185864503
-0.3648707457747292
0.39297487897050143
0.6689306338677958
-0.19778562166435176
-0.7278489246721502
-0.43749319739777615
-0.0305985477797035
0.3384878906478578
0.14219357003881994
-0.2978258680697321
0.2059174156728535
0.8893629264210209
0.6711671840349214
0.22633405035954862
-0.08138099175552456
-0.46566012392857614
-0.635217044038077
-0.15759792271287476
0.7578313409656319
0.7998388231167879
-0.08239049342452423
-0.17082368496543532
0.2841733900019283
0.030348101909028417
-0.24816291688917846
0.10709719580394189
0.36689950382740094
0.04172622703594926
-0.25581094339173793
-0.19258950036148406
-0.018485819011077806
0.4578957730088861
0.6886163274056506
0.02342256037113255
-0.4417769972129063
-0.10555388571578966
-0.017367948315267806
-0.43761375338325126
-0.21502720537166217
0.6498183729475904
0.7356783563986011
0.1145067707691515
-0.3061528956994374
-0.44704467893556
-0.1849827773076999
0.289202756339374
0.5437178538258793
0.384707965378561
-0.28802413247049946
-0.9022598327517488
-0.8725405153418921
-0.33667056685704433
0.38540458666311644
0.8513991222172641
0.5882016222066646
-0.09438855454054984
-0.31288809394456285
0.13253374888274744
0.2521214563053689
-0.4580858372217286
-0.7004703699737937
0.11528267199175317
0.6898330562723358
0.31828210833767634
-0.38758879273432145
-0.6679548843993944
-0.030776360672818415
0.7920288810118351
0.4668042794531057
-0.41553562521497056
-0.6317243461542066
-0.3543687878535382
0.050013632226482446
0.2422942787603205
0.030261830490575483
0.0731331649594243
0.2804004964575897
0.07139973259131804
-0.31530801215310894
-0.5373820246105775
-0.2184864016675867
0.1710628160377265
-0.011224065565861502
-0.028185780110583536
0.1706717680879634
0.0713742092895867
0.13866977307546305
0.09054270072643851
-0.4762756053541778
-0.4425877580866567
0.2886589949872946
0.5156236459300761
0.2649086683615166
-0.031999112643161486
-0.32973261532126014
-0.4039498883621723
-0.20393319795924156
0.09083690652717713
0.24443987802134742
0.12154633835887066
-0.1435466824401866
-0.19636274611790305
0.03300514181709163
0.10270086542180099
0.019069692404966587
0.18466043729499004
0.3311476326525614
0.04271481801301504
-0.3130535333743322
-0.1910223781308932
0.13548890510708966
0.2352904226300401
0.2138054185606847
-0.1018739067487413
-0.4978813255512273
-0.2311057728927534
0.33449388747658193
0.43675231726270825
0.07640556332580101
-0.11326263811089769
0.1807837955231799
0.23162877117362318
-0.15433700946677306
-0.2449050538931387
0.01892795365297932
0.131959445833417
-0.042154347497535306
-0.24607686807460072
-0.11799797875374957
0.27815158532347617
0.31409562621238035
-0.02843107510038706
-0.15110677809372286
0.05248391272007005
0.34981809804493735
0.3918208923073102
-0.023103240361147803
-0.32425053423547257
-0.0005381097750303265
0.15293310264706073
-0.3676543783263917
-0.5110099921028239
0.19639833568386753
0.6892682517033775
0.3751707329542075
-0.15871213523314925
-0.5430297449400268
-0.6574965567155576
-0.22110174157795537
0.5374493323294018
0.7496083927151695
0.10135671367822557
-0.421467155719968
-0.2119277755358312
0.016751161829329037
-0.11783282897752681
-0.1661310036427244
0.10764147241380484
0.40027663047457046
0.27386922608526726
-0.08936170228066176
-0.23562377525111997
-0.2570190147669414
-0.14951018011848485
0.1637425405524206
0.3563252740823459
0.17473956755621262
-0.15294331280602397
-0.21774524620156166
-0.22443965292785506
-0.37607698666901024
-0.2455443317122356
0.2599695779862287
0.591139201917698
0.3279033910434706
-0.2706280423053231
-0.561631529426646
-0.32315836429113676
0.05882840031101756
0.33087376316068784
0.36366939237983165
0.08664268896526164
-0.0024273966440967465
0.13910751049017311
-0.11308208179815646
-0.538295082756642
-0.4112411688227098
0.25607065676071306
0.6230369968302002
0.09591841070138425
-0.6882127801112369
-0.8011726441513072
-0.14333879237278074
0.652839054005482
0.8056627879916987
0.17579171452246362
-0.4357812113563897
-0.3269568569219801
0.007488616635731374
-0.05246375133610694
-0.17053765749033373
-0.01427534841084413
0.27687236391341896
0.4113492700156114
-0.008469991871011186
-0.586156929732602
-0.4141316215923814
0.2581221019234384
0.5828062709119805
0.28245460503431785
-0.22320302154190305
-0.3743177816670348
-0.19215192958288535
0.06878537444601601
0.10944250722856953
-0.010482345967046641
0.11814091796145955
0.19599396662794166
-0.05552924770380598
-0.24398295601626027
-0.25468736447653756
-0.13901453689420148
0.14880256007056242
0.38828053388077777
0.47535446404679177
0.25129838158475126
-0.34081203080547684
-0.4802647828240969
-0.039603802929128365
0.03735014618180538
-0.08481911466327181
0.145241357528156
0.24984278543588534
0.04148443401124999
-0.11208195938108423
-0.19133653228629777
-0.16502347295013844
0.20450624037691106
0.6144627020424984
0.39113038764735153
-0.31803870952667146
-0.632453229855455
-0.2285994779875581
0.20394113466610594
0.11674761857890893
-0.11980756456886293
-0.026332183342748325
0.2952916490277702
0.3040352971565935
-0.13019166816529437
-0.335588428943982
-0.043022434905756864
0.17439272613961573
0.12085246899020063
0.037214391264876606
-0.05001479090554649
-0.1153200274084938
-0.1232431403975552
-0.04187981183858479
0.07174153686138562
0.0441564539724984
0.09010788807630354
0.1818328252804852
-0.024199594397444985
-0.16345400590240086
-0.0923419850603639
-0.11428586081596998
0.016110903527397004
0.24437674178258625
0.11184788384586637
-0.21256854276158818
-0.3417928232299363
-0.11070870386898682
0.269286459265508
0.171536135952013
-0.22737908910637294
-0.13055312461143934
0.22906178967524887
0.2200650807595354
-0.016360579229813696
-0.09490774454327741
0.005923338950588927
0.07855933131890208
0.04674613569753208
-0.08900126764275888
-0.2812990492761459
-0.21334093393032338
0.19004526736251717
0.34566894953755667
0.03793147050252544
-0.19482242745786013
-0.12719551139285915
0.04395860939578572
0.09328202042372957
-0.037776163855214345
-0.017240733037474663
0.09575121321647097
-0.09367904870473512
-0.26192128889869687
-0.11250202370648334
0.0596851072603643
0.20558381708539963
0.24079552857690684
0.005602993710886944
-0.05366283788125166
0.0839157856648672
-0.06074228981145016
-0.18841211367333408
0.004519823563519372
0.15437516736267293
0.00013179590429841358
-0.1835331203373678
-0.034240947623493105
0.14132164640521597
-0.07275917839382083
-0.2700112907010627
-0.0494521443709835
0.2231056460609755
0.26672651558763344
0.07067006436016464
-0.24436876396370613
-0.2426328420658868
0.04259593280358849
0.21834435028173366
0.19261603421004553
0.01911778142398963
-0.17108054474434364
-0.21577224947350923
-0.05815069640722549
0.09645959199478757
0.11030103473318392
0.10640683028845888
0.06474123142565787
-0.02122728426374558
-0.03285051162116938
-0.025923704015588644
-0.04158453178092596
-0.003522428041411701
0.005479100205737095
-0.11771615388917717
-0.15064669441941111
0.059283752849806914
0.1268156341501588
-0.061900294312794674
-0.062083333177235196
0.0950320043745763
0.1131359017488483
0.11282445053402668
0.08685311580322078
-0.0402917368585143
-0.09283425428336638
-0.058974046902179195
-0.03461835441573276
-0.021681350230572778
0.050153606562498204
0.08893296382335328
-0.04568423064945102
-0.09422125152779731
0.04621418944291468
0.004536012389593801
-0.15880806012923637
0.0207440684006722
0.29085826041331386
0.14040564165200148
-0.18511502600846763
-0.24341710780949763
-0.05420013015372597
0.0738419598811283
0.1136974373368106
0.16836591408231455
0.02804233727077596
-0.21030334121155853
-0.20858865985005232
-0.029775134566759134
0.17537988455619052
0.27939594971093534
0.13380795016366273
-0.11699900919762127
-0.16235476778215252
-0.003218482303904917
0.040835424945643996
-0.04708724582558971
-0.021784824661978938
0.027215640264422792
-0.06774440572623636
-0.14442335797832273
0.0029836426064735744
0.15572343953864348
0.05700346609529435
-0.0659623724602626
-0.03634805115149892
0.05271201100239786
0.12373408131754914
0.05510361165590183
-0.13752658266513046
-0.18184901064755746
-0.01662417524413838
0.11697757807582206
0.102624877346514
0.02485870338265691
-0.04947563743836313
-0.08858660577605074
-0.03716177457011691
0.026297777590750995
0.022276958061630967
0.009856321482282819
0.022788453026119072
0.06388794952917869
0.02164133652519129
-0.14825794046206597
-0.14790820156241052
0.09400771022098692
0.13458804549911038
-0.08347948922056872
-0.09380758545694369
0.07156057035720878
0.01621882213432113
-0.11798778055287008
-0.026339289126829035
0.1444455516511463
0.17973597487855925
0.060033955956548035
-0.10166741135397633
-0.13561284930040166
-0.011163087597415577
0.09276678897843608
-0.010435751283442887
-0.1251035752439077
-0.011022150580870027
0.1008285198169203
-0.008093633578913531
-0.08546238150098477
0.05082650518305203
0.07613240686962001
-0.06544749108526715
-0.03431125483562691
0.06711288768372763
0.027384479123834345
0.005977798878207065
0.035525404574917735
-0.05450264619881532
-0.13954859734907324
0.020969699066981512
0.20325288481272857
0.11691391923684571
-0.055323539927845514
-0.13293199328687283
-0.09946508488835495
0.05164952172473712
0.1379209914165224
0.058557956145875625
-0.02397977751600846
-0.01338860629214636
-0.009778827151469896
-0.08298004766407138
-0.10010733418601572
0.031006296881406003
0.12063460625285681
0.010103451930569921
-0.11034879556521732
-0.05560340999421643
0.05713880853816865
0.08015888600470727
0.02587033978525524
-0.005753680206790911
0.025884136537014643
0.04576999965843248
0.004949952091984913
-0.05421613414888985
-0.05781141381210294
-0.0028210135950165575
0.03421816811694272
0.016469455269268966
-0.024083903613437294
-0.021232828836675956
0.01825521809634663
0.006824349230279192
-0.031992272004977965
-0.008682801816912186
0.008892387648311363
-0.030540785076734904
-0.0016470107747869791
0.05123456404686839
-0.014733904940531973
-0.04892064146122187
0.04623278053424494
0.036184474684176494
-0.09114410599123793
-0.034773254602313175
0.11788905137685646
0.06580714178249487
-0.06499601240935295
-0.06580482382790978
0.003055586321102441
0.05197208367186436
0.0472882173247817
-0.012814113440045332
-0.05943317829872302
-0.03486113575777839
2.3207974229340345e-05
-0.021406134339380795
-0.040437880069531563
-0.0008377577921740015
0.03426829267064285
-0.005997528127995096
-0.02343073112742621
0.03753842120312672
0.02789630824560915
-0.011241560348126433
0.02602035513927079
0.013853437675988562
-0.03740864019620535
0.00535725756949249
0.05975838456758092
-0.010942792473980341
-0.0765529619852369
-0.0008927677766195439
0.05737202310827025
0.026588944996896853
-0.004017630572704104
-0.04082999057960225
-0.04871791167039108
0.01677297273347772
0.04383471363502919
-0.010925916592893487
-0.030420599261129375
0.007593756065483235
0.024409541315196424
-0.009695388004709954
-0.03655461515547762
0.008182062935048784
0.062456161179789624
0.03546062427148258
-0.04457522465017781
-0.051218106490830334
0.04402708581242862
0.08015560832342253
0.005697044989828218
-0.04392081548733859
-0.007785292510043146
0.04020046436239681
0.0033861064241238782
-0.05678203852413339
-0.025187715839974006
0.019501232314205058
0.012311381609952885
0.00618346229774349
-0.01580992976413357
-0.040288801876420303
0.007980589227606907
0.05309578445580849
0.008553312132414271
-0.024763112088618346
0.0013754909173757258
0.011785804236335738
0.011189027837226065
0.005634231562792618
-0.028790328969161588
-0.01528608238705097
0.05379699082644188
0.028577282360987097
-0.0668025342841579
-0.03821270842163908
0.05717590338656259
0.03710335696645578
-0.043783869344953194
-0.05429628739600027
-0.004456538171700871
0.03022585478847971
0.01953809568764661
-0.01859368657146802
-0.03787731381518296
-0.005428664245476764
0.03291994792708638
0.004670575921542772
-0.04271235302602399
0.0015161267976640073
0.06014756489993192
0.012629291433487509
-0.04002305996679889
-0.016797295424182387
0.01966522762290752
0.03276246292218611
0.014937057687864805
-0.027293341453619828
-0.0388246620762827
0.014830106738597085
0.03221715984987353
-0.03334257074118434
-0.03939806343363062
0.01729146030393356
0.018259979349000147
0.001228489501972286
0.0027500651087940245
-0.021219669344726164
-0.01870011710647458
0.029223688431390192
0.020488995695942088
-0.023924836801706543
-0.008406850933839506
0.033992712094837146
0.027025992215137757
-0.018810080324479235
-0.03431800940285852
-0.0006346447256150942
0.039751253322921266
0.03482241214879586
-0.02014070226034677
-0.04041422665178368
0.0044861924844430585
0.027438462969913396
-0.006275368858362737
-0.03147682467611116
0.002996693159525636
0.03559166452199989
0.0029263358107629216
-0.03165737622842982
-0.016856427385437817
0.01254590938214264
0.02401561302320676
0.012920038397813477
-0.011221204795059777
-0.016357229289006712
0.014443887859375629
0.025504551432302562
-0.0071698490062682115
-0.012680123781956949
0.012954988034004435
0.011002265975233315
-0.00570553318804763
-0.006643715429432415
-0.005318442821362906
-0.000873566220068716
0.016289705309547133
0.0061004959071533065
-0.0271732829620843
-0.01767960474610821
0.017195156698709538
0.01996331074121043
0.0026320321174538586
-0.01083251664510041
-0.015607950750695522
-0.0030191467610375076
0.00998454485659895
0.0066428493369533334
0.00032267095858335045
0.005943660170549796
0.014363196338905709
-0.006055812615942463
-0.03200051539946973
-0.006687984282036726
0.031905547933471716
0.019784909738172596
-0.015093863232171907
-0.02255560156503087
-0.010295455656446333
0.001592357491997294
0.008799947717849674
-0.0025142752484131684
-0.00901392140587252
0.007534073158902144
0.0023568397922065104
-0.020844221380174187
-0.012143729538239998
0.015133109657189827
0.013034132327986938
-0.006266060504642939
-0.005703451541803442
-0.0016025538841976648
-0.0036971782570210826
0.003971645800942776
0.008205482389467257
-0.0005969234851938291
-0.005152718623829067
-0.000689729444479203
-0.0034864813059683353
-0.003934143482813808
0.007311478568743713
0.002408456819262651
-0.0071927123850772335
-0.0004977738941021083
-0.001968424258650696
-0.010536553079033124
-0.002324955999528899
0.013790362254332725
0.009971633413899842
-0.007344572059353285
-0.010134136565228415
-0.0011612708378721769
0.006888113650774486
0.009628403463719792
0.006534563715558049
0.0019252111474692064
-0.0017040764177815892
-0.00045076269328539215
-0.0020616936515725974
-0.004675789282123567
0.008849760611177785
0.014729738206413795
-0.004709962890220111
-0.012678329699999467
-0.0009208655507591166
0.002625545168268425
0.0009224169554288382
0.0033133308798521076
-3.8858745660109734e-05
-0.004131018683962152
0.00017666034165568414
0.0012282583081181647
-0.0019929244552738447
0.003718740711364806
0.007230001587774541
-0.0027764595518491517
-0.005662449784127209
0.0038270370849680223
0.005137997900847353
-0.001302516677969553
-0.0005730271252366503
0.004046106799271052
-8.917576983897505e-05
-0.004468313366886152
0.00047746741339466277
0.0015772021833107986
-6.914476559775288e-05
0.00021360029609570133
-0.005111846363098328
-0.005505118902778189
0.00148320760509553
0.0021083972607635133
-0.0021203628704110447
-0.000677219877181601
0.003427857479564212
-0.000743475036452306
-0.004647352230356023
0.00028502569510323664
0.003554740647562606
0.0015366277815830756
-0.0005039660190652943
-0.0004325928289059932
-0.0012921418056732665
-0.0028501562652562627
8.854054867149389e-05
0.0019313110487083182
-0.001133923290247403
-0.0016414550289704677
-0.0015570009147762305
-0.0036213967020842274
-0.00029559590081847104
0.002315265516760513
-0.0024326548205108466
-0.0031974793909180462
7.698011693928935e-05
-0.0009306622640586119
-0.0021817793400443226
0.0005646228068137862
0.0021594212920448778
-0.0004708027654773562
-0.002067665539749401
-0.0022661525191439965
-0.0009893606004610783
0.0032782508377013123
0.0030283192463795646
-0.0014311484806315603
-0.002748572269425424
-0.001006228845146854
0.0012964758840060793
0.0005847061084373771
-0.0007671510909716813
0.0012866850148060644
0.0010406256365296084
-0.002571271493582939
-0.0032483396877979864
0.0002644501840987773
0.0030858916017251423
0.0020796525228862
0.0005896687963652331
-0.00022561228347143733
-0.0007285841424046163
0.0003347555780618739
0.0010307087169399813
0.0017675861931312437
0.0031014498036974424
0.001856002027193287
-0.0015445786512803923
-0.0014876165004984693
0.0024411002506018664
0.0025057007524916302
-0.0001793366743906051
0.0008379206511143118
0.0018162362523690108
-0.0007345777767963032
-0.0016605076290807604
0.0013970769673341155
0.0032603799618841816
0.002673824621793311
0.0003477497600893808
-0.003076881520666897
-0.0015653185090597067
0.002191118134380304
0.0014318970697012744
1.9442489566429653e-05
0.0009612536434472907
0.0011528205681331513
-0.0009375095911800099
-0.0017971385742036432
0.0004582570710257791
0.0026356598695154473
0.0021954672289087648
-0.0009279448860194566
-0.003078186193631261
-0.0016327106748947316
0.00015008711084704132
0.0005943158589921814
0.00025572207281998084
-0.0006796147887078124
-0.0009031093692376036
-0.0016814547640071629
-0.0030610826756577725
-0.0012893883782115752
0.0016468856668686983
0.0009855702823184816
-0.0018108445034614707
-0.002656218737282407
-0.0013546070311861863
-0.0004716613555352708
6.368653861262355e-05
0.0007135336424761824
0.0005327650104552581
-0.00031675975994669987
-0.0016884873242238403
-0.0022031852306858236
-0.0002701342408472792
0.0017118050111943244
0.0009740689171034149
-0.0009148511433864721
-0.0010716963099049218
-0.00020652993349967166
-0.0005846377281879997
-0.0006917655826932391
0.0007277605472150628
0.0006592986636025969
-0.0011376798394930657
-0.0019181912697881285
-0.0011634791052992709
0.0007143151119369589
0.0019890323231319014
0.0010406500393763895
-0.0005836580266200329
-0.0006493060867150896
0.00016937934435813607
-0.00021959450655363328
-0.0004268107776002343
0.0011995842434052487
0.0019366254176243383
0.00037635078132574815
-0.000990633317621231
-0.0007562280831457857
0.00029299098923641275
0.0008642620429176345
0.0003131858732233479
-0.000551831139542614
-0.000653674811129859
9.575608277860711e-05
0.00036346199847578755
0.00024992118315639777
0.0015523160277552666
0.0022056379191995818
0.0006686524830250164
-0.0003773264455384284
-0.00023834349019451607
0.00037782915266219104
0.0009758606762329594
0.001083589474424657
0.0011090902751575897
0.0010530982441392998
0.0007380719954936488
-6.104544087372123e-05
-0.0003807715338920753
0.00039076688637969953
0.00014504566373522683
-0.0010024627383653265
-0.0014191570224260886
-0.0011965806984069092
-0.00029747417824331403
0.0004018349777530922
0.0004877121328352974
0.0007773881062064041
0.0007173585429684473
1.0362414819870382e-05
-0.0004600220514097118
-6.468261206819814e-05
0.0006065243700716454
0.0006505178683469594
0.0005270510436644275
0.00042425966623714766
0.0005629786706700807
0.001228967222541291
0.0011377253083392162
0.000291967706298058
-0.00019844024214599274
-0.000631705924525443
-0.0012482441078110048
-0.0014416470046044896
-0.0009585402972182014
-0.0005048880636361046
-0.0002976930978754095
-9.043562264031847e-05
-0.00025300866222155525
-0.0003525325352223893
-7.217579314823812e-05
-0.0002676415516300718
-0.0006619414904040662
-0.0003660273571551705
-0.0002852530393458974
-0.001073554676124432
-0.0014325035348055925
-0.0009748571581407085
-0.0003655339455805101
0.0003978848230044305
0.0007450913403322073
-0.0001488425828057938
-0.0014840914271776438
-0.001955916834924443
-0.0015972781457158323
-0.0008185515504764793
-5.0652474364253595e-05
-0.00016990922770348995
-0.0006978766603573374
-0.0007767876882878366
-0.0010056926690605438
-0.0013835492678476967
-0.0013956394005700222
-0.001052133926429122
-0.00015690478713378895
0.0008649760715044568
0.0012891028632755885
0.0013108504469782093
0.0012969449131933694
0.0012026285516616199
0.0010136159133264178
0.0011465884486845561
0.0013416583754335136
0.0008225719008673779
0.0004748434935698256
0.0010928927773675501
0.0015085015613833849
0.0010351071693072626
0.0005618214148231859
0.0008576836739217666
0.0012445196750844047
0.0008029208229280353
0.00014342972167322664
0.0005022262630842373
0.0018116934697818047
0.0025993632118330016
0.0021284733001278337
0.001008349486177085
-0.0002306752139202223
-0.0014649846906702015
-0.0029843646231326485
-0.0046117363264900745
-0.004700046245647904
-0.0020463458890646966
0.001681006596544546
0.0035365119987306372
0.003056964571726119
0.002012790421867385
0.0012708398750591928
0.0003348722597726426
-0.0010483052423991613
-0.0024589649138556397
-0.003803573734809271
-0.0052425990744644334
-0.0059099328437346365
-0.0044683281685297446
-0.0006092002160057591
0.003920466165316235
0.005997922071135614
0.004949927812952646
0.002822675003413734
0.0007718744968052724
-0.0003651338196425958
0.0004300069745092881
0.0020158627354800868
0.0029033952838846506
0.004072373097972207
0.006180222704734488
0.007511846783404897
0.007077221851275231
0.005433374137757978
0.0022717761360667096
-0.002556336659457068
-0.007067099477867062
-0.009168747790109706
-0.00871717891791357
-0.0061953723439115635
-0.002142207222659458
0.0005818292788108037
-0.0014005756704039468
-0.006271405668499883
-0.009217244693941246
-0.009881640068471179
-0.010997613446002695
-0.012178488787887307
-0.010675969038288595
-0.005662174414014391
0.00031360527685380876
0.004827949431856625
0.009082655940406581
0.012113800625791234
0.009853356282229142
0.005143327932904762
0.0035427674019667997
0.0030290433975769283
0.0018920197469193371
0.004035059631171814
0.009211176655457797
0.011834621179967211
0.010133110435032103
0.007238883441272121
0.006085002719576677
0.00623639683439969
0.004157250893865254
-0.0004802186997687509
-0.0036663642025097434
-0.004879852227328146
-0.006626331732409821
-0.009271535146793668
-0.011997987607994608
-0.012975935708402763
-0.009578367021033977
-0.0032600007183642326
0.0008127537895841136
0.0007005884285210115
-7.393885141100155e-05
0.0015644991849535694
0.002729803177932171
0.0032444370838636176
0.008695587579614028
0.015802282561002013
0.01585135022560302
0.009044180465565583
0.0014301557598819757
-0.0024640810276124643
-0.003062093495509729
-0.0021036683486486893
0.0005200618059712642
0.0003018327224769725
-0.004761985506679785
-0.007624297414360857
-0.007409870801246474
-0.010740795389087185
-0.017094567701069135
-0.01813268377016427
-0.012945902819501219
-0.011547295877613831
-0.014113543045172594
-0.011318732381652596
-0.0055771192222754465
-0.0029895103807856815
-0.0009667707968763622
0.0019764441934410557
0.004415870168333974
0.005806133500117001
0.006112869197712138
0.006521969889734653
0.007573444299751722
0.012284875600683101
0.021444920065216526
0.028029405924802575
0.03020582667733208
0.028990085354078588
0.02054763577499655
0.006814909752004147
-0.003782267687339122
-0.003699700798262047
0.0046234011426053295
0.0076596460573679845
0.0020991811774174404
-0.0027184431794640973
-0.004506616471864351
-0.007196937087327479
-0.012021729024142558
-0.016886290096348466
-0.01993495991628954
-0.02253924204375766
-0.02252372884563575
-0.014788069539823288
-0.0025994942934782408
0.005342319399001353
0.003886543798888517
-0.004193513363451909
-0.008664038441691701
-0.006435588950825896
-0.006764799688527997
-0.013638229562685147
-0.017964176318523463
-0.013469467455487397
-0.007133810046962619
-0.0036070071240844534
0.0023481863352446883
0.010101732844744117
0.01055054667593492
0.0003110225165123687
-0.009735358386041136
-0.004827489853970107
0.011411666905945902
0.02021693473006636
0.0146558779768831
0.006113727368968737
0.0050621090588396506
0.008115931094980343
0.007893842595598239
0.00408581600775291
0.0006074890680293583
0.00045071920733357525
0.0032169978073579865
0.010378410156014933
0.0256796370542813
0.03811917067637668
0.029023891070694457
0.005545973301702575
-0.006458276389613916
-0.006586030159244319
