0.0
0.0
0.0
0.0
0.0
0.0
0.0
0.0
0.0
0.0
0.0
0.0
0.0
0.0
0.0
0.0
0.0
0.0
0.0
0.0
0.0
0.0
0.0
0.0
0.0
0.0
0.0
0.0
0.0
0.0
0.0
0.0
0.0
0.0
0.0
0.0
0.0
0.0
0.0
0.0
0.0
0.0
0.0
0.0
0.0
0.0
0.0
0.0
0.0
0.0
0.0
0.0
0.0
0.0
0.0
0.0
0.0
0.0
0.0
0.0
0.0
0.0
0.0
0.0
0.0
0.0
0.0
0.0
0.0
0.0
0.0
0.0
0.0
0.0
0.0
0.0
0.0
0.0
0.0
0.0
0.0
0.0
0.0
0.0
0.0
0.0
0.0
0.0
0.0
0.0
0.0
0.0
0.0
0.0
0.0
0.0
0.0
0.0
0.0
0.0
0.0
0.0
0.0
0.0
0.0
0.0
0.0
0.0
0.0
0.0
0.0
0.0
0.0
0.0
0.0
0.0
0.0
0.0
0.0
0.0
0.0
0.0
0.0
0.0
0.0
0.0
0.0
0.0
0.0
0.0
0.0
0.0
0.0
0.0
0.0
0.0
0.0
0.0
0.0
0.0
0.0
0.0
0.0
0.0
0.0
0.0
0.0
0.0
0.0
0.0
0.0
0.0
0.0
0.0
0.0
0.0
0.0
0.0
0.0
0.0
0.0
0.0
0.0
0.0
0.0
0.0
0.0
0.0
0.0
0.0
0.0
0.0
0.0
0.0
0.0
0.0
0.0
0.0
0.0
0.0
0.0
0.0
0.0
0.0
0.0
0.0
0.0
0.0
0.0
0.0
0.0
0.0
0.0
0.0
0.0
0.0
0.0
0.0
0.0
0.0
0.0
0.0
0.0
0.0
0.0
0.0
0.0
0.0
0.0
0.0
0.0
0.0
0.0
0.0
0.0
0.0
0.0
0.0
0.0
6.659775308778958e-08
1.9654266970393285e-07
5.941191196303871e-07
2.2729458290966244e-06
6.000025600782345e-06
8.4545591911e-06
6.178552718122497e-06
3.257204090768124e-06
2.7958884957579667e-06
2.728575029455173e-06
2.5394242285850135e-06
2.3911638955863087e-06
2.2411275558003323e-06
2.1176447387178453e-06
1.989344162946207e-06
1.8375866240407948e-06
1.8650045066350161e-06
2.5718423436005735e-06
3.8487845313877295e-06
3.935816886369336e-06
2.1924874169683923e-06
7.74933815408472e-07
2.9747759203795146e-07
6.551466359173881e-08
3.536671582276601e-08
4.821677523745628e-07
3.537675677842546e-06
1.227457664747155e-05
2.3189978405815738e-05
2.7783354033243715e-05
3.0329703909597562e-05
4.1859920959219e-05
6.1706817215401e-05
7.693224041528679e-05
7.908786722083128e-05
8.035250099029632e-05
9.017109230678056e-05
0.00010299703563789996
0.00011420028572331795
0.00011972827142186115
0.00011820006099460212
0.0001278800164100776
0.00015995532771044947
0.0002036891387879127
0.0002677903425908517
0.0003763406255186525
0.0005132863965946133
0.0005943391284436187
0.0006330280185831395
0.0006483004170663722
0.0006325237611936696
0.0006657175816697044
0.0007141777163563642
0.000712724955052938
0.0006842396669828126
0.0007292626555781984
0.000877270123885702
0.0010352576780572633
0.001189253584191225
0.0013068545393342076
0.001347483250128707
0.001436467629948271
0.0016631562270699918
0.0018490256517218926
0.0019199176728654014
0.001914492808881793
0.001815273015733932
0.0016941344204188312
0.0015915451926107247
0.00165878280200899
0.0019156174439440036
0.0022218829050528956
0.0024069427667782277
0.002304319546105419
0.002280834068132179
0.002531950746055503
0.002746775709069934
0.0027593484774556584
0.0027597189489959864
0.0029899046862470312
0.0033749894079181954
0.0034613493478894094
0.0031108033140131164
0.0027206506239655847
0.002758982330229151
0.003292341946281217
0.003996893779517605
0.004338878872038953
0.004295232033158761
0.004310800774322346
0.004347124589353942
0.00419074476981466
0.004223586568365915
0.004936128044587274
0.005835643903929245
0.0059479962688160585
0.005209051015563869
0.0046967206735115275
0.005010313883280745
0.005335597187979422
0.005426857389078866
0.005292817339488622
0.005281021564997567
0.005869636865548218
0.006065935430767726
0.005353759971168692
0.004968005977202001
0.005782279688517748
0.00710198420043014
0.007966390359077376
0.008226918854052944
0.008221175475290835
0.00813290547605436
0.008182473999082965
0.008575843641524344
0.008799952830532141
0.008806140121921609
0.009200286690533134
0.009494077661542132
0.009348672935038799
0.009259400512511253
0.00919511304801432
0.009030391227959782
0.009189786481478187
0.008960576364773343
0.008441938966112726
0.008785071290232397
0.00974711957478168
0.010138319446002252
0.009266238978077015
0.008006344775582291
0.007038120556607175
0.006186353816002991
0.005452557124156415
0.004988016488509203
0.005219417938589296
0.005385853123164744
0.005602444996607846
0.005296358275733022
0.0035387600191423814
0.0026200640970676266
0.003595994491067373
0.004732741722635729
0.005335260250971715
0.0062383535798193794
0.008110199113652437
0.007680533556108602
0.005924322820936
0.006622782788769227
0.005862074592641002
0.0025282435709446873
0.0009704149838539265
0.0020618607531327146
0.0029629094289374495
0.0022038633064194336
0.0028025167253497535
0.005140385987709981
0.005667443559185625
0.0017499145152051958
-0.003458592267993132
-0.0023467470573695502
0.004526557868685718
0.009990805812685145
0.014430936543588636
0.01875235263410572
0.02106429306055748
0.017976914825551873
0.01067332363385451
0.007266834001553038
0.006497128542138999
0.00696091209158102
0.00931841859943749
0.007061679147983294
0.0016945022228577065
0.0002409348841312444
0.004586185143113586
0.014641126820308088
0.024192384585154866
0.026715872851693856
0.02701979211444969
0.030778262053308827
0.03297851400558609
0.029230378779539157
0.024345806827394074
0.02538651953675423
0.03243800683987882
0.035920354063362574
0.029421304945985976
0.01978368141543028
0.01508558719667949
0.018210071335081703
0.031637508196118116
0.04351553427974086
0.04061346898556721
0.03388178725935086
0.039858897732031044
0.05501250625873648
0.06489798026968371
0.06352707715096982
0.05916707228080249
0.05665633056292129
0.0564967378309523
0.058760865065938826
0.058578604975981656
0.05664334835665995
0.058515931630305114
0.06316959860780232
0.0677849687105959
0.07043109672343481
0.07202280168247406
0.07634655178189542
0.0829172821380493
0.09494207104323892
0.10671457357511151
0.10448263407301632
0.09539157388753104
0.09190876214951646
0.09404840796693408
0.09768209927011441
0.10118583571733417
0.10257864177307745
0.09950266682311891
0.09852999392696413
0.10127932783691218
0.09333150780642535
0.07598989442044665
0.06797661508806116
0.07595661156112135
0.09247003742876948
0.1043462427970481
0.10426017229929531
0.0967788036987342
0.08712683961148021
0.0793637773836914
0.07352729302486695
0.07549336453006243
0.08386458054237546
0.08271958422484721
0.07307690285565965
0.06732346781230356
0.06513218426683098
0.06277201435769193
0.05551636308446202
0.049691060604903955
0.055543746652798535
0.07433951968558619
0.09944871815408496
0.11238595762686132
0.10161944638416703
0.07997322829576331
0.07019601287300144
0.07638933802837462
0.07933615349516912
0.07056223014880479
0.06157850985052215
0.05749753703208622
0.06314393669528677
0.07978328403602714
0.0807046536205292
0.058979350776531034
0.044407336162002695
0.04632568847896556
0.05536468498408961
0.06327478875102369
0.06260474466084626
0.05300192857103362
0.0489648273194712
0.06970248033648199
0.09825767469105869
0.09731323927909526
0.06372100473531057
0.03665697388473424
0.04572415919175803
0.06290468062039589
0.06487615604867547
0.06020624133211673
0.048622606802128765
0.03304567706954484
0.022438524981591216
0.020621359393816714
0.022944408648100267
0.027531444319782775
0.04143441901352564
0.055294188216001
0.057825291197796745
0.04992518206367174
0.04002203026622614
0.043076476953151435
0.06117910998321725
0.07670001753227758
0.07480931407161757
0.05927155055837008
0.03835825988815589
0.027173431989346318
0.03466528557602187
0.04765015088913371
0.0528805834416774
0.05260092911155361
0.060960203532012355
0.07543845555047857
0.07486935450786121
0.053572591425129205
0.029343822699123306
0.025758112172770686
0.04578131189278342
0.06284858269800814
0.06523416982678053
0.06306503733108114
0.06037119776284266
0.0636425541286145
0.0762500175377705
0.08421876159495931
0.081305022666235
0.08144470929790269
0.08829963180193616
0.08083431658433436
0.05134756506609824
0.017854486337000628
0.0009555692362605804
0.005628242563234011
0.007804198461386049
-0.004746867997960809
-0.005158065748298895
0.011637654711221027
0.029601566498512432
0.044413854253212474
0.046127536284979134
0.03464630591048324
0.029586025896103544
0.041773476317873856
0.04853134797233419
0.030448860516656236
0.006988489306976314
-0.0018891018911055964
0.008851987708080246
0.022504850337787624
0.014430881245885539
0.006661945468396586
0.015730636050250924
0.019054983364670628
0.01742737881557681
0.019657035567954034
0.02162770827496299
0.02768057029606646
0.044806906702712465
0.06680278186193338
0.08100349697464333
0.08120404829585688
0.0613101209994372
0.03639569412744464
0.0254767509822057
0.015590975278835033
0.0045381159520774435
0.010922738774568636
0.021958662152404603
0.023795591484512085
0.02964697024905573
0.03391811762876812
0.028669334177332795
0.03359173612524876
0.05674693202036304
0.09005645640359894
0.12774943569251912
0.15025987026071508
0.15495018498324986
0.1673437879164024
0.1791086210203551
0.16365183573825773
0.14301207865394716
0.14790503110378347
0.16685191337437602
0.17815407049031926
0.16533573851219446
0.13386458861919134
0.11445533990011234
0.11901501252008347
0.13168625426917369
0.14824736102909838
0.17368710370096196
0.18644888238215535
0.18611570612851303
0.1941244223308004
0.2037960325876191
0.21465492950815146
0.22682107428796297
0.2328154117420065
0.2380441477599844
0.24370864950962348
0.2433683888656959
0.24025680499820817
0.24680326250257928
0.24807433872448797
0.2318076597246983
0.20937462679754887
0.18784633550772994
0.1817273207199469
0.18197065714342875
0.17919678643872078
0.18286355795681705
0.18691999332943138
0.19049956522978556
0.1979925536946252
0.20517268951355894
0.20580426775847505
0.2065528590586018
0.20820603095328571
0.19516168911904863
0.17634939407647698
0.1610475036882554
0.13899071148496508
0.11662475412556775
0.11060678253477392
0.1139072907821324
0.09858488832629948
0.07203391834481658
0.05845969026938666
0.056471006762457546
0.0623358822454024
0.07526709062160944
0.07842572321397145
0.0647031071397105
0.06380009111857228
0.071452580593454
0.0694443650810259
0.060911067109987754
0.051622455791236456
0.055942182728655906
0.0557676519572838
0.012726733359106542
-0.05742451473578006
-0.09136717607096422
-0.0683130492167703
-0.03740513621767376
-0.019603709105282162
0.006098773065166929
0.010390257713784053
-0.026331150824988152
-0.06737623312765609
-0.08261343607805607
-0.07094771804702389
-0.05268336620123345
-0.048683501621426796
-0.06670511698110473
-0.1003527398642043
-0.13171182854956165
-0.14463722710031154
-0.14413731474054486
-0.13964850822862104
-0.13910933015327012
-0.1454749848116002
-0.13808818641458367
-0.12765877080856872
-0.13646448988885032
-0.1481887419387767
-0.13807558235742118
-0.11931812502512891
-0.1309016724932457
-0.14956679147006502
-0.13269297891328788
-0.1123799033167831
-0.11864016869430234
-0.13941716475253962
-0.15338308500146972
-0.14208138510654314
-0.11760199749362442
-0.09885187587025758
-0.09233634352868492
-0.09048081205334317
-0.07521392725309342
-0.05912119299151669
-0.07044149228823152
-0.09227701349240582
-0.09713600391690255
-0.09214124026084523
-0.07755668875133111
-0.05558095112653582
-0.03255752984741301
-0.0030133740766618293
0.026501602640976542
0.032860943354441806
0.011106126088336778
-0.00973109287174866
0.0026265920111905173
0.04334603594643786
0.08056192038597983
0.11234710821019425
0.13328948630378187
0.1310538355396452
0.1393800642114036
0.1684297983808631
0.1855826111086543
0.17698755115679393
0.15801410615390438
0.14901592187420282
0.1426260526580071
0.11637614038101322
0.09151830748878366
0.10280767849701754
0.13662631238248502
0.16310664745932293
0.17708898776731608
0.17920617814425316
0.17720083034424514
0.19006671086291727
0.1987621766353566
0.19471759756063597
0.19153892111407622
0.1800502231558415
0.17726962704942004
0.19155102079732306
0.21239165627171552
0.23048231316755582
0.22306161685329728
0.22169164036485897
0.24278538786404963
0.23585029953455539
0.20603432368393068
0.19124950715596284
0.1853310287971181
0.15749227138508431
0.10811699303665104
0.08107740416234019
0.07507622412518745
0.06560906604169285
0.06705020608207887
0.08229992603245927
0.10900668379812957
0.1376162719602076
0.1468849411762011
0.14217602690261102
0.13616254623601237
0.12493215808264721
0.10876356271313561
0.09132246702903307
0.07566947387644297
0.07028895959739515
0.0685282399844325
0.060055905133738346
0.046638790119227384
0.03778338080575026
0.03656071427853262
0.04888666590935924
0.06584079301888544
0.05977546698382274
0.03815804164033697
0.023267824057091695
0.03227198400193197
0.06607622146931814
0.08030186886587354
0.059796460426388746
0.03923758881029045
0.03613891188241981
0.048376252534427004
0.04913138756102209
0.02814168405245744
0.015481890961556511
0.014887956904402502
0.007367903765163412
-0.0110219605988045
-0.019799928261932418
0.0030716863232472663
0.04280827707467806
0.06849639334770675
0.06664513771177352
0.04496769833685019
0.024989072435424083
0.006056145144218911
-0.013161251054504943
-0.01868627453451704
-0.027696759293458585
-0.04595106681795241
-0.05264989581657992
-0.03326582202550535
0.006545380222506415
0.039631678268557714
0.040625708006308374
0.02187209278435549
0.013215994914011672
0.00831339141901107
0.011378931367092185
0.028504633855429395
0.046454985209882116
0.05352688369542994
0.03577808535155341
-0.007030390198962195
-0.047936429628013144
-0.048990895918581794
-0.014869216485766354
0.023862167524395773
0.04572159466715463
0.04809642737960826
0.04561292894783033
0.03364503949879415
0.01735321662795261
0.015483565089033305
0.021716672770442747
0.032273514723955336
0.056882748996195984
0.08343832789768868
0.07438030616248517
0.02971208215865976
-0.010115296966064165
-0.03052251193002606
-0.037162718284247234
-0.026036078198922605
0.005032734166118489
0.0372281675579343
0.05502738783519317
0.05476459294496371
0.04404200283914078
0.042818435184514454
0.0640225617113382
0.10019390511999415
0.11849801231244936
0.1096580654782076
0.08359402496987477
0.043805736788482055
0.012902574861279572
0.005720797443827396
0.0085519606828257
0.013187293201065497
0.016280973071610028
0.009202384062366413
-0.00931453996169917
-0.016002135906557267
0.0030253740351434454
0.008615774058651722
-0.02575225503997577
-0.06439129414484807
-0.06839690743877337
-0.049766206302789794
-0.029998256548631436
-0.016781985852366427
-0.011956957616569662
0.00024074121314200659
0.005699468642564722
-0.010669514321190801
-0.022047179549284972
-0.018722995688430034
-0.008813684228884133
0.016973848483643323
0.04470955497149717
0.03306303774441776
0.009282477855423863
0.010789247169567756
0.009249075749222412
0.001994508856517859
0.00797353038269834
0.008339935351930798
-0.025353326854738
-0.07044269396408681
-0.0720865685274714
-0.031763954924948254
0.01123877386105509
0.03098376566331556
0.024315197314315334
0.015032616358068983
0.008483746460002176
-0.0026588815609760704
-0.0075559131621731924
0.003595036426322593
0.01581306671834629
0.01649173874561634
0.01351581707129731
0.00043617046452746233
-0.019408856113519297
-0.02342396201367175
-0.003571922423992969
0.021295089444176324
0.0335903018821054
0.03925401503711535
0.04154867231956272
0.021338412731935912
-0.018646547490749614
-0.04502439175691472
-0.04825410229081886
-0.02750875406177132
0.010009879368127281
0.03023555330770685
0.019152300124087192
-0.0004964768158150758
-0.011732745438995792
-0.011897029449636103
0.005795848658728682
0.03626030598333573
0.059725598761829014
0.06331147586634842
0.04339338124446583
0.011792690877543253
-0.0053909292355883865
0.0057330937219518575
0.029887590348734144
0.042453733367095084
0.03126090240087178
0.014716003884996472
0.019510956804689426
0.033533189435597265
0.03614175707703646
0.03597134076476678
0.04417128608774558
0.04016829622625014
0.017289695277383412
0.0020200266788324567
0.0024197122032780316
0.010979116817240831
0.023998714567518696
0.02668678253495425
-0.0015581812104791324
-0.04175325853965024
-0.05315914806015062
-0.02467325007694357
0.012984344897563092
0.01961895657325643
-0.0005569317522598315
-0.015639783545645738
-0.009235447950108416
0.014350355174885815
0.03449964986947239
0.03670986121101901
0.03202773902663689
0.028872461929279964
0.010646014617031846
-0.025290657511102023
-0.05055947411927637
-0.052913629412608125
-0.04072418409722398
-0.02800052498946706
-0.02881677395865897
-0.037782688460158906
-0.04845592729462939
-0.054126976016921784
-0.04275143074935829
-0.020756023924189314
-0.008377141074075197
-0.019608374199870684
-0.042470855994289965
-0.05737316666073702
-0.06354132986882544
-0.06298779230521172
-0.04656488532903971
-0.019711342624575627
-0.010143257055980183
-0.029399722862342305
-0.06704942500701615
-0.09825101818943971
-0.10125127859520236
-0.0760187478197224
-0.04049855837998824
-0.01978164537712649
-0.022105752595891707
-0.037431122717899286
-0.05469807065504926
-0.049201466469842664
-0.009301056980558841
0.019465101332505397
0.004430542542967797
-0.022665407582809296
-0.022321291390506995
-0.0037826858199768118
0.0036385879476678335
-0.011207219825119413
-0.04497818905052435
-0.07237866823855589
-0.06868651108838728
-0.047681516865183626
-0.04665916605573267
-0.06335696152869906
-0.06471965659565357
-0.04413972179215932
-0.018316632687938764
-0.002432053593473767
0.008265558719048214
0.02564287905411779
0.03660648776377739
0.02164143997390825
-0.008104073392211841
-0.027812448473538833
-0.032237297394502734
-0.02772352539024777
-0.020574136533848503
-0.012446643052634095
-0.0019310697960175603
0.0015766710631486317
-0.008814308162839016
-0.03078706774080143
-0.0513591600503124
-0.05402421619281056
-0.049126004105594805
-0.050400745903720776
-0.056055531368103845
-0.05736813657900527
-0.04835305396280069
-0.04735796073538375
-0.0608924108162637
-0.07032615574302548
-0.06566014412905846
-0.05068855208902623
-0.041990428276435066
-0.050454723961915894
-0.06237241096462387
-0.0633911099826419
-0.06440649106813129
-0.07168203029954062
-0.06486920089027982
-0.04096096604191807
-0.031062093356174467
-0.04888754329293086
-0.06728201474178164
-0.06524349812873029
-0.05108018604789272
-0.0356399625439603
-0.02584815104203045
-0.022952732748545247
-0.02584553210120116
-0.03228917025726457
-0.035606699275045645
-0.041561480398478436
-0.047307470393005376
-0.032973346328491804
-0.005728473624015198
0.011497422544326986
0.021827788075904745
0.027132863538896778
0.017486347397018025
0.004168209750659986
0.009422249143964313
0.029862093335712738
0.04753272390593171
0.059606801737295545
0.05860353626762188
0.04786289617167009
0.04542250604814665
0.048252853258399855
0.05366566433231276
0.06110682971784725
0.053325040428245846
0.038764023571442575
0.04572646168798935
0.06916827918176209
0.07582434952891597
0.048296303293126945
0.017712051543050132
0.014349792802842114
0.03134364105864477
0.04689640270838395
0.04002360343177464
0.025918924361781316
0.028792240941974457
0.031675025715995314
0.022538565079311436
0.012926827487734589
0.008059059372079007
0.010669405905307365
0.022994746524694184
0.034662095072785594
0.029078626557800656
0.006792981550836027
-0.013326022184194623
-0.02066303674799177
-0.014236859695182723
0.003257980128149944
0.017642169636119
0.0199274388634143
-0.00017144695596202505
-0.04035243791780965
-0.07033720217181895
-0.07983016072312579
-0.07606020160913185
-0.06593777881534958
-0.06098778728776433
-0.07217067169692962
-0.09273820170411759
-0.08914822232499241
-0.06678987595976221
-0.06302200912418478
-0.06960829086676247
-0.06468787240776631
-0.05118868562616235
-0.04410408047049421
-0.048342503835658364
-0.0532196513878409
-0.05357320006966869
-0.05048903001137197
-0.03940526371406105
-0.02506787948503302
-0.02922245276655955
-0.044769049877221065
-0.041887660861178865
-0.0210583928706454
-0.015438342229675179
-0.0341034815837521
-0.043582003595517914
-0.03735870091834854
-0.03685042992340972
-0.04397553534144521
-0.04440063754138618
-0.03015523993042061
-0.011617873915803911
0.002033372772398887
0.007733836656239239
-0.0010422178299027878
-0.011954996223999679
-0.013760960458488793
-0.014509828942320674
-0.006359669626475901
0.011135637208594978
0.017805343282144587
0.014118277381118835
0.006207590914167996
0.00631331857056029
0.02987288520280213
0.051487373600195105
0.04426994586988317
0.018654444901548092
0.0041412153510205826
0.014500742119761288
0.03551581572966381
0.050468611173682086
0.04723059863868456
0.038991030452068635
0.04632602448819446
0.05717847208163827
0.059145876184108485
0.05914482793255494
0.06442743073238127
0.07176477911626475
0.08256167961985215
0.09037089128052653
0.07494612385667306
0.059124865488481504
0.06962322214332059
0.07487664852568636
0.05730196341111709
0.04864921593277678
0.06534870864808809
0.08350403742483878
0.08330747518998129
0.07330397170778415
0.0700203931147064
0.08103412934158871
0.09101804881097642
0.08230410762753161
0.06380299261975568
0.054867102038150144
0.060703801446464256
0.07593835854866572
0.0898172988967304
0.08703223199492556
0.07738868206374397
0.08434245703856653
0.10403356539886276
0.11600961518112786
0.11125947825386809
0.09451732906351376
0.08006996005982828
0.07978605932622078
0.079008171579344
0.06441208935484492
0.04879583346036624
0.04505678208729088
0.05416728432179914
0.06333420498468864
0.06216014408973329
0.04726161346870477
0.02455093034146267
0.012497369454826062
0.012272539011768736
0.012441993298132979
0.01880954325078568
0.038313369896635065
0.0516625214575941
0.04836888092118715
0.044600386656711635
0.045121102782992265
0.0418526736142307
0.03616708760652513
0.032631592275788796
0.029204053925103755
0.02576234996653454
0.026277904673178244
0.02534139620850433
0.00899299629022
-0.020314957329303274
-0.04578236307013977
-0.055632454040192
-0.05158659592172242
-0.04608398958154359
-0.047458450347856285
-0.059007774145453024
-0.07525521770357027
-0.08746841861385961
-0.09188968937955759
-0.08729917442067361
-0.07777417024958717
-0.06710895834955584
-0.0615261898139174
-0.06099361463509313
-0.054865812035073354
-0.04438609713842988
-0.037367652347090496
-0.03612032382154226
-0.04161233784654137
-0.04939286470493644
-0.04986995934874853
-0.04421027278769037
-0.04958945725022672
-0.07415951474637994
-0.10059620677085973
-0.10909185626370595
-0.101815527236556
-0.09682957241757921
-0.09935484409705297
-0.1000290049081119
-0.09714775662844222
-0.08936911944907722
-0.07271210934528717
-0.053747629640974015
-0.043856360395883656
-0.044942025878393126
-0.04949675265140314
-0.05048684011889501
-0.05151280169555453
-0.051240307505748796
-0.04362773042788525
-0.04362723149494246
-0.05428619103967882
-0.057216362830320035
-0.050268461530776846
-0.04006970358224392
-0.03399410621974753
-0.04040634173647435
-0.052937389287701635
-0.06120771164870458
-0.0640355036473807
-0.06149672197871007
-0.054384791715117245
-0.04713858148217892
-0.04707544878312407
-0.05411675940420187
-0.057476408232478626
-0.0494608323161277
-0.035010956341165446
-0.025410263396598173
-0.018625979561498827
-0.010328891968308346
-0.005792439476723994
-0.0028348306170147275
-0.0003787462491432049
-0.00391977307004517
-0.014729706872607141
-0.018956177294131786
-0.007911934130707619
-0.0021322132446211493
-0.006890897732686328
-0.003005654277675584
0.010461365700236218
0.015223965716522089
0.00439909523096033
-0.004892913457167582
-0.001181532838223163
0.008444197773055707
0.014301434915641708
0.012301124162986682
0.005304564010641594
0.0020237450859071546
0.008371080075133933
0.014850234252196202
0.016631047105868654
0.017779053452351954
0.014911732279678836
0.013408944046978311
0.021223308537731765
0.03196118857214859
0.04048070245990218
0.04489878952151365
0.040638628169951736
0.027400268165467714
0.014583815633265022
0.011788868285698313
0.01266244595013792
0.011718371230331344
0.013009396591130862
0.01608621732221529
0.017807591407648135
0.015421020991455817
0.011355852812532558
0.010695727618461772
0.010848874396011593
0.01042493572385975
0.011282697801742323
0.009079898253662622
0.005893072725691641
0.009346587378220212
0.012202404454977611
0.008414121433262521
0.007516583817427579
0.01807731917148555
0.03595811250049793
0.04255875835243037
0.03181417023973741
0.02260944676522246
0.025888550328524038
0.030586194396830975
0.026671057268472353
0.017417130739285625
0.009559295878993238
0.009041496520595629
0.009382259089160294
0.004238165270162672
0.003039851257654943
0.006908410722183626
0.005968608799585549
-0.002263909642331968
-0.010672670016202786
-0.012019171193867993
-0.0024654354275561
0.010933724056366606
0.01982042305716921
0.022450035943658426
0.01381109625406063
0.007356573593620296
0.01794102808566469
0.03318675837589152
0.040414535116483304
0.03964808907096091
0.03726123916846526
0.03483691382699378
0.02754602254597316
0.017407331096685467
0.009582212729504273
0.002664044254376183
-0.0028180554819074275
-0.00342505671686484
-0.002003751269706069
-0.0026818012158861854
-0.005248880411608311
-0.009502733848134583
-0.012962567530994572
-0.012202908831386888
-0.01009143351874264
-0.005423110733936755
0.0027537889050420527
0.011810241364099288
0.020285741963937183
0.02072299012861127
0.013744951404402446
0.012145133735083961
0.01767930995745799
0.021685035585989585
0.02407193045986626
0.025451981525764424
0.020904123657809085
0.012709136789800145
0.00626231970508424
0.0001102326731989168
-0.009366853489276536
-0.01909245632921756
-0.02513155262733057
-0.026450810381093585
-0.02514700666938252
-0.022940029721378218
-0.01526013713448011
-0.0038836969300550597
0.004967188878423957
0.01026074877785635
0.011522146045155297
0.006343701846162338
6.750166836045978e-05
0.0007777224446818116
0.00600647439457373
0.016098702291010764
0.029390828795306013
0.030300659422113296
0.013474343772933588
-0.0030497838465271855
-0.005180201612361791
-0.002252300346187205
-0.004902286382680335
-0.008747921050177077
-0.008790206081012636
-0.0067014794269996915
-0.006965673005257887
-0.010427538581816501
-0.012894769283244905
-0.012619178482193088
-0.010307067208974622
-0.006162922596796222
0.0014419414405840002
0.012097944624712576
0.022177447720612174
0.028452720700469277
0.029181426536966683
0.026575999219632825
0.022940915960749472
0.018942255906740403
0.014604615444881485
0.009128831191907001
0.0040354388523646525
-3.683280624179548e-05
-0.003982775484878983
-0.005665903780676913
-0.004487574026543915
-0.0035131911181859616
-0.0046117285776881905
-0.00518888568437439
-0.0002158649924926763
0.007201192116953575
0.008182011870039464
0.0053405311262093875
0.007316348590557772
0.01241002130990904
0.014677493072179186
0.014491362286969987
0.01472431558988251
0.014732338981153233
0.015626486533926807
0.021331564208676258
0.028348782146787564
0.025948622194117216
0.012262860722915802
0.002200595193149657
0.0027043177382225264
0.003388024465890225
-0.0005387367674863115
-0.004527729917189212
-0.005941845373204385
-0.005423195721336053
0.00025351433669838346
0.00869012257185014
0.008448866974281195
0.0025230249872879276
0.006529739922795403
0.020820658783624917
0.029906799314195338
0.025685223072898312
0.014942142304237956
0.009874393178435224
0.014482383155245011
0.01919548956651071
0.015672562736272124
0.005896091401794007
-0.0029864640860311742
-0.004515580389657069
0.00034009558599562643
0.006135868769451191
0.009085646431764247
0.007182757257298157
0.001489890900118825
-0.002113112394996648
-0.002373294305862137
-0.0035999942872954435
-0.0018767417986069645
0.004632327768352802
0.008427835594378473
0.008762875641977743
0.008515811696050101
0.005097342031598637
0.00348601760074383
0.009527897660498151
0.01411964850590471
0.010860923139192154
0.004654738884542383
-0.0007570764727560749
-0.005499933963162071
-0.009927307705535298
-0.01343251566196989
-0.015137193133822538
-0.013695605180487132
-0.00796594277253928
-0.00031297712760877834
0.0032871440303974325
0.0012776490425958074
6.68375573557479e-06
0.0010139775583968326
0.0009693454334947726
0.003851622944052745
0.011012581765652795
0.013283972895494283
0.0071718543843696725
0.00016971004739393998
-0.00235275108587192
-0.0025044902518879344
-0.003914526427445666
-0.004495320040818937
-0.0019636214420955217
-0.001802821244437273
-0.005814367333082228
-0.008464962296020773
-0.009418745059381197
-0.008095026409562521
-0.0015360331306244477
0.004289821641730989
0.0031916002955277357
-0.000867060950947306
-0.0017034522369146498
0.002241243823144711
0.008554545522263073
0.012954328306425109
0.013942214236205307
0.01340401508793341
0.011845404395253493
0.010227009543498002
0.008831102545456932
0.004036824871387442
-0.00369895167037696
-0.0068866881949911545
-0.0029828908632133972
0.0010035447498129737
-0.0012058230879642407
-0.00842841337003939
-0.01320433170223606
-0.010423592137803575
-0.0024180622250705706
0.006381000748525014
0.01095376094839062
0.00947063236794617
0.008216096121137993
0.009533188435792652
0.009560307089339195
0.008995217658010413
0.009590371296879483
0.011503956565034789
0.012787757903513252
0.009539724873414972
0.0036807620544296853
0.0011145696772484532
0.0008219570127551535
-0.0019103647963523917
-0.006439664743581903
-0.011071043708306291
-0.014560787269249982
-0.013744699012167213
-0.009929187597198956
-0.008180935358614935
-0.007384072398853567
-0.0036986577070637137
0.0010431020096792194
0.00329778854730053
0.0033868917167694554
0.004631887185986668
0.006765599335176669
0.0071233301182557635
0.007483731566441624
0.007937952841754988
0.006231599394556218
0.0045591583137833
0.002936027357785039
-0.001429915944086611
-0.0078817260872604
-0.013487352411960345
-0.015632064340634348
-0.014660033048399471
-0.012649105978870236
-0.010946820711671692
-0.011832810009562742
-0.013972361920484417
-0.011165077322841506
-0.0048780602777424445
-0.000815570827562456
0.0001986951142176165
-0.0007367222511470901
-5.927042704801933e-05
0.003780149709451482
0.008650427313251078
0.012504724764121114
0.012000249367691517
0.008235808426153731
0.006191410999079752
0.0034229945607705927
-0.0019779280572770046
-0.005215990282858775
-0.00638678787700152
-0.007944524458228158
-0.010062396672772304
-0.01182339886445412
-0.011524794368312654
-0.010811737093250414
-0.009805139124446784
-0.006274706071565836
-0.001963480916394394
0.0013272021875861367
0.004194463279424004
0.006223691352431961
0.007152609632220356
0.007967170746854274
0.009953572688721877
0.013008620870808198
0.01428015658240568
0.013122175545459028
0.010670265312612998
0.006378303241418819
0.002086187682136631
-0.00023688868353046063
-0.0024509045490626433
-0.005010085196696142
-0.005816701883373038
-0.005036681216771182
-0.005406066897981342
-0.007949283144569533
-0.009758505489754352
-0.008279753346269965
-0.003756739309021261
0.0018347391120388356
0.0046583784190922795
0.003976444733930881
0.004375154191100607
0.007548874938209093
0.009824700580991753
0.010047627206271349
0.010563222796434705
0.011020244786275456
0.009599813849565661
0.006376202961973713
0.0019234775155936954
-0.002730018771301572
-0.006013068666826601
-0.007117843714892851
-0.006767522256986919
-0.006881579596256559
-0.008105695094483074
-0.009528834276703422
-0.010360472726889102
-0.009902921383265527
-0.008396026135467888
-0.006455520269690346
-0.0031834532861625756
0.0010701854230805656
0.004191942821342933
0.004929100008369324
0.00309092068481525
0.002008443153510629
0.0046466331588588825
0.007852371069729002
0.007838769497688325
0.004613411255059324
0.0006658644129336268
-0.00272699914593371
-0.005779288892822547
-0.007968183475896775
-0.009519000208406738
-0.00990687903573155
-0.00856245608722797
-0.007699994791591245
-0.009315689325544283
-0.011508270275476965
-0.01098960752633036
-0.007227413284902724
-0.0022656919914051687
0.0009864880165678794
0.0020651911810359953
0.002335107310718902
0.0031741522688363277
0.005018589958636835
0.005517136592250429
0.004392749169409207
0.0043111636244456695
0.005233634911968601
0.0047175846439451085
0.001743044136919113
-0.0013929281218606772
-0.003372358063771631
-0.0054972414946839404
-0.006406286402385287
-0.005252515516611433
-0.0045013047215377005
-0.00486587990655375
-0.005642591449981692
-0.006005358854088764
-0.0050701878568005995
-0.002783585769484596
0.00023802698092715747
0.003049703188304149
0.005813998188593914
0.007877880567817809
0.007503468417742303
0.006101093695841562
0.006110378380871523
0.006773680213866404
0.007061699036192483
0.006798138414278869
0.004940053526528563
0.001303293289848091
-0.0020260559696862732
-0.0029274994606244124
-0.002656590493299807
-0.00351949978038388
-0.004359839943559834
-0.0033595014157214416
-0.0023556382501027672
-0.0031186789077296234
-0.0041276352770506656
-0.0033372726420704624
-0.0004894806828053604
0.0024359653235085147
0.0033036945879469804
0.002863771197079946
0.0034590003487264104
0.004882746180956743
0.005180314565133665
0.004094883284967262
0.002877248576375687
0.002500492628157395
0.0026052010897761988
0.002012615286837483
-0.000363758160974344
-0.0031947137366596474
-0.004715830645144337
-0.005856899393997028
-0.006290799593664473
-0.005580858260535874
-0.005289181878665091
-0.005662662706584825
-0.005956200372437245
-0.005410615810174442
-0.0038308362881654115
-0.002149371058550165
-0.000454242870291079
0.001527415681067179
0.0027005681259015197
0.002324924586240468
0.0017131209741212282
0.0018259369479601418
0.001800580482525959
0.0012792247581793837
0.000488702062970019
-0.00015035155706085088
-0.0006148232737660915
-0.002099373545172813
-0.004010996152458985
-0.0043626981396292465
-0.0035226562310034103
-0.003619542066385101
-0.004386860527567739
-0.0038223483326827417
-0.0028144681576197593
-0.002712571467664374
-0.002433121157841888
-0.0012617266346093992
0.0002908471857303847
0.0015863036552939227
0.002520050556145841
0.003225453687138841
0.003673850172602319
0.0040754783978704
0.004084145463792896
0.003736993871912942
0.0034080215206005672
0.002843408078360271
0.0024885582626285293
0.0021745633708458844
0.0008017355990011975
-0.0008735494931915624
-0.001491495174012354
-0.0012675224510045838
-0.0008208398629063066
-0.0006014387068840629
-0.0007425904548539584
-0.0006036294949041259
0.00012927842124060005
0.0010131556437290483
0.00205592046614959
0.003176622156622017
0.003746561206128723
0.003952836199449039
0.004188368005047011
0.003959987111251308
0.003829665194207222
0.0040986962897884595
0.003532368734622156
0.002611158178536181
0.0021545536579199655
0.0017038160014237892
0.001185458925076635
0.0003102658723058679
-0.0006292701869379655
-0.0007555625537359435
-0.0006937479238968665
-0.0012326295938171626
-0.0016571951460812614
-0.0011075261256327693
-0.0006128817684363067
-0.0008706518055398997
-0.0006686517414222759
0.00018894409941145913
0.0010271712569644585
0.0014459912211939843
0.0014015685492640379
0.0015492620784894778
0.0017316393821759327
0.0014353342873437214
0.0010389299179747941
0.0007823970726785843
0.0004034844084239766
-0.00018507290488096396
-0.0008242308085492852
-0.0015017903357182622
-0.002223082147579499
-0.0028113133098700343
-0.002790660890268574
-0.002283880112876127
-0.0021532999051766034
-0.002396450176931753
-0.002465871319390108
-0.0019678764208100642
-0.0011954871602521606
-0.0008209399445505753
-0.0003496013319437427
0.0003296103120245345
0.0005174568184472674
0.00041280380600284053
0.0003464805624275491
0.000442801537829586
0.0008442873100074805
0.0010857232014310364
0.0006710190928183436
-1.561096195698263e-05
-7.489693534215457e-05
0.00012165197154710094
-0.000254042857808252
-0.0007125082337751385
-0.0009317406741359618
-0.0007749338488997083
-0.00027616431109868964
-0.0003536732663850055
-0.0006507185630390818
-0.00011377381867695438
0.0006630979884797116
0.0009813018320070361
0.0012084601930625546
0.001762692853997787
0.002481432588480512
0.0029295265701738907
0.002904905145191802
0.0027260623621108014
0.002756208761788969
0.002894262067732079
0.0028772469455797985
0.002593186751936605
0.0021050904407728804
0.0016932363827160404
0.0015748214372149302
0.0013236530034425721
0.0007822975375570182
0.0006070281167625864
0.0008587504124535766
0.0011708642903140172
0.001242298352134065
0.0008971812413923869
0.0007763469093903393
0.0012294463342447273
0.0016944351439860867
0.0016978062050957438
0.0016043649623862432
0.0018477371214490564
0.0020186997332422548
0.0017925049073273254
0.0014782342795773176
0.0013573601211774753
0.0014076479816822508
0.001443190598130456
0.0011292050583320576
0.0005019997181984935
8.968314564794814e-05
2.251113956600519e-05
-0.00016418683165966608
-0.0006408247092567507
-0.0009736905057924872
-0.0009143308180469983
-0.0008102983773815582
-0.0008974269705487646
-0.001134212333278689
-0.0012719996636776233
-0.0009759457165644546
-0.0005688783549431612
-0.0004614960261828145
-0.0005074865619869505
-0.0004431591567517008
-0.00021814068992590433
-0.00017354640276105732
-0.00037857044412319016
-0.000462218144815529
-0.00044592842653340376
-0.00036659580698780925
-0.0003578190540223813
-0.0007774842964423767
-0.0011818471673180305
-0.0011238120518314305
-0.0009636266889729787
-0.0011529632298888765
-0.0014065651231822591
-0.0012092787159876906
-0.0008881961566127374
-0.0007236773579401761
-0.0006768874341940295
-0.0007122659679884641
-0.0004189251625338246
0.00011286168700465019
0.00029886541581630705
0.00022680252056532106
0.00037676537316955384
0.0007056327005101348
0.0008031397470423507
0.0007138233091426498
0.0007051490126755301
0.0008482315130115223
0.0010527564375136286
0.0011640624105217036
0.001097858790310322
0.0009844927336133346
0.0010730659113710617
0.001236677938067634
0.0012024890073723633
0.0011078919297965897
0.0012060744312167497
0.0013745674149447668
0.0013956011924375067
0.0013499229599671506
0.0013687108474795457
0.0015109394041935536
0.0018598013844696095
0.002205745915990342
0.0023041251673365597
0.002335640571273323
0.0024887769069610504
0.0026129536587674736
0.002564972817331161
0.002435590526551434
0.002319637277943007
0.002205388313644819
0.002052686430531097
0.001788944507826654
0.0014035794241651345
0.0011641699075904623
0.001165310352958766
0.0010742229232255354
0.0007840184726884789
0.0006230499485576596
0.000703920205075421
0.0007563357941164008
0.0006595211611122441
0.0004793468108281914
0.00029412376798872744
0.00024064220839925952
0.0002992312183093251
0.00023001379447133791
4.242999965509946e-05
-6.398898262994078e-05
-0.0002197679032218899
-0.000559706818107272
-0.000897488002259509
-0.001099319930729809
-0.001209716097311156
-0.0013108614767501838
-0.0014361869981961344
-0.0016204648532121251
-0.0017841146686984539
-0.0017457588395553305
-0.001614491331007301
-0.0014628142213992791
-0.0011071526591183273
-0.0005521134471940585
-5.7856909262050225e-05
0.000249373019832962
0.00047490889903975444
0.0006184236415040645
0.0006759508660731295
0.0007395360275639406
0.0007750542067026299
0.000799678952894984
0.0009217449532890686
0.001035615333441594
0.0009384769870544225
0.0006751236390827646
0.0004787751189570779
0.0004359553862828935
0.0004971539179045048
0.0005804959177962876
0.0006437663424699443
0.0007417114233790348
0.000888873368201609
0.0009716111011624266
0.0008795689321933255
