0.0
0.0
0.0
0.0
0.0
0.0
0.0
0.0
0.0
0.0
0.0
0.0
0.0
0.0
0.0
0.0
0.0
0.0
0.0
0.0
0.0
0.0
0.0
0.0
0.0
0.0
0.0
0.0
0.0
0.0
0.0
0.0
0.0
0.0
0.0
0.0
0.0
0.0
0.0
0.0
0.0
0.0
0.0
0.0
0.0
0.0
0.0
0.0
0.0
0.0
0.0
0.0
0.0
0.0
0.0
0.0
0.0
0.0
0.0
0.0
0.0
0.0
0.0
0.0
0.0
0.0
0.0
0.0
0.0
0.0
0.0
0.0
0.0
0.0
0.0
0.0
0.0
0.0
0.0
0.0
0.0
0.0
0.0
0.0
0.0
0.0
0.0
0.0
0.0
0.0
0.0
0.0
0.0
0.0
0.0
0.0
0.0
0.0
0.0
0.0
0.0
0.0
0.0
0.0
0.0
0.0
0.0
0.0
0.0
0.0
0.0
0.0
0.0
0.0
0.0
0.0
0.0
0.0
0.0
0.0
0.0
0.0
0.0
0.0
0.0
0.0
0.0
0.0
0.0
0.0
0.0
0.0
0.0
0.0
0.0
0.0
0.0
0.0
0.0
0.0
0.0
0.0
0.0
0.0
0.0
0.0
0.0
0.0
0.0
0.0
0.0
0.0
0.0
0.0
0.0
0.0
0.0
0.0
0.0
0.0
0.0
0.0
0.0
0.0
0.0
0.0
0.0
0.0
0.0
0.0
0.0
0.0
0.0
0.0
0.0
0.0
0.0
0.0
0.0
0.0
0.0
0.0
0.0
0.0
0.0
0.0
0.0
0.0
0.0
0.0
0.0
0.0
0.0
0.0
0.0
0.0
0.0
0.0
0.0
0.0
0.0
0.0
0.0
0.0
0.0
0.0
0.0
0.0
0.0
0.0
0.0
0.0
0.0
0.0
0.0
0.0
0.0
0.0
0.0
0.0
0.0
0.0
0.0
0.0
0.0
0.0
0.0
0.0
0.0
0.0
0.0
0.0
0.0
0.0
0.0
0.0
0.0
0.0
0.0
0.0
0.0
0.0
0.0
0.0
0.0
0.0
0.0
0.0
0.0
0.0
0.0
0.0
0.0
0.0
0.0
0.0
0.0
0.0
0.0
0.0
0.0
0.0
0.0
0.0
0.0
0.0
0.0
0.0
0.0
0.0
0.0
0.0
0.0
0.0
0.0
0.0
0.0
0.0
0.0
0.0
0.0
0.0
0.0
0.0
0.0
0.0
0.0
0.0
0.0
0.0
0.0
0.0
0.0
0.0
1.8898448402578308e-07
6.216643610051084e-07
6.093491038354859e-07
4.0616942731807647e-07
2.701425146056002e-07
2.6394946225807097e-07
4.5598062492604976e-07
1.002183967125567e-06
-1.4514226771790255e-05
-5.110721245983163e-05
-4.46944218889245e-05
3.4979266282326465e-06
1.892728674267778e-05
9.247507700604183e-06
7.449961452695305e-06
3.3488185064032597e-06
1.2835938280743567e-07
-1.6532053129377214e-05
-0.0001177923172195397
-0.00022133921948049086
-0.00017200919036238624
-0.0002078988011085352
-0.0004743936225287665
-0.0006108463263272548
-0.00048198706930677773
-0.0003644196232239178
-0.00036477822841651813
-0.0005975640879792932
-0.0009075717659200581
-0.0006713668059780038
-0.0003237875348778939
-0.000474453691697581
-0.0005609182058357359
-0.00045197296212935305
-0.000451690840466476
-0.0005158243316555829
-0.0005810040249559092
-0.0006809441230847812
-0.0005200463400009526
-8.490218203622372e-05
-2.5788624467783884e-05
-0.00033874228653357123
-0.0006061313994226606
-0.0006718860537686611
-0.0006245852103147434
-0.0008449622624888519
-0.0014169993531335842
-0.001460542089843113
-0.0014330423431324225
-0.0019298620991997251
-0.0021491768053867625
-0.0013071137630173706
-0.0008410407674852283
-0.0018558516197834344
-0.001827236477789912
0.0007289239438791334
0.0021914695450240447
0.0003668322194236231
-0.0017243511796495416
-0.0009255093806786871
0.0011322906850567856
0.00022126479488944776
-0.0025289661373520916
-0.003880062665407178
-0.0038005622475163307
-0.0034922008565729514
-0.0035125851220385276
-0.0028017894268285606
-0.0019965632489300977
-0.0030942159295643465
-0.003965285052994563
-0.003122361472414453
-0.003024427807538539
-0.003207114072160617
-0.002811030610725864
-0.0028612664705797235
-0.0014109721925510046
-0.0007601972658794281
-0.0033301176809130396
-0.0046006286461324295
-0.003843128151330214
-0.003533481658655004
-0.002522947061714421
-0.0020084886243370154
-0.003643428326342608
-0.0033220913352104003
-0.0021123124254874203
-0.0030581893351065313
-0.002930494739794024
-0.0013777032493811194
-0.0012083068883135646
-0.0026395217681442875
-0.0037450645894384314
-0.003233536221787199
-0.001623123360774187
-0.0015598238829604974
-0.0023447438838368633
-0.0017999327271541337
-0.0019386169109806045
-0.0036637225927899407
-0.006037042090928509
-0.006813851608379289
-0.00485889342983318
-0.0038554799569935185
-0.005440451682392152
-0.005099988297189701
-0.0017631471131248392
-0.00033640471197614265
-0.002313663408952671
-0.0047124039050868835
-0.005149177106007756
-0.003946956879229033
-0.004416310134778781
-0.005108475316856966
-0.0029970689086142636
-0.0006218799596051941
0.0005417433314135485
0.001300068225229988
0.0018594182894626477
0.0011480701702971184
-0.0020812382900768193
-0.004032794352380178
-0.0017994469531404384
0.0001319443842653697
-0.0009775877145703916
-0.0027572494693835965
-0.003190172831053957
-0.001859123973748623
-0.0017473301829162506
-0.0039235099741649695
-0.00416338216711967
-0.003219522956175345
-0.0037100191808754333
-0.0035294523729524634
-0.0024004739717096366
-0.0022808592975711935
-0.001965948391462621
-0.0011877345263651342
-0.0015652855632775243
-0.0015132863511318339
-0.0006058396900942703
-0.0003280758213340028
-1.5528353449548242e-05
-0.0015200642299395227
-0.004047350099001668
-0.00439255369578832
-0.004403656952522674
-0.004418988988070751
-0.004016944590153562
-0.005330805882917997
-0.005775417134191165
-0.0042525550861043475
-0.003878438707638891
-0.002000631740853871
0.0006426977040591737
-0.003071310631099565
-0.007233899293497482
-0.0032214984228360207
0.0031438403214500534
0.0026132513458714353
-0.002093776669771492
-0.0032010572883700264
-0.0026439711068943056
-0.005517400802327966
-0.007263762924236173
-0.004372127155774067
-0.0036799177105995614
-0.008875203851263079
-0.011869990047349382
-0.006329711885745505
0.0007636782988128719
0.0023194194403861304
0.0020394701200073233
0.0035238031006006613
0.004443900338923202
0.0025955617664316323
0.00021983379282154356
-0.0008733577858207128
-0.000996660613552293
-0.0015014037126970228
-0.003636287789976428
-0.004552341911452852
-0.002917147678833859
-0.0017622474179714903
-0.0019126684946464312
0.001701510730542448
0.006771715474293292
0.006511792051594908
0.002119165834851895
-0.002115065599695981
-5.697390526467559e-05
0.004836651574864254
0.0038639585228535996
-0.00017797684931462372
-0.0026040055113701333
-0.0032627265460048265
-0.0014689732544012318
0.003308636550483799
0.005624893171414736
0.002585295381188878
-0.003113161253368739
-0.006345944020594307
-0.00197031864909098
0.001998082279518186
0.0006491875927887384
0.00016408116328357669
-0.00038537684523988643
-0.0013647375239420627
0.00230022347588703
0.006420603649961854
0.003862731226362978
0.0010609746859056753
0.002250700104305552
0.0014279917723998014
-0.0002112463262027175
6.08067239084816e-05
-2.2041267736815338e-05
0.0004038686602637526
0.001182353679409226
0.0014507584193767368
0.003825051173872948
0.005722437302286558
0.004014349526718615
0.004128576525542135
0.004745353736402266
0.0008314403069826091
-0.002052332216682941
-0.0010271002063469924
0.0019510453644760956
0.0039616207844522895
0.0033933260860919863
0.002451452320559611
0.002216719991810059
0.002592710958953452
0.003982661380136282
0.00461130846935561
6.412765058266545e-05
-0.005340524776096489
-0.006263469224928189
-0.001208593705743674
0.005237669949587364
0.006064873689377729
0.0037701988466840738
0.0004042793601502254
0.0010051993828323425
0.005333543626820488
0.003714306856049992
-0.0010608917659506662
0.001228237617231235
0.00683284525742078
0.006970856720576397
0.004834168942150421
0.004795232898208184
0.006309663416804423
0.0044308337422163365
0.002098091078075363
0.00801894045006375
0.016238378186318316
0.018512842419459895
0.016511326781619044
0.017693826834461496
0.021742298315919513
0.024915555276212045
0.024229320810206033
0.019686588817322576
0.022653487837935405
0.027575060923390547
0.021207587955500394
0.013304935086700515
0.015283093455771028
0.025532787620888668
0.03658059733546803
0.036476787620840584
0.022580045821876615
0.014243888672116022
0.023700713773601587
0.03635718840865741
0.03538628165814794
0.017055973121993574
0.002334083742897976
0.00836374433220052
0.01620395737582928
0.009958643916370215
-0.0012693115660204258
-0.004659162141016749
0.0021110645365527377
0.009521491707025266
0.009880553690696011
0.006344791384487697
-0.001443479937753711
-0.008002402140236967
-0.0005265325294139149
0.016829231955950576
0.03525856435863975
0.03784736083803596
0.019822084558160997
0.016689352655473975
0.032206555843789224
0.02657735589848552
0.005046197194596649
0.005969801151824266
0.025553528989063722
0.04058553319833997
0.04440435458896324
0.023940482777672665
0.0007566614363715519
0.016664882602416616
0.0476033175017207
0.048696796069256934
0.020226091751909044
0.0010205626351824568
0.00451961917047289
-0.0003498872475179626
-0.007562589810646956
-0.0008739096723016615
0.009679983396131625
0.030240484965226327
0.05119280970424966
0.047991183844880915
0.0246078943229466
0.005380568556161661
0.011965530608809167
0.03932243166290617
0.0544535648569414
0.04504218983402503
0.04001583338025244
0.05693354843234386
0.0676364591070088
0.05193380560530487
0.02182122705122228
0.007969554596654653
0.033620248112477075
0.05935359438066553
0.05505065030280314
0.04263683477410417
0.02595644757048503
0.018532860745876678
0.04478901210736016
0.07329546582465021
0.061061589999356285
0.025022641481291047
0.02260220284166271
0.05897585384877881
0.08558382604445511
0.08430938022390327
0.07356045876028612
0.07332721785719547
0.0825767596150417
0.07464273692451963
0.05091062042334991
0.042547709975561836
0.02617306182954312
-0.007297552756044469
-0.00042000565354443676
0.03403969611581762
0.0501069598641947
0.08208140523566085
0.13132863389974553
0.12483530437197585
0.05817992350498433
0.006436536648450718
0.008075513564908973
0.04812502038444285
0.08994545391803269
0.10591997726408858
0.12253874442983752
0.13394381271692196
0.10953390160659628
0.09349160635550927
0.09504151950279488
0.05281995468792192
-0.012566866012628288
-0.018294386535725713
0.025402205136444575
0.032573696895329345
0.01755137974973966
0.04811216538124555
0.060348434577155115
0.010083432178513168
-0.026815694890484895
-0.013269981162245688
0.006738544920600379
0.00694627375337552
-0.004139351020922119
-0.02668419582688879
-0.022562612862769102
0.005728218186884124
0.01680822937305336
0.03815590668382695
0.04626698091503842
0.023776127226911355
0.0306413221104867
0.05787006342021206
0.07836501828894273
0.10207320449003082
0.09340842776532053
0.015422350852176015
-0.06363313241734675
-0.0649475920823849
-0.012644809246346882
0.015494495731216456
-0.0067170959051037
-0.013781662546446123
0.022411213811550687
0.033029888689116146
-0.011943426428222695
-0.02052628251404412
0.03540559380748116
0.05526157140185239
0.022503348331733935
0.0013445260769628542
-0.004101027791437395
-0.02541348655439266
-0.021190769361237535
0.03814327639791757
0.05313639633953887
-0.0016815834285682895
-0.029172277354057582
-0.012776318036376825
-0.00047038271938170154
-0.016486251207745346
-0.03117565392391204
-0.017204056834806615
-0.02136204693431479
-0.06781198111459272
-0.09027867538661835
-0.05976498434209899
-0.04461885662315113
-0.06502731029347002
-0.06749413406432336
-0.04841701271668227
-0.027628498961046064
-0.005645108470615256
0.020249135728745187
0.031901290868342584
0.007571643800600562
-0.021849686606853227
-0.032578219129642524
-0.027719386344518294
-0.014529764456451315
-0.022380179832581712
-0.05706285743494247
-0.08431514653561317
-0.09848448370267543
-0.0911806546894196
-0.045848990556916235
-0.02171070637897694
-0.04835622904590392
-0.07529072747131159
-0.06965426168885629
-0.06314646274312694
-0.08608411942910713
-0.08861359646850461
-0.055650128682727305
-0.03877151428417796
-0.05404320344561077
-0.07042991827553695
-0.06381149681751801
-0.05183469941661005
-0.047167892016466643
-0.03321298144364037
-0.01311837950756257
-0.01551506241744707
-0.04273796370802637
-0.04456410279988587
-0.013666478804585354
-0.01032524285230024
-0.023723551564085708
-0.013224209475609634
0.009483166349068761
0.05008416422292491
0.07653509606941385
0.054415387636270095
0.042092633512271396
0.04944141428161814
0.035733148277367205
0.007064401325166117
-0.006640339233085075
-0.00828972447988512
-0.026161169452989394
-0.03465395161846416
-0.005635033761341073
0.017151093133463306
-0.006338076685153436
-0.04709875805682793
-0.04881567194140173
-0.009623099112460785
0.01976693173377479
0.031103104482291474
0.044865931493109565
0.04091648007888882
0.024874690091641803
0.028638460110542302
0.03402091355465702
0.0369223274973591
0.054220836000384645
0.0640875376333031
0.06139145258943328
0.05128038609990612
0.042213075924369764
0.03867296413232375
0.02454938806907364
0.02387883716041501
0.035518973361092755
0.035351886805250095
0.038013661216325836
0.03907679180692781
0.017564465049421635
-0.012380837110141662
-0.02641365959093832
-0.015985344433579553
-0.0001829424588228739
-0.003969182266306385
9.383309376629759e-05
0.013474547958186919
0.013442721922366938
0.02031874441191195
0.020819891924922757
0.001010226322181295
-0.016099014377047107
-0.027666151661734605
-0.03440202809309877
-0.047413333191567805
-0.07065976071107712
-0.07891348911728412
-0.07094179611948538
-0.06018505158176966
-0.04866944935471475
-0.06938089475186922
-0.10903427216147568
-0.09967357982244583
-0.08134621740194493
-0.10264792218715876
-0.13230632391309988
-0.12487159078025475
-0.06541859556979729
-0.03357244919032166
-0.05485890402929959
-0.05772673062750477
-0.03897964196487701
-0.021868598336347005
-0.006430949540861888
0.004907258359604855
-0.0009773182957821948
-0.026842160895154676
-0.015073983489400975
0.030710443719499034
0.05010203459290039
0.06963659611734212
0.08211577224392842
0.05953141001604136
0.06488083752277124
0.0861581366008479
0.0629227530418461
0.03417560063754413
0.022860717103067474
0.008348569799815133
0.017113780428539584
0.044296945989071315
0.03277492969021609
0.0013354031079562511
-0.00858203445908706
-0.009505655693293442
-0.013894617192670622
-0.015561724370409544
-0.004008537624679221
0.00646366422518335
0.0017260840656984384
-0.009810340276441893
0.0014035510807571471
0.03819794527613917
0.07797668379733337
0.08969816468554641
0.0375160504899368
-0.013041299656825748
0.011355733993426832
0.059234292767474474
0.06295485634060863
0.0690571303224045
0.12360596417175393
0.13727910617631742
0.03710186367688145
-0.0754267079040853
-0.08197588725408643
-0.028444566467188265
0.029633224276132908
0.092092330652565
0.12425273816510644
0.08150594950872722
0.006012681423022211
-0.018812927995605546
-0.027218918607536936
-0.0356566956232237
-0.007556704762251487
0.018666245664296508
0.031990194046903446
0.06114519393427778
0.06298823446499369
0.03604674035264142
0.04262287790562606
0.04479619935733262
0.03025605185843372
0.028063329717882987
-0.004865440665531699
-0.053650950665310504
-0.07948665570014954
-0.08071320264200729
-0.03354598720982526
0.026967456705194286
0.02978327177146685
0.0004350928297860632
0.012353173364281652
0.03224388613750896
0.0040628883642246085
-0.010850593914289955
0.00716247001480062
0.01570145619993912
0.03211697907959615
0.052531627387606035
0.0429031949080462
-0.012514216834643125
-0.07976700548438093
-0.0888435561695678
-0.041414009267285126
0.01335623654998072
0.026828120417221518
-0.007582893922253911
-0.03640333799303228
-0.025279101334592536
0.007378118163223276
0.011409401033005279
-0.029240355050293633
-0.07282060903758623
-0.081483729105055
-0.04953523795628498
-0.004743638129715532
0.005928811320933832
-0.007726335973090494
-0.012254037375502855
-0.00976693281095533
0.004775620598785713
0.0033390983714534374
-0.028123345427016805
-0.03361400047736198
-0.016169536301547483
-0.01162607225574117
-0.018928573698724985
-0.0344799335500671
-0.04491774995085185
-0.03482278447528504
-0.02617061231459571
-0.029360219340794524
-0.015017484017126827
0.01552576234790105
0.04587851088565014
0.03776477518647695
-0.0008500735747939168
0.006455070820719461
0.04281594739133083
0.043305509555093935
0.029213298539834863
0.034116426872045906
0.03961022361841093
0.03180250571022262
0.042082574433377325
0.08137347712154076
0.08943989313503826
0.038774584861703786
-0.024807038089490887
-0.029856450825013894
0.009024243735198393
0.003545004603479901
-0.019401324065893618
-0.004866060567185745
0.007038858944955445
-0.011903489997738676
-0.04626486676021608
-0.06809522645585055
-0.033346002789544936
0.04431410896102792
0.05604869205741667
0.013622038457467147
0.03118629250339978
0.06772793698555443
0.049668284105088355
0.015738882554141284
-0.013568017118269214
-0.05202758736327209
-0.06226757757812889
-0.01865455778376765
0.012810999299226316
-0.014101396435298395
-0.039315193344072095
-0.043255284809317174
-0.05239376988470355
-0.061687612540137264
-0.0710123203022202
-0.05604970212021437
0.0032903232170299343
0.03121339345538669
-0.02520227991818736
-0.07668336477324562
-0.06296317198154269
-0.03394004286702439
-0.03365392886677067
-0.02304087593686391
0.024203375726379886
0.05314508270719244
0.05473929710424689
0.04060803648233369
0.006320587818702802
-0.03944943161345453
-0.0964777095456878
-0.12802711407539163
-0.11368430372506586
-0.07816812762527396
-0.03478722085323252
-0.011886833846390478
-0.020775321019431938
-0.024305626499215215
-0.01983537094001063
-0.03400810313125837
-0.0465732976421357
-0.024928307506787158
0.01220127732534125
0.03483453311416041
0.0394094458265669
0.024723818594658033
0.0005555856547034237
-0.006932385971338476
0.023293941257310446
0.061817949296321825
0.03157290270559914
-0.03394789058843174
-0.04699064383503119
-0.043541972689140736
-0.0544017142087179
-0.05535510588028857
-0.037849906013562175
-0.025224051974833378
-0.031082585263192606
-0.015444851062543471
0.03021854897421028
0.0647358509625465
0.05658968357375402
0.024267386864238766
0.020892911667304535
0.039072174064796385
0.037609837739717975
0.02785895414563321
0.018359195367338953
-0.0018437655186419142
-0.004804744205613922
0.02959892703919206
0.04268490663885402
0.0029688056895855117
-0.038577084349244554
-0.056680489644101016
-0.06759445936024604
-0.06378549130360635
-0.027952892336929786
0.011912359251673067
0.01933195019381172
-0.004007993734436264
-0.023379684323187013
-0.01817921738051679
-0.002050159461261615
0.016187889260790973
0.02897866143780652
0.021187072882917164
0.001283652641144443
-0.0093736909036251
-0.011089888093222377
-0.008974572746659323
-0.004494615608188928
-0.007175806011561832
-0.012111770784398826
-0.006221666228549947
-0.008317503981208589
-0.03037013727556152
-0.05148346224860937
-0.053753325157820955
-0.03479388551351668
-0.0025838365129866015
0.017570147038143552
0.00511613182815186
-0.00783458541358735
-0.0014316296196806196
-0.0025507202736364263
-0.012857945990572332
-0.007398369050474758
0.016792726652048923
0.032020966433417036
0.017456902368628454
-0.011725736568774113
-0.03089858188241262
-0.03627812528447121
-0.03137798857830412
-0.014478387259762452
-0.0011361291782130975
-0.017242019213785587
-0.033826356512154196
-0.014009194571374409
0.008386933268574249
0.0096904536473037
0.012240755328662289
0.013924977695795877
0.0005042021791854256
-0.01592899992865543
-0.01669970779267365
-0.002294979905557471
0.013748411019935701
0.032993234125093335
0.03967753464685736
0.007511446421162948
-0.021047648141922073
-0.008019254708329216
0.004706677846970267
0.0015156089598798445
0.007168811867131161
0.00471801783650017
-0.020805611387367647
-0.03066037100036582
-0.010667000253852947
-7.352188879763518e-05
-0.0004139641134959017
0.008861581371704012
0.01193594959934872
0.005140110286591218
0.004268203360991713
0.007379528567450163
0.009727205371498134
0.0048475534029920365
-0.007585062104476874
-0.010232946581246998
-0.004126800337833623
-0.0008528375209382543
-0.00468744932709006
-0.012325628026226408
-0.0018231561612492158
0.012923679278707625
-0.0005474939070279205
-0.013806682420868261
-0.004556458155429927
0.004208139117266269
0.007416940001981633
0.01141538166876076
0.009706615309696878
0.002526433060507139
-0.007451562701315848
-0.012000034712253561
-0.004410906134178396
0.010195923995293312
0.02992843621073368
0.032537052109618096
0.019776869235171104
0.015707305429688796
0.008458141446649766
-0.006345920563215854
-0.016701959971405708
-0.011113323838065514
0.002940682887080518
0.008524615882456954
0.00440074425354654
-0.002223707320741347
-0.003925085693827342
-0.003750393540371376
0.0029363841577048143
0.0192613230725948
0.02743386507350057
0.01739443201775515
0.005202337890266935
0.007609248218751095
0.025105285826365085
0.038842083454133015
0.031331275506587326
0.014291923280165016
0.002708434930351937
-0.0005387888010291313
0.007846784788568702
0.029288289738603337
0.04499624960054948
0.03971243190405825
0.026315001547126994
0.01652362062179161
0.007808280461173041
0.0008857622875190953
0.0016747587154922385
0.00798271929734593
0.017998502644190718
0.02918912257000745
0.03034458164238243
0.02108201485980085
0.02453463663478718
0.04248900963141965
0.046396102451337046
0.04222225600832656
0.04230712842573772
0.03254141530779265
0.02135865200103478
0.023517504628303886
0.0291356929053541
0.021894932777551456
0.00453168291462091
-0.0008020239020739155
0.007866918012511638
0.015087716339633291
0.02250494020159281
0.025144889330491124
0.010548834358490161
0.0007999383279838655
0.008941058095190847
0.0092358864957229
-0.0007535651163380212
-0.0037900013047615197
-0.0030627574183302204
-0.0006972465447735415
0.012174235112103821
0.02666293833239528
0.022569052447867364
0.00464103838575
-0.0024118626870607337
0.00716094707143234
0.015353244648213043
0.013188009985098347
0.009450624271304883
0.007241369737726512
-0.0032185154939220087
-0.017151334827361413
-0.02048270422362686
-0.015981555676910366
-0.012929612434869417
-0.010799532992423184
-0.006239760859053241
-0.009127018105426602
-0.019264438214671546
-0.021492958766894842
-0.017310297051460612
-0.007760953164556492
0.00956713698480618
0.016331949068358432
6.436195228197039e-05
-0.019303628969358937
-0.018737603001661666
-0.0055609665283259105
0.0017107772799022174
-0.0010257582303239453
-0.008555467615174209
-0.014064227638795158
-0.017389798208359453
-0.015225856785757034
-0.005494812177951813
-0.008372422625248106
-0.01965941394971842
-0.019161329095860498
-0.016494640704195814
-0.013871451045767749
-0.013535513495346582
-0.01766011000451941
-0.015127773260741169
-0.011696142670172122
-0.007691002047605298
0.0037360573330130716
0.00921340333853097
0.0004154511702030714
-0.009396762465007447
-0.008609495354030302
0.0009558576147884146
0.011264930418883852
0.01616004399282549
0.01683142618356777
0.010801279981021978
-0.0012756065469701947
-0.00804646770148917
-0.0104419775980554
-0.01088110664638229
-0.0069135442874515216
-0.0034169436524521344
-0.0032044546137834943
-0.007674014790064153
-0.006245138546601515
0.007555386915667128
0.012656780150941585
0.00855353890945109
0.009295728013515256
0.009093281752417685
0.010471703151826559
0.013857660668915006
0.014879517318049838
0.01727304509662932
0.016471709749608418
0.012870101334711474
0.012173306197607151
0.010161224622184443
0.012655075316523724
0.02244376584992517
0.022396950546324096
0.011527497278987683
0.0015640177438503973
-0.00065594624294404
0.004116279096985303
0.007079870875832402
0.004196223511068608
0.0011725991838290217
0.004975772243060154
0.010860396760920434
0.010392205143237167
0.007085671701294041
0.01196686095504815
0.018103787938862838
0.01563183900027156
0.012035999925383128
0.013410840128869315
0.01865779777941859
0.017025706323804908
0.0076246872105412795
0.004681367797910804
0.0056326618378383765
0.005718720699697139
0.004612495531187643
-0.0037443629388886493
-0.008711323339100917
-0.0037035461302578876
2.4780157802188088e-05
0.0002693503442572759
0.003504945752692017
0.0076032613353501696
0.0029886067503770448
-0.007772727066453511
-0.010576763463475436
0.0005565775632030487
0.010899930129659546
0.010489835229998367
0.009175963650617847
0.00878754971919025
0.003490479026999957
-0.0024704621921969685
-0.0037170344743361096
-0.0007485708702497327
0.002254802593036342
-0.002650910763253544
-0.0095926429585932
-0.010923603081691451
-0.013893430138331683
-0.015719448849487658
-0.01055332583990044
-0.007013283937271948
-0.010355628677338403
-0.013317731222650104
-0.008175028197751642
-0.0005437605646953288
-0.004529637894352193
-0.012194405190129988
-0.009468170548627631
-0.005607255319064508
-0.003516137526161736
0.0008370058508735806
0.0018416335099632642
-0.00026273387121841113
-0.001155770184596941
-0.0020161239096960154
-0.0074606015236571895
-0.015062560331039187
-0.014476278894775454
-0.010166212362411496
-0.012916055699989125
-0.01707201588344416
-0.013157030795858548
-0.005573354921531102
-0.005934567233020032
-0.008604096840658661
-0.0038515818504913954
-0.0019226376555388546
-0.0073176086575430475
-0.007490137022598247
0.00028394577467182795
0.005370006626485531
0.002612424884347874
-0.002241819579469069
-0.0018746913730386312
0.001050727616664185
0.0007428985300192929
-0.0009960778359459515
-0.0025321849268201187
-0.004420223217089005
-0.0075560899505296925
-0.008609721777647864
-0.004394278397130601
-0.002275580634772477
-0.0033216911623243904
-0.0038786040629418344
-0.010043917561812082
-0.015206650699208159
-0.007433913456092308
0.0048067099127574705
0.012530033711665063
0.01167857706484303
0.005493178385114103
0.00410128461944474
0.004591382025652413
0.005065742573247432
0.007687560458279692
0.006426604346702804
0.0013692589691337096
-0.0004817031323088326
-0.0010698258350607325
-0.00772463212018464
-0.013016752004477336
-0.005616034967971736
0.0024976627292734705
0.0009247238757770185
-0.0005593865158787956
-0.0003871969050759722
-0.005601826127718053
-0.008074051278440499
-1.4553469840100583e-05
0.006732260859736417
0.004614151425118901
0.00034389428676781893
0.0006959099533631375
0.004063553706747223
0.005140290584393657
0.007122557499310706
0.012839646677984949
0.01539259232354226
0.00936124242901941
0.0011016202818496226
-0.0016749202349873743
-0.0019288118534385302
-0.004920440956577226
-0.009000415012703038
-0.007998296915258258
-0.0036457883827823575
-0.003521112714801667
-0.005973956799929055
-0.005465603285907478
-0.0023855097030513125
0.0036914275099622367
0.013363427747348331
0.018671117169416336
0.01675816565352449
0.00821787900647338
-0.004079885067731387
-0.006334263891904285
0.0018545996023914873
0.008822496582345952
0.009183317168383668
0.002358977643726984
-0.00418231601083893
-0.0029055914350060077
0.00017131922591940993
-0.0006760346525516854
-0.001648676352456476
-0.0003742068485430202
9.686796959351112e-05
-0.0047139503458783726
-0.01068101748075738
-0.012004186299932659
-0.010063048540897693
-0.004631063576248802
0.0018764577724813955
0.0033372202240280844
0.0032566408548499242
0.0028146172459445587
0.0007454513429260813
0.00464883251426998
0.009323452936263129
0.006913373312177414
0.005157776048937641
0.005375084669915727
-0.0001773870059106824
-0.010356255184359358
-0.01798597471218946
-0.01986941190278725
-0.01462673321350176
-0.005312337588440962
-0.002478367244302922
-0.006782146259383222
-0.005405575716409931
-0.0025612048357522305
-0.006284111067615018
-0.006470423580343929
-0.0028036477854577664
-0.0015310263279044547
0.0007549814054244056
0.0034585464387492993
-0.0020985324072581857
-0.012043501701168918
-0.011963669393916672
-0.0010714121761903376
0.008427549891847278
0.007023343300063941
0.0007523603655315787
-0.002543789675312735
-0.006563134602400077
-0.010748979235749878
-0.010756197731038647
-0.010928582430514344
-0.009691488421163871
-0.004972238326659496
-0.007006030366952099
-0.013429158414802873
-0.01081373615897427
0.0009986631408606139
0.006551122480502876
0.0021666113911272523
0.0019471235205911505
0.008473233291944266
0.011034660278431734
0.006801903372035695
0.00254521360925779
-0.0003600943817827411
-0.002547477941521337
-0.0018485846246800587
0.0010704873186645415
0.003394229468468647
0.0021331421256850784
-0.0030205828785694598
-0.006617461681694412
-0.004597316766160803
0.0016213499442027232
0.007018254075450203
0.005432539740305148
0.0011939489169280413
0.001237280802737091
0.0010754620136746293
-0.0023009651437133783
-0.003559050936917918
0.001658951987639786
0.010949731385992485
0.016830385639431036
0.013864405027643755
0.006463445968045262
0.004116864401198368
0.008316709954308422
0.01102979219006171
0.007332701268030281
0.0017822042295516515
-0.00029877072092979515
-0.0010193216618024337
-0.004435548991521491
-0.007061318531892266
-0.0048622090054194125
-9.696473302659842e-07
0.003116002657976538
0.00479786141218996
0.006983481809851774
0.0062894458226049575
0.0038410254132882687
0.0027509501527009667
0.0014600541149103591
0.001484629802317272
0.003072045388161667
0.004015456214427555
0.004328511783199217
0.0016663683335530492
-0.0018679554958634487
-0.0018797864739939032
-0.002379352341853587
-0.0008121144100145492
0.005427237872227626
0.004870578048832105
-0.004126744716707462
-0.009324760372494682
-0.007815749653296728
-0.005493223590776355
-0.004695996150256125
-0.005925542929505744
-0.007291730255568156
-0.004744706524515955
-0.0009998280779372306
-0.0004819556155921739
-0.0014211121066069466
-0.00015113065725108133
0.003964073105846863
0.0059992609652686855
0.003130628074634577
-0.0006368109810152771
-0.0027001107791436675
-0.0040679533174837095
-0.0064957282586472495
-0.009977872826394622
-0.01005527295230983
-0.006711267640723178
-0.0039948353102331555
-0.0010315113942191716
-0.00038380236565573587
-0.0037648730086154744
-0.004299163935422318
-0.0008149873490001969
0.00021273910821727998
-0.00070473346241766
-0.0013270308258773544
-0.0032126323636605873
-0.003607555397339181
-0.001929789206830016
-0.001633159820809227
-0.0018034101318990998
0.0007925872327965543
0.005283123785120782
0.007677124542664152
0.006003201734087945
0.001362203899575767
-0.001865471929365618
-0.0009290477935002239
0.0006886993536321451
0.00013471485656717122
-0.0015376928794545823
-0.0032109962175036057
-0.0028527973750068713
-0.0013363043429202616
-0.0015456014937936505
-0.000402347025282851
0.0032847672356291885
0.006303426066630095
0.008604311202839323
0.009621315380890097
0.007480735859400876
0.004206672689602674
0.0022129412170225657
0.001639693464456673
0.0018413846046054672
0.0024604123054302257
0.002750245242097452
0.0005921824117144465
-0.0017271618528023776
-0.0010024534266504202
0.0009840164599083795
0.003114123244779866
0.005445310454259397
0.006279177243765679
0.004812537175250475
0.002177183505609181
-0.0009980734209652708
-0.0036779727965001808
-0.0028378320181358056
0.0008775592589286658
0.0017720541474525022
0.0004749287699951152
0.0017212141208033658
0.003397815719723243
0.002805950674280379
0.0016402398731054275
0.0012775322944444834
0.0030370278689096685
0.006256809742038439
0.0052709966355967836
-0.0015590176582705422
-0.007763011086619402
-0.007979338526003953
-0.00462068170134023
-0.002209039553093979
-0.0013083817593238086
-0.0015151571261737245
-0.0021058236730133583
-0.0017632829277535796
-0.0013507707255303123
-0.0015612717448228303
7.760998416044977e-05
0.003282217243710952
0.0038034974378017197
0.0005370364687294861
-0.0026168630348822374
-0.004259878297125637
-0.005580502100136125
-0.004717380596124269
-0.0023953746485833064
-0.0002531976949246701
0.0013863094204345115
0.0003156878167293841
-0.0019672559306079347
-0.002599104393242358
-0.0017171827767878155
4.031102515698645e-05
0.0010551153078854538
0.00029946055921290367
-0.0010561473346425028
-0.002613118017580663
-0.004441811260212657
-0.005212888321035018
-0.0029633691592893777
0.0017569741927403158
0.004216210801058426
0.00397377497923333
0.003840048386874224
0.0026363520002446604
0.0007669788470417725
0.00022570583584304748
0.0007081493416241914
0.001610890101835766
0.00267219850151085
0.0022560584872137754
-0.0014204512523386624
-0.005012990262382476
-0.004140657325782093
-0.0009068743478021396
0.002278044304025577
0.005160183124323909
0.005043506330429225
0.0025419569351977267
0.001070128882542531
0.0003040051947617063
0.0007747635218636181
0.0027316108528708818
0.0033077596806686915
0.0025122321483605774
0.002223792858804887
0.001160299369904277
-0.0012016721393040104
-0.0013637275362676615
0.0010983535614916575
0.0030687962055417827
0.00420867763012408
0.004973101927780617
0.003654170890630083
0.0001380885494158387
-0.001760321373374665
-0.0016323196163221135
-0.0014665421895982
-8.976551607848777e-05
0.0016770128624761312
0.0010797872603428612
-0.0010374820192310627
-0.0017539899772544875
-0.0017427579231920167
-0.00117589438447933
0.0023026982506057316
0.005517515637568912
0.003840156403110695
0.0006253829448853294
-0.0002647429867955158
-0.0017756918281232924
-0.004243940803523239
-0.003235135542598329
0.00024984780208915956
0.0010711798321854425
-0.0006141228639975338
-0.0018961172482270746
-0.0029395122759377566
-0.0034978795998739467
-0.0019696175986320687
0.0005949914858464521
0.0018224234339642344
0.0016887172911176833
0.00022551342224687624
-0.0026397624309653558
-0.004253494936551223
-0.0032343370303602476
-0.0014282268709340713
-0.0002617417307864251
3.523297733093899e-05
0.00021231841758763724
0.00039436959390651977
-0.0007590115788663155
-0.0018858157715158801
-0.0011134448736034143
0.0003915244815040195
0.0012091471364088595
0.0010487724361821315
0.00011276772029084646
-0.00155380112627071
-0.0031208929429793605
-0.0035437957726570744
-0.002838013804596179
-0.0007593232879580736
0.0018246954776597539
0.002520880291335129
0.0014300980641473629
0.0002437453969958923
-0.0003492350657536045
-5.7545228276843146e-05
0.001188248163168189
0.002929329382656638
0.0033951907210484277
0.0015922743879140243
-0.00045702100593259334
-0.000985211394477216
-0.0008298586570916325
-0.0008407465912235881
0.0006629944792766776
0.003634827470009104
0.0038077892005195114
0.0012670401829400035
0.00029940744381272584
0.0008500984260509411
0.0005628738860850713
0.00011034184835586004
0.0014343987000554556
0.002687621174356491
0.0018054812997414997
0.00020909535011991894
-0.000939431707390006
-0.0008806636716162661
0.0006393259332701483
0.00202394005040606
0.002259616041513164
0.0022548631065945307
0.002223483936473164
0.0014930863494952039
-0.0001120327951481155
-0.0011384252680878412
-0.0002426406427115484
0.0004364165504356543
0.0002299516089485609
0.000413508006859711
-0.00016325927878966322
-0.0016431003799418406
-0.0020009227282854597
-0.00139982729556443
-0.0012850015856731714
-0.0005352129059975168
0.0010180823726800377
0.0008009886961737728
-0.0011173674842931318
-0.002171033173137798
-0.0022764394343152347
-0.002245593491859222
-0.001346482894206902
-0.0005520147514423818
-0.0012352064671963794
-0.0020159976565872627
-0.0019352778586723108
-0.0017948877656339586
-0.0017980889436884822
-0.0010640131410231141
0.0004387278725100637
0.0013041621093423813
0.0008592353833520871
-0.00027532157351527
-0.0007537699289785802
-6.828915320885741e-05
0.00033831788561431185
-0.00015200854661243885
0.0002218948011041698
0.001797772155370099
0.0018912332399323203
0.0002270077803852321
-0.00045798708363271824
0.0001998504284327586
0.0003293937851773032
-0.00015049734887421034
-0.0003859679291129395
-0.000619229088169338
-0.0011627048007409326
-0.0020441965135709218
-0.0028869150420430035
-0.003312971319669035
-0.0026435969139743123
-0.001439670496479184
-0.0012798695955327335
-0.0009009422526950507
-0.00020153386329395685
-0.0007282955058465082
-0.0005865832552225858
0.0009362079791138027
0.00160085886594781
0.0016051157329170585
0.0023178590180406885
0.002587694111176072
0.0014458494743851183
0.0007109573806592963
0.0012514142207623465
0.0017698604103626758
0.002344118745040855
0.0029445222876736113
0.00252976320013634
0.0020865228200938044
0.002286170332165774
0.0019488124860533973
0.0011536931553460643
0.0007469609799070023
0.0009927483920858188
0.0011427072246050277
0.00033484726462293976
-0.00047067556355343573
-0.0007359659355716044
-0.0008211892169926429
-0.0005900720442826881
-0.0002746266582707129
-6.391911723305044e-06
0.0005076930249372063
0.0007924044875075037
0.0002829278543632112
-0.00018004841722748328
0.000263702779400277
0.0009546460380091476
0.0008967889671686553
0.0005775216401903996
0.0003894894397142444
-0.0002675330775753847
-0.0009351588839758124
-0.0009605036544100195
-0.0006591846251652014
-0.0005217733425668378
-0.0005250796067859799
-0.0005969766342010176
-0.0010476696153065355
-0.0015938753320975994
-0.00203225558887781
-0.0025099837633073673
-0.002535507867710041
-0.0023270844287546296
-0.0026348752920418725
-0.0028929110896385303
-0.0026925981552944848
-0.002786466418158385
-0.003192313166312905
-0.002849459755020344
-0.0016361264324448264
-0.000736132180868056
-0.0004248926196043265
5.031906900887407e-05
0.0005068459863080238
0.0005906658312854101
0.0007906880496685838
0.0013514801983896799
0.0019075902280252604
0.0020124536753851423
0.0018230551359246338
0.001231026688205061
0.00031636592449125746
0.0002875525375249437
0.0009135776927263762
0.0013305112162725868
0.0016608220189987541
0.0013908595814903343
0.00044549022578557073
3.313869115669993e-05
0.000287034073735341
0.0003255128444628705
0.00011679261795622233
-3.278880626865813e-05
-0.0003357123209747851
-0.0008052775713048128
-0.0008166740807465585
-0.0006603803525615313
-0.000863128453095602
-0.0008238908606090985
-0.0004551726045857687
-0.00010941496416636869
0.00033469680190053946
0.0008611940845757155
0.0011005534148141002
0.0007719199849479888
0.00028751722559292454
0.0002737698195279725
0.0005407746226708864
0.0008697508681400145
0.0011187997590591738
0.00077289294464756
2.1284022261253182e-05
-0.00047623466455178797
-0.0006235903885948022
-0.0005609302367140699
-0.00040012669014842094
-0.000421302576274979
-0.0008134173074893883
-0.0012537196916820854
-0.001153053639188036
-0.0009313917570188825
-0.0011154188422523295
-0.0013492550707224654
-0.0017047210961389672
-0.0020694816896976212
-0.0019301609859796783
-0.001318092552075883
-0.0005594679062017817
6.265280532620981e-05
0.00035110580823033015
1.5928310423826266e-05
-0.0006156862525507358
-0.000677980751916453
-0.0004640715829050588
-0.00047229523406294564
-0.00024201104181433225
7.854124464228792e-05
3.798014361526085e-05
-3.573736373883906e-05
0.00017038330485478684
0.0002568138068199949
-0.00015888901028480797
-0.0004963942152884503
-0.00032889485280169784
0.00019162198448117077
0.0009681963449209196
0.0013723017894038496
0.0010632206178349756
0.0006656787741448978
0.0005307948583004824
0.0005153129422736571
0.0005442575929129677
0.0007848012743257579
0.001059544798376542
0.0008517876992741481
0.0005645461341888331
0.0007392155659907696
0.0011845575777949852
0.0017252062439051209
0.0020619605590968676
0.0019626431437160777
0.0018244288452895275
0.0019576773720534763
0.002128140860775579
0.002098889803466702
0.002030846678862701
0.0020754929436621466
0.002042534641498555
