0.0
0.0
0.0
0.0
0.0
0.0
0.0
0.0
0.0
0.0
0.0
0.0
0.0
0.0
0.0
0.0
0.0
0.0
0.0
0.0
0.0
0.0
0.0
0.0
0.0
0.0
0.0
0.0
0.0
0.0
0.0
0.0
0.0
0.0
0.0
0.0
0.0
0.0
0.0
0.0
0.0
0.0
0.0
0.0
0.0
0.0
0.0
0.0
0.0
0.0
0.0
0.0
0.0
0.0
0.0
0.0
0.0
0.0
0.0
0.0
0.0
0.0
0.0
0.0
0.0
0.0
0.0
0.0
0.0
0.0
0.0
0.0
0.0
0.0
0.0
0.0
0.0
0.0
0.0
0.0
0.0
0.0
0.0
0.0
0.0
0.0
0.0
0.0
0.0
0.0
0.0
0.0
0.0
0.0
0.0
0.0
0.0
0.0
0.0
0.0
0.0
0.0
0.0
0.0
0.0
0.0
0.0
0.0
0.0
0.0
0.0
0.0
0.0
0.0
0.0
0.0
0.0
0.0
0.0
0.0
0.0
0.0
0.0
0.0
0.0
0.0
0.0
0.0
0.0
0.0
0.0
0.0
0.0
0.0
0.0
0.0
0.0
0.0
0.0
0.0
0.0
0.0
0.0
0.0
0.0
0.0
0.0
0.0
0.0
0.0
0.0
0.0
0.0
0.0
0.0
0.0
0.0
0.0
0.0
0.0
0.0
0.0
0.0
0.0
0.0
0.0
0.0
0.0
0.0
0.0
0.0
0.0
0.0
0.0
0.0
0.0
0.0
0.0
0.0
-0.0001369020892442114
-0.00047215568063014023
-0.0005108024119211064
-2.7629206541023585e-05
0.0002634940980168981
0.00018733934797951704
0.00012564802104654134
9.351894622184214e-05
7.022860279250351e-05
5.542300523910975e-05
3.509163638951743e-05
6.739356690136637e-05
0.00038633869329948695
0.0007790940568223822
0.0003092829322753849
-0.0007787444785920738
-0.0009118098898114284
-0.00017467912990790354
-0.0003258449658603153
-0.0016138484673294967
-0.0018941488529735726
-0.0005890444217761204
-0.0012084793069048244
-0.0030356857038143625
-0.001735639164940065
0.00024857022234250344
-0.0001204883933541974
-0.0005736186648854512
0.00019214126277257142
0.0010400015137447826
0.00245854036626087
0.004097214571628077
0.0018891996506872504
-0.0011634923114290715
0.0022253000343338903
0.004748272611449887
0.0004542258413664001
-0.0021911200152890465
-0.00015273700945510674
0.0006417794290165449
0.0004067513515216963
0.0021917573329621153
0.0013695118567684532
-0.0012789422081212582
0.0007056436086744894
0.0033924974954239614
0.0017872157356186623
0.0004405655949107436
-4.348466676783558e-05
-0.0011854562401184044
0.001443870991529888
0.005274824470351338
0.0018357318626540452
-0.004138056408460249
-0.0007610508083133481
0.0031722954303951664
0.0007821844577090545
9.65835307706982e-05
0.0035015158560635896
0.007209988869036529
0.00702917813919853
0.004213467085482635
-0.0012049773686725529
-0.0016783636615031816
0.008714154979402646
0.01449849956188104
0.006073291827261892
0.0010919069189888457
0.010459472542847358
0.012403553447495563
-0.002467000883750781
-0.011223635972104785
0.0012103236550091254
0.00893029280563209
-0.005454903308847183
-0.010762525675751455
0.0015050933841575804
0.006348056697843509
-6.595429507643233e-06
0.0010229066842906585
0.009965200252729978
0.008349783075280854
0.004155364006965345
0.005800819642139514
0.0028433077583003377
0.007059128569314171
0.015106563398138914
0.0063941407067831775
0.0026312780905851933
0.010860884974046053
0.004842367697649866
-0.008549248992338115
-0.008904732222183336
0.004069246694319084
0.013044511307629328
0.005489495310182207
-0.009379487962406086
-0.021262513682967648
-0.019253837003828256
0.006658421611589971
0.022348924667107084
-0.0010438279877280307
-0.017930308084026146
0.000993160824652845
0.02101437846027127
0.01448217709751073
-0.016153416516564555
-0.03809625788798765
-0.01982561769463334
0.0066737112486124775
7.660457162164074e-05
-0.018263843704555256
-0.011740157343228235
0.005657860337865778
-0.00630579748889263
-0.036380674464989486
-0.04140200604884592
-0.01070664766777692
0.018330387666444126
0.00834344814918304
-0.005129885896035993
0.010058422095390512
0.019860325763559755
0.009847965580690688
0.0031897428073406663
0.001728466859269474
-0.01409442298482158
-0.023835531034453697
0.01246918134858844
0.03469249048238985
-0.023177813319421973
-0.06120901938365098
-0.017409567945669308
0.006613121450728093
-0.014135316502934646
0.002795148351098702
0.030777364453838614
-0.01902642962647455
-0.07731357544832583
-0.03942659392208044
0.03989287474023396
0.06221954407866029
0.012970434361697335
-0.04338879918840055
-0.06132496411692101
-0.03464342226897544
0.00619478505741043
-0.009564212505565021
-0.03129141875796832
0.0027378372648011354
-0.0027315356383474957
-0.0708204110195435
-0.07569453767869119
-0.030370755623195897
-0.02283880939031984
0.03154774607243281
0.10372573533424549
0.05124859413875176
0.0006819882795170956
0.12512281359259064
0.23089047740455027
0.049103924617178676
-0.2111316457880416
-0.16509777291530828
0.09142156812107934
0.13540108905279302
-0.033180597086394745
-0.10763165452207867
-0.1480487721545152
-0.16555975670385617
-0.03831258191546317
0.09869259988417045
0.17036742056502904
0.17370644758420145
0.1215468830437681
0.02575681210833869
-0.15784255139119993
-0.24471329492859323
-0.04456340021326551
0.24151704196254364
0.29756532659990464
0.11545784153807877
-0.13104259288329032
-0.3122458222477663
-0.26682313246640577
-0.023152287676576237
0.1789071655331707
0.20050128948103327
0.03726627868728192
-0.1597158273688216
-0.2517929607587313
-0.13928437230650212
0.1909021647799738
0.35759297948487917
0.20361477503569805
0.09165272489326967
0.21231462836165343
0.3798652998780142
0.3760214818928129
0.21938223045140895
-0.019665854101622728
-0.32353683270101635
-0.5369703027230489
-0.3793808299735756
0.013417629406533432
0.1628065312517142
0.13812336720113302
0.06926262752205517
-0.18890484016465736
-0.40824060575874577
-0.34442674466435597
-0.004907224383980167
0.39501304149810645
0.5713295894452758
0.5545832472495155
0.37151104206819213
-0.08289081913295845
-0.5428146842742391
-0.49282679338249985
-0.007355036605802176
0.39874720968574207
0.5195875236742109
0.23270972828551414
-0.21755671081105366
-0.23596735623745774
-0.0497595586099584
-0.18746276376526555
-0.4631590338522278
-0.42412151903312056
0.06226302114725249
0.5103858917672603
0.37231567654801
-0.014715448206826316
-0.05584114616342185
0.02359764488572005
-0.002755617044839249
-0.013684952938567571
-0.1264694392021538
-0.06740917316614471
0.22304714085350255
0.13080834399225652
-0.15694970002485129
-0.15696578337527636
-0.21908606665080613
-0.36846590789809586
-0.19174397629876386
0.1900731369495747
0.6644787647338289
1.016701556821041
0.6836213435042815
-0.2512983639515262
-1.0083947676961584
-0.8695302502003955
-0.09538943487016027
0.2116030065910623
-0.035300996054596454
-0.005927708472718066
0.10391770042377677
-0.1560426450109898
-0.28334071078170714
-0.15777255769701656
-0.07044785609540805
0.09670444815946809
0.3255511301965217
0.31344680422416604
-0.16359143586623104
-0.7411855384586232
-0.7809940258219907
-0.5103460318463344
-0.45600537127399793
-0.161603079118748
0.5301464520166915
0.6504053717239702
0.07691449178016826
-0.37490386161340505
-0.27432200369327625
0.3403520253148451
0.7867874631579901
0.6136116766081126
0.33830274046751585
0.281369472095342
0.24624036245701217
-0.1925527658379662
-1.0049462633892474
-1.070828111588131
-0.07405517175649395
0.47275797646129847
-0.15499550934005804
-0.709575722517537
-0.5524646627139018
-0.2332658744795637
-0.04285956703336793
-0.10926518431570703
-0.1623612709970935
-0.03917200208751554
0.019571488173460442
0.3017586917949595
0.4889188779481402
-0.0368130809893505
-0.2848156145218086
0.46448419992104184
1.095220769465185
0.6035095018257943
-0.2552179422560017
-0.23364254824833525
0.2530178147073109
0.34870258519330405
0.23785774735988116
0.09437394208617228
-0.3750195524313932
-0.8871376576770856
-0.6410738580875862
0.026116884134628024
0.4454952333218269
0.8704569454621107
1.2380433333244396
0.9801640649801837
-0.2154604069448397
-1.4608738467527935
-1.2972804979890553
-0.1739836627408239
0.6208283615758223
0.6042261468471865
0.09396446102446813
-0.10863521836906441
0.0017872803177522091
0.19590565173638855
0.5242521400828118
0.902753509906204
1.2125777605773949
1.05742638873347
0.08579215694802093
-1.038615871575709
-1.081482418335485
-0.3134307869260399
0.032190557299754424
-0.0025902074815660567
-0.028966375726657816
-0.08556670434340746
0.07562396920796785
0.4092104005299972
0.634775568694163
0.7275556334353821
0.7211191204830041
0.7227180995050473
0.3504519426134586
-0.5641059986249243
-0.6873208369181618
0.3991002823417838
0.7019819923793412
-0.5923116104625865
-1.4591142181838102
-0.7122240352525041
0.39551047660068755
0.6022257188862166
-0.09625038712809694
-0.5385298678030357
0.0770603293692026
1.0319123262554024
1.3155519809435763
0.6840368672520419
0.010515232662800566
0.07600116058114546
0.5854208079619005
0.890081590840668
0.5024693259396265
-0.18789843167521372
-0.32548081382877975
-0.06556796336330258
-0.03448130951258151
-0.5014041845054692
-1.3368022233214856
-1.2525864827772544
0.1139708703366422
0.6620254537413685
-0.3120725000598462
-1.1538655698204991
-0.8263959218661457
0.25302406347753126
0.7563407244741385
0.041062557918855436
-0.7928172273907106
-0.6599768678170752
0.15673401345013163
1.0183877770445968
1.4758509387247658
0.820659326826593
-0.7481346991349409
-1.3952696637693163
-0.1952190333185036
1.3213719924355534
1.2053229342231884
-0.25476221113345027
-0.9968486892870526
-0.5598014129510905
0.032359359339662504
-0.11373841352758965
-1.2469321279648415
-1.9052964620928656
-1.1156807952989396
0.2552392027227613
0.7893350709940027
-0.0943894346551087
-0.8566954925865493
-0.08239353954265177
0.9223720837206407
0.510849956694529
-0.33433507820192926
-0.7230268694674217
-0.8970452266532737
-0.06648983338941608
1.282591624998202
1.1901185790938746
-0.4173594655688102
-1.6300579848390262
-1.1549098463138323
0.0350253620334468
0.48306982122978387
0.26486478252293144
0.3278090598536448
0.7485442364440454
0.7875453880621345
0.3183433465167188
-0.3889340632464582
-1.0037506477107636
-0.9352918647864077
-0.13133398468593047
0.03657491641527483
-0.8382478671577467
-1.0196790058382337
-0.3934087750205291
-0.2367811973701571
-0.43697169705129335
-0.36679676660730387
-0.05941222244888527
0.3071583825582033
0.4743482435927005
-0.11709791635926309
-0.7665031592976698
-0.22777721949348034
0.8955746702111249
1.2914732631194068
0.734565537464258
0.1056494597001877
0.08365186131151729
0.19349462310172943
-0.09951646815318832
-0.562621880569344
-0.7312614918569024
-0.8817943763172058
-0.8701458600917353
0.24396399909473454
1.1266623320790776
0.3682020565999484
-0.6572486827888795
-0.8151460250687392
-0.20723360864086865
0.3878844091795662
0.12942813398788736
-0.3328040537303254
-0.05570097288481912
0.20162406780843337
-0.19958994024225404
-0.3223319462480559
-0.01924693625973554
0.05476388449630366
0.5283717706577735
1.3015127997248905
0.8354766782798458
-0.3751306959883826
-0.6987550681934614
-0.04327013848903212
0.763247451250982
0.8647229627934481
0.48005725927577064
0.1783539480669713
-0.24617683945210325
-0.41045817635993465
0.254356571807684
0.7207993493058875
0.1592041686215352
-0.4125573419929956
-0.4487761790142553
-0.3660584383166336
0.008002660377706871
0.26373852248277485
-0.3407282259919473
-0.6235712319506306
0.33383138323371986
1.033427025729276
0.6625717226817363
0.18519968436447062
0.036397151998271655
0.3898025193659675
1.039823933789173
1.1909116165149591
0.6258256811524016
-0.36137972137760366
-0.4081207538398243
0.7854287726125199
0.9362268288498466
-0.47193416471122146
-1.271965823445404
-0.956567729997323
-0.8623530213196337
-0.8082416804667668
-0.3911872864541948
-0.3837746599846752
-0.35901519998658943
0.4220994696031863
1.332760290369688
1.7446767858791554
1.2449937045187058
-0.02030214623956088
-0.8597892053642191
-1.0174837831282655
-0.807594442823438
-0.2332939353677678
0.22115274596845022
0.5098235985662777
0.8152047199147424
0.9664280010900677
0.2959004996384571
-1.6382082338948383
-2.7218936232826643
-1.2134514564438803
0.7235643963913028
0.7497303025984602
-0.027135854276441416
0.39207032607500797
1.2259897077365822
0.9719202149172275
0.4609443625236881
0.3061319713210324
-0.05823197362840494
-0.0569512990789466
0.3493293728428207
-0.19351236917985185
-1.4393749042446329
-1.4465668270863683
-0.3001951901357552
0.2324807594182267
0.009087808509667113
-0.33550495723804646
-0.7502525370280436
-1.0228853767725878
-0.15863996404063677
1.6685119985800494
2.4277188455609693
1.4018815656986034
0.26748275358721674
0.16837717226348817
0.13498132253256623
-0.2834256744110314
-0.6524192066316589
-1.0670502606533872
-0.8607337059533838
0.4052190365069086
1.0184459361777751
0.14884069293613966
-0.6045878909822197
-0.27949181184069277
0.45298884241443954
0.9560937783271602
0.9798689861703972
-0.0631943010429367
-1.0833702765150108
-0.10268727535068052
1.6372551765778895
1.5975061104967359
0.02267859052862993
-0.8467713649226795
-0.5262545602726478
-0.20550547679690698
0.08306559168254762
0.06754166297490895
-0.8564936516057552
-1.1048699607002477
0.2908877318671778
1.3850036547863536
0.6723665048774762
-0.49985879462725297
-0.17075605349603784
0.9296772777636093
0.9850811799134903
0.32154033134882903
-0.1527605788825113
-0.659673940502388
-1.0929653731145486
-0.792323941229958
-0.5046049669148742
-1.374380596777765
-1.940507348896343
-0.6959059742196592
1.4321224563857469
2.6299730214431305
1.705475957099301
-0.2109168664424208
-1.2042069056204021
-0.5757804502383614
0.9529682561541603
1.6367640482870822
1.0824603747964674
-0.06561178323852986
-0.9903542948533461
-0.8742294635730467
-1.1332940033485848
-2.3813926023532805
-2.331930990649608
-0.5267825468841648
1.4366383989169058
2.0435034643583756
1.0167340894490513
-0.22395200874929033
-0.8764541389272951
-0.8229975112570225
0.013390994789380174
0.9698752912994129
1.4308011678940227
1.3075039823585244
0.6987279338203459
-0.3612269031723489
-1.4293531696567718
-1.5159849696198227
-0.891718618924902
0.02315299521063421
1.052195378513224
0.9146951302505786
-0.12412710620019693
-1.0505871233590685
-1.6056373462618647
-1.2423304825182904
-0.4368794971762305
0.5619583796945541
1.7261275370573197
1.5704645633777818
0.42883802902394974
-0.1587085232075061
-0.48794008750714196
-0.7606738592962136
-0.7184030736905883
-0.5004908503439963
-0.30237710601524176
-0.4371650592405878
-0.7726999663176094
-0.8959338518477096
-0.4314021533551361
0.6759219376560505
1.5487110211135477
1.5924407880816716
0.9714855939085533
0.021059377454790505
-0.4692760268375425
-0.2665596714322853
-0.48534575666288116
-1.0218722409966892
-0.4273830954188656
0.37430461808643994
0.08432689817950006
-0.3222806645702065
-0.42499360712534284
-0.3608317270057949
-0.029275062423823883
0.160958651429738
0.16362710501686348
0.38494224018520784
0.7490072886156358
0.5767344456386416
-0.0018141778563660399
-0.21295139329012694
0.0012281992738056792
0.17079958597656922
-0.008867595822378197
-0.08582834569304502
0.5076119624844933
1.4966476452873572
1.6940508019949319
0.42488526205055943
-1.11251722033729
-1.6157793687861244
-1.494796943485076
-1.1799026577247569
-0.18136516795843788
0.7766554019508338
0.5577097378533316
-0.18484536936109788
-0.6017732968737198
-0.6127992725464319
-0.3000950081375512
0.06525970565033765
0.2384400986555809
0.06305486961571194
0.017372805129926023
0.28949836775174137
-0.21521476706945308
-1.142280565115445
-1.072585894695575
-0.273311330495673
0.437076755333133
0.5405717650718921
0.031199777322541252
-0.41973776602793583
-0.2201244930640137
0.7065390178398467
1.3443956431916597
0.7425673894990586
-0.5693354760947384
-1.1866842962432689
-0.6188004781977922
-0.23036044830680813
-0.7278250760784499
-1.1774293647403973
-1.044518989891615
-0.500702248530739
0.23243817971455627
0.6778334690731332
0.2911807234801971
-0.47026826443771885
-0.8096773881316549
-0.73615730597989
-0.4720874213116906
0.060887099523583975
0.9151204430605457
1.4728991722697145
1.2562248877709912
0.6841137080571023
0.20361712964895853
0.12772177376262495
0.164439417008281
-0.017981015062265206
0.30140874765067127
0.8102316652525028
0.21357109614886605
-0.9367453765721424
-1.1637070479063159
-0.6201809980828719
-0.1801287823222472
-0.13431833974516014
-0.31109845815191434
0.12264205632034761
1.0358225679904263
1.3401315204175925
0.9040850972037127
0.19267924837862493
-0.308923279686569
-0.49159650144100986
-0.26021818279824743
0.2490767294591996
0.3219775641476434
0.05555159367648218
0.25791416806660483
1.086977320832882
1.25505161673812
-0.001466837832971524
-1.0885793457438
-1.012854735693247
-0.35428819703637304
0.556404684969165
0.8398331854564403
0.23122462110671357
-0.01865991926796901
0.11737510761920875
0.144060900871075
0.4263192716286817
0.4428300921844472
-0.24827773518642815
-0.5734003897222697
0.010158818960716113
0.6505166749106684
0.3470314545069654
-0.6890234180863184
-0.8807790217540591
0.07017445330810924
0.25203461969454216
-0.6797201241283758
-0.9038798538558279
0.2789238698724785
1.9620080199930423
2.3617611854675444
0.8265962879599079
-0.9621707781004178
-1.26505305480758
-0.3331205977310742
0.15811115025710432
0.012051854801498332
0.017666340237389198
-0.1712936178832736
-0.2772558080411651
0.23352018637271482
0.26340250368453616
-0.3602294278202405
-0.17694624368611778
0.9444258107986052
1.7269966932446217
1.1293289507433883
-0.18270168024661315
-0.6765036285532843
-0.491931884981179
-0.6048506635482811
-1.1463947918130852
-1.1289441458866387
-0.11568984864960738
0.5423086387611282
0.3776819565603573
0.21956148916744966
0.33862465599270014
0.5025800318308786
0.531529949616303
0.4566428966122484
0.28030532681539666
0.09963331823098454
0.04648081558369919
0.1892845536361656
0.0010687547512356396
-0.6095107126535789
-0.46166472802728414
0.29346474407038226
0.2562362688875559
-0.7524150702108552
-1.3884754404055706
-0.6348989723743825
0.7435194132462739
1.2154503787900692
0.48694163715174715
-0.38635892172882996
-0.8570641918078663
-0.6396566794951001
-0.021108232657849703
-0.3332803728514052
-0.8524719437757227
-0.2841504272836751
0.17371971876897285
0.09496995355523345
0.48550241896990753
0.757477215087082
-0.10300338862882503
-0.8047287550997515
0.32446865179343315
1.4764866169991773
0.29743500909438586
-1.2869289730904312
-0.9997222338502997
-0.02000888537994793
0.27579174661670586
-0.08854151388775919
-0.7486594649225504
-1.0930265469940463
-0.8101703432696616
-0.11022173446282203
0.41030239081823006
0.24823943036396687
0.059996960175820534
0.45836225812022385
0.6144899873520138
-0.17076060461755835
-0.9968495856751867
-0.8977601676814082
0.0890374808421119
1.4939826614601095
2.0189675064650583
0.9197735310614827
-0.4608839235423268
-1.0648035611595188
-0.993770184361834
-0.3147592594353918
-0.06273326410711491
-0.5414443434697152
-0.19184215369561103
0.7785838261612753
0.8271201468532625
-0.021592758820474022
-0.5494566408599731
-0.4603650063977409
-0.7117873003249472
-0.8082467600916553
0.06050168552717808
0.7819410800801694
0.8694771239658061
0.6832652435348474
-0.006713473383624588
-0.9062108257146679
-0.981802161208254
-0.08033271163405616
0.7592443627850208
1.102625950248154
1.1099121360303368
0.33666617634388385
-0.9625757401061297
-1.2945349317355979
-0.3295830931946965
0.2970180458216337
-0.4234065087692843
-1.185578935055326
-0.5344971942871797
0.813690102163011
1.0772405889484504
-0.03367972455470017
-0.9505072014889658
-0.7605331491992015
-0.11281918170388375
0.3904530686881147
0.592691862921865
0.5626188445805662
0.4885928201562552
0.21426762891681053
-0.2936005513010401
-0.41574503540595437
-0.02419866878740211
0.10155428887642712
-0.3922813195779591
-0.8396294362888813
-0.3280091321965266
0.7780606613529425
1.0732985720367227
0.28776949389224626
-0.38733211472070334
-0.0881626504534447
0.3379872790172087
-0.1706806857108311
-0.6444454247939676
-0.11763194103910457
0.3010478793952879
-0.09296047858194796
-0.2565479956455251
0.10691065815489464
-0.019993319464769344
-0.37039547628193303
0.03381608908402512
0.7449686705336455
0.9930563955262964
0.5974395706682453
-0.16117379361360956
-0.4603691469542371
0.0551255489788
0.493157795004148
-0.01732414594807248
-0.787148679204555
-0.616046072265849
0.15645309835372184
0.3530038754918774
-0.06732247383917285
-0.18422656553600875
0.3320833910250508
0.6912367947182227
0.2869186741079201
-0.2025372161552697
-0.19621879121756608
-0.10728401072390485
-0.14783291144950358
-0.21799120513250655
-0.1592158023031769
0.06696741085592108
0.06561735413189848
-0.10171393968894683
0.034325268966934754
0.3418331003690023
0.2839406715793426
-0.17934905846582191
-0.38464507440849843
0.08278778839536641
0.7056798607200694
0.6374144793458587
-0.1601138624342324
-0.667099644889523
-0.30559397676788974
0.29243979881293863
0.49554901866299544
0.30996161018122825
-0.014327246431774987
-0.23175382232016933
-0.18909975704538137
-0.07821146884876455
-0.2461810788615403
-0.3426079338923489
0.023293650678599197
0.31703165169697933
0.25985805724996974
0.08898191552915272
-0.17815791887688961
-0.43494327250753717
-0.20273061507401574
0.45976242094524505
0.6197087024947666
0.2138960694790854
-0.11200556788575315
-0.23285018616346262
-0.11888425292015456
0.09970013741756596
0.2190537189958552
0.25554369934547194
0.05228851808630876
-0.3058713659359239
-0.3910304767212996
-0.2041385950945281
0.1401780552573445
0.40508558806588096
0.25604015014391457
0.06893007168941682
0.046306135483557824
-0.2691088217694189
-0.6124919550648774
-0.4669674605694258
-0.13838889834142867
0.19051241089353882
0.5109652815239737
0.4611422280726136
0.10355527789959042
-0.024249816971265496
0.1333359853129965
0.16570734450758662
0.06871088932429126
0.08153746693438094
0.021736125341942275
-0.1604912556361415
-0.1559189960216231
-0.06304447353823292
-0.2620969749512214
-0.6203276187275836
-0.5023021255438209
0.17132100845076137
0.5581101369413299
0.24927862640180046
-0.1246666010264744
-0.128167053867912
0.047101495178055286
0.21834603443555145
0.19210873610487167
-0.10807082781074182
-0.1852957227897446
0.1922700890105519
0.28084283995753345
-0.21139805540057635
-0.585806909730257
-0.33711819147638566
0.3470666215137451
0.6577878622715596
0.22506475433533765
-0.27210785651638963
-0.3709159036959753
-0.18498278989553985
0.08375339663666327
0.1118853833662225
-0.05829290371268712
-0.09305314332522241
-0.07393927958461383
-0.10535081754694478
-0.18067020037380388
-0.3468000887159861
-0.26378413767706205
0.22927639171399916
0.6648608192889521
0.6387708374497159
0.18958535592999487
-0.15973541915186468
-0.0838179724705553
0.04303994802198326
-0.005888060197307756
0.0007106042352105687
0.09126045228644233
-0.02066206496875028
-0.4076431230529667
-0.5581069217671654
-0.11048287572014091
0.3174118603376788
0.2821423189623157
0.12962186242804088
0.028745661794368462
-0.031710196420019765
-0.01388102337846025
0.05882605977672308
0.06529792475811635
-0.04113388692737458
-0.043429167142946416
0.08795362970357296
0.16542764873636454
0.1656642047014842
0.024405652300341016
-0.16815273826735355
-0.16086051745796173
-0.06602266257825498
0.06743480822370475
0.29405360449095763
0.31177145534549283
0.06791620105954893
-0.10882136013087845
-0.2493406403492666
-0.36696422949244734
-0.1933478720381106
0.06173336755021683
0.04607906788538102
-0.03815660390378341
-0.005736810173017963
-0.07432181437083335
-0.17719560307995705
-0.015003585311204262
0.2821639994510173
0.4509391158124724
0.3805435025873305
0.04471580267103201
-0.30176583986285327
-0.3223940986720957
-0.11415881478561496
0.03425037904448207
0.07733313651204723
0.018951152099097313
-0.12205472546359053
-0.18078456667326448
-0.09083273669361504
0.05794179139528318
0.13887891299379365
0.016139544030022605
-0.1061000214690995
-0.0067287222617070696
0.051570193364103685
0.0089887342761667
-0.029354586409525416
-0.08927589004046937
-0.03432406293312904
0.021901874969533847
-0.020108150394575332
0.03234600383736031
0.04843326668663965
-0.030911376933415825
0.047827342888976505
0.17469336944168384
0.12537025919158945
0.002581134748773994
-0.050256752101767874
-0.03723513064231191
-0.04425242957083636
-0.06778120462531374
-0.056931531613199735
-0.04974564141519675
-0.12216422160357866
-0.1812769999876383
-0.02616257344933646
0.18061884427333522
0.1528247143448437
0.0210283409257973
-0.017595483321581992
0.043797234949247324
0.14520838768356495
0.1371455145940071
0.05861362694856924
0.017042083604974428
-0.048803627234256346
-0.089881521666235
-0.09039890483872944
-0.10173780133666674
-0.058106801697322505
0.08392072383371889
0.20613107649826087
0.08463509645338678
-0.17764358879022815
-0.16489541446179534
0.06710697034462441
0.09580078763474997
0.014399671389870188
0.0622951874313361
0.026044070949926546
-0.1445401934286698
-0.17035208833010543
-0.01897117799248177
0.09955908233831742
0.10578695452165773
0.07308361053940843
0.006455233381402316
-0.08652449492428538
-0.06550906521900395
0.07618060571322398
0.1460384880020483
0.05791279430527054
-0.08451323069502822
-0.1228789350763582
-0.040789648913561245
-0.01381877976971088
-0.07426642364854022
-0.05919626983966173
0.015583392955774851
-0.011773411515207867
-0.11629145031344738
-0.1058408218773063
0.05426274002137491
0.1593949919361193
0.09867805479110234
0.0022486350687716465
-0.07309191150962702
-0.1103658921719676
-0.020490287913958575
0.07558611425978372
0.04457448695045065
-0.03997825423630037
-0.08011463389846149
-0.04768447560124573
-0.03595134230543697
-0.02819678279111472
0.07999739810143029
0.12226776387164671
-0.002641596937658826
-0.10651535538124952
-0.09498800799673975
-0.013513073247874662
0.0555972534285416
0.039682179897264705
-0.017167599015178565
-0.03918334788132993
-0.038914575789180395
-0.03946951225547987
0.010067517113642021
0.09019556207857261
0.07589805891537682
-0.007471803702213159
-0.0053254428135895366
0.03460991659315472
0.0029018907401228648
0.008305335235325922
0.059279428491912554
0.027425186127290776
-0.03658392185874462
-0.06037774948341672
-0.049667113895110415
-0.014625545785213995
0.01617678292635679
0.029421092800742996
-0.004183569539083003
-0.04094910478584327
-0.01326471297544846
0.013751868307198505
0.03546474643121396
0.07716946003551553
0.058795266825699785
-0.012039924085492275
-0.051334527569684485
-0.05940211484180851
-0.03371429986566904
0.04286403942564774
0.07478605912844079
-0.0006594352992712737
-0.06253325989868072
-0.022000435801871384
0.01936949335583338
-0.008629281243201595
-0.004515508185642145
0.051972600362298636
0.0339723529915147
-0.047794898745982584
-0.06297883121683705
-0.01311436156506739
0.003961383331487194
-0.010297897303121225
-0.019030208866414607
-0.02015848249038349
0.013743955225205832
0.026061515777367854
-0.024234812592519965
-0.021555366208955398
0.03931081151233775
0.03194702975351851
-0.01878778055379056
-0.014621115171432013
0.015528281451574146
0.008367913399975325
-0.011473563677519045
-0.016719027156748126
-0.02388612818072498
-0.02578791432669426
-0.010663793941450441
-0.00827410472509876
-0.02097376462890281
-2.9830128123271287e-05
0.028449570482321565
-0.000374374844060135
-0.037090427673591504
-0.01246817615631218
0.021304907560615993
0.018836618632633077
0.014637548432982084
-0.0024102702135763683
-0.02824624224510024
-0.016346051368042052
-0.0037904728223686437
-0.001911833921248653
0.013971911824745551
0.011246331631347218
-0.0030210521653466524
-0.001750044383928928
0.0030380714636914015
-0.0064518871771839376
-0.016080597246952655
0.0020049144739155114
0.019538413090365053
-0.0007637730803869815
-0.02877158221391764
-0.016289040045691764
0.011890665491745781
-0.0048952154888171635
-0.022280524616657554
0.009286429973588195
0.029220202159459006
0.02078158455988103
0.005143138742804642
-0.013847292449830531
-0.0016128729766536332
0.024732926159192255
0.02104796185218423
0.005959649684612104
-0.0012379966973982222
-0.0009574395214849184
1.644142234249537e-05
-0.0037993418599224847
-0.002449958578217537
-0.0003198473757527105
0.0005125614967418274
0.010198639555252168
0.008930822868360392
-0.010293799969809633
-0.006739716339853006
0.01562198581115808
0.011755739776751994
-0.007458735545592196
-0.007914345386840098
0.005669713412784489
0.012999664272385
0.006829994964283161
-0.006884653319436635
-0.009412031833950537
0.004283262573313758
0.009883748395341454
0.0028155025703430828
-0.0038219024646243137
-0.0037692161368325554
0.009990459537461943
0.009930314892248287
-0.01756204558652901
-0.02679221436243903
-0.006165023972829985
0.007867437736850903
0.005157549758799623
-0.008366613897246009
-0.01944158118775432
-0.007498539736788999
0.001776917942119895
-0.008937776483043895
-0.004489309679826286
0.01524406335217251
0.014228885737759498
-0.00629395044099895
-0.018493691597476235
-0.012300509843071038
0.0022614146888920834
0.006356633389137643
-0.0016149451070426983
-0.006358333288582461
-0.00981162536872265
-0.009515367243221332
-0.0010656834463364715
-0.0008743931995171454
-0.005078302136796002
-0.0009101095233458864
0.0015949071226930033
0.0002101460911101041
0.0007616496785040234
-0.0019055955639708756
-0.0024911022689980077
0.0035440690488395773
0.002725059395356151
-0.005036754182152414
-0.005195779760787125
0.004311024950545593
0.008451069463709016
0.001290539557847014
-0.003080328213321641
0.000528289437206515
0.004074632083504428
0.005259967961533506
0.00447240862369471
-0.0009371635513349368
-0.002040195369306419
0.00710822033319957
0.0058074735335638585
-0.00704805764559188
-0.007211105310912902
0.0024572392726787866
0.006496532384925496
0.004342815393190073
-0.0011948287399839712
-0.003775616471617864
0.004408389609266431
0.008782948399263657
0.0010547548147928892
-9.264798941030544e-05
0.006337511455201102
0.008424188880446527
0.0033524203121358706
-0.0040887496358211995
-0.001477154412852589
0.006769441745521132
0.005921228951431889
0.0009629799909581371
-0.0004392651001402848
-0.0011645372920650835
-3.876900788842868e-05
0.0023506409737436285
-0.00024920788647411974
-0.0025967327141888648
0.0018792781138602045
0.003543476017354729
-0.001332844111067013
-0.002090692925924906
0.0011746586561658197
0.0025312888891043384
0.0022890297081489793
-0.0006884031601070008
-0.0026479136385038223
-0.0004944417135470638
0.0026578626913725924
0.003948346169687062
0.0015243644032800375
-6.249060059830946e-05
0.0003615267328988474
-0.002142963996509128
-0.003338088119295991
-0.00013277444282965923
-0.0008821977427136277
-0.004722546952349668
-0.0027305537403700324
-0.0012181230260952163
-0.005279562856121123
-0.005430320499993629
-0.0005985204631616112
0.0010339651462317803
-0.0015722514928931531
-0.004039980035712529
-0.0038480324383572758
-0.0004085129600937922
0.0015685214026614081
-0.0024540924294410658
-0.005602086772253934
-0.0028169030901510385
0.0005278789050933019
-0.0012437766327372726
-0.0050022593241149564
-0.0031157292524367887
0.00026838036547712076
-0.001034364852796311
-0.0021500251614956344
-0.0010856071003610397
0.0002585510703291783
0.0023204059256139225
0.0020103047580837335
-0.0013983973688941867
-0.00100993693956508
0.002557540977429424
0.002192914002214981
0.0003602950128930414
0.0011344705001824862
0.0022930874411918743
0.002639112845004249
0.0022192448738982025
0.0013029748055522665
0.0025585454152597903
0.004955480915506294
0.004384663870652435
0.00336869726077604
0.004224459867334756
0.004251843601790218
0.0035779974385718653
0.003019364138942067
0.0031534158956126163
0.005140889227257561
0.005328345994270723
0.0025542116245880855
0.0017740003143453475
0.0031171542608449485
0.0030684530821822515
0.0020394431388338526
0.002701070672255336
0.004252958140675086
0.003917928919997164
0.002244904202759537
0.0008383942134773561
0.0009636816747725661
0.002351247451007093
0.0021649667094466333
0.0007273370851182426
0.0005163805071250843
0.001495495240895343
0.0010211432918959063
-0.001157237464825762
-0.00117066157554172
-0.00021131530290078863
-0.0010556714299504498
-0.0014937745971085733
-0.0012928999110681171
-0.0012135698676300631
-0.0006394577590091067
-0.0011974424040558222
-0.0035116533503061487
-0.003952423240837915
-0.001591644279304994
-0.0007782972164492724
-0.0017651753075535158
-0.0018515629711022814
-0.001678037777823804
-0.0016027709177368643
-0.0014797222969002185
-0.0018346741484882554
-0.0016949994338817912
-0.0005356298269974293
-0.000388325363099181
-0.0017925786804483539
-0.0023706656682444768
-0.0020794427083043444
-0.002276105317623995
-0.0023606339757327724
-0.001984171623090251
-0.001463075865906001
-0.0012934920734313097
-0.001466488737533813
-0.001176506851868148
-0.000762044172281629
-0.0006835589825962603
-0.000688892682455409
-0.00034705249766842214
0.0005586555012839604
0.0009488961784034349
0.0003998225989182863
-0.00021042876496398771
-0.00032308100948453194
0.0003256982301363846
0.0008420369454857999
0.00040118862483993014
-0.00013819358142254091
-0.00011378971429049351
0.00010669367738130935
0.00022009632199473142
0.0007650019928639671
0.0014823074507644455
0.0014489690019987896
0.0012454012938778393
0.001231373753751338
0.0010786977516820866
0.0012113888204544473
0.00154616057788638
0.0013981402770519196
0.001046581526234469
0.0012558176530333873
0.0016738058103434443
0.001873545823626266
0.0022028780621409076
0.0022187388785197765
0.0016872671709437948
0.0013805433263283145
0.0014583853890921279
0.0017148861362688392
0.0021372311902496033
0.0023532504321261893
0.0020637454905212283
0.0017948412644512451
0.0018768565577956973
0.001798389061482169
0.0017610708080508207
0.002296644853763148
0.0026751058539517605
0.002116681655213087
0.001127796114062436
0.0006189637638063557
0.0007709337300190618
0.0011053428010343526
0.001139462506304688
0.0008856790334027123
0.0006511678764056676
0.0005071151277570472
0.0004413128793531199
0.00041819499786710724
9.970477046688514e-05
-0.0006103265981126328
-0.0011148930938623498
-0.0010850780360797396
-0.000922947715909879
-0.0008972893527009549
-0.001004727977716781
-0.001297025966881197
-0.0016160349260774696
-0.00178102300301999
-0.00206022741972522
-0.002622684603584301
-0.0030410295403842254
-0.002927454723461761
-0.0025263824096101845
-0.002340432018513599
-0.002463127075848264
-0.0025939016048482245
-0.0024529579462383598
-0.0021339853112878975
-0.0019482188748408502
-0.0018360233734788039
-0.0017551278102595274
-0.0018753117266577782
-0.0019126160948095962
-0.0016490482081122741
-0.001492579130025873
-0.001670247453866015
-0.0017361362796796485
-0.0014531525664239423
-0.0012250010828186754
-0.0011316007972694553
-0.0007729922346368809
-0.00012147123488702705
0.00036683632616807545
0.0004102953639516837
0.00023498296791729762
0.00014802624108526102
0.00031160975854062004
0.0008704237358878306
0.001616032707416364
0.001890348431336087
0.0014147521387465735
0.0008259323665938882
0.0008791734070615483
0.0015085707339211015
0.002101847698836234
0.002180804062147459
0.00179630875887262
0.0014764874403445421
0.0015530612166185925
0.0017796805682791614
0.0017348571515098609
0.0015166233036177457
0.0016303128765022725
0.0021152382095473454
0.00248794920355826
0.0024059438396237926
0.0020494077176006578
0.00182653715059063
0.0016393815267839768
0.0011495471145475452
0.0007672160192478377
0.000983734055058434
0.0012646347662028652
0.0010505621422099356
0.0006459994621685533
0.00035931727025956137
0.00015472685947977999
0.00015834324277122708
0.00046084703128394555
0.0007689796359569701
0.000775068241660486
0.0005046029856562345
0.00010467198957457556
-0.00025851059333774953
-0.00026873894298736596
8.020538166216115e-05
0.00030092465501132637
0.00014509884275695382
-0.00022411562280667704
-0.000648450514753342
-0.0010731475551110233
-0.0014068686861458464
-0.0014883057044460602
-0.001261886752855629
-0.0009785346741484804
-0.001085095679752495
-0.0015310320469677705
-0.0016933686982408
-0.0014667988499230354
-0.0013793736462108194
-0.0014783335702899334
-0.0013047329745334377
-0.0009446942509269278
-0.000986724289765183
-0.001474479448064615
-0.0019199549729721989
-0.002006363126369011
-0.0017255890269424336
-0.0013547667011779615
-0.0012385705030027263
-0.001371947628803819
-0.0014092235186289972
-0.0012086986488269254
-0.0010849706462581492
-0.0011634507302054448
-0.001228278005930333
-0.0012939319629941242
-0.001392131745578825
-0.0012701739152334828
-0.0009180745294754704
-0.0007482891503162364
-0.0008414941640777144
-0.0008861541826086408
-0.0007381920892654094
-0.0003378734429419676
3.7354167195647384e-05
1.3482921407473063e-05
-4.9618827398588566e-05
0.0001224149914590042
8.039769419716839e-05
-0.00028199619799637154
-0.00038173356847253005
0.0001456386754405705
0.001042468534485647
0.0017173434515377042
0.0017161811694006626
0.001271985443661358
0.0010867228088230609
0.0014057016073195973
0.0018496496747133586
0.00198930090003913
0.0016854952030420129
0.001278015746369361
0.0012751081178092648
0.0016571102977380148
0.0019338398712693057
0.0017676226677148866
0.0013579536811510772
0.0012009393229765904
0.001359296667916406
0.001387040526409439
0.0012301537960153599
0.0011870046118482994
0.0012042570493246362
0.001185645290436321
0.0011112275788756453
0.0009430853524640831
0.0008644858556658477
0.0009041789124060618
0.000760013800779936
0.0003740931807039872
5.7063450962666284e-05
2.7980444763401242e-05
0.00014994641566600122
0.0001878259323989942
0.00011651751333321418
-6.550607165593915e-05
-0.0004056171422646537
-0.0007313809883551635
-0.0007874827292023084
-0.0006814050159804232
-0.0007960254237407988
-0.00119993647353997
-0.001509908833446243
-0.0015118844433497825
-0.00153952480610312
-0.0018598559829967718
-0.0022386431527329745
-0.002376370832848375
-0.0022559959339578375
-0.0020322078727751194
-0.0018102014716807942
-0.0015764514665702653
-0.0012660812912065156
-0.001025208723023868
-0.0011769309675364933
-0.0016071146356028477
-0.0017692178665126544
-0.0015125142219985402
-0.0013121269802037427
-0.001475614601923401
-0.0017350150576851125
-0.0017412868809548016
-0.0015106419022998846
-0.0012578671232010986
-0.000970465808559611
-0.0006276803094567488
-0.00037308522673825236
-0.00021371289032690336
-0.0001532526614583292
-0.0002676861479624255
-0.0004913701778104971
-0.0006344618120616782
-0.0005495380362968242
-0.0002879122005584754
-4.46925710951308e-05
0.0001034953800042913
0.00018840848799138657
0.00017415440462269436
0.00017816545395770122
0.0004830961920635264
0.0010463052327737826
0.0015091374598178926
0.0016926819166869628
0.0016555151987584118
0.0014429825731805772
0.001199153537453685
0.0012485155261162352
0.0015916509438549974
0.0018191445643976228
0.0017020999292533727
0.0012444179961864485
0.000631125763028589
0.00035237441563434603
0.0006784088173168708
0.001156688011939284
0.0010733580079883565
0.0004445747427864376
6.792096514288524e-05
0.00033274747079739287
0.0006622232690587821
0.00046336824511262586
5.1491022546740705e-05
3.0035335892333105e-05
0.0003428275493900037
0.0006283640716679206
0.0007556653362686325
0.0007150553591513874
0.00044508577756421046
-7.802304329425931e-05
-0.0005809671536430061
-0.0006876478230147472
-0.0003687932801280128
0.00014464540051395107
0.0005241269710851837
0.0003583845609909603
-0.0002956592649494815
-0.0007826882401372275
-0.0007187202680003628
-0.0002975346013916575
-3.9654380475152415e-06
-0.00023404112284493888
-0.0007823750092198053
-0.0010609301615205201
-0.00106181703476822
