0.0
0.0
0.0
0.0
0.0
0.0
0.0
0.0
0.0
0.0
0.0
0.0
0.0
0.0
0.0
0.0
0.0
0.0
0.0
0.0
0.0
0.0
0.0
0.0
0.0
0.0
0.0
0.0
0.0
0.0
0.0
0.0
0.0
0.0
0.0
0.0
0.0
0.0
0.0
0.0
0.0
0.0
0.0
0.0
0.0
0.0
0.0
0.0
0.0
0.0
0.0
0.0
0.0
0.0
0.0
0.0
0.0
0.0
0.0
0.0
0.0
0.0
0.0
0.0
0.0
0.0
0.0
0.0
0.0
0.0
0.0
0.0
0.0
0.0
0.0
0.0
0.0
0.0
0.0
0.0
0.0
0.0
0.0
0.0
0.0
0.0
0.0
0.0
0.0
0.0
0.0
0.0
0.0
0.0
0.0
0.0
0.0
0.0
0.0
0.0
0.0
0.0
0.0
0.0
0.0
0.0
0.0
0.0
0.0
0.0
0.0
0.0
0.0
0.0
0.0
0.0
0.0
0.0
0.0
0.0
0.0
0.0
0.0
0.0
0.0
0.0
0.0
0.0
0.0
0.0
0.0
0.0
0.0
0.0
0.0
0.0
0.0
0.0
0.0
0.0
0.0
0.0
0.0
0.0
0.0
0.0
0.0
0.0
0.0
0.0
0.0
0.0
0.0
0.0
0.0
0.0
0.0
0.0
0.0
0.0
0.0
0.0
0.0
0.0
0.0
0.0
0.0
0.0
0.0
0.0
0.0
0.0
0.0
0.0
0.0
0.0
0.0
0.0
0.0
0.0
0.0
0.0
0.0
0.0
0.0
0.0
0.0
0.0
0.0
0.0
0.0
0.0
0.0
0.0
0.0
0.0
0.0
0.0
0.0
0.0
0.0
0.0
0.0
0.0
0.0
0.0
0.0
0.0
0.0
0.0
0.0
0.0
0.0
0.0
0.0
0.0
0.0
0.0
0.0
0.0
0.0
0.0
0.0
0.0
0.0
0.0
0.0
0.0
0.0
0.0
0.0
0.0
0.0
0.0
0.0
0.0
0.0
0.0
0.0
0.0
0.0
8.519893484463269e-08
2.0410135428864196e-07
1.4394604144093864e-07
-1.4849506336002788e-08
5.900951337069645e-07
6.374665590724456e-06
1.3229536954139628e-05
9.080300812990742e-06
1.8533028450160434e-07
-2.0533982416437556e-06
-9.570874767451419e-07
-2.3883143013478933e-07
1.7561986572749243e-07
4.2551417798119276e-07
5.86564695520229e-07
6.786792603575196e-07
7.18181193721518e-07
5.694422428796485e-07
2.7501300604010747e-06
1.0850614786840712e-05
1.4656905441431878e-05
6.0099795389410715e-06
-1.929097169834639e-06
-1.996536052322787e-06
3.061961720033659e-06
1.3266861763345045e-05
3.8688173252454144e-05
8.085995940006088e-05
0.00011018891336175344
0.0001035114779031181
6.946766397462557e-05
3.2334827691466274e-05
4.358118283233651e-05
0.00010561824565355429
0.00020909082339220383
0.0004699304598760492
0.0008295122789525178
0.0010068171790374952
0.0012406082608616854
0.0020202461511584827
0.0032959175611770616
0.004544133295747076
0.0048872193017626886
0.004254746875102521
0.003666320954683038
0.0036239308001263636
0.0036361050041065213
0.0033433393709345516
0.0030386175930464067
0.0028230355692707354
0.002462862336796264
0.0022507996851473516
0.002840311591706197
0.004280114339102246
0.006027473386003542
0.007144519426882468
0.006690627248253895
0.005478081968322388
0.005205089345894557
0.006030798440654066
0.006636300790493288
0.006076242135902761
0.00512956217793956
0.004274453602758082
0.003241793209270501
0.0025994123442331825
0.002284094536924442
0.002232813106875442
0.003056067865145895
0.0036297774080703356
0.002742713464497345
0.001829879118426835
0.00305885041591245
0.005130936077884376
0.0047906162984703285
0.0035529586114723855
0.003468672761730223
0.00392619097838424
0.006652992726654129
0.011720829876131964
0.015065257582424538
0.015020915717615699
0.01364280235733336
0.014054230118780781
0.015819511527253208
0.015698639878470148
0.013298923362366712
0.008619944911968136
0.003698113150115953
0.001723412399326812
-6.348867543932655e-05
-0.0035726666442839764
-0.006464317912878207
-0.009900138647069155
-0.013603125585489541
-0.014513698215748591
-0.011256420885339636
-0.00729677958570815
-0.01019534493175385
-0.015636287454597678
-0.014058237151419257
-0.00975058998119554
-0.008005645996043018
-0.009633612544543606
-0.012734336746446731
-0.011684391858723293
-0.009697662090977388
-0.00960470063319681
-0.011451553768647631
-0.015372816429879333
-0.016402639862071047
-0.0147746115732173
-0.01380082030646576
-0.014396979837662667
-0.01751801746112039
-0.018309228873568506
-0.015376829299672561
-0.01363999873541302
-0.012217429041368631
-0.011902923843651617
-0.016464528196414314
-0.027929875634166004
-0.03969371660263712
-0.04074011955216054
-0.032735983527169506
-0.02359501583254253
-0.01477644129836028
-0.007166525133674835
-0.005040035693486031
-0.00802958483647989
-0.012536506739557357
-0.015160114577306545
-0.00998271060683412
-0.0002488264644080631
0.0029274630715992117
0.002392439962630085
0.006152095835377133
0.013616647349894479
0.019038949246235077
0.020490047713721985
0.022653699492310452
0.030066020566425437
0.03728530890862557
0.043524384516461685
0.049527964768236496
0.048282873033893184
0.047816606230796414
0.05634815687419955
0.0679868754458686
0.07421862590924505
0.07219597917811335
0.06574908702932446
0.059183799629331194
0.05175245347362378
0.04245300838485947
0.0363135156699369
0.03820487859412465
0.04476327269089029
0.0467668576008263
0.0437231606894265
0.04404491215930426
0.044909451510934846
0.04051091082294484
0.0353777800327411
0.03546612212869034
0.03899830669359459
0.04012074876561979
0.04069081784280576
0.0455244222496414
0.05428365941705442
0.06676985846219914
0.0787042603111177
0.07947587711714006
0.07393018184831425
0.07470436584045512
0.08139415115745924
0.08668026743669745
0.08693659509451525
0.08277565721410171
0.07378167776938475
0.05901719636986237
0.04067356096896369
0.027412848971265075
0.02517090460457652
0.02628920553175094
0.023039342008743212
0.017587140290015693
0.020876220084088418
0.03727693938113579
0.05447456988920571
0.06534303114161473
0.0708173150790834
0.0719342368847876
0.07357452832248211
0.07392216128002238
0.0632763976740265
0.03765631575728759
0.012872171897323481
0.00659351213907233
0.005233359996536679
-0.013838235422656104
-0.040357005304817034
-0.04613399474337026
-0.0310914041496122
-0.01480628312829147
-0.0052095386864822475
-0.004036219313613642
-0.010983909166431272
-0.01463981125000807
-0.006419157283067946
0.0013067281358263546
-0.010813196913215488
-0.032328294172675465
-0.04438359760540438
-0.04937140578358608
-0.05876638999205211
-0.07935817671307906
-0.09848638532290019
-0.10416814609119232
-0.10224811149426605
-0.09988304891589245
-0.10711973537182906
-0.12192579031977263
-0.12320210442130852
-0.11267521641941347
-0.10396580261813405
-0.10103974733549256
-0.10854485725058459
-0.11664416762087015
-0.1107678312799394
-0.09966209553488947
-0.10949410430187545
-0.1411558374750804
-0.16402423205593347
-0.1668101127360849
-0.1624378350842476
-0.1641734792628812
-0.1816667195784018
-0.20902483437600053
-0.22422625679660735
-0.21542429349532521
-0.1916053146370801
-0.17894836152384483
-0.1883073805502503
-0.193821796656055
-0.17529663087896363
-0.1538404586134378
-0.15473133773918374
-0.16937468174864886
-0.1738866284168564
-0.16234972177538876
-0.14889813773272056
-0.15167067489841746
-0.1684407057338805
-0.18066249499416634
-0.18221328291532524
-0.1770777499053992
-0.1721166331015029
-0.17009534734313805
-0.16123931710254513
-0.14673884544736487
-0.14007477959745165
-0.13890570549333447
-0.13318426098120453
-0.11638378558501422
-0.09359607284948292
-0.07810137454700113
-0.07903015906645192
-0.09113658768469131
-0.10300166848592653
-0.11845054843923292
-0.1320607582313076
-0.1325324153128815
-0.12589090627926053
-0.1261331027213075
-0.129968122540326
-0.1188809219486819
-0.10542869969101051
-0.10346106354504164
-0.09408885189610978
-0.07540637298748327
-0.06041329441736421
-0.052142441367027365
-0.051465225996141964
-0.04554011630753639
-0.035478790432872054
-0.0334502656488524
-0.026958712135905522
-0.015062914996074175
-0.005503588467850487
0.004235760193443929
0.009075357668610867
0.004467997754237883
-0.011094752311149094
-0.027282387318607798
-0.025315796265962854
-0.0065517381128006235
0.006352658480337406
-0.0034228791596869375
-0.018050672023077897
-0.005033181618290419
0.028485265282483567
0.04855034642189295
0.04669364210252198
0.043020600502814824
0.04427136081050781
0.045336973698557485
0.053295302400119635
0.0536176966779661
0.04406796601335913
0.05099922311725891
0.06681714887654565
0.07911431550789597
0.08981897129179389
0.10688122211482523
0.14420633248321818
0.1776500488306331
0.17798845911136885
0.15797689331709902
0.14321200732042505
0.1516916343586378
0.16662925089185343
0.1656765929036009
0.1621645684447899
0.16252559889957585
0.16092906864458642
0.15930018521801392
0.16285539471504532
0.17885648494442383
0.19359394145141734
0.18964703440535371
0.18510193154640475
0.20024682378474223
0.222577590713629
0.2215940976968877
0.19686492650328197
0.1879164794361756
0.21012943840864484
0.23988700592483575
0.2545006869724019
0.25289862462974083
0.24980780520403717
0.25121789064878397
0.2493812589612827
0.23977684715789513
0.2253185774155281
0.21495699084374278
0.22723290430634652
0.2560565805479533
0.2674200891255731
0.2484931451790479
0.21310607414926655
0.19053887926555957
0.18798322737346346
0.17864332648836287
0.15446254186418368
0.13042002179067452
0.1284467990707744
0.15460976191636766
0.16559861947728433
0.14557405558310774
0.13356190493106804
0.13616328076151327
0.13641773442466273
0.13674813521320567
0.15449018853694266
0.16875496498550807
0.13955093453129852
0.08849243652863754
0.056221119432127556
0.046938940819086575
0.04927555686395552
0.0446003298558932
0.027974111546957538
0.01544653201463735
0.012250134627113565
0.013148495654111192
0.0032583080129682906
-0.009942858273294407
-0.009349631265467544
-0.012759016445190561
-0.03544358585412159
-0.07946934479402402
-0.1227542056247875
-0.1318068976089806
-0.10837468795958695
-0.08420030443210261
-0.08979755545551803
-0.11618363550451334
-0.12845349398841416
-0.12405740416229324
-0.12459668334013808
-0.12755546990392805
-0.12281029877026994
-0.11928862245978875
-0.12124795093834671
-0.11781871310176696
-0.12078682545872167
-0.14261288264388597
-0.16647182813348174
-0.17515788545498606
-0.16568841847884294
-0.1447307626357
-0.12808463057443065
-0.13404302139065233
-0.1447969503286864
-0.12967282340763753
-0.11396697671266742
-0.14039513222907737
-0.18153242560002836
-0.1749182132833182
-0.1326671135845331
-0.12057428174475623
-0.13274840405531796
-0.1153647059464429
-0.0779414346712807
-0.07453156423508367
-0.10601675687410464
-0.11825269313801288
-0.09453542411592235
-0.06521620714368562
-0.04702662558483183
-0.03132928896825738
-0.025426645820191267
-0.031320046219297314
-0.04028167863380608
-0.05575889306130872
-0.05581401364378112
-0.02473223844544657
0.007818851914074745
0.012635490471649505
-0.006414045795505568
-0.01816101624318574
-0.027442545082999956
-0.05975959628695649
-0.08588206631853511
-0.08364610047159939
-0.058684854839414366
-0.01587561852471867
0.01562149741036806
0.012550110888266047
-0.006460048176378699
-0.010859609062495591
0.015711853628932248
0.05650399143731591
0.07496689012111
0.06838682198764652
0.058020311246456346
0.057656491863208995
0.06388579994523658
0.05987437428507171
0.038961945450682885
0.006454679830428606
-0.017568333493200795
-0.017317056527180325
-0.007641186671651136
-0.004094597126790953
-0.0014617077517968572
0.008486451253554524
0.02004104481608959
0.02683871738496919
0.03712693035398372
0.0564417021284529
0.08127394755776318
0.09756226245351322
0.08997297578288042
0.08115170846931323
0.10026939653251095
0.12497780786190905
0.1280921223558666
0.13373511096331425
0.1616369112531512
0.17923415525977307
0.15590975967926834
0.10773789250292018
0.07576568915002187
0.07928387821650709
0.09974129658180196
0.10506447103637473
0.0885591650953087
0.07287588653914111
0.08607866929955717
0.11990544457556732
0.1346530772653667
0.12101142740347724
0.09966630065866112
0.11999124855271473
0.17896152277153318
0.2021739461106619
0.18034267368378612
0.15274470480314317
0.14175889603823302
0.1492642346097952
0.14833017090939937
0.1307356205153303
0.1236228726522743
0.1255210319512651
0.12892672094866559
0.13173254210172858
0.11463100668269703
0.09288775415023333
0.09909993479848511
0.11959873761428731
0.11345402061051546
0.07672893620275215
0.04559308755637728
0.04063813868521604
0.044019314221642285
0.0389770501989337
0.027122118883299726
0.007627381220757821
0.005389465130906622
0.0447944886162317
0.08092080059041772
0.07655751035234064
0.048832626924232334
0.023126857873002477
0.014178658929517121
0.02292003967469043
0.04750822289428932
0.06265690791702061
0.05013586481100627
0.03496628778588696
0.026220156869849395
0.012614771957373674
0.0054851807550051635
0.004534154175204811
-0.005912102292145717
-0.017501613772069755
-0.014507494534838997
-0.006250246277050035
-0.011159648496958097
-0.028200796110964488
-0.03724915100935407
-0.022189698302160395
-0.005436267170231379
-0.009119112019656055
-0.01923384773706777
-0.02180010641722896
-0.01859141419487247
-0.009729532557496739
-0.005156122150499975
-0.0180154780668051
-0.034229027149095745
-0.03689560034337334
-0.022446131881921513
-0.013149170214198647
-0.03443493895988447
-0.07169397573339778
-0.08925097548651413
-0.08239345128934282
-0.08411252757897672
-0.10380882101300747
-0.12405443646606239
-0.13498811400054975
-0.14064733192555934
-0.15185792591328162
-0.17145720956515106
-0.1875878501787648
-0.18262232926881264
-0.15642515316350433
-0.13916570334078301
-0.14273057479675294
-0.14085273584508987
-0.12663763964371616
-0.1236803546399506
-0.13844617768428755
-0.15555368262856353
-0.18193229015077433
-0.21153795440802234
-0.21828960069340508
-0.2119837498212663
-0.2181507055371586
-0.22582869956216792
-0.2121957312722204
-0.19715126261500016
-0.19317530525568635
-0.18449005779589278
-0.1744309449481435
-0.17581698650426714
-0.18074308393415087
-0.1723582817854425
-0.15846069949231306
-0.15585903544150614
-0.16022286930472077
-0.145948980685505
-0.10930886827566952
-0.08329354686163588
-0.07864836614108073
-0.08115611126944393
-0.0760574436354087
-0.05724256047677438
-0.03823922429397013
-0.028989447321313134
-0.028173795864464404
-0.025586926925688758
-0.0055398619659494325
0.031495421219187136
0.06711376348531667
0.09019038644267999
0.10087771445455099
0.0942344499787977
0.08431959658348447
0.08779464699414836
0.09281862920506523
0.091125216497155
0.08008524099948572
0.07154405543221713
0.08368071880141725
0.10455265481487097
0.11995063762326832
0.13542296476509533
0.15216819819973054
0.1579156894562217
0.15706202270822886
0.16536651666612473
0.18705420410462076
0.20514486193109827
0.19696013288737513
0.17789035733076244
0.16603747565433716
0.15384441193407575
0.1420093752972853
0.13401686667127602
0.12790813987972166
0.12297860256026308
0.12516640749672553
0.1366903801682496
0.13629908596167406
0.11642851027056375
0.09910952106926992
0.09429902257417087
0.08526201549981756
0.06736840872435304
0.052605492127501555
0.048249365289727675
0.06391846567885545
0.08911252012273575
0.09370473326001287
0.07192430864678562
0.046694877365561334
0.03436363831523282
0.04024300866068955
0.05235095236497345
0.04553419049907283
0.018720854534625124
-0.007145415166344986
-0.015367414607034424
-0.016545162182495857
-0.027397517283904094
-0.03265441312934083
-0.030330786886412813
-0.040254483987739745
-0.05058474813626876
-0.058482286256109454
-0.07648400263641279
-0.08798230382812235
-0.08157847291375758
-0.08288750898807969
-0.10267623224745007
-0.11299509138290333
-0.10284581008202845
-0.09071565753690898
-0.09030678867513509
-0.08699470310080432
-0.07812351531035985
-0.08402826472225793
-0.09514193311275065
-0.08406717932024144
-0.06408201569553991
-0.0691114179295186
-0.09165985929460402
-0.10711546484661283
-0.11056488952295201
-0.10606864185422762
-0.09424449395016919
-0.09200990741647407
-0.11159883461959658
-0.12262683400880305
-0.10674497036250773
-0.09078504045704971
-0.09301983876603553
-0.09291173387146201
-0.07917899729289885
-0.07289215931610703
-0.07859065476541013
-0.07303543448329568
-0.06021996792843602
-0.06361082952448568
-0.07396312038312358
-0.06720907694391279
-0.04431018563197921
-0.028303233697047722
-0.027789177064538734
-0.03301352616523582
-0.03382672362993426
-0.030576426023997072
-0.03358278165701863
-0.04701513742855599
-0.059839841539538044
-0.049840384114212766
-0.027043135352235546
-0.026463632923547642
-0.046554488260236664
-0.055482494659185366
-0.037049868203951425
-0.013568449448494318
-0.010854032210640786
-0.014835440345195143
-0.0016971776778523543
0.016387724070723426
0.01977239061336144
0.012507026612253207
-0.001807127449942197
-0.016567104069519143
-0.01322572862842538
0.010736496223272789
0.03885148218168583
0.05167669493399863
0.04392548387151394
0.026853465166503335
0.008582529672554521
-0.0029583058153436624
-0.006768797370102366
-0.009933629527064865
-0.006837517936238334
0.0038071381691648885
0.009487323599696233
0.004663125824252055
-0.0016158058554904488
-0.0037620786789735977
-0.005539271111658334
-0.004053660055959145
0.004092754763243551
0.012208762620045705
0.015341731202369766
0.016254315656274023
0.010973871369651084
-0.0012865493096819091
-0.008968160317802695
-0.006282390926852494
0.0032205965831160767
0.008109952157426298
0.0031160741758307804
-0.004147649270966989
-0.015628967993353112
-0.03350633542625772
-0.04011417572749081
-0.025959338759907385
-0.007403410732220699
-0.0017233502075183838
-0.012052444140421366
-0.02716646200978112
-0.031548758542573316
-0.024661936109121978
-0.016858715888579966
-0.014576659150800962
-0.012927718301051291
-0.003335761500773933
0.008536481027694625
0.013075623322997892
0.0071124297476091855
-0.002444889293817615
-0.0036215440516449864
0.0012927629857054422
0.0021382617235776243
-0.005526348478275611
-0.01640483144633352
-0.021521700783275127
-0.018193226087442955
-0.011614895733416867
-0.0018040855470596734
0.011142349142580438
0.017979386334711685
0.017484780442554398
0.008282123292904429
-0.007672453630891145
-0.014402928783613942
-0.00613813994588264
0.007664771197115372
0.01673008735575755
0.01675525865266095
0.013435430748421904
0.017169932817039258
0.026639169412810214
0.03137904257513305
0.030801191264373334
0.028397021379598302
0.023689703752992248
0.014523556663390657
0.0032971998716629144
5.989968966074715e-05
0.006066031766697593
0.011557397751622334
0.009569521456277432
0.007414070674774504
0.011613608647650207
0.014835110428022429
0.017259882481093915
0.02050264087423672
0.01787934381901356
0.017301211244716543
0.027898199134689914
0.03634220611621761
0.03226574382013714
0.024077805296703843
0.02132999563559232
0.019541632681791266
0.013434287375468928
0.00898759699607512
0.009360346219866223
0.00907047605805497
0.005984850005851794
0.005135129616568471
0.006643249494777105
0.011141264095256993
0.01875448142601396
0.020969927392564806
0.014112702190638116
0.0047832661922402025
-0.0007353854906243449
-0.003935243190925215
-0.005157430838277004
0.0006608742191308178
0.010875005252085785
0.015934765107124684
0.01367162610241333
0.01014873205404711
0.012363234097871134
0.016172828083917318
0.012876164741925218
0.007321775145597301
0.0034416109735214383
-0.0031480456258802803
-0.01037533038922379
-0.016800163118715735
-0.02113027056035565
-0.015710845534010906
-0.0033629138614029567
0.0018914882075855514
-0.0016394778992477777
-0.004083502223667296
-0.004182054222554161
-0.005599111292993186
-0.008543915493678611
-0.007748524477234304
0.0016270334539881521
0.012828780648887124
0.016613837839578805
0.012375799265066779
0.00408746286864534
-0.004530671103589151
-0.008882247958321899
-0.005589339397913375
0.0030906298476323884
0.009501548990219537
0.008907463855758314
0.0036161121398591953
-0.001286905683038552
4.998531385026951e-06
0.007089869357622754
0.014358367628337426
0.016534695754441178
0.010997160401774635
0.0019442587848129494
-0.0018870439761265196
0.004211942801708609
0.013558542616620541
0.020161692083763397
0.027131233097103614
0.031172792558377634
0.027501868543865327
0.023089610655834272
0.019321656592015728
0.012151314058440879
0.009550935528422717
0.015721260506126045
0.020151674721163804
0.016316218329504913
0.009952452288720546
0.006427168410327234
0.005506042249147262
0.008093515354040553
0.013301342348718756
0.014915082723348256
0.0113913906981391
0.009529089868317261
0.01071305335975272
0.012482622059130293
0.015475507740869596
0.01688328845764357
0.015517474854399567
0.015552960310747948
0.017925700780572786
0.017188419606429896
0.009278252944160648
0.0004638520196069509
-0.0012287070166830682
0.0030012211395690955
0.009873165197295303
0.012418841107920684
0.0070672172479425465
0.0017344916901969037
0.0005050758329479875
0.00045951847470262857
-0.0006229867023861054
-0.0007690300471527204
0.0033632328420498737
0.008089661500804384
0.006275522406912469
0.001982006931614571
0.0028260410867810746
0.0050713235386707495
0.004369762790268885
0.0044027131502509306
0.00838633984109366
0.012179340117975248
0.010104411147871422
0.003627738804005569
-0.0008794847454794745
0.00014120637473988032
0.004717308249109505
0.007578354371645578
0.005796984331263822
0.00311036014613851
0.0014034330373257648
-0.0006248233508423775
-0.0009006804974063652
-0.0002152994042408836
0.0007123517297868695
0.005001873943384942
0.00929904983334742
0.00934558467149809
0.008039413077746334
0.007936751668380234
0.010299482586710753
0.014574245084635751
0.01685465299487965
0.015366043274608679
0.011637042971519284
0.009046529351420756
0.007670639024286717
0.006379199815369808
0.0073451485338470205
0.009382212243598942
0.010230006759319782
0.009750425217602592
0.007516243229655996
0.005326288278159013
0.006445503394716546
0.009006970110110495
0.009858016286710942
0.01048409745608869
0.011524132215473845
0.012221316054662134
0.01200759686547471
0.010753017128265098
0.011027535885878459
0.01203646345745451
0.011355664481291343
0.011111146003012115
0.011177590360709174
0.011480315030521259
0.01275363556069486
0.011476798839099241
0.007987916143074222
0.006974756192904117
0.008154979130814125
0.008292321678504778
0.007810406547492968
0.006606517146408411
0.003819336954550293
0.0019709977229143173
0.001197169259110954
0.0016269058038606353
0.004989820361538087
0.008496817984399578
0.00905023808147135
0.00806747124924589
0.006272815186176578
0.0038844883057150875
0.0036412882267071395
0.006147442059361225
0.007603020665023673
0.005650123991353903
0.0035511663248947328
0.00223548429496261
-0.000819050687464332
-0.003403577696358826
-0.0020593961170095876
0.0005969264286032521
0.0010369032109459673
-0.0002429547961133052
-0.0022927941871217455
-0.004007993695986823
-0.003699101528397644
-0.002025753216292249
-0.0005857447976730095
0.00028408423927033015
3.376580798586829e-05
-0.0015856112827776837
-0.0023286144773179323
-0.0014282823206579619
-0.0012380675717518373
-0.001448485636286421
-0.0010357980984818126
-0.00015351476302201734
0.0007617373803084169
0.00022106443606033724
-0.0007212566174329951
-0.0009138832407191121
-0.0019099919585346557
-0.0029526006229615744
-0.002291743026718822
-0.001812428944664691
-0.002497171103935464
-0.002498128079263103
-0.002357390977958247
-0.0024522777170136426
-0.0015221799224678274
0.0005147511047980345
0.0024257641619917203
0.0029423306542356253
0.003212580327988607
0.004173118069575255
0.004203583267114177
0.002405545232053117
0.0015809382322851302
0.0033210755791807825
0.004589456123569619
0.004558381209187973
0.004201753719788219
0.003086230836463344
0.0019892076930091472
0.001361136243313462
0.0012873468219902306
0.0028509601367452306
0.004402307536433187
0.0036315577261089448
0.002264411763155399
0.0022641190549069425
0.0023069250064056152
0.0018163708054203295
0.0025131785156385614
0.0034461950734981763
0.0030175044213936546
0.0023312509280318653
0.00218327624052245
0.002016144892467772
0.0017405949121981179
0.0016877920356032428
0.0019227258169692847
0.002139143232057278
0.0020220874062822757
0.0013065382877045695
-0.00034026849747652863
-0.0019462090815876008
-0.002632598951749112
-0.0027299860995171027
-0.0027945120328586046
-0.0030416420671165794
-0.00343646152033607
-0.003411455024870155
-0.002793383870614542
-0.002911155494520287
-0.003662612007033864
-0.003475868274753459
-0.002682114252128709
-0.0026921495266690344
-0.003287760403511814
-0.003163021109336135
-0.0026991647236854293
-0.0034769206313646165
-0.004919839387781269
-0.004823151674009487
-0.0035340637071556587
-0.0034339105739194654
-0.004067050625171708
-0.004217816691115346
-0.004826456413294175
-0.005275592480012198
-0.004733143572951172
-0.0040501004426739505
-0.003416083250810716
-0.0031420259185009395
-0.0034590947151888368
-0.0036657161699516685
-0.00366338812940992
-0.00357478597849076
-0.003117934449557518
-0.0025167475281354748
-0.0017881161787532429
-0.0011840193162257547
-0.0011280690885093648
-0.0009090593997410275
-0.00038877079737853487
-0.0002550938232910746
-0.00013877135160936824
0.0004901567106882801
0.0006072818652658066
6.723955990710027e-05
0.0001972854352825364
-5.5901332874599134e-05
-0.0008409025594598466
-0.0002212831842588338
0.0007747087138262055
0.0007393894451064426
0.0007195743448489451
0.0012481083846837056
0.0016912568663425762
0.0018554096346402116
0.0018518674752247032
0.0019332997403740586
0.002220458726810456
0.0026251116193682115
0.0027308093644731277
0.0025202255247634983
0.0024947848059720217
0.0023594349288212336
0.0017994985856115055
0.0013965100423005215
0.0016345128003042743
0.0019074029096264051
0.0016217604756162526
0.0014018026924437093
0.0012541100296913315
0.0005923143435430316
0.00030517743643806636
0.0006614155673061297
0.0007729981860194232
0.0005550193247087892
0.00019867738555810223
-0.00017207546647903725
-0.00039103307187978424
-0.0006532666875821684
-0.00078352719391722
-0.0006952320701578483
-0.0007784131015909386
-0.0008424864001707114
-0.0009420364790135273
-0.0013881498837915944
-0.0017412393629529853
-0.0018367710797812969
-0.002073519763339658
-0.002432075996786936
-0.0026356989625877314
-0.0028804898488632605
-0.003287150212186623
-0.003440248737289048
-0.003601518310645647
-0.003902016831063604
-0.003807974728804115
-0.0036617584833734027
-0.003779465897245841
-0.0037479378174356892
-0.0035403098408873282
-0.003459710358353699
-0.0036361540706583506
-0.0037077567424842186
-0.003453925683717954
-0.0033854469429086802
-0.0033081607947917095
-0.0029325204427631314
-0.002901349796204854
-0.003112892957824671
-0.003007283825115482
-0.002801619199455748
-0.0026549512819783903
-0.00235512873007674
-0.0020763221935254633
-0.0020422135258441987
-0.0019777596238694122
-0.0018455760330056156
-0.0018764832284052539
-0.0016257782597413962
-0.0010316413866679052
-0.000825235671963206
-0.0008466818796172411
-0.0006355144109001845
-0.00038502975014356066
-0.00014323607157495693
0.00015576613236653632
0.00047710222835834653
0.0007192487839999662
0.0008416210216326468
0.0010243267103935212
0.0011518136638044687
0.001196618732758037
0.0013037952735808858
0.0013626834164734115
0.0013699120180232403
0.0013743242686632007
0.0013361763071456727
0.0013259862939523051
0.0013589345555878338
0.0013717222338018949
0.0013892925396881222
0.0013683588674229686
0.0013372670501611325
0.001389986286450818
0.0014637960429751177
0.001417067768870347
0.001236085731983902
0.0010875782763922189
0.0009735402479322206
0.0008192161211646395
0.0007355377996715644
0.0006105320401590595
0.0004612501206771896
0.0003803754298553191
6.81537831031299e-05
-0.00035251423783508247
-0.00046212157696645987
-0.0004286913649195757
-0.0005686805592348552
-0.0008232272979620774
-0.0010249296089259064
-0.0012067635772087279
-0.0014525970567423243
-0.0016139241375793445
-0.001673095428695781
-0.0017074113286997315
-0.001711217508925361
-0.0018404732828475308
-0.0020608303897409193
-0.0021555292894874277
-0.0021629286514874813
-0.0021896840783778926
-0.0022478117081291982
-0.0022768924240054774
-0.0023235647164611952
-0.0024229985776990396
-0.00242285057815279
-0.0023991264204742766
-0.002455206099351433
-0.002471781267054893
-0.0024452989315859332
-0.002429439878247143
-0.002380169933965473
-0.002304713256910676
-0.0022471408333180694
-0.0021704057028890775
-0.0020795378974325985
-0.0020001388098521864
-0.0019196378884976384
-0.0017839675005687841
-0.0015661079880841277
-0.0013812181993347152
-0.0012659419054900233
-0.0011698748577138414
-0.0010325407765622522
-0.0008151421490900586
-0.0006177464641711504
-0.000445736606002162
-0.00022384705854359543
-2.9821958967256734e-06
0.00015434214567937562
0.0002422336619656143
0.000371405688195448
0.0006074937522384589
0.0008326756706397408
0.0009719070776844343
0.0010624237016831674
0.001189389395240976
0.0013607224946609753
0.0014677846825497708
0.0015667234263700696
0.001747646065508137
0.001901168577297
0.001996069641916614
0.002072818567811591
0.002133808704259844
0.0021992884842789015
0.002271343681423998
0.002325662013644979
0.0023433088888094285
0.002360482437365555
0.0023766309079707405
0.0023392765514896542
0.002305958278195151
0.002284659644080794
0.002206670323641307
0.0021103990640976124
0.002035320884083923
0.00195317393685206
0.001850880113933275
0.0017353546262209231
0.0016008802084050608
0.0014563163400054054
0.0013157843008862276
0.001172851698017097
0.0010148817255421537
0.0008794671136379231
0.0007789697854399952
0.0006379499077085925
0.0004539807316314048
0.00029308595115559613
0.0001557537275260187
1.4929845118765575e-05
-0.00014165642127052973
-0.00029635050956837867
-0.00043036224430345897
-0.0005717283083188601
-0.0007521466690250245
-0.0009360388549708227
-0.0010546301966035915
-0.0011157531575116213
-0.0011855923075926663
-0.001280229753507153
-0.0013663580989430385
-0.0014204664355169298
-0.0014429333627104682
-0.0014636350350007014
-0.0014789793746889778
-0.0014524041021262753
-0.00141493077704938
-0.0013937174415371316
-0.001369303310277758
-0.0013402759458876633
-0.0012953425339157808
-0.001230501030110836
-0.0011566714539892142
-0.0010789750990949285
-0.0009890695976042252
-0.0008744873665783921
-0.000753574540678377
-0.0006294076092970551
-0.0004884564257226808
-0.0003526293154670245
-0.00022502063763181834
-8.046398465794011e-05
8.416626548849967e-05
0.000251350489208532
0.00040282101828314424
0.0005432357780571584
0.0006842089874595578
0.0008290510496746052
0.0009867902705005187
0.0011489509617614053
0.0013036634851292036
0.0014525486767936592
0.0015745957318512144
0.001666432984158425
0.0017629602747788193
0.0018760673402371008
0.0019814244824600245
0.002067750349143478
0.00214674659463111
0.0022124748333419795
0.002255380206208248
0.0022828301799282746
0.002300197125646774
0.0023189095304335786
0.0023412129091164666
0.0023448381749463505
0.002322810549734675
0.002298381955651838
0.0022745019541818685
0.002228776074110164
0.002164306232144897
0.0020983764994056803
0.002029106093188766
0.0019444644179867564
0.0018447194931129778
0.0017366973433417022
0.0016246162461903085
0.0015154055550435084
0.001402958876643562
0.0012861740698615787
0.0011765994109612533
0.0010655017419884095
0.000943091202691182
0.0008145659689768339
0.0006833721349432568
0.0005511281863397415
0.0004259973985679446
0.00030971645094900055
0.00019192159608378482
6.742530245470966e-05
-5.8926856207143025e-05
-0.00018516850586415207
-0.0003075327776427955
-0.0004201504257199751
-0.0005241947694599454
-0.0006141508123903579
-0.0006900022521073972
-0.0007638489836942465
-0.0008349584412974369
-0.0009011946711546917
-0.0009640614046943671
-0.0010134129396094245
-0.0010409489417648877
-0.0010562869787407762
-0.0010750930199863464
-0.0010966645183962706
-0.0011136290462453974
-0.0011234301000162456
-0.0011167235118528665
-0.0010861059408528112
-0.001036933021074987
-0.0009757264929324404
-0.0009086524606542467
-0.0008417340955617004
-0.0007724427439173988
-0.0006943209487177347
-0.0006083830072446704
-0.000516215631721365
-0.0004150222206530424
-0.000308240181995427
-0.00019751079607894715
-7.897176339491145e-05
4.218576775147184e-05
0.0001596620566407187
0.00027821061269215334
0.00040057498437071515
0.0005252989453603443
0.0006567081246564628
0.0007932868030902922
0.0009253966052183377
0.001045604241538662
0.0011529375806101675
0.001256164665423408
0.0013656297027922351
0.0014795504097351773
0.001586823081523075
0.0016837041127015027
0.001768772061768758
0.0018364585028774047
0.0018936023398187635
0.0019517253493848948
0.0020065650675288884
0.002050253837069578
0.0020810424083789244
0.002098095809761661
0.002105776729500025
0.0021090974454962526
0.002107328672818846
0.0020969958081624744
0.002072121888939703
0.0020269576281447973
0.0019619964362680704
0.001888034481175398
0.0018115326318075555
0.001726972061842256
0.0016330410534294518
0.001534947462688884
0.001438885189619036
0.0013431562317606353
0.001238550749995109
0.0011242199810364369
0.0010020848439408617
0.0008710107999967226
0.0007353245137632167
0.0006021794852218134
0.0004758022217770938
0.0003550398863984327
0.0002332431513342105
0.00010684851418765467
-1.9263184422532294e-05
-0.00013805028022848614
-0.0002460174791885042
-0.0003438479089795245
-0.0004384630425812577
-0.0005349934948329872
-0.0006286081971415675
-0.00071683414964034
-0.0007970362221087857
-0.0008607356025130038
-0.0009087063636794556
-0.0009492930446703989
-0.0009880113800357292
-0.0010265271707968714
-0.0010601304781156602
-0.0010813826649885045
-0.0010887945165209479
-0.0010828961346275728
-0.00106197398632442
-0.001029140010294119
-0.0009889667564430854
-0.0009400289884293096
-0.0008840292698150457
-0.0008267344243031691
-0.0007662668327709499
-0.0006961047270179526
-0.0006123090106553934
-0.000519105916469532
-0.00042510868612431133
-0.0003294829134581262
-0.00022908296046662775
-0.0001294565379468754
-3.097014732638509e-05
7.593518694157498e-05
0.00019214450269797748
0.00030678554668291005
0.00041252993805318804
0.0005113634510154597
0.0006082784249399819
0.0007075689385034543
0.0008116742118235162
0.0009190753298072976
0.001023119381870029
0.0011148193428334036
0.0011929711298385044
0.0012649521589021496
0.00133612387346737
0.0014056814804458348
0.0014677144939899943
0.0015154054172519646
0.0015463614790117886
0.0015640936589660483
0.0015745258858644235
0.0015787177260486959
0.0015743778389537663
0.0015669445047453805
0.001564534595162734
0.001560054521725107
0.0015417219004043965
0.0015143311086780362
0.0014874982182260061
0.0014606528885437126
0.0014321959052224094
0.001402674967646627
0.0013673447227188647
0.0013191714493267827
0.0012522590556077531
0.0011624332779556943
0.0010523861777469194
0.0009309825171999905
0.0008065496139358927
0.0006855177107566462
0.0005702772320371263
0.00045921798001588826
0.0003542006589973136
0.00025874682928649176
0.00017286640189135088
9.42082021821623e-05
2.0155746742545538e-05
-4.987109192251188e-05
-0.0001181297914447802
-0.00019326212700200083
-0.0002832994536498785
-0.0003864642305410533
-0.0004925471673154586
-0.0005921923213568853
-0.0006826783674285448
-0.0007645053058494714
-0.0008380245476131253
-0.0009026997861754297
-0.0009563830555741827
-0.000995841064917089
-0.0010182597969019488
-0.0010248581717806023
-0.001021275440885878
-0.001013565612054398
-0.0010047264809537493
-0.0009992303855401632
-0.0010042660648876402
-0.0010200474039612848
-0.0010393286761214236
-0.0010499786009581754
-0.0010414246150702601
-0.0010120031368798573
-0.0009684123226966944
-0.0009261230082459541
-0.0008928768219632153
-0.0008509951769724724
-0.0007755837811822108
-0.0006638725458229602
-0.0005338499477938371
-0.0004026624723754753
-0.00027704923356443014
-0.0001612214525185495
-6.522256184764826e-05
-7.151019694499871e-07
3.961624111848089e-05
9.363560421349192e-05
0.00019771229269328867
0.0003470467904523918
0.0005046587050888805
0.0006385409002753919
0.0007368189863951573
0.0008052474955852339
0.0008618669673338992
0.0009258253507558008
0.00100314232252555
0.0010848670796576277
0.0011607768841319238
0.001219932677992773
0.0012499653626306042
0.001254783517713383
0.0012614563353231857
0.001305508252982089
0.0014045762734009417
0.0015380221073877176
0.0016649077895493532
0.0017577806171995148
0.0018063411656292939
0.0018049904905691684
0.0017535667488734969
0.0016638041918488817
0.0015445523999399987
0.001384240705742358
0.0011726399901940338
0.0009329735962120614
0.0007124347981498796
0.0005445384574834533
0.00043316007512643847
0.0003720484892962807
0.0003610770718953112
0.0003956139601888492
0.00045149021124060967
0.0004987120820945987
0.0005150975741594028
0.00047019599861645203
0.0003349867535846422
0.0001200462519088485
-0.00012475163758444025
-0.00035129567883825124
-0.0005526040455330812
-0.0007678140227834252
-0.0010163539913376392
-0.001243609781390893
-0.0013932080088657531
-0.001493148382315102
-0.001606684448901068
-0.0017317821067592838
-0.0018123844136326175
-0.0018171313396550962
-0.001754638431422886
-0.001652238350354238
-0.0015502230410139894
-0.0014912116864315237
-0.001492389214591102
-0.0015192990273396425
-0.0015113722096385413
-0.001452639027119501
-0.0013641285421099986
-0.0012277080430802242
-0.0010100760072468168
-0.0007349767993974108
-0.0004656901397765172
-0.00024519008370392997
-7.518548904240915e-05
6.60365990203343e-05
0.00022382322425483728
0.00044561271044992346
0.0006799562640594306
0.0007869140898873252
0.0007209456935736453
0.0005995465325774919
0.0005658784652114958
0.0006333537822203114
0.0007003049704314583
0.0006940827464392894
0.0006441275775771305
0.0006246886266513735
0.000646228042740503
0.0006808597096759192
0.0007790950881523066
0.0010008596629462506
0.0012969981383753805
0.0015448961773097513
0.001604267323558394
0.0014454048731075162
0.0012682677342905901
0.0013209602749294032
0.001689651661482348
0.002290624995199242
0.0028936506853795485
0.003222740164707647
0.0031878267715505387
0.0029082049410475
0.0024363168477001215
0.001759221599312548
0.0010202193380421
0.0004473170688539671
0.00016304098438731793
2.195891332033567e-05
-0.00033416084123677437
-0.0009755605769959197
-0.0014388438599168074
-0.0012918357735575417
-0.0006295631717361757
0.00018587408320335175
0.0008800379344988305
0.0012983260768800432
0.0013828732321447368
0.0012031625247035096
0.0008877480143270896
0.00050094508498763
0.00013524587232547418
-8.192226931342884e-05
-0.0002654902737021485
-0.0007366686501808252
-0.001633635011800391
-0.0026565207651877447
-0.003222334128758384
-0.003087670213858018
-0.002662720729301598
-0.002511755177065782
-0.0027419188174180502
-0.0030963227618516927
-0.0033815659786059936
-0.0034984806830913023
-0.0034558132246543254
-0.0032957482881870092
-0.0029368959018738683
-0.0024471153140292177
-0.0020825981853061083
-0.0018927593699601315
-0.001650126081882258
-0.0011883345560476312
-0.0005432059822984771
0.00015238758590995695
0.0007370680367125152
0.0011146191580571074
0.0011957009312181103
0.0009093258318771479
0.0004110099989093119
5.671012134825853e-06
-0.00011672660760868316
-4.448578737665303e-06
7.454510004375456e-05
-0.00023534762791970376
-0.0011049539927243828
-0.002218543021273372
-0.0029367394448314575
-0.002949801635305155
-0.0025737736697087838
-0.0022685074492943976
-0.0021409605438798317
-0.0020978316295250828
-0.0019846822188252554
-0.0015937508023911593
-0.0008875605123600663
8.747879156629636e-05
0.0012924644991870451
0.002496317427243332
0.0034258924232330383
0.0041576561614287575
0.004993031525776442
0.006015505643955124
0.007098684690288493
0.008080814295006466
0.00882650003569735
0.00929064072404289
0.0094496025915496
0.009295973302537272
0.008917484274280537
0.008460249335522798
0.008056263012426122
0.007743434542007234
0.00741447949393919
0.006834113799871734
0.005792649906872101
0.004397939981718171
0.0030711740779193826
0.0020827178069880315
0.0012472121369688268
0.00030110810575805874
