0.0
0.0
0.0
0.0
0.0
0.0
0.0
0.0
0.0
0.0
0.0
0.0
0.0
0.0
0.0
0.0
0.0
0.0
0.0
0.0
0.0
0.0
0.0
0.0
0.0
0.0
0.0
0.0
0.0
0.0
0.0
0.0
0.0
0.0
0.0
0.0
0.0
0.0
0.0
0.0
0.0
0.0
0.0
0.0
0.0
0.0
0.0
0.0
0.0
0.0
0.0
0.0
0.0
0.0
0.0
0.0
0.0
0.0
0.0
0.0
0.0
0.0
0.0
0.0
0.0
0.0
0.0
0.0
0.0
0.0
0.0
0.0
0.0
0.0
0.0
0.0
0.0
0.0
0.0
0.0
0.0
0.0
0.0
0.0
0.0
0.0
0.0
0.0
0.0
0.0
0.0
0.0
0.0
0.0
0.0
0.0
0.0
0.0
0.0
0.0
0.0
0.0
0.0
0.0
0.0
0.0
0.0
0.0
0.0
0.0
0.0
0.0
0.0
0.0
0.0
0.0
0.0
0.0
0.0
0.0
0.0
0.0
0.0
0.0
0.0
0.0
0.0
0.0
0.0
0.0
0.0
0.0
0.0
0.0
0.0
0.0
0.0
0.0
0.0
0.0
0.0
0.0
0.0
0.0
0.0
0.0
0.0
0.0
0.0
0.0
0.0
0.0
0.0
0.0
0.0
0.0
0.0
0.0
0.0
0.0
-3.278321232777241e-05
-0.00010191960658780425
-7.721500701177514e-05
-3.470608937749438e-05
-0.0001214558050663129
-0.00047209601835339484
-0.000967053143006426
-0.0012520387976276688
-0.0010628207931317572
-0.00043973625055435616
-0.001063673846781727
-0.0031357771396091087
-0.0016882448618060694
0.006477316220579219
0.012099275804980512
0.0034398498931518563
-0.008831071415564707
-0.005473256763250832
-0.0002312536739240414
-0.01235262039080754
-0.020795500451868027
-0.0108205896362051
-0.0047240337145174165
-0.014485272901156376
-0.017472009074432315
-0.00672503643538587
-0.005456773532466513
-0.007662492841562181
-0.0028424481000023996
-0.00724751358557886
-0.007974799244007437
0.0017410318102238018
0.0044124270109795055
-0.005381928562749445
-0.018475362832425735
-0.01873814536573626
-0.018042896979099637
-0.011779802679473803
-0.002206932739904882
-0.006511063926174926
-0.00752370452159784
-0.003671454897361884
-0.01945538663563158
-0.034075009453518115
-0.027732365501350026
-0.024190597094762734
-0.019398887844983004
-0.002890882641274184
0.007160163141035458
-0.009413194279455028
-0.030367628482284664
-0.032885278372593585
-0.029524297820526735
-0.020671183691176265
-0.006175475548091058
0.00826469073141975
0.003742690437064433
-0.0146462724522122
-0.015631304897662707
0.005693652757348067
0.030064929971301446
0.030430892298875994
0.011314729012211422
0.020691903760749697
0.05118650146089998
0.04085312215965109
0.017117229220106306
0.020076112528565407
0.04368403631914859
0.07949169197111779
0.1050945915736476
0.1050019206844481
0.1031346508005959
0.11531170614383017
0.11404163733513382
0.1082934805995974
0.10284166552549145
0.07030344708285602
0.10988223231565314
0.583676479543991
1.4110890804611333
1.1630859870977712
-0.25731567858435955
-0.49259479299179
0.5586581446246381
1.2524111434674712
1.2771345136292642
0.9635225159048919
0.7001509902458598
-0.013510439435160837
-0.6255341135446222
-0.42114399551663295
-0.47808572555934425
-0.35364753160993034
-0.5594784856007315
-1.659921476655389
-0.8450542079260879
0.9264352367204782
0.9607297509249608
-0.1891137895543431
-2.2113637057079116
-2.9546592228202417
-1.4840961686575809
-0.09226688213105949
0.6129171492249987
0.3365785354397307
0.2972012530835931
1.4731707796448876
0.6908992397989417
-1.972457028110694
-2.2662607098232557
-0.4357919945293951
0.8154461416359917
0.8872431582200819
0.6548543660170253
1.3696833300271916
1.5928833474222284
0.13455501505159229
-0.9120610892475534
-0.30765491529120836
0.635453571884488
0.15246213676833686
-1.1705332777566317
-0.6375226186898889
1.6349676701516105
2.6618084198975818
1.9149120099102572
0.43062448391660313
-0.5468921824745459
0.037705404098033135
0.6684750456444881
0.27000628976398966
0.04096939444000913
0.36389761908344065
0.3259510780538055
0.16026448687648065
0.32801001884639724
0.14824303035527375
-0.05005072714932979
-0.12295614125163556
-0.6411103815858095
-0.6816470498260472
0.0693935186792487
0.5223563431910563
-0.1212830440052568
-1.345233206339699
-1.3878474131992853
-0.41703658918860587
0.3486842627935838
0.9452429795533415
0.6019119011267633
-1.1968302040818872
-1.9079581936029066
-0.1849821547967061
0.4387297494459079
-0.9105805269089018
-1.2951917354135354
-0.4671325357558377
0.3463749339856506
0.08462633845661699
-0.6619374055255522
-0.46962108421152704
-0.2989940193279483
-0.637636071184937
-0.9716232411026238
-1.6865208807371421
-1.444928532847301
0.01748205892182364
0.24164896248784773
-0.012143389374683178
0.43465200044818264
0.32672548917738986
-0.14274242063244813
-0.02301139387060802
0.35082553448664067
-0.40270669936792025
-1.1021456918720967
0.5214141612655141
1.658775069690606
0.18856187574743055
-0.5354207093308798
0.6640790841843209
1.2042393625385843
0.5451791280182534
-0.009976922140228606
0.10431752432462488
0.7465765017574948
0.7308053586456897
-0.7912709592399362
-2.2002916841444944
-1.124691169875049
1.8205565686537266
2.4374235210546193
-0.06055329733927464
-1.3578035769347214
-1.2210482971395524
-1.244072606230572
-0.42150409970240377
0.2782468236802582
0.4742806763699201
0.5243474083233888
-0.4668014420040074
-0.7375262292264109
0.5423373175239612
0.6329573624684415
-0.3625661992041278
-0.05248220140423365
0.8635677903332666
0.4375697815570442
-0.5278947987190195
-0.43592893726130744
0.6664017277858965
1.8136824218780245
1.4846956770591553
0.4346877975094525
0.5332241278061559
0.3902787128434022
-0.3644371152750454
-0.059642735740376596
0.28777998176074626
-0.15796112589261635
0.13897866369234713
1.110740754629431
0.6842102966176107
-0.5063803645972362
-0.2996361657468136
0.4759487260423707
0.733658347271327
0.8919476791229459
0.4770143279234911
-0.5533830152687509
-0.48816240965172186
0.41067955938360257
-0.21358664191526344
-1.7649979894195489
-1.3344445814745933
0.586554975374503
0.7676336290010278
-0.509658646800323
-0.44944165209772113
0.34651270611818874
0.5697022295474465
0.9363540393342045
0.10334149783385427
-1.593213711510518
-1.0958459490556727
0.0720969474733294
-0.5358971491398833
-1.4357305766001751
-1.3541017395377648
-0.3347923619866832
0.9711499739156948
1.237688667374736
0.9340530491370151
0.9101219414518654
0.6290259517837424
0.23080602528319383
-0.027581948531206768
-0.7821402804116176
-1.979884086739642
-2.0394266663950638
-0.8643629797080623
-0.16731666526032263
0.0729979448557978
0.6111548927022495
0.782318934968967
0.6221284807918745
1.068935792245429
0.6043187235847729
-0.9344371759768124
-0.6994857994295123
0.33629522929230227
-0.08050830869169712
-0.7741850162918948
-0.9441445882933904
-1.1839444727534383
-1.0590523421962446
0.15114125144642565
1.2210590847269855
0.7676761209106981
0.16916501544057216
0.4084198028595817
0.18797460155365175
-0.27680459748994357
0.1683115437116094
0.5230877567895097
0.48352731526164616
0.9093786098759226
0.2867755684298415
-1.4932419263702774
-1.4975700412766624
-0.2290336602851789
-0.09483285044286083
-0.012989196647789747
0.8768698074080173
0.7837176695464378
-0.1720127922588952
0.019126653717482678
0.7929746534495377
0.2675032629626294
-0.7766108836566248
-0.4377383934988735
-0.034237304356592224
-0.8432096898576742
-1.1088093769996328
-0.43987999676086553
0.5375595143211362
1.0043662261747326
0.1608635225836268
0.0640476888393764
1.347362322851224
1.3592661168481737
0.12301439942102108
-0.12166361330944886
0.39342973718742014
-0.007090305891842397
-0.7482860611470253
-0.3711334881074133
0.3996201060136844
0.6184232231568221
0.40343494893838566
-0.2417788970246439
-0.4805241258246033
0.3479528085826193
0.5913519572209673
-0.28400237591397315
-0.47801418772958054
-0.09184334820130652
-0.46035039292842117
-1.1241945178638573
-0.4356678776412277
1.23815293003868
1.3860887269537694
0.27945314136884014
-0.06437188944353855
-0.014750110576292719
-0.3152998465676706
-0.3973045608877327
0.25360135405635464
0.8624492407170109
0.3786594742783189
-0.044827881858716445
0.23420876826189874
0.19376890218425902
0.2011784442566642
0.03819590579875176
-0.18796268550046502
-0.22651073534829713
-1.005699827513078
-0.9291944266396104
0.2461135109297028
0.620762335780941
0.6470845242069126
0.39916131433851254
-0.4245536922494736
-0.6939530500579786
-0.4956317220876242
-0.3355954273304228
0.4225612117533786
1.1359911174521098
0.8397879561000856
-0.15857780713409153
-0.8175467163287882
-0.06498591244825702
0.8989005517629842
0.4253216965022455
-0.4294772403020095
-0.41900385539852336
-0.20304520247600233
-0.6931546797345964
-1.1909586665974878
-0.5233333934540868
0.5900509415053019
0.895932710186178
0.06059043952742471
-1.1140058289866848
-0.8096937093176921
0.2866142872736793
0.130140514436772
-0.1856487476373582
0.16777454200462427
0.21733857400132736
0.5039865117196423
0.7537673452460009
-0.04431277720544008
-0.7680888428499242
-0.3564178604970225
0.72435496168039
0.7098902553187952
-0.24064493408389387
0.12019959893564391
0.47030084593308397
-0.7923423238780457
-1.2028881631128725
-0.10266312662469629
0.1695387449681821
-0.4253864805985742
-0.32227904306150684
0.4092673661627678
0.4211618979360073
0.12866618958692203
0.19784002477200502
-0.40760866473054336
-0.1410973851775284
1.227626885133881
0.6647160519710181
-0.6412737725357546
-0.5602573459531978
0.09531810105968902
0.41934439812031465
-0.03250989792549891
0.00497241230154255
0.9296773622217649
0.7204032794907712
-0.33140344668143484
-0.5992544630162755
-0.456260723315431
-0.30678630346255215
-0.23164116171218002
-0.871992236134046
-1.3610270928362107
-0.38880788546756795
0.6450538509792991
0.4734386884483551
-0.13873421721975626
-0.5335575367811531
0.08356413943894075
0.7424484907544133
-0.0684425662563774
-0.34229724295259367
0.8898136242890724
1.3507639323118052
0.15886065352565915
-0.9890906520763685
-0.8429108228737956
-0.501506053854013
-0.4944472783258011
0.06782362788587815
0.5659177512954436
0.15887531995684473
0.027305542378211423
0.5674468593965999
0.2516349198499666
-0.4531809826108566
-0.24964692306691377
-0.13808836550920656
-0.6692538395159459
-0.8365137615552863
-0.39567979076268534
0.030872549339571398
0.5329576901526342
0.9816260448491974
0.6630045968367858
0.3771246740596945
0.5881723907041644
0.1918804140219747
-0.4217803921836856
-0.05912361690581319
0.30247632382781797
-0.3614017172182955
-0.9407731942284725
-0.745984634314906
-0.0865452690467653
0.2591273623857625
-0.03488355462289028
-0.10226419770065864
-0.007872104100271948
-0.07215756088078085
-0.07054707544241734
0.08801600426964684
0.5333303563412934
1.0746163899599055
0.7995525088896029
-0.45138325051996975
-0.864467166169577
-0.17027561482712186
0.1615346369665511
0.09119468882683181
0.14262725219816413
0.08313174916932024
-0.7450687299985388
-1.1858146066733992
0.38497571519473367
1.9269485822602097
1.2999648797025163
0.13854486211062045
-0.44381519692673144
-0.6729419050531434
-0.5054084917355536
-0.622334789431504
-0.557742377788402
0.05710422773788687
0.700063607426135
1.1875889119777225
0.4137924206141623
-0.9223949307117569
-0.40882098867814975
0.8570203274665897
0.7401974346769344
0.19016508389505293
-0.12563991099692562
-0.3432762454054863
-0.2875979881916636
-0.3675663396539316
-0.10064171531590277
0.5908325096417173
0.6640725596545116
-0.019609043605633203
-0.718805150655757
-0.41176644218674396
0.3158707384542765
-0.24565996343584615
-1.2343053621048743
-0.6875495383285352
0.8613357373371575
1.6514535523679341
0.9612906033820916
-0.5667002068973075
-1.3034531256170538
-0.6876450896821581
-0.006483282301175106
0.135759898905229
0.005293814886509415
-0.01668509002681947
0.06377339101264111
-0.5202542717368597
-1.0155186876468507
-0.4146556754198579
0.6086313123848859
1.1946899884992406
0.8904426611146425
0.09345813294778235
-0.48798606526508637
-0.5176905251714683
-0.04732208457515201
0.14812998497370994
0.02356238592619094
0.33750725557540345
0.4577140655805776
-0.3143259780775501
-0.7258311025502442
-0.13954360491139042
0.2046469337726138
0.20162062680342757
0.5489064901162132
0.48715852836052526
-0.28426987736464504
-0.9013776561287444
-0.6641983090911844
0.3751260270192918
0.6678048615484046
0.011598790799132418
-0.005290387200763302
0.1237992298876982
-0.25704249930809026
-0.3109814109035587
-0.04190740150581716
0.18839005087685026
0.5751823475288876
0.6931249108581253
0.16804064549813275
-0.14950039273075
-0.15408846089380357
-0.4967117338678463
-0.7538534877866546
-0.2281985123056978
0.7139122038721543
0.7649812491815852
-0.1846346533803751
-0.7962613192152894
-0.5266538613609311
0.255206892470802
0.6142994193809513
0.10726578784963357
-0.35708656547978884
-0.047192157303692195
0.5313571171546146
0.3114752813921556
-0.27119906585393394
-0.3925968044852651
-0.21915674109367939
0.530041445508475
0.9415440544347262
-0.06817896521032352
-0.9639196647778882
-0.5379695243369068
0.19916777263170543
0.2930250650374122
0.18603667689264924
0.041898919194222506
-0.49098959111896673
-0.8145521935932223
-0.337033395013547
0.3758554641240638
0.14740869683774932
-0.6893068016004862
-0.27088124582101764
1.0057867705034125
0.9771678420191852
-0.08590583960668031
-0.9272773511884915
-1.1347925465889566
-0.07140137346746278
1.0767798391079406
0.6988704804548159
-0.14247046029233218
-0.4460222986849894
-0.4200486709585441
-0.056935563179769555
0.16594828080519164
-0.2817459422211412
-0.5506405266348897
-0.2811782278641012
-0.3513584330779119
-0.5273142036628784
-0.051711750619582775
0.5696144156521185
0.6752102675511916
0.3525575454895613
-0.035730158223701514
-0.15252802030703394
-0.027952484577371872
0.23807588120401812
0.3395218495955489
-0.01908667773966133
-0.28822394747569974
-0.3414808894639757
-0.3371065782344884
0.0805545729171595
0.4029685093042136
0.1917415105241047
0.07893108837782625
0.2457705651034342
0.3077597395867626
0.051501474367840694
-0.35715707608810265
-0.33114394844563805
0.2632213372096488
0.4725672761413967
0.06025905781226071
-0.05857223346052168
-0.038282727167732705
-0.35291356928375384
-0.445985876266582
0.10464345686127913
0.7661663885185402
0.7636945259334642
0.2727993294643354
-0.025175715792593534
-0.028677719562352877
0.053797832973561166
0.08372039799327924
-0.09710837560246546
-0.3718195640361003
-0.3659015528540687
-0.17543051609897514
-0.052464055401199666
0.2538578868798133
0.4887287137182458
0.31950684073114477
0.32840403318301997
0.4323953663388276
0.050708118511733735
-0.30934702509215084
-0.20864217386548156
-0.24091070252082375
-0.4010118498675428
-0.09160073150618228
0.12747393714430497
-0.17186148995325537
-0.11543170415551296
0.2890740893844959
0.26823597723504866
0.29480881932663694
0.6690284773872832
0.40704648631521967
-0.4311227075036508
-0.598803597728835
-0.22220520605238914
-0.08950106385840467
-0.013936375781467225
0.08828167151170263
-0.18187064184347798
-0.4723299967938538
-0.18976308531730063
0.16997992050097105
0.20783474214277328
0.36587755100467956
0.5081683372539154
0.3146780073972033
0.050238364406188785
-0.2852093942017918
-0.4774784319765798
-0.09410967470662734
0.3049824914030413
0.13762099700650693
-0.2053089997540692
-0.3218445259996364
-0.2639316534107361
-0.2597429164416822
-0.17152912819816418
0.33754823761504366
0.7551756133305323
0.5151975951457863
-0.08500817740898081
-0.5058708223026251
-0.46849243295306764
-0.22797642112478497
-0.06943372301376552
-0.04050804061993147
-0.17856013458272602
-0.19549725925788802
0.07038925548199115
0.18240661532270575
0.0003312575019266059
0.07062158482483974
0.4654635501800683
0.42811492420397906
-0.08434273254220304
-0.20752343148352648
-0.06977620957569691
-0.312692637567712
-0.5193934013944251
-0.24329198807092112
0.14025383536299135
0.25864471732738975
0.22458260160323346
0.1133879283168954
-0.06704144792588945
-0.1846763370068943
-0.1682059600900424
0.0849433097497049
0.2746233498223302
-0.034559744813628404
-0.35693007220944745
-0.19812401961511966
-0.10269809022877996
-0.1886413950013156
0.09802520378809476
0.3243043029186784
0.04431933865266288
-0.12657312670281018
0.010947636139022804
-0.02221320870924809
-0.21752671558177808
-0.15032779956025935
0.20221196717001125
0.4075576144639821
0.2597021487457425
-0.06914001228806824
-0.3469891875323314
-0.34306185775336695
-0.10769699348940978
0.15581355601246638
0.2617376163593914
0.10939429798431788
-0.0994786383442081
-0.24111614654347083
-0.18783357638326958
0.08424380028652334
0.20319132087561773
0.22231286066530773
0.26861257054893906
-0.034202267146423986
-0.3773117473273553
-0.23834992352121767
0.10294980764187064
0.317910088855351
0.25223309571435987
0.0014215558732060037
-0.04054122074679972
0.08287191446330197
0.009720738897831496
-0.21765808376760953
-0.32027772292415896
-0.08165272631992215
0.2720735333708062
0.21730636652016685
-0.10917446327448346
-0.22151844046895852
0.0029617820669454037
0.3401577122627326
0.33284191409632824
0.029333477290612753
-0.03273853932214804
-0.016708798671442482
-0.17297578249599746
-0.1313216053637969
-0.02806337816244938
-0.08770442226085115
0.09416181699213286
0.33637071839705435
0.133615029094226
-0.0825374452606999
0.033768958563801466
-0.038717414041958775
-0.22989932499860996
0.01583818371882051
0.2841658010680604
0.10432235403509812
-0.11894963904812575
-0.15544567095486952
-0.26926051630663517
-0.24824302891745054
0.13437442121690515
0.2978109059004047
0.13880677783682605
0.06788976043694467
-0.03987910919746207
-0.1487338111955401
-0.024632444459285446
0.15804258669691534
0.2019395781509054
0.07842497841357762
-0.12246524764926434
-0.1534172174833892
-0.04636111155260164
-0.035420411678951824
-0.1547740854732082
-0.17804506095316297
0.12823973771506467
0.3137125315790458
0.03853865470876672
-0.16059068744201294
-0.08851484528733243
-0.03933574699592686
-0.012821538494962231
-0.018682592144467734
-0.09488847507693228
-0.040425165909101786
0.08501022446711493
-0.030977889482708854
-0.2781635332834428
-0.1912061173100152
0.13055522962395102
0.1714125854008592
0.13991860512327042
0.19299239037480234
-0.018423971749107048
-0.17323713954447828
-0.041288221318865705
-0.0031154117174648777
-0.05993743388057815
-0.06482471195598906
-0.062377231571565606
-0.03527459375903316
0.005025188069546077
-0.06425526042902852
-0.15221550881985194
-0.03761281351502266
0.20850097954462798
0.3030439318538115
0.09723216902186939
-0.17446511338530735
-0.21095734804110045
-0.028922515837433688
0.11560536736640631
0.06920425104380323
-0.03429035097550505
-0.07739248548197461
-0.034336310603002365
0.05321139338477632
0.05524327341114195
0.012941452973484466
-0.004558231081991673
0.020630725118359818
0.10913025247930383
0.09790046240669006
-0.036099673492606205
-0.10629802018151718
-0.020323368554842958
0.07308009749888027
-0.05830777326120224
-0.1718150816108996
-0.016902469186709693
0.11405579867319593
0.10375240706016986
0.06259447354890653
-0.013138465905423745
-0.005143202507235841
0.0706707104684577
0.09948280938584443
0.06848996125153914
-0.01822313036511397
-0.012625190456129157
-0.006696240687703622
-0.12633208065742982
-0.16557800012490664
-0.07744201388077156
0.07799686873702712
0.21176492491322846
0.12893284866968596
-0.07686876866821192
-0.13891973341498312
-0.06299754125751364
0.03914982899789163
0.11922569454417065
0.11939986465708259
0.008293017535881492
-0.13590469331311192
-0.15306086797922402
-0.02843729230211911
0.08015625977147145
0.07586207076158206
0.0415622094485186
0.029279980423612614
-0.004523761537546481
-0.002980899496070624
0.003304185753462044
-0.02649240050305194
-0.0151118052991931
0.007105293376023926
0.015696097233039545
-0.039928866647395214
-0.1218380481925643
-0.04748805317099396
0.04293276434484398
-0.038891194757751976
-0.1074355159600827
0.004705478439102628
0.13774200802871117
0.13038218094035756
0.04822839013170232
-0.05966105890307004
-0.10854220844767903
-0.03403233733892997
0.02500036864129511
0.03404534810377598
0.0329627226563893
0.008717018614506827
-0.02008221105600533
-0.06389897405080981
-0.06811160785801555
0.0011432771809953488
0.086602350640105
0.132540077354237
0.04309736011500398
-0.096465826259113
-0.12558367591337835
-0.08766267489954144
-0.02203137465188261
0.04268927122605275
0.0692973004545794
0.041979330909050476
-0.041684922537571084
-0.0800919995348418
-0.035327216464594365
0.05920631156407483
0.11291102292399141
0.028210843472046287
-0.011672894814654838
0.04863846614400588
-0.0019426757034216365
-0.08027709638220966
-0.026908177246603323
0.02219767781563672
-0.02950560491150469
-0.03865134188928449
0.03371463908376865
0.04381465832570478
-0.017357813461982105
-0.020822993645338864
0.000887047549167623
-0.030131951418967545
0.02415312025636781
0.12058632008902465
0.0526253027403429
-0.042708837730494054
-0.04729178780262492
-0.08973212994334576
-0.07670484102041011
0.06225728364947551
0.10576063961256793
0.05221117583562964
0.02891633434282941
-0.0364917874276038
-0.09172912162423709
-6.511484445671789e-06
0.0914324060639945
0.038934420010662836
-0.0062225381428885895
0.0017329988149863765
-0.05104220271822174
-0.09591190916475689
-0.07625999280191335
-0.015025650591530923
0.09033087978920509
0.09974693963358416
-0.014920239106520992
-0.05999247922756695
-0.010671633586709051
0.02302197194704738
0.02703551529754799
0.03809142922416173
0.03156922140769212
-0.017653586039300673
-0.03498181260882834
-0.012249642643644677
-0.02784321259231117
-0.0352988488640088
0.0036455690622055927
0.009201996804279702
-0.015503291218075907
0.010276417467459916
0.049009073614116834
0.032654902736496356
-0.009451872526830055
-0.050621513839367756
-0.04720805995494311
0.010833291224701027
0.04861875240471554
0.030360004923855717
-0.027845258992564077
-0.06421329447142947
-0.04598867695720772
-0.01211815523012913
0.031175576736867446
0.0659901495594584
0.05120036190815695
0.02197786482564559
0.0004679915222655165
-0.04020492158990219
-0.06281204591614148
-0.0011601886808464308
0.07202431477937767
0.03234216985249373
-0.043192743233287714
-0.045556769327607445
-0.020031596444769893
-0.005066493699435397
-0.008719759629864002
-0.011416595504472826
0.057402563976631654
0.09387563274090199
-0.009963288800163818
-0.07344340878056595
-0.017801546356141625
0.030195640322129888
0.03123255582848684
0.00626254007818184
-0.016801130522202726
-0.01398709547912529
-0.002500474801893981
-0.0021406289945025635
-0.010875807400165773
-0.008305283572693424
0.021892079651059982
0.04213322583513243
0.01336677159161728
-0.0151966102261028
0.005190676990503344
0.012236915114732873
-0.01830614568662294
-0.032844955194245004
-0.028828786282906887
0.004132347713389068
0.04682288043772749
0.013302582374123496
-0.05211395078167471
-0.023328950007038288
0.036759720852082664
0.02216102023308163
0.009070844768295434
0.029260485424741967
0.012044077998034444
-0.008699476244813351
-0.006029595212158952
-0.025817371295941197
-0.032949798190129886
0.003633000143851181
0.02713522976806723
-0.0005243502722992446
-0.025805883050988028
-0.007840339375432642
-0.0002917106432988679
-0.003060983158962898
0.008368732910018805
-0.0037966771719483627
0.00485879471208113
0.044391205761248005
0.005038832546850437
-0.05254170587861195
-0.021298293434118806
0.015396873351685984
0.0028933245093281665
-0.0018211685994796007
0.008138334936381589
-0.0054506778442030895
-0.006940293255444043
0.009063062068660364
-0.003227822599385528
-0.0067867966336599824
0.01176225381662845
0.016951985228086396
0.009061527991831218
-0.012355400531697761
-0.02595623023223354
-0.01600876497131083
-0.0041306741395009585
-0.0013343843068871104
-0.008272389890009973
-0.001511263537606923
0.019773940453306216
0.012256118616902819
-0.018856205646910918
-0.013944404435245611
0.02634740142191204
0.02622692545169586
-0.0036039267795123058
-0.005061354677896165
-0.005028914385984018
-0.006872023781282637
0.003270583283503008
-0.0059815869939699555
-0.01326425411426031
0.0034547494003165473
0.009212912605112315
0.0035883120077547376
0.002858585018051604
0.005821633860545921
0.008011782017378875
0.0031446326167897005
-0.0024538800357540727
-0.0035494773101258075
0.0016807135735241352
0.01150133755677
0.00920978077048207
-0.008480414341289067
-0.015104895099529983
0.000425350077802896
0.012252579480141895
0.005989798061475051
0.0033074250557105483
0.007450626637199944
0.0018016301355584657
-0.0004918670754994539
0.00281500918690049
-0.0016240724915165625
-0.00030840436623984224
0.007532195477317864
0.0031781152565465987
-0.00956988034677809
-0.014069976449884315
-0.005695973679521824
0.0030335342438806883
0.003483620312209572
0.0031391453244655424
0.003494421647786284
0.003374703066965884
0.004292790218099517
-0.004141148518471444
-0.012248096874141804
0.00498572736334886
0.01593655944503514
-0.004968708158982997
-0.015895987719469883
-0.00430538542582358
0.0008147791074599453
-0.002348545379656733
-0.0017008306357404034
-0.003432241261171184
-0.0033962952112645962
0.003165625527420878
-0.0012100009245734067
-0.004137493156480764
0.005237606018398438
0.001815163530078574
-0.006489912672491256
-0.00324087045871682
-0.0010943665238949516
-0.003186820499230796
-0.0013281258747051918
0.0031444652494229345
0.0010126371714690744
-0.0034047896527791104
-0.003177965072448627
-0.00024979122473862535
0.005025786716903503
0.005388790843469332
4.004585062714061e-05
-0.0017503742340393038
-0.0006317968259169631
0.000826551512213884
-0.00038503071991637756
-0.00271018437505459
0.0005372627953212825
0.00399418401810381
0.0012225883306639168
-0.0040031381436246094
-0.0033011123012811772
0.004897299209934508
0.008831566937764573
0.0023741795784137393
-0.003073380362713376
-3.531619922172817e-06
0.002978086999899562
0.0003024100104255011
-0.0021897147672782376
-0.0003627094850339454
0.005236808435584736
0.004849792186126517
-0.004373128001932648
-0.00558389445873092
0.002148684999393828
0.0034371595392337175
-0.0013699466468639118
-0.0015344600508340918
0.0013823210318794606
0.0005866682573048322
-0.0002979656268408421
-0.00026686703173303596
-0.00032010080156002606
0.0007191698861193562
-0.0027588455374258844
-0.005856415657957745
-0.0011408626480902322
0.003337878593933257
0.002408849282420725
-0.00027448568234799287
0.0008646563770290812
0.003154107252654934
0.00025432095254840446
-0.002848396173297189
-0.0012038517372753364
0.0013699165854971058
0.0014747706165128224
-0.0010219859807352408
-0.0025539642732583926
-0.0002639718883889154
0.0016268820010818647
-0.0009847915722416391
-0.003471832513024833
-0.0004120753198973762
0.0017794468490073565
-0.0016919850699684377
-0.0031377415392441427
-0.0005378534150101994
0.0016076860984893617
0.0019266316195532505
-0.001515123636528214
-0.004199735342040136
-0.0012499411194945536
0.0010600452285568736
-0.0008099483145322427
-0.0013970806258432862
0.001073194943044916
0.0015271236067849103
-0.0006785914655755006
-0.0017141778230892594
-0.0012127086534930837
0.00012541807150963109
0.0005622848219653015
-0.0013401409310115119
-0.0012187645781570403
0.001045835690102033
0.00010391100286505101
-0.0023543682694054983
-0.0015926533608559175
0.0006575048115614298
0.0003110869896870141
-0.0012912344556956761
-0.001034594520519347
0.0008467911270425114
0.0030610806883309936
0.0029646200176230942
0.0003502540889651017
-6.947927896609491e-05
0.0013895127210612895
0.0005679601292768689
-0.0008440158626842331
0.0007287769540905832
0.002472881631513383
0.0017659743967701653
0.0013316175110928373
0.0013553373196939558
0.0011153252693330597
0.001480161330519059
0.0013770367110013432
0.0010564779086393904
0.0021385082659530065
0.002935906725408696
0.0011540010152724153
-4.4646862815583485e-05
0.001725566234882685
0.002699968041153338
0.001746953123785722
0.0004226104248318055
-0.0005840719832214125
-0.00010537198897511008
0.0006685006724805077
0.00031835861474784587
5.5711319486975025e-05
0.000865288515695093
0.0008726907595304877
-0.000875584203332478
-0.0012489097433074966
-0.00012654210354437652
-0.00011217113588416622
-0.0009529804516536164
-0.0017578531535251945
-0.0011747830001405217
0.00026113029006087293
-0.00023537178763416
-0.001969146215725511
-0.002515399231284538
-0.001821827651180853
-0.0016835941754193128
-0.0023748968321847907
-0.0021557835962473628
-0.0010711267621344807
-0.00036070768625652864
-0.0007132629691867026
-0.0015945708362299477
-0.0016546648861396303
-0.0016501649713388236
-0.0022474830703255845
-0.0022725094572836426
-0.0013094274745173765
-0.0006223877013290463
-0.0010925960209981905
-0.0014517661107268714
-0.0011809119171082485
-0.0007614161636523625
-0.000351946526798398
-0.0004837104396061718
-0.0003994550978296341
0.0002347226413579673
0.00020683292022212734
-0.00033665723260988597
-0.0005652596291638454
-0.00024069099668200776
0.0002905627397517471
0.0007366474931726121
0.0009414493838062043
0.0006277239718142161
0.0005277726633389386
0.00062849960217527
0.00041217477163832915
0.0006946411123392804
0.0012189628854902467
0.0011961179833023267
0.0010369506001545545
0.0009072848722489401
0.0007189553830125395
0.000644111482006513
0.0005137416570764873
2.924826804157586e-05
-0.00020488134770382154
0.0004199909269930464
0.0007604186259214957
4.775563333799578e-06
-0.0004921375333141536
0.00018475533657812127
0.0011414917230953877
0.0015800918757449991
0.001787235189917976
0.0020051097110784077
0.0019043784021071642
0.00135503371546962
0.0006793198195759981
0.00042438213126109407
0.0007161612877515738
0.0008917181964537457
0.0006071115920495405
0.0005711031277242685
0.0011981523909299343
0.0014540083101392308
0.0007032471632918268
-0.00011088753264576652
-0.0003139073646541224
-0.00016750039428678563
0.00011247423255447177
0.0003311762429181247
0.0002495327523160734
0.00013905406302539957
6.385516760657774e-05
-0.00010058380869458743
0.00014879187256208216
0.0004467158889082494
-8.971700709311647e-05
-0.0007143839688261424
-0.0008461253489045004
-0.0010197810399670765
-0.0009886403513313102
-0.0005118079558835862
-1.2582496789810375e-05
0.0005187770889132845
0.0008008447343368806
2.8203989847722967e-05
-0.0012893901433327082
-0.0015977336668668526
-0.0010623307014661731
-0.001011209420636931
-0.0011723116600858919
-0.0008472005295615968
-0.0004135649066644171
-0.00021964830350025923
-0.00016250716823245671
-0.00036506887697915647
-0.001077524907745677
-0.0017095049200696456
-0.001692567825877467
-0.001471701170262395
-0.001307696277843422
-0.0008771570703423183
-0.00036432275462063707
-0.000512501023570304
-0.0010340162322966728
-0.001079633296512159
-0.0010014270957217283
-0.0010143445551174446
-0.0006536299254371637
-0.0002751733957062604
-0.0005193313993611592
-0.0010384592665435505
-0.0010070803300702572
-0.0006201637856625584
-0.0004984094288276193
-0.00011113503229905411
0.0007882332466979539
0.0010653376216314967
0.0004339582694896484
-8.072435948831922e-05
1.8290425953669705e-05
0.00046423750439211677
0.0007927363725154435
0.0007565672326938448
0.0006352109370382731
0.0007068473098600257
0.0009984717006516495
0.0014214516623863786
0.0016760319187331036
0.0018246432543985922
0.00202013516519275
0.0018768270364354325
0.0012910717755004486
0.0006618128443523466
0.00036168741341476224
0.0007716700460598293
0.0018364847834224346
0.0025701967114335656
0.002295345751784309
0.0015874944924794514
0.0010232714062855374
0.0004925583450159157
0.00012409405547151708
0.00017210282458353203
0.0003024696023192089
0.0002762162499021989
0.0002653503480410822
0.00018546274571803068
-7.153334919563891e-05
-0.0002837719344355354
-0.00037785952032010593
-0.0005431762146931975
-0.0007820060523880791
-0.0008568399560855682
-0.0006723131244729596
-0.00044741102387301206
-0.0003894809925597152
-0.0005467777425643607
-0.0009190645907885377
-0.0011482656166534686
-0.0008980632599658971
-0.0004270312661883765
-0.0001247206675860455
-0.00015964671894266088
-0.00032926903282801557
-0.0004259628131710663
-0.0008525072362505816
-0.0015386932898826854
-0.0015025677258173524
-0.0007094995141829068
-0.00020782406977593544
-0.0005213651878912657
-0.0012061956663747154
-0.0014748038826953719
-0.0012213574152844452
-0.0009015848821569226
-0.0006859675668716989
-0.000650436743181276
-0.00072510114202549
-0.0005994409805116095
-0.0002897702147805605
-4.473500363295045e-05
2.6892422671085346e-05
-1.197639579470465e-05
9.204748080761209e-05
0.0004486426791788468
0.0004912606669050862
-6.354928842128033e-05
-0.00039267638456048177
-0.00021853513705586813
-0.00020175964120406915
-0.00027924467457604834
-1.3078741367283236e-05
0.0002743065098229974
0.0003245372652106982
0.00041861534824171563
0.0006200485887561569
0.0007181334357229804
0.0005648030189661746
0.00034074290332318166
0.00021131426210014084
-1.6487095078755558e-06
-2.0311960431737032e-05
0.0003718144673825539
0.0006879429204937016
0.0007824331837174661
0.00066649805044488
0.000349290856799513
0.00036982235012868257
0.0006751088188037844
0.0005961012745810923
0.00026166609703671566
0.00010955512983413089
0.00018910777898885459
0.00035784544035918626
0.0003648113237586728
0.0003325493363305041
0.0005175296026512099
0.0006545836527516317
0.0005128446345911122
0.0003059680634894075
0.0002950027153367841
0.0004608471932117371
0.0006075343007750133
0.000650947812748881
0.0006524412214459138
0.0006415786628141424
0.0004628534417805844
0.00013961011602098023
1.001342721714156e-05
4.811243735483193e-05
-5.45936615603702e-05
-0.00017496404240180917
-0.00016465225458127744
-0.00025885966473455273
-0.0004836318741876034
-0.0005443971804638768
-0.00020974441235043504
0.0003267328789844947
0.0006354110587315034
0.0006777462501674505
0.0003894574280696346
-0.00025735828918321347
-0.0005293522674521198
-0.00016408163569628246
2.3096343077308543e-05
-0.0001740073526314942
-0.00035158779364094245
-0.0005924686049435589
-0.000945594121793846
-0.0011929597978096573
-0.001278933206492714
-0.0012631912499442188
-0.001252105970773988
-0.001360471572196998
-0.001498293960168368
-0.001281338222716695
-0.0006617016288271486
-0.0003199236784383573
-0.0006117372745946498
-0.0009977678542292382
-0.0010154641131798715
-0.0008193442623315944
-0.0006500580209098904
-0.000414159079380751
-5.295057195852694e-05
0.00023264274326170037
0.00035843151639819784
0.0003674682566234561
0.00021151188900492626
-0.00015399072768336897
-0.0005660557324147653
-0.0006865837993561717
-0.00045806629244230564
-0.00010839213734448877
0.00030057756205052223
0.0005130044038375095
0.00029824052890866076
7.207744844423079e-05
6.749613410505714e-05
0.00012020022217690187
0.00025802233470339705
0.0004555916042458573
0.000534030542898291
0.0005158552513987351
0.0006450421963459072
0.0010084604240901724
0.0013469987322196069
0.0014623242321839625
0.001395761805293846
0.0011518674197400652
0.0008969319492049397
0.0009028994872411286
0.000999582915912804
0.000985012844797215
0.0010220610724580579
0.0010212234883447122
0.0008604145707740646
0.000903462013271618
0.0012221294719388016
0.0013833986153503736
0.0011477727180618461
0.0006354500778684106
0.00014632066966713524
-0.00011441933483666549
-2.429250924816228e-05
0.00027178917429033535
0.0001797871545982108
-0.0002931082326481753
-0.00045122070585079405
-0.0003383494958646583
-0.0005289280904010891
-0.0009331559598998868
-0.0011160919798545053
-0.00110707366746397
-0.0011057945772031687
-0.0010748397792943111
-0.0009517436677183033
-0.0007382375740991147
-0.0004897911644771673
-0.000341235284810692
-0.0003931212347277137
-0.000572127249985626
-0.0006453238040572275
-0.00047420999857887894
-0.00024887417294379904
-0.0001976425626989624
-0.00017230408157938482
-4.542094175080127e-06
0.00010925759033687484
1.575804642906019e-05
-0.00017014862009059732
-0.00039672328411278335
-0.0005864332825260176
-0.0005890584598709357
-0.00046882506334652396
-0.00039308088582534805
-0.00044324518891197037
-0.0005065770798092389
-0.00045246019460631675
-0.00030316809472999244
-6.265448252728862e-05
0.00011743752301641812
2.0956322874882572e-05
-0.0001398614071284358
-5.2073640902454074e-05
0.00010881230686871687
0.00017375429962798034
0.0002787692350674077
0.00030019734189208787
0.00018455130440206196
0.0001977437104157759
0.0003163645134548411
0.00035257468638839884
0.00020985760662231936
-0.00011646610113604742
-0.00043089066422869176
-0.0005673835691868093
-0.0004249037589221039
-9.084397108575105e-06
0.00030233037701340353
0.00024257229665579578
9.258220798747784e-05
2.2689285776915803e-05
-0.0001598369795621172
-0.0003966002911815819
-0.0004123807627352868
-9.607971645383224e-05
0.00032556895902089746
0.0004584742455017504
0.00025426804628603554
2.263463462756415e-05
8.471484245197824e-05
0.00036610426098936653
0.0004232391362185492
0.00023089342496431528
0.00022305277783063785
0.00045737762070666545
0.0007175764078285308
0.000948551195585887
0.0010141595112164701
0.0008415829130596766
0.0007478916331702908
0.0008661956729417903
0.0008295514458064308
0.0005491362374869194
0.00027902843751849687
0.00015171327866600514
0.0002949292566647968
0.0005797274670912857
0.0005742482194971196
0.00016250201242296253
-0.000327810640730048
-0.0005452056034150549
-0.000532898042114711
-0.0005569846692352783
-0.0005655449565858048
-0.0004241528881311343
-0.0002472076802186951
1.1562415574396193e-05
0.00043161824266014126
0.000755374423410272
0.0007954895188670371
0.0005652278878180367
0.00024300281067721457
0.00013153418068091813
0.00018781690303206876
0.0002417978576626889
0.00025697201638945257
0.00012513095289068193
-0.00012733768543133532
-0.0003083962146667083
-0.0003814085981621645
-0.0005226711218224299
-0.0007362032119395505
-0.0009236056957469155
-0.0012568047285201958
-0.0018115618866219694
-0.002240108956518239
-0.002204769073629495
-0.0018835302564982805
-0.0015934886738221033
-0.0014261319318991188
-0.001515853945982121
-0.0018057569065431317
-0.0018486234784207871
-0.0014333561418718912
-0.0009277060850403944
-0.000649630843584402
-0.00043312841257983105
-0.0001065439110543541
0.00034920398969624095
0.0008958335940245513
0.0011630263355059912
0.0009581021625210259
0.0006417679739688731
0.0004930991019137061
0.0006190757547788021
0.0009734701745712409
0.0012429064174802095
0.0012822823845734027
0.0011882977648532164
0.0011246447523036327
0.001297665896087811
0.001667489434749136
0.0019095387072725141
0.0018540393618788754
0.0016691527173998406
0.0016089780789362556
0.0016746712893228337
0.0016486295416699194
0.0015335309336343204
0.001385929898346319
0.0009552162079178497
0.00036501336742113255
0.00028720529912872224
0.0007404831235227598
0.0009853845152284673
0.0007381683154628425
0.00018740031443135064
-0.0005258878658914359
-0.0011295252369633024
-0.0013908969129532633
-0.0012775813393706287
-0.0009450106867264401
-0.0007703452334719648
-0.0008094024752848066
-0.0006894105624681689
-0.0003869508941471327
-0.0005045693089740038
-0.0014469990526744607
-0.0027575593980244217
-0.0037146120221685924
-0.004044457000391115
-0.0039693177319465745
-0.003630101238706958
-0.002687907717416009
-0.0010898316472676183
0.0007093281117682097
0.0022461477681521985
0.0031767121638447042
0.003549541696225221
0.0035220286961101348
0.0030909141116588724
0.0025682896502083243
0.0021499571228860677
0.0014186365463386994
0.0002848573905834947
-0.0003646663716794928
0.0005307074619218845
0.003099182788899607
0.006257322679499544
0.008413022623699036
0.008648719909851273
0.0071621196220629756
0.004637302814439678
0.001812165723307016
-0.000791301679629975
-0.003218849666187497
-0.005845785446249235
-0.008626359852494986
-0.010406732224186907
-0.009927898125424705
-0.007917161736853357
-0.006753904229859788
-0.007793327866287669
-0.010020249487122407
-0.011562012682969325
-0.011628706966488756
-0.010445487551621394
-0.008082011239305922
-0.004517676414813793
-6.611861966787647e-05
0.005479732850104217
0.011906668279236272
0.01626439282943273
0.015215690993098096
0.009275027592977565
0.0019432258841968987
-0.0029375574028190996
-0.002859587844591069
0.0005953049252570737
0.00327755984547529
0.0045471634782894305
0.006817733862591657
0.01005812027525861
0.011702433509321387
0.010059531334120856
0.005298209087817966
-0.0010843596989305194
-0.005794512071606878
-0.0046613047759515355
0.0026145092303077946
0.010405489071040433
0.012874795264801996
0.009689890796228878
0.007057856601593671
